3911.2 578.307 22.5077
3912.6 573.633 22.3434
3914.0 587.48 22.6926
3915.4 620.337 23.2654
3916.8 574.315 22.3564
3918.2 591.74 22.6352
3919.6 594.596 22.5669
3921.0 580.604 22.2891
3922.4 580.002 22.1293
3923.8 608.342 22.949
3925.2 621.154 23.4187
3926.6 608.557 23.1109
3928.0 596.021 22.5934
3929.4 584.21 22.1108
3930.8 535.458 20.491
3932.2 424.446 17.3759
3933.6 449.742 18.0836
3935.0 536.85 20.8507
3936.4 604.355 22.3196
3937.8 581.483 22.1769
3939.2 595.455 22.4583
3940.6 596.836 22.5559
3942.0 574.629 21.7941
3943.4 563.916 21.4097
3944.8 564.279 21.5393
3946.2 567.259 21.5978
3947.6 594.08 22.0542
3949.0 553.678 21.01
3950.4 550.586 21.0434
3951.8 551.872 20.8861
3953.2 533.718 20.4546
3954.6 534.091 20.3692
3956.0 516.893 19.8377
3957.4 510.037 19.6039
3958.8 492.164 19.0789
3960.2 480.761 18.6996
3961.6 442.773 17.5094
3963.0 409.889 16.3829
3964.4 372.763 15.3208
3965.8 316.185 13.3682
3967.2 218.622 10.5617
3968.6 142.569 8.32574
3970.0 172.551 9.01894
3971.4 272.106 12.3049
3972.8 346.008 14.2665
3974.2 375.074 15.4502
3975.6 451.124 17.4067
3977.0 444.494 17.9001
3978.4 509.012 19.4916
3979.8 477.321 18.5015
3981.2 512.143 19.3799
3982.6 530.134 20.0354
3984.0 534.788 20.2418
3985.4 555.549 20.6561
3986.8 545.75 20.4935
3988.2 564.248 20.9168
3989.6 538.077 20.1267
3991.0 566.804 20.8111
3992.4 555.172 20.8312
3993.8 583.001 21.4418
3995.2 570.897 21.1373
3996.6 567.17 21.1027
3998.0 543.171 20.5497
3999.4 583.129 21.3919
4000.8 596.065 21.884
4002.2 570.236 21.2262
4003.6 554.492 20.5767
4005.0 545.526 20.2797
4006.4 571.048 20.9571
4007.8 564.286 20.8469
4009.2 575.992 21.0862
4010.6 566.76 20.8647
4012.0 568.7 21.1445
4013.4 557.829 20.7639
4014.8 576.405 21.2717
4016.2 559.755 20.8495
4017.6 565.87 20.719
4019.0 555.055 20.4754
4020.4 581.002 21.26
4021.8 565.852 20.868
4023.2 574.554 21.1497
4024.6 562.188 20.7425
4026.0 565.585 20.5686
4027.4 538.331 20.0343
4028.8 569.213 20.7223
4030.2 540.337 20.0931
4031.6 539.55 19.7845
4033.0 584.139 20.981
4034.4 548.827 20.2514
4035.8 573.703 20.8849
4037.2 558.895 20.42
4038.6 565.319 20.5533
4040.0 575.34 20.9532
4041.4 561.044 20.6383
4042.8 577.646 20.9337
4044.2 536.822 19.8313
4045.6 533.388 19.6486
4047.0 558.692 20.3395
4048.4 548.58 20.238
4049.8 560.906 20.4096
4051.2 554.721 20.2837
4052.6 554.233 20.3034
4054.0 561.347 20.3901
4055.4 560.388 20.4337
4056.8 554.062 20.1108
4058.2 555.904 20.2957
4059.6 552.713 20.1106
4061.0 538.382 19.6529
4062.4 534.346 19.633
4063.8 547.015 19.8819
4065.2 557.154 20.6193
4066.6 519.282 19.2549
4068.0 544.892 19.7614
4069.4 538.628 19.7227
4070.8 531.089 19.469
4072.2 534.797 19.6251
4073.6 527.545 19.3953
4075.0 529.371 19.2273
4076.4 501.238 18.4652
4077.8 517.061 19.0
4079.2 540.214 19.547
4080.6 516.248 18.8279
4082.0 508.866 18.8212
4083.4 516.921 18.956
4084.8 498.619 18.4212
4086.2 492.286 18.1858
4087.6 496.829 18.2284
4089.0 472.873 17.6357
4090.4 474.016 17.5335
4091.8 442.696 16.5667
4093.2 411.835 15.9005
4094.6 418.27 15.5986
4096.0 362.605 14.1103
4097.4 299.145 12.229
4098.8 252.053 10.4956
4100.2 170.515 8.11463
4101.6 159.999 8.04242
4103.0 248.281 10.3404
4104.4 321.725 12.7518
4105.8 367.299 14.3262
4107.2 421.641 15.7292
4108.6 413.77 15.64
4110.0 443.189 16.574
4111.4 460.745 17.1085
4112.8 476.11 17.3471
4114.2 500.291 18.3548
4115.6 490.299 18.0589
4117.0 490.472 17.9694
4118.4 490.2 17.9877
4119.8 500.909 18.5089
4121.2 516.132 18.5753
4122.6 526.93 19.0665
4124.0 526.923 19.0165
4125.4 506.216 18.5144
4126.8 514.208 18.6287
4128.2 517.958 18.8601
4129.6 529.924 19.1231
4131.0 518.845 18.8774
4132.4 524.931 18.9395
4133.8 517.096 18.6741
4135.2 521.237 18.9065
4136.6 529.627 19.173
4138.0 531.196 19.255
4139.4 536.072 19.2514
4140.8 521.994 19.0184
4142.2 518.847 18.7541
4143.6 529.603 19.0719
4145.0 542.911 19.3602
4146.4 529.264 19.2155
4147.8 535.798 19.154
4149.2 513.783 18.6105
4150.6 537.241 19.304
4152.0 529.354 18.9703
4153.4 528.285 19.4292
4154.8 522.075 18.7146
4156.2 524.47 18.8603
4157.6 531.514 19.1297
4159.0 508.947 18.473
4160.4 517.253 18.3997
4161.8 502.244 18.3619
4163.2 506.329 18.2282
4164.6 517.283 18.6686
4166.0 530.178 18.9961
4167.4 530.584 19.0537
4168.8 516.425 18.6701
4170.2 526.528 18.8703
4171.6 534.357 19.0066
4173.0 506.861 18.3816
4174.4 513.322 18.3059
4175.8 510.005 18.518
4177.2 516.255 18.4602
4178.6 520.72 18.8583
4180.0 493.832 17.9326
4181.4 521.26 18.4613
4182.8 517.931 18.7161
4184.2 517.096 18.4383
4185.6 499.655 18.1547
4187.0 516.012 18.226
4188.4 518.014 18.704
4189.8 523.432 18.6223
4191.2 512.169 18.3104
4192.6 509.326 18.325
4194.0 526.684 18.8078
4195.4 533.331 18.891
4196.8 523.063 18.7021
4198.2 524.958 18.681
4199.6 507.724 18.2303
4201.0 517.194 18.4027
4202.4 514.184 18.4701
4203.8 515.737 18.4636
4205.2 510.114 18.3662
4206.6 519.581 18.5025
4208.0 510.087 18.2467
4209.4 512.634 18.3719
4210.8 522.152 18.5598
4212.2 517.044 18.4435
4213.6 510.977 18.193
4215.0 492.696 17.9202
4216.4 527.113 18.6524
4217.8 521.295 18.6046
4219.2 517.333 18.458
4220.6 507.487 18.2593
4222.0 517.639 18.4083
4223.4 510.452 18.242
4224.8 506.846 18.0904
4226.2 488.345 17.5831
4227.6 525.784 18.4302
4229.0 523.532 18.6634
4230.4 524.971 18.6319
4231.8 494.955 17.8569
4233.2 507.055 17.9989
4234.6 521.111 18.7454
4236.0 519.615 18.4079
4237.4 505.22 18.0955
4238.8 507.744 18.2835
4240.2 513.824 18.1279
4241.6 515.279 18.2158
4243.0 494.919 17.7971
4244.4 499.219 17.771
4245.8 497.807 17.9171
4247.2 519.184 18.2365
4248.6 506.212 18.2401
4250.0 519.309 18.2876
4251.4 526.094 18.6543
4252.8 502.978 17.7488
4254.2 501.899 18.0123
4255.6 520.52 18.4013
4257.0 517.507 18.3008
4258.4 520.863 18.4147
4259.8 501.983 17.8765
4261.2 509.041 18.2248
4262.6 522.002 18.8195
4264.0 511.403 18.3328
4265.4 511.433 18.1733
4266.8 520.178 18.3669
4268.2 511.582 18.2033
4269.6 505.634 17.9634
4271.0 486.875 17.428
4272.4 503.379 17.8032
4273.8 508.326 18.2539
4275.2 507.345 17.7344
4276.6 507.771 18.0626
4278.0 500.448 17.8366
4279.4 507.408 17.8991
4280.8 505.248 18.005
4282.2 491.895 17.7128
4283.6 521.507 18.4058
4285.0 499.239 17.9086
4286.4 504.397 17.8376
4287.8 486.537 17.3479
4289.2 494.57 17.6413
4290.6 506.826 17.93
4292.0 504.976 17.8277
4293.4 499.571 17.9196
4294.8 498.362 17.6656
4296.2 513.811 18.132
4297.6 503.865 18.0272
4299.0 469.023 17.0213
4300.4 494.622 17.4463
4301.8 497.995 17.8422
4303.2 502.026 17.7226
4304.6 482.316 17.2853
4306.0 485.122 17.2713
4307.4 497.039 17.7149
4308.8 497.601 17.6074
4310.2 492.571 17.5186
4311.6 483.627 17.1014
4313.0 485.308 17.3279
4314.4 483.565 17.2619
4315.8 487.417 17.2832
4317.2 477.849 17.084
4318.6 478.802 16.9991
4320.0 474.461 17.0329
4321.4 476.693 16.8774
4322.8 467.618 16.7576
4324.2 459.674 16.5245
4325.6 454.658 16.3447
4327.0 440.419 15.9218
4328.4 438.262 15.7962
4329.8 432.662 15.5786
4331.2 399.651 14.7085
4332.6 375.641 14.0432
4334.0 370.689 13.6364
4335.4 327.933 12.4827
4336.8 276.532 10.7798
4338.2 212.062 8.52941
4339.6 142.334 6.71395
4341.0 196.738 8.13677
4342.4 288.426 11.1383
4343.8 326.311 12.3801
4345.2 360.955 13.4465
4346.6 392.195 14.2572
4348.0 404.024 14.7186
4349.4 415.294 15.0318
4350.8 429.51 15.4202
4352.2 428.814 15.6496
4353.6 454.835 16.0819
4355.0 469.303 16.7482
4356.4 472.705 16.7671
4357.8 468.061 16.7546
4359.2 478.084 17.3118
4360.6 494.306 17.6142
4362.0 489.042 17.4014
4363.4 488.273 17.2421
4364.8 461.491 16.6416
4366.2 492.058 17.1715
4367.6 486.844 17.2564
4369.0 489.037 17.2493
4370.4 485.629 17.2295
4371.8 502.003 17.6301
4373.2 492.835 17.3454
4374.6 471.638 16.7919
4376.0 480.119 16.9508
4377.4 480.318 17.0155
4378.8 484.75 17.1046
4380.2 504.157 17.604
4381.6 486.071 17.1259
4383.0 464.008 16.4875
4384.4 478.063 16.8197
4385.8 482.531 17.0364
4387.2 484.286 17.0384
4388.6 461.855 16.4599
4390.0 486.705 17.0238
4391.4 486.333 17.267
4392.8 477.493 16.7347
4394.2 473.908 16.8294
4395.6 483.585 16.9423
4397.0 481.242 17.1714
4398.4 465.596 16.3868
4399.8 486.987 17.0618
4401.2 489.459 17.1643
4402.6 474.746 16.7852
4404.0 484.79 16.9978
4405.4 479.103 16.8968
4406.8 472.304 16.7545
4408.2 493.842 17.2649
4409.6 485.309 17.1182
4411.0 485.692 17.1463
4412.4 488.439 17.0669
4413.8 485.887 17.0724
4415.2 467.505 16.5986
4416.6 466.075 16.365
4418.0 470.149 16.6762
4419.4 482.498 16.9101
4420.8 488.822 17.1141
4422.2 484.014 17.1014
4423.6 472.965 16.6737
4425.0 468.227 16.6765
4426.4 480.498 16.9214
4427.8 469.235 16.5946
4429.2 482.591 16.8941
4430.6 478.351 16.7276
4432.0 454.034 16.0812
4433.4 459.896 16.2033
4434.8 466.755 16.4038
4436.2 471.274 16.6599
4437.6 472.201 16.4698
4439.0 468.047 16.5219
4440.4 474.445 16.6061
4441.8 465.797 16.408
4443.2 468.134 16.4931
4444.6 471.741 16.529
4446.0 466.409 16.3856
4447.4 464.115 16.3936
4448.8 447.2 15.8542
4450.2 468.615 16.3006
4451.6 460.214 16.243
4453.0 466.886 16.3516
4454.4 474.753 16.593
4455.8 462.322 16.3854
4457.2 478.991 16.6817
4458.6 476.623 16.6829
4460.0 463.368 16.2488
4461.4 452.471 16.0752
4462.8 466.649 16.3885
4464.2 454.084 15.9937
4465.6 453.884 15.9787
4467.0 454.18 15.9081
4468.4 457.305 16.0944
4469.8 460.245 16.1632
4471.2 464.477 16.285
4472.6 467.559 16.3532
4474.0 450.837 15.8879
4475.4 460.7 16.0915
4476.8 460.42 16.1763
4478.2 459.546 16.106
4479.6 454.817 15.9717
4481.0 449.885 15.8855
4482.4 464.623 16.1252
4483.8 443.589 15.6013
4485.2 453.266 15.9593
4486.6 461.258 16.167
4488.0 458.952 16.1178
4489.4 472.018 16.5187
4490.8 458.057 16.134
4492.2 463.967 16.1279
4493.6 449.735 15.9482
4495.0 459.246 16.0724
4496.4 451.335 15.8903
4497.8 460.182 16.0912
4499.2 460.111 16.0821
4500.6 446.24 15.7556
4502.0 451.997 15.7872
4503.4 450.225 15.7893
4504.8 455.603 15.9493
4506.2 437.114 15.537
4507.6 446.636 15.5846
4509.0 445.434 15.6983
4510.4 457.475 15.947
4511.8 456.939 16.004
4513.2 447.698 15.7945
4514.6 462.559 16.1029
4516.0 458.521 16.1416
4517.4 444.544 15.6812
4518.8 453.861 15.8077
4520.2 454.127 16.0562
4521.6 449.224 15.7911
4523.0 441.898 15.5917
4524.4 450.331 15.6835
4525.8 454.295 16.0242
4527.2 436.756 15.2916
4528.6 439.431 15.4286
4530.0 450.147 15.8297
4531.4 448.769 15.6835
4532.8 433.334 15.2711
4534.2 441.642 15.4342
4535.6 441.147 15.5554
4537.0 449.769 15.6227
4538.4 439.615 15.4706
4539.8 431.895 15.1914
4541.2 438.966 15.4384
4542.6 439.742 15.3254
4544.0 438.263 15.4377
4545.4 438.551 15.3514
4546.8 439.071 15.3554
4548.2 427.476 15.0917
4549.6 424.681 15.0503
4551.0 451.521 15.6786
4552.4 450.629 15.7299
4553.8 433.662 15.2007
4555.2 457.418 15.8083
4556.6 445.322 15.7174
4558.0 458.822 15.8761
4559.4 445.457 15.6453
4560.8 446.065 15.4926
4562.2 435.293 15.2455
4563.6 439.792 15.4748
4565.0 435.489 15.2115
4566.4 451.134 15.6589
4567.8 444.794 15.5892
4569.2 443.095 15.4548
4570.6 430.312 15.1128
4572.0 435.58 15.2909
4573.4 442.235 15.3452
4574.8 439.609 15.5554
4576.2 448.076 15.5391
4577.6 443.296 15.5195
4579.0 439.546 15.2751
4580.4 437.266 15.4246
4581.8 435.705 15.1945
4583.2 422.95 14.9417
4584.6 438.083 15.2626
4586.0 433.297 15.2751
4587.4 444.006 15.3423
4588.8 452.08 15.7807
4590.2 446.164 15.6021
4591.6 446.761 15.4919
4593.0 442.538 15.5276
4594.4 433.055 15.1707
4595.8 434.579 15.2325
4597.2 446.389 15.5822
4598.6 444.135 15.4569
4600.0 441.081 15.4432
4601.4 449.31 15.5363
4602.8 430.493 15.0953
4604.2 437.72 15.2047
4605.6 437.449 15.315
4607.0 440.431 15.3194
4608.4 436.048 15.1772
4609.8 442.429 15.5375
4611.2 441.571 15.3911
4612.6 443.393 15.489
4614.0 445.631 15.54
4615.4 442.247 15.4554
4616.8 440.096 15.3246
4618.2 434.343 15.2009
4619.6 435.532 15.2426
4621.0 452.674 15.6458
4622.4 438.279 15.357
4623.8 441.514 15.3787
4625.2 436.238 15.2518
4626.6 431.923 15.1162
4628.0 443.039 15.3199
4629.4 431.036 15.0851
4630.8 431.837 15.0767
4632.2 434.087 15.091
4633.6 430.968 15.0655
4635.0 439.88 15.2658
4636.4 439.826 15.2839
4637.8 444.804 15.497
4639.2 432.379 15.1104
4640.6 444.482 15.3226
4642.0 430.496 15.0042
4643.4 419.177 14.6138
4644.8 437.545 15.1589
4646.2 431.648 15.0309
4647.6 432.443 15.091
4649.0 431.181 14.9596
4650.4 425.95 14.9327
4651.8 436.8 15.1788
4653.2 432.235 14.9647
4654.6 428.958 15.0375
4656.0 440.041 15.2035
4657.4 424.032 14.8827
4658.8 430.656 14.923
4660.2 429.63 14.9985
4661.6 429.483 14.9142
4663.0 429.54 14.9865
4664.4 429.625 15.0062
4665.8 431.338 14.9727
4667.2 421.263 14.6832
4668.6 429.283 14.9327
4670.0 434.481 15.0023
4671.4 424.876 14.9022
4672.8 427.996 14.7452
4674.2 432.305 15.0335
4675.6 410.132 14.4977
4677.0 427.712 14.7709
4678.4 434.312 15.2007
4679.8 434.911 15.014
4681.2 422.079 14.7284
4682.6 422.482 14.8301
4684.0 425.272 14.6716
4685.4 421.101 14.7178
4686.8 428.314 14.8278
4688.2 419.047 14.6535
4689.6 426.638 14.8851
4691.0 417.325 14.4381
4692.4 425.361 14.7927
4693.8 419.802 14.651
4695.2 422.235 14.6476
4696.6 423.494 14.7872
4698.0 422.262 14.6724
4699.4 423.445 14.767
4700.8 422.252 14.6662
4702.2 422.663 14.7875
4703.6 419.15 14.539
4705.0 419.636 14.65
4706.4 426.408 14.7126
4707.8 428.161 15.0014
4709.2 422.078 14.5837
4710.6 418.382 14.6286
4712.0 429.104 14.8087
4713.4 420.195 14.6205
4714.8 422.519 14.7434
4716.2 421.397 14.6362
4717.6 425.442 14.7976
4719.0 421.255 14.4976
4720.4 410.576 14.4683
4721.8 415.787 14.4146
4723.2 422.291 14.6395
4724.6 418.739 14.6565
4726.0 428.909 14.818
4727.4 430.013 14.9391
4728.8 434.413 15.018
4730.2 426.968 14.7534
4731.6 420.974 14.7807
4733.0 425.133 14.6508
4734.4 419.179 14.623
4735.8 426.936 14.691
4737.2 416.31 14.6111
4738.6 419.531 14.4925
4740.0 412.934 14.417
4741.4 412.491 14.3873
4742.8 419.828 14.5916
4744.2 420.177 14.5775
4745.6 409.107 14.3079
4747.0 407.425 14.2328
4748.4 406.723 14.1723
4749.8 409.383 14.4433
4751.2 429.104 14.7684
4752.6 411.839 14.4247
4754.0 420.492 14.6332
4755.4 426.833 14.8341
4756.8 417.786 14.5948
4758.2 415.388 14.4898
4759.6 424.325 14.6346
4761.0 403.482 14.3055
4762.4 425.201 14.6444
4763.8 409.45 14.2425
4765.2 417.52 14.477
4766.6 405.259 14.1289
4768.0 400.362 14.0268
4769.4 414.951 14.3969
4770.8 406.866 14.1798
4772.2 425.543 14.6589
4773.6 421.572 14.5816
4775.0 403.972 14.1483
4776.4 421.435 14.681
4777.8 405.871 14.1573
4779.2 409.813 14.2402
4780.6 411.705 14.334
4782.0 414.415 14.3758
4783.4 416.311 14.5001
4784.8 416.312 14.4211
4786.2 417.327 14.4602
4787.6 403.998 14.1047
4789.0 403.472 14.033
4790.4 402.371 14.0799
4791.8 413.291 14.267
4793.2 411.597 14.2828
4794.6 415.636 14.4507
4796.0 412.194 14.2973
4797.4 407.479 14.1819
4798.8 418.944 14.4691
4800.2 414.098 14.3351
4801.6 403.547 14.0511
4803.0 405.838 14.0713
4804.4 396.322 13.7979
4805.8 389.583 13.7601
4807.2 409.271 14.0716
4808.6 403.218 14.0808
4810.0 405.912 14.0965
4811.4 407.004 14.1454
4812.8 404.817 14.0875
4814.2 408.955 14.197
4815.6 407.313 14.1271
4817.0 396.483 13.7716
4818.4 381.259 13.5339
4819.8 403.199 13.9619
4821.2 401.547 13.9764
4822.6 394.524 13.7696
4824.0 404.802 14.0752
4825.4 412.073 14.2301
4826.8 398.876 13.8908
4828.2 402.131 13.9686
4829.6 411.518 14.268
4831.0 398.02 13.9906
4832.4 403.439 13.931
4833.8 386.793 13.5285
4835.2 396.443 13.7204
4836.6 392.238 13.7022
4838.0 386.611 13.5089
4839.4 388.407 13.4778
4840.8 384.701 13.6025
4842.2 377.705 13.1229
4843.6 377.612 13.2627
4845.0 377.806 13.2591
4846.4 370.299 12.816
4847.8 363.616 13.0107
4849.2 354.984 12.3952
4850.6 343.205 12.1789
4852.0 334.894 11.8965
4853.4 322.913 11.5335
4854.8 305.751 11.0221
4856.2 283.8 10.2754
4857.6 244.228 9.02438
4859.0 185.506 7.19463
4860.4 134.564 5.7847
4861.8 152.654 6.31109
4863.2 220.835 8.26496
4864.6 281.246 9.95203
4866.0 283.093 10.4697
4867.4 326.088 11.5469
4868.8 329.216 11.7831
4870.2 345.898 12.1388
4871.6 345.296 12.2745
4873.0 364.313 12.8197
4874.4 369.905 12.8203
4875.8 348.96 12.6052
4877.2 377.198 12.9231
4878.6 370.92 13.0711
4880.0 381.959 13.3544
4881.4 386.654 13.5088
4882.8 385.609 13.461
4884.2 385.173 13.4658
4885.6 388.314 13.5686
4887.0 384.171 13.3877
4888.4 382.256 13.3951
4889.8 385.019 13.4378
4891.2 381.878 13.5481
4892.6 383.476 13.2991
4894.0 383.282 13.7418
4895.4 380.334 13.2564
4896.8 376.612 13.3492
4898.2 395.554 13.7257
4899.6 389.668 13.6535
4901.0 389.57 13.6486
4902.4 390.315 13.6661
4903.8 387.577 13.5808
4905.2 383.254 13.4636
4906.6 379.548 13.378
4908.0 385.955 13.5707
4909.4 387.992 13.5928
4910.8 380.061 13.4576
4912.2 387.172 13.5438
4913.6 379.31 13.3932
4915.0 388.737 13.5928
4916.4 397.877 13.93
4917.8 394.166 13.7797
4919.2 389.484 13.7199
4920.6 393.686 13.6876
4922.0 390.557 13.7934
4923.4 382.927 13.4259
4924.8 391.775 13.6899
4926.2 389.513 13.5819
4927.6 384.339 13.5422
4929.0 386.73 13.5414
4930.4 391.729 13.677
4931.8 388.867 13.6546
4933.2 396.632 13.8271
4934.6 393.799 13.6911
4936.0 383.419 13.467
4937.4 392.463 13.5745
4938.8 391.752 13.6905
4940.2 392.332 13.6582
4941.6 382.828 13.4128
4943.0 397.544 13.7213
4944.4 399.741 13.9068
4945.8 395.19 13.7206
4947.2 389.784 13.5321
4948.6 389.859 13.6046
4950.0 388.282 13.4907
