3911.1108 1.0
3912.0115 1.1046
3912.9124 0.6242
3913.8135 0.8478
3914.7146 0.7382
3915.6162 0.4769
3916.5178 0.8955
3917.4197 0.7537
3918.3218 0.6471
3919.224 0.5754
3920.1267 0.3897
3921.0295 0.6122
3921.9324 0.8449
3922.8357 0.8952
3923.739 0.6545
3924.6426 0.7319
3925.5464 0.5231
3926.4504 0.8913
3927.3545 0.8537
3928.259 1.0723
3929.1636 0.6314
3930.0684 0.8795
3930.9734 0.6293
3931.8787 0.5865
3932.7842 0.741
3933.6897 0.2808
3934.5957 0.1634
3935.5017 0.4504
3936.408 0.7716
3937.3145 0.881
3938.2212 0.9677
3939.1282 0.8981
3940.0354 0.8658
3940.9426 0.8484
3941.85 0.8765
3942.7578 0.9011
3943.6658 0.8845
3944.574 0.9619
3945.4824 1.0003
3946.3909999999996 0.9892
3947.2998 1.0756
3948.2087 1.0179
3949.118 0.8358
3950.0273 0.9993
3950.937 0.7252
3951.847 0.5525
3952.7568 0.6343
3953.6672 0.6305
3954.5776 0.8205
3955.4883 0.6552
3956.3992 0.7233
3957.3103 0.67
3958.2217 0.7911
3959.1333 0.6936
3960.045 0.309
3960.9568 0.5923
3961.869 0.5464
3962.7812 0.6765
3963.6938 0.2515
3964.6067 0.3548
3965.5198 0.3081
3966.4329 0.2464
3967.3462 0.4582
3968.26 0.4528
3969.1738 0.1961
3970.0879999999997 0.2197
3971.002 0.1708
3971.9165 0.5669
3972.8313 0.5558
3973.7459999999996 0.7155
3974.6611 0.554
3975.5764 0.8406
3976.492 0.5459
3977.4077 0.9583
3978.3237 0.4978
3979.2397 1.0409
3980.1562 0.3497
3981.0728 0.9907
3981.9895 0.7694
3982.9065 0.9137
3983.8237 0.6218
3984.7412 0.6836
3985.6587 0.6694
3986.5767 0.9094
3987.4946 0.7273
3988.4128 0.7363
3989.3313 1.0197
3990.25 0.61
3991.1690000000003 0.5994
3992.0881 0.9091
3993.0073 0.873
3993.927 0.6345
3994.8467 0.7177
3995.7666 0.8403
3996.6868 0.8554
3997.6072 0.959
3998.5278 1.011
3999.4485 1.0551
4000.3696 0.8361
4001.2908 0.5413
4002.2122 0.7852
4003.1338 1.0381
4004.0557 0.9387
4004.9778 0.9003
4005.9001 0.8098
4006.8225 0.8474
4007.7454 0.8767
4008.6682 1.1711
4009.5913 0.966
4010.5146 0.6434
4011.4382 0.9791
4012.362 0.6185
4013.2861 0.4762
4014.2102 0.5967
4015.1345 0.7238
4016.0593 0.7761
4016.9841 0.7298
4017.9092 0.7471
4018.8345 0.9977
4019.7598 0.7993
4020.6855 0.8117
4021.6116 0.895
4022.5376 1.0766
4023.4639 1.317
4024.3904 0.9033
4025.3171 1.0598
4026.2441 0.793
4027.1714 0.7414
4028.0989 0.7896
4029.0264 0.8857
4029.954 0.731
4030.8823 1.302
4031.8105 0.686
4032.739 1.1639
4033.6677 0.9424
4034.5964 1.0708
4035.5256 0.802
4036.455 0.914
4037.3845 0.797
4038.3142 0.7351
4039.2441 1.1752
4040.1743 1.2443
4041.1047 1.2795
4042.0354 0.8226
4042.9663 0.9413
4043.8972 0.4013
4044.8286 0.7057
4045.76 1.0285
4046.6917 1.0358
4047.6235 0.9468
4048.5557 1.0997
4049.488 1.0639
4050.4204 0.8532
4051.3533 0.9714
4052.2861 0.7077
4053.2195 0.6676
4054.1528 0.8719
4055.0864 0.7207
4056.0203 0.8708
4056.9543 0.8861
4057.8884 0.866
4058.823 1.025
4059.7576 1.0575
4060.6926 0.8717
4061.6277 0.6104
4062.563 1.0889
4063.4985 0.9536
4064.4343 0.8018
4065.3704 0.8512
4066.3064 0.9733
4067.243 0.8083
4068.1794 0.8373
4069.1165 0.8238
4070.0535 1.3551
4070.9907 1.0711
4071.9282 1.0805
4072.866 0.6221
4073.8037 0.136
4074.742 0.7419
4075.6804 1.035
4076.619 0.8156
4077.5576 0.7492
4078.4966 0.6699
4079.4358 0.2126
4080.3752 1.0003
4081.315 0.8815
4082.255 0.4976
4083.1948 1.0087
4084.1353 0.7729
4085.0757 0.6247
4086.0164 0.6572
4086.9575 0.8532
4087.8987 0.6716
4088.8398 0.9493
4089.7815 0.864
4090.7234 0.8477
4091.6653 0.519
4092.6077 0.6157
4093.55 0.6294
4094.4927 0.7572
4095.4358 0.4933
4096.379 0.3211
4097.3223 0.4087
4098.2656 0.1026
4099.2095 0.0478
4100.1533 0.4844
4101.0977 0.1238
4102.042 0.2153
4102.987 0.5415
4103.9316 0.4919
4104.8765 0.7376
4105.822 0.6322
4106.7676 0.6562
4107.7134 0.877
4108.659000000001 0.7572
4109.6055 0.7568
4110.552 0.7445
4111.498 0.7517
4112.4453 0.8048
4113.392 0.6805
4114.3394 0.6401
4115.2866 0.9094
4116.2344 0.8358
4117.1826 0.9797
4118.1304 0.9254
4119.079000000001 0.9594
4120.0273 0.659
4120.976 0.8278
4121.9253 1.0091
4122.8745 0.9643
4123.8237 1.1129
4124.7734 1.049
4125.7236 0.7222
4126.6733 0.6676
4127.624 0.7164
4128.5740000000005 0.6783
4129.525 0.9338
4130.476 0.8796
4131.4272 1.0669
4132.379 0.9358
4133.33 0.4093
4134.282 0.8496
4135.2344 0.8575
4136.1865 0.8628
4137.139 1.1521
4138.092000000001 0.6455
4139.0444 0.6455
4139.998 0.8643
4140.951 1.074
4141.905 1.0026
4142.8584 0.7232
4143.8125 1.0325
4144.767 0.876
4145.721 1.0561
4146.6763 0.767
4147.630999999999 0.972
4148.585999999999 1.1232
4149.5415 0.9873
4150.497 1.0574
4151.4526 1.0441
4152.4087 0.7635
4153.365 0.8516
4154.322 0.8443
4155.2783 0.639
4156.2354 0.779
4157.1924 0.8292
4158.1494 0.8144
4159.107 0.8447
4160.065 0.9625
4161.023 1.0197
4161.981 0.9135
4162.9395 1.029
4163.8984 0.8911
4164.857 0.5399
4165.8164 0.6988
4166.7754 0.8969
4167.7354 0.9331
4168.695 1.0324
4169.655 1.0054
4170.615 0.712
4171.5757 0.6076
4172.536 0.9043
4173.497 0.7184
4174.458 0.7151
4175.4194 1.0168
4176.380999999999 0.9594
4177.343 0.9383
4178.3047 1.2621
4179.267 0.9348
4180.2295 0.7536
4181.192 0.8522
4182.155 1.147
4183.1179999999995 0.7833
4184.081 0.9807
4185.045 0.7495
4186.009 0.8977
4186.9727 0.7456
4187.9365 1.1095
4188.9014 0.7045
4189.8657 1.2038
4190.8306 0.8202
4191.795999999999 0.9356
4192.7609999999995 0.5549
4193.7266 1.046
4194.6924 0.898
4195.657999999999 0.7718
4196.6245 0.8631
4197.590999999999 0.9661
4198.5576 0.7534
4199.5244 0.8942
4200.4917 0.8739
4201.459 0.6187
4202.4263 0.8724
4203.394 0.8853
4204.3623 1.0539
4205.33 0.9863
4206.299 0.681
4207.2676 0.9449
4208.2363 0.8509
4209.2056 0.512
4210.175 1.0952
4211.144 1.0806
4212.1140000000005 0.7348
4213.084 0.8588
4214.054 0.7582
4215.0244 0.8227
4215.995 0.8644
4216.9663 0.8333
4217.937 0.9676
4218.9087 0.7004
4219.88 0.6604
4220.852 0.7842
4221.8237 0.9415
4222.795999999999 1.0115
4223.7686 0.8557
4224.741 1.0665
4225.714 0.9035
4226.687 0.7811
4227.6606 0.9115
4228.6343 0.9175
4229.608 0.8536
4230.582 1.0755
4231.556 0.8847
4232.531 0.8518
4233.5054 0.8064
4234.4805 0.8309
4235.4556 0.8081
4236.4307 0.7131
4237.4062 0.8264
4238.3823 0.8791
4239.3584 0.8839
4240.3345 1.1109
4241.311 1.2238
4242.2876 0.8383
4243.2646 0.7695
4244.2417 0.886
4245.219 0.9321
4246.197 1.2405
4247.175 0.9918
4248.153 0.8458
4249.130999999999 1.0403
4250.1094 0.8094
4251.0884 1.005
4252.067 0.7623
4253.0464 0.7963
4254.026 0.7172
4255.0054 0.9484
4255.9854 1.252
4256.9653 1.1106
4257.946 0.8745
4258.9263 0.8251
4259.9067 0.9247
4260.8877 1.0471
4261.869000000001 0.8489
4262.8506 0.9425
4263.832 1.111
4264.814 1.2088
4265.7964 0.969
4266.779 0.8455
4267.7609999999995 0.7808
4268.744000000001 0.9145
4269.727 0.7803
4270.7104 0.7856
4271.694 0.8518
4272.6772 0.7011
4273.6616 0.8614
4274.6455 1.0203
4275.63 0.908
4276.6147 0.9713
4277.5996 0.9943
4278.5845 0.9906
4279.57 1.0859
4280.555 0.9163
4281.541 0.8595
4282.527 0.9506
4283.513 0.8811
4284.4995 0.956
4285.4863 0.8792
4286.473 0.7575
4287.4604 0.7579
4288.4478 0.7596
4289.435 1.032
4290.423 1.0366
4291.411 0.9496
4292.3994 1.0555
4293.3877 0.9128
4294.3765 0.9506
4295.365 0.7375
4296.3545 0.8463
4297.3438 0.8118
4298.3335 0.7038
4299.323 0.8808
4300.3135 0.7868
4301.3037 0.7375
4302.2944 0.6091
4303.285 0.9237
4304.276 0.9592
4305.267 0.7728
4306.259 0.983
4307.2505 0.8191
4308.242 0.754
4309.2344 1.0339
4310.2266 0.7425
4311.219 0.9174
4312.212 0.7509
4313.205 0.9426
4314.198 1.0091
4315.192 0.9535
4316.1855 0.8287
4317.1797 0.8241
4318.174 0.9487
4319.168 1.0698
4320.1626 0.9665
4321.1577 0.687
4322.153 0.5215
4323.148 0.8222
4324.1436 0.7429
4325.1396 0.8106
4326.1353 0.9499
4327.1320000000005 0.8916
4328.128 0.9794
4329.125 0.685
4330.1216 0.5706
4331.119000000001 0.5775
4332.116 0.6975
4333.1140000000005 0.6247
4334.112 0.5415
4335.11 0.7418
4336.1084 0.6377
4337.107 0.339
4338.1055 0.3746
4339.1045 0.4158
4340.1035 0.2101
4341.103 0.2422
4342.103 0.3384
4343.103 0.4667
4344.103 0.5521
4345.1035 0.2805
4346.104 0.6211
4347.105 0.4567
4348.106 0.6115
4349.1074 0.7863
4350.109 0.5908
4351.1104 0.7012
4352.1123 0.582
4353.1147 0.5401
4354.117 0.6174
4355.1196 0.6833
4356.1226 0.8091
4357.126 0.9809
4358.1294 0.9527
4359.133 0.679
4360.1367 0.9433
4361.1406 0.7975
4362.145 0.7375
4363.15 0.8213
4364.1543 0.6353
4365.1597 1.1481
4366.1646 0.8112
4367.17 0.8355
4368.1759999999995 0.4516
4369.1816 1.0328
4370.188 0.9949
4371.1943 0.9355
4372.2007 0.8072
4373.208 1.0091
4374.215 0.9186
4375.222 1.0655
4376.2295 1.0081
4377.2373 0.7835
4378.2456 1.137
4379.254 1.0013
4380.262 0.9722
4381.271 0.7673
4382.28 0.837
4383.289000000001 0.8235
4384.2983 0.8626
4385.308 0.8682
4386.318 0.9125
4387.3279999999995 0.9229
4388.3384 0.8045
4389.349 0.9494
4390.36 0.9492
4391.3706 1.0549
4392.3823 1.0399
4393.3936 0.851
4394.4053 0.8862
4395.4175 1.0708
4396.4297 0.932
4397.442 0.8859
4398.4546 1.044
4399.4673 0.9672
4400.4805 0.8223
4401.494000000001 0.747
4402.508 0.8975
4403.5215 0.7094
4404.5356 0.7948
4405.55 0.9291
4406.5645 0.8527
4407.579000000001 0.8756
4408.594 0.8193
4409.6094 0.858
4410.625 0.8522
4411.6406 1.0255
4412.6562 0.9856
4413.6724 0.7979
4414.689 0.9731
4415.7056 0.7917
4416.7227 0.7738
4417.7397 0.7113
4418.7570000000005 0.9437
4419.7744 0.9277
4420.7925 1.1884
4421.8105 1.1124
4422.8286 1.0415
4423.847 0.9528
4424.8657 0.8454
4425.885 0.6138
4426.9043 0.8387
4427.9233 1.1171
4428.9434 0.6954
4429.963 0.8453
4430.9834 0.7993
4432.004 1.0692
4433.0244 0.7478
4434.045 1.112
4435.0664 0.8634
4436.0874 0.9508
4437.1094 0.8201
4438.130999999999 0.8327
4439.153 0.8042
4440.1753 0.9413
4441.1978 1.014
4442.2207 1.0511
4443.2437 1.0875
4444.2666 0.8485
4445.29 0.9588
4446.314 0.968
4447.338 0.867
4448.362 0.9924
4449.3859999999995 0.8782
4450.411 0.8673
4451.4355 0.8609
4452.460999999999 1.0399
4453.4863 0.8734
4454.5117 0.8502
4455.5376 0.9035
4456.5635 0.7371
4457.59 0.9596
4458.616 0.9535
4459.643 0.8213
4460.67 0.8514
4461.6973 0.8684
4462.7246 0.93
4463.7524 0.7216
4464.7803 0.7185
4465.8086 0.7829
4466.837 0.7411
4467.8657 0.7095
4468.8945 0.701
4469.924 0.7669
4470.9529999999995 1.1044
4471.9824 0.8577
4473.0127 0.9374
4474.0425 0.8613
4475.0728 0.7857
4476.1035 0.9989
4477.1343 0.8618
4478.165 0.8626
4479.1963 1.1086
4480.228 1.1139
4481.26 0.7117
4482.2915 0.732
4483.3237 0.5748
4484.3564 1.0278
4485.389 0.8925
4486.4220000000005 1.1244
4487.455 1.0842
4488.4883 0.8936
4489.522 0.9201
4490.556 0.8652
4491.59 0.8159
4492.6245 0.9137
4493.659000000001 0.8943
4494.694 0.9921
4495.729 1.103
4496.764 0.859
4497.8 0.6034
4498.8354 0.9249
4499.8716 0.935
4500.9077 0.7561
4501.9443 1.0051
4502.981 1.0247
4504.018 0.8515
4505.055 0.8412
4506.093 0.9444
4507.1304 1.1468
4508.168 0.8594
4509.2065 0.7591
4510.2446 0.851
4511.282999999999 0.828
4512.3223 1.0245
4513.3613 0.9697
4514.401 0.8838
4515.4404 1.0192
4516.48 0.9729
4517.5205 0.8946
4518.5605 1.0322
4519.601 1.0433
4520.642 0.7727
4521.683 0.7996
4522.724 0.8762
4523.7656 0.7336
4524.8076 0.7536
4525.8496 0.7402
4526.8916 0.9571
4527.934 0.8363
4528.977 0.9568
4530.02 0.9336
4531.063 0.9912
4532.1064 0.9408
4533.1504 0.9239
4534.1943 0.9268
4535.2383 0.9785
4536.2827 0.8159
4537.327 1.0168
4538.372 0.8677
4539.4175 0.9157
4540.463 1.0025
4541.5083 0.4938
4542.554 0.4816
4543.6 0.8604
4544.6465 0.7288
4545.693 0.722
4546.7397 1.0196
4547.787 0.959
4548.8345 0.7238
4549.8820000000005 0.7595
4550.9297 1.0585
4551.9775 0.8983
4553.026 1.1158
4554.0740000000005 1.0755
4555.123 0.9941
4556.1720000000005 0.7594
4557.221 0.8353
4558.2705 0.9558
4559.3203 0.6084
4560.37 0.7213
4561.4204 0.9605
4562.4707 0.9522
4563.5215 0.8472
4564.5728 0.8855
4565.6235 0.8768
4566.6753 0.7743
4567.7266 0.9068
4568.779 1.062
4569.8306 0.6969
4570.8833 0.7884
4571.9355 0.9019
4572.9883 0.8849
4574.0415 0.9851
4575.0947 0.8359
4576.1484 0.9306
4577.202 0.9282
4578.2563 0.7861
4579.3105 0.8401
4580.365 0.6743
4581.42 0.6869
4582.475 0.8337
4583.5303 0.8117
4584.585999999999 0.9243
4585.6416 1.0553
4586.6978 1.2327
4587.754 1.0781
4588.8105 0.8851
4589.867 0.8816
4590.9243 0.8125
4591.9814 1.1067
4593.0386 0.9087
4594.0967 0.9866
4595.1543 0.6818
4596.2124 0.6571
4597.271 1.0874
4598.3296 0.8159
4599.3887 0.9718
4600.4478 0.8974
4601.5073 0.8956
4602.567 0.8708
4603.627 0.9655
4604.687 0.9319
4605.7476 0.9345
4606.808 1.0729
4607.8687 0.9201
4608.93 0.8647
4609.991 0.8469
4611.0527 0.9702
4612.1147 1.1099
4613.177 0.8089
4614.2393 0.9368
4615.302 0.8954
4616.3647 0.9555
4617.4277 0.8935
4618.491 0.6835
4619.5547 0.7481
4620.6187 0.9155
4621.6826 0.9916
4622.747 0.8548
4623.8115 0.8505
4624.876 0.8737
4625.9414 0.6926
4627.0063 0.9102
4628.0723 0.9228
4629.1377 1.062
4630.2036 0.8927
4631.27 0.8967
4632.3364 0.9404
4633.4033 0.8488
4634.47 0.7972
4635.5376 0.9208
4636.605 0.9003
4637.673 0.9056
4638.7407 0.9679
4639.809 1.1049
4640.8774 0.9931
4641.9463 0.8454
4643.015 0.8188
4644.0845 0.7487
4645.154 0.9732
4646.2236 1.1982
4647.2935 1.0404
4648.3640000000005 0.7082
4649.434 0.9317
4650.505 1.0172
4651.5757 0.6886
4652.647 0.9371
4653.7188 0.913
4654.79 0.9172
4655.8623 0.9922
4656.934 0.8353
4658.0070000000005 1.0645
4659.0796 0.7863
4660.1523 1.0598
4661.2256 1.0918
4662.299 0.7757
4663.3726 0.7215
4664.4463 0.8004
4665.5205 0.8487
4666.595 0.7878
4667.6694 0.8323
4668.7446 0.9156
4669.82 0.8976
4670.895 0.8222
4671.9707 0.5702
4673.0464 0.8846
4674.1226 0.8408
4675.1990000000005 1.0778
4676.276 1.0702
4677.3525 1.0251
4678.4297 0.7993
4679.5073 0.8903
4680.585 0.6659
4681.6626 0.9164
4682.7407 0.6781
4683.819 0.9863
4684.8975 0.93
4685.9766 0.9226
4687.0557 0.7759
4688.1353 1.0268
4689.215 1.0011
4690.2944 0.9093
4691.3745 0.9804
4692.455 0.9351
4693.5356 0.998
4694.616 0.7371
4695.6973 0.8946
4696.779 0.9078
4697.8604 0.8144
4698.9424 0.9635
4700.0244 1.0486
4701.107 0.9628
4702.1895 0.9456
4703.272 0.8316
4704.3555 0.8422
4705.4385 0.9328
4706.522 0.9591
4707.606 1.057
4708.69 0.9041
4709.7744 0.8501
4710.859 0.9428
4711.944 0.9228
4713.029 0.996
4714.1143 0.8483
4715.1997 0.8792
4716.2856 0.9628
4717.372 0.9875
4718.458 0.9245
4719.545 0.9145
4720.6320000000005 0.9941
4721.7188 0.8858
4722.806 0.8699
4723.8936 0.7926
4724.9814 0.9624
4726.07 0.766
4727.1577 1.1291
4728.2466 0.9747
4729.3354 1.1267
4730.4243 0.781
4731.5137 0.9336
4732.6035 0.9778
4733.6934 1.0798
4734.782999999999 0.9555
4735.8735 0.8827
4736.9644 0.8621
4738.055 1.0218
4739.1465 0.8053
4740.238 1.0168
4741.329000000001 0.8628
4742.420999999999 1.045
4743.513 0.6377
4744.6055 0.8753
4745.698 0.8106
4746.791 0.8965
4747.8843 0.9691
4748.9775 0.9043
4750.0713 0.9768
4751.165 0.9678
4752.2593 1.0046
4753.3535 0.8223
4754.448 0.8011
4755.543 0.6747
4756.638 0.876
4757.7334 0.8234
4758.829000000001 0.9784
4759.925 0.9737
4761.021 0.8402
4762.1177 0.8251
4763.2144 1.0281
4764.311 1.1141
4765.407999999999 1.054
4766.505999999999 0.8634
4767.6035 0.881
4768.701 0.8855
4769.7993 0.9361
4770.898 1.0374
4771.9966 1.0974
4773.095 1.1915
4774.1943 0.985
4775.294 0.8173
4776.3936 0.7609
4777.4937 0.9199
4778.5938 0.94
4779.6943 0.8959
4780.795 0.9027
4781.896 0.9185
4782.997 0.9497
4784.0986 0.873
4785.2 0.862
4786.3022 0.9081
4787.4043 0.8477
4788.5070000000005 0.9125
4789.6094 0.8864
4790.7124 0.7757
4791.816 0.8533
4792.9194 0.8237
4794.023 0.8543
4795.127 1.0049
4796.2314 0.8866
4797.335999999999 0.9534
4798.4404 0.9021
4799.5454 0.698
4800.651 0.7736
4801.7563 0.9727
4802.862 0.816
4803.9683 0.9281
4805.0740000000005 1.2094
4806.1807 0.8407
4807.2876 1.1045
4808.3945 1.0111
4809.502 0.7851
4810.6094 0.8964
4811.7173 0.8627
4812.8257 0.9807
4813.9336 0.9097
4815.0425 0.8588
4816.1514 1.0853
4817.2603 0.8931
4818.3696 0.906
4819.479 0.832
4820.589 0.9569
4821.6990000000005 0.7097
4822.8096 0.9108
4823.92 0.818
4825.0312 0.9577
4826.142 1.0382
4827.2534 0.8898
4828.365 0.8516
4829.477 0.7916
4830.5894 0.8949
4831.7017 0.7004
4832.8145 0.6632
4833.9272 0.8039
4835.0405 0.8873
4836.154 0.8909
4837.2676 0.7941
4838.3813 0.8314
4839.4956 0.8727
4840.6104 0.9032
4841.725 0.8419
4842.84 0.8058
4843.955 0.6126
4845.071 0.9022
4846.1865 0.7177
4847.3022 0.7003
4848.4185 0.7263
4849.535 0.7174
4850.652 0.8839
4851.769 0.5801
4852.8859999999995 0.5997
4854.004 0.637
4855.1216 0.784
4856.2397 0.5658
4857.358 0.486
4858.4766 0.4232
4859.595 0.3735
4860.7144 0.3593
4861.834 0.3753
4862.9536 0.3568
4864.073 0.4712
4865.1934 0.6432
4866.314 0.6386
4867.4346 0.5259
4868.555 0.5903
4869.6763 0.8666
4870.798 0.5887
4871.9194 0.7562
4873.0415 0.6889
4874.1636 0.6608
4875.286 0.8476
4876.4087 0.7584
4877.5317 1.0845
4878.6553 0.6877
4879.7783 0.6697
4880.9023 0.8344
4882.0264 0.8929
4883.1504 0.5563
4884.275 0.7946
4885.4 0.6516
4886.525 0.9167
4887.65 0.7911
4888.776 0.8186
4889.9014 0.7707
4891.0273 0.7174
4892.154 0.8013
4893.2803 0.9257
4894.407 0.9378
4895.5347 0.9204
4896.6616 0.8391
4897.7896 0.8187
4898.9175 0.7818
4900.0454 0.922
4901.174 0.9278
4902.3027 0.7883
4903.4316 0.8639
4904.5605 0.8631
4905.69 0.9456
4906.82 0.9308
4907.9497 0.8037
4909.08 0.8919
4910.2104 1.0203
4911.3413 1.0079
4912.472 0.8468
4913.6035 0.8663
4914.735 0.898
4915.8667 1.0081
4916.999 0.9852
4918.1313 0.8653
4919.2637 0.7824
4920.3965 0.7802
4921.53 0.791
4922.663 1.0209
4923.7970000000005 1.0102
4924.9307 0.9364
4926.0645 0.9761
4927.1990000000005 0.9642
4928.334 0.9182
4929.4688 0.6167
4930.604 0.8488
4931.7393 1.0463
4932.875 0.8466
4934.0107 0.8626
4935.147 0.6267
4936.2837 0.8013
4937.4204 0.804
4938.5576 0.9475
4939.695 1.0096
4940.8325 1.1145
4941.97 0.8119
4943.108 0.9035
4944.2466 0.9428
4945.3853 0.9831
4946.524 0.9557
4947.663 0.9868
4948.8022 1.0457
4949.942 1.0
