3911.1108 1.0
3912.0115 0.9705
3912.9124 1.0562
3913.8135 0.9719
3914.7146 0.949
3915.6162 0.953
3916.5178 0.9655
3917.4197 0.9573
3918.3218 0.9251
3919.224 1.0133
3920.1267 0.9606
3921.0295 0.9485
3921.9324 0.9389
3922.8357 0.9937
3923.739 0.9803
3924.6426 0.964
3925.5464 0.9723
3926.4504 0.9125
3927.3545 0.9394
3928.259 0.9155
3929.1636 0.796
3930.0684 0.7751
3930.9734 0.7138
3931.8787 0.6863
3932.7842 0.7126
3933.6897 0.7667
3934.5957 0.872
3935.5017 0.89
3936.408 0.9148
3937.3145 1.0
3938.2212 1.0061
3939.1282 0.9826
3940.0354 1.0043
3940.9426 0.9912
3941.85 0.9625
3942.7578 0.9498
3943.6658 0.9404
3944.574 0.9308
3945.4824 0.925
3946.3909999999996 0.9618
3947.2998 0.9331
3948.2087 0.9269
3949.118 0.9591
3950.0273 0.8983
3950.937 0.9061
3951.847 0.9039
3952.7568 0.8948
3953.6672 0.8936
3954.5776 0.8946
3955.4883 0.9019
3956.3992 0.7841
3957.3103 0.8334
3958.2217 0.7769
3959.1333 0.7593
3960.045 0.748
3960.9568 0.7305
3961.869 0.6723
3962.7812 0.6465
3963.6938 0.569
3964.6067 0.4693
3965.5198 0.3934
3966.4329 0.3447
3967.3462 0.2973
3968.26 0.3375
3969.1738 0.354
3970.0879999999997 0.4559
3971.002 0.5133
3971.9165 0.5956
3972.8313 0.674
3973.7459999999996 0.7289
3974.6611 0.7192
3975.5764 0.7319
3976.492 0.7881
3977.4077 0.831
3978.3237 0.8692
3979.2397 0.893
3980.1562 0.8431
3981.0728 0.8664
3981.9895 0.8859
3982.9065 0.9367
3983.8237 0.8726
3984.7412 0.9147
3985.6587 0.8874
3986.5767 0.9325
3987.4946 0.9492
3988.4128 0.9152
3989.3313 0.9556
3990.25 0.949
3991.1690000000003 0.9349
3992.0881 0.9333
3993.0073 0.963
3993.927 0.9117
3994.8467 0.9756
3995.7666 0.9353
3996.6868 1.0073
3997.6072 0.965
3998.5278 0.9859
3999.4485 1.0118
4000.3696 0.9256
4001.2908 0.9949
4002.2122 0.9753
4003.1338 0.947
4004.0557 0.9765
4004.9778 1.0056
4005.9001 0.9779
4006.8225 0.9974
4007.7454 0.9735
4008.6682 0.9858
4009.5913 0.978
4010.5146 0.9735
4011.4382 0.9956
4012.362 0.9878
4013.2861 0.9446
4014.2102 0.9977
4015.1345 0.9914
4016.0593 1.0104
4016.9841 0.9669
4017.9092 1.0158
4018.8345 0.9497
4019.7598 0.9791
4020.6855 0.9804
4021.6116 0.9955
4022.5376 1.0094
4023.4639 0.9452
4024.3904 1.0079
4025.3171 0.9695
4026.2441 0.9962
4027.1714 1.0004
4028.0989 1.0092
4029.0264 0.9563
4029.954 0.9878
4030.8823 0.9918
4031.8105 0.9663
4032.739 0.9458
4033.6677 0.9713
4034.5964 0.9905
4035.5256 1.0462
4036.455 0.9744
4037.3845 0.9932
4038.3142 0.9843
4039.2441 0.973
4040.1743 0.9338
4041.1047 0.9349
4042.0354 0.9744
4042.9663 0.9792
4043.8972 0.9962
4044.8286 1.0095
4045.76 0.9944
4046.6917 1.0101
4047.6235 1.036
4048.5557 1.0464
4049.488 1.0009
4050.4204 0.9398
4051.3533 0.9098
4052.2861 1.0009
4053.2195 1.0202
4054.1528 0.9757
4055.0864 1.0131
4056.0203 1.0003
4056.9543 1.0145
4057.8884 0.9679
4058.823 1.0027
4059.7576 1.0052
4060.6926 0.9632
4061.6277 0.9915
4062.563 0.9712
4063.4985 0.9767
4064.4343 0.9905
4065.3704 0.98
4066.3064 0.968
4067.243 0.9603
4068.1794 0.9525
4069.1165 0.9595
4070.0535 0.9838
4070.9907 0.9589
4071.9282 0.977
4072.866 0.9559
4073.8037 0.9428
4074.742 0.9212
4075.6804 0.9521
4076.619 0.9563
4077.5576 0.9575
4078.4966 0.9844
4079.4358 0.9257
4080.3752 0.9583
4081.315 0.9143
4082.255 0.8958
4083.1948 0.9101
4084.1353 0.8906
4085.0757 0.9137
4086.0164 0.8934
4086.9575 0.8731
4087.8987 0.863
4088.8398 0.8241
4089.7815 0.8214
4090.7234 0.7725
4091.6653 0.7275
4092.6077 0.6879
4093.55 0.6787
4094.4927 0.6547
4095.4358 0.5836
4096.379 0.5394
4097.3223 0.5042
4098.2656 0.4548
4099.2095 0.4104
4100.1533 0.4084
4101.0977 0.4756
4102.042 0.5412
4102.987 0.5887
4103.9316 0.6551
4104.8765 0.6916
4105.822 0.6973
4106.7676 0.7408
4107.7134 0.8451
4108.659000000001 0.8123
4109.6055 0.8535
4110.552 0.8332
4111.498 0.8536
4112.4453 0.8879
4113.392 0.8515
4114.3394 0.914
4115.2866 0.9071
4116.2344 0.8756
4117.1826 0.94
4118.1304 0.9387
4119.079000000001 0.899
4120.0273 0.961
4120.976 0.9226
4121.9253 0.945
4122.8745 0.9141
4123.8237 0.9699
4124.7734 0.9022
4125.7236 1.0113
4126.6733 0.9906
4127.624 0.9521
4128.5740000000005 0.9545
4129.525 0.9644
4130.476 0.9781
4131.4272 0.9458
4132.379 0.964
4133.33 0.9881
4134.282 0.9449
4135.2344 0.9752
4136.1865 1.0182
4137.139 0.9981
4138.092000000001 0.9808
4139.0444 1.0221
4139.998 1.0017
4140.951 0.9787
4141.905 0.9549
4142.8584 0.9936
4143.8125 1.0155
4144.767 0.9741
4145.721 0.9978
4146.6763 0.9847
4147.630999999999 0.9666
4148.585999999999 0.9903
4149.5415 0.9886
4150.497 1.0426
4151.4526 0.9959
4152.4087 0.9699
4153.365 0.9671
4154.322 0.9667
4155.2783 1.0107
4156.2354 1.0113
4157.1924 0.9635
4158.1494 0.9835
4159.107 1.013
4160.065 0.9867
4161.023 0.9823
4161.981 1.0179
4162.9395 1.0054
4163.8984 0.9725
4164.857 1.0022
4165.8164 0.9896
4166.7754 0.9756
4167.7354 1.0112
4168.695 0.9864
4169.655 0.9696
4170.615 0.9755
4171.5757 0.9914
4172.536 1.0093
4173.497 0.9977
4174.458 0.9999
4175.4194 0.9785
4176.380999999999 0.9851
4177.343 0.9767
4178.3047 0.9756
4179.267 0.9755
4180.2295 1.0032
4181.192 1.0226
4182.155 1.0056
4183.1179999999995 0.9955
4184.081 0.9463
4185.045 0.9601
4186.009 0.991
4186.9727 0.9834
4187.9365 0.9855
4188.9014 1.016
4189.8657 0.9693
4190.8306 0.9606
4191.795999999999 0.9859
4192.7609999999995 0.9816
4193.7266 1.0005
4194.6924 0.9592
4195.657999999999 0.9923
4196.6245 0.9782
4197.590999999999 0.9675
4198.5576 0.9691
4199.5244 1.0108
4200.4917 0.9849
4201.459 1.0069
4202.4263 0.9822
4203.394 0.9718
4204.3623 0.9868
4205.33 0.9786
4206.299 1.0255
4207.2676 1.0164
4208.2363 1.0222
4209.2056 0.9709
4210.175 0.9885
4211.144 0.9971
4212.1140000000005 0.9513
4213.084 0.9726
4214.054 1.0068
4215.0244 1.0274
4215.995 1.0103
4216.9663 0.9363
4217.937 1.0353
4218.9087 0.9857
4219.88 0.9832
4220.852 0.987
4221.8237 0.9834
4222.795999999999 0.9679
4223.7686 0.9409
4224.741 0.9372
4225.714 0.953
4226.687 0.9478
4227.6606 1.0027
4228.6343 0.9963
4229.608 0.969
4230.582 1.0028
4231.556 0.9614
4232.531 0.974
4233.5054 0.9736
4234.4805 0.9918
4235.4556 0.9511
4236.4307 0.985
4237.4062 0.9652
4238.3823 0.9834
4239.3584 0.9628
4240.3345 0.9447
4241.311 1.0009
4242.2876 0.9721
4243.2646 0.9735
4244.2417 0.9622
4245.219 0.9694
4246.197 1.0116
4247.175 0.9641
4248.153 0.9298
4249.130999999999 0.9841
4250.1094 0.981
4251.0884 0.9879
4252.067 0.9931
4253.0464 0.9751
4254.026 1.009
4255.0054 0.995
4255.9854 0.9851
4256.9653 0.9591
4257.946 0.9755
4258.9263 0.9722
4259.9067 0.971
4260.8877 1.0126
4261.869000000001 1.0082
4262.8506 0.9884
4263.832 0.9998
4264.814 0.9947
4265.7964 1.0031
4266.779 1.0047
4267.7609999999995 0.9741
4268.744000000001 0.9456
4269.727 0.9341
4270.7104 0.9903
4271.694 0.9908
4272.6772 0.9667
4273.6616 0.9922
4274.6455 0.9992
4275.63 1.0224
4276.6147 0.9979
4277.5996 0.9946
4278.5845 0.9952
4279.57 0.9907
4280.555 1.001
4281.541 0.9782
4282.527 0.9802
4283.513 0.9944
4284.4995 0.9907
4285.4863 0.9742
4286.473 0.9934
4287.4604 0.9831
4288.4478 0.9719
4289.435 0.9732
4290.423 0.9783
4291.411 1.0082
4292.3994 0.9816
4293.3877 0.9831
4294.3765 0.9813
4295.365 1.0262
4296.3545 0.9879
4297.3438 0.9301
4298.3335 0.9317
4299.323 0.9653
4300.3135 0.9528
4301.3037 0.9784
4302.2944 0.9657
4303.285 0.9576
4304.276 0.9704
4305.267 0.9438
4306.259 0.9656
4307.2505 0.9661
4308.242 0.9556
4309.2344 0.9342
4310.2266 0.9623
4311.219 0.9251
4312.212 0.9355
4313.205 0.9577
4314.198 0.9226
4315.192 0.9295
4316.1855 0.9434
4317.1797 0.9485
4318.174 0.9496
4319.168 0.9452
4320.1626 0.9506
4321.1577 0.9272
4322.153 0.8973
4323.148 0.9166
4324.1436 0.8571
4325.1396 0.8747
4326.1353 0.874
4327.1320000000005 0.872
4328.128 0.821
4329.125 0.7872
4330.1216 0.7678
4331.119000000001 0.7659
4332.116 0.7406
4333.1140000000005 0.7534
4334.112 0.6456
4335.11 0.5847
4336.1084 0.5091
4337.107 0.4424
4338.1055 0.4124
4339.1045 0.4315
4340.1035 0.5591
4341.103 0.6195
4342.103 0.6714
4343.103 0.7565
4344.103 0.7365
4345.1035 0.8031
4346.104 0.8103
4347.105 0.8368
4348.106 0.8266
4349.1074 0.8307
4350.109 0.8677
4351.1104 0.9025
4352.1123 0.8991
4353.1147 0.8874
4354.117 0.9246
4355.1196 0.9627
4356.1226 0.9863
4357.126 0.9447
4358.1294 0.999
4359.133 0.9817
4360.1367 0.9872
4361.1406 0.9933
4362.145 0.9649
4363.15 1.0256
4364.1543 0.9703
4365.1597 1.0096
4366.1646 0.9828
4367.17 0.9842
4368.1759999999995 0.9872
4369.1816 0.9887
4370.188 0.9766
4371.1943 0.991
4372.2007 0.9764
4373.208 1.0022
4374.215 0.9756
4375.222 0.9817
4376.2295 1.006
4377.2373 1.0056
4378.2456 0.9891
4379.254 0.9995
4380.262 0.9868
4381.271 0.9827
4382.28 0.9822
4383.289000000001 0.9842
4384.2983 0.9977
4385.308 1.0039
4386.318 0.9971
4387.3279999999995 0.9634
4388.3384 1.0022
4389.349 1.0067
4390.36 0.9979
4391.3706 0.9813
4392.3823 0.956
4393.3936 0.9617
4394.4053 0.9741
4395.4175 0.9397
4396.4297 0.9675
4397.442 0.9998
4398.4546 0.9885
4399.4673 0.9837
4400.4805 0.9857
4401.494000000001 0.9723
4402.508 0.9775
4403.5215 0.9958
4404.5356 0.9675
4405.55 0.9957
4406.5645 1.0234
4407.579000000001 1.0171
4408.594 1.0143
4409.6094 0.9899
4410.625 0.9464
4411.6406 0.9623
4412.6562 0.9635
4413.6724 0.9853
4414.689 0.9839
4415.7056 0.9564
4416.7227 0.9647
4417.7397 0.9711
4418.7570000000005 0.9768
4419.7744 0.9735
4420.7925 0.972
4421.8105 0.9822
4422.8286 0.968
4423.847 0.967
4424.8657 0.9672
4425.885 0.977
4426.9043 0.9891
4427.9233 0.9857
4428.9434 0.9834
4429.963 0.9914
4430.9834 0.9529
4432.004 0.9802
4433.0244 0.9676
4434.045 0.9845
4435.0664 1.0043
4436.0874 0.9966
4437.1094 1.0099
4438.130999999999 1.0125
4439.153 0.9994
4440.1753 0.9894
4441.1978 0.9442
4442.2207 1.0008
4443.2437 0.9718
4444.2666 1.0289
4445.29 0.9372
4446.314 1.0173
4447.338 0.9714
4448.362 0.9708
4449.3859999999995 1.0079
4450.411 0.9661
4451.4355 0.9774
4452.460999999999 0.9736
4453.4863 0.981
4454.5117 0.9934
4455.5376 0.9794
4456.5635 0.992
4457.59 1.0339
4458.616 1.0261
4459.643 0.9857
4460.67 0.9888
4461.6973 0.9558
4462.7246 0.9782
4463.7524 0.9752
4464.7803 0.9778
4465.8086 0.9367
4466.837 0.9933
4467.8657 0.9877
4468.8945 0.9926
4469.924 1.0019
4470.9529999999995 0.9953
4471.9824 0.9786
4473.0127 0.9961
4474.0425 0.9977
4475.0728 1.0209
4476.1035 0.9662
4477.1343 0.9641
4478.165 0.9554
4479.1963 0.9376
4480.228 0.9424
4481.26 0.9811
4482.2915 1.0
4483.3237 0.9956
4484.3564 0.9579
4485.389 0.9754
4486.4220000000005 0.9546
4487.455 1.0069
4488.4883 0.9712
4489.522 0.9693
4490.556 1.0008
4491.59 0.9779
4492.6245 0.9682
4493.659000000001 0.9796
4494.694 0.966
4495.729 1.0046
4496.764 1.0019
4497.8 0.9705
4498.8354 0.935
4499.8716 0.9594
4500.9077 1.0004
4501.9443 0.9957
4502.981 0.9988
4504.018 0.9791
4505.055 1.0008
4506.093 0.9795
4507.1304 0.9784
4508.168 0.9894
4509.2065 1.0094
4510.2446 0.9818
4511.282999999999 0.962
4512.3223 0.9849
4513.3613 0.9666
4514.401 0.9682
4515.4404 0.995
4516.48 0.9805
4517.5205 0.9625
4518.5605 0.9557
4519.601 0.9669
4520.642 0.9899
4521.683 0.9753
4522.724 0.9753
4523.7656 0.9929
4524.8076 0.9844
4525.8496 0.9881
4526.8916 0.983
4527.934 1.0081
4528.977 1.0283
4530.02 0.9649
4531.063 0.953
4532.1064 0.9647
4533.1504 0.9604
4534.1943 1.0022
4535.2383 1.0045
4536.2827 0.9802
4537.327 0.9907
4538.372 0.9644
4539.4175 0.9471
4540.463 0.9682
4541.5083 0.9689
4542.554 0.9906
4543.6 0.9837
4544.6465 0.965
4545.693 0.9582
4546.7397 0.9378
4547.787 0.9414
4548.8345 0.9647
4549.8820000000005 0.9941
4550.9297 0.9589
4551.9775 0.9741
4553.026 0.9678
4554.0740000000005 0.9804
4555.123 0.9883
4556.1720000000005 0.9768
4557.221 0.9724
4558.2705 1.007
4559.3203 0.9882
4560.37 0.964
4561.4204 0.9455
4562.4707 0.9669
4563.5215 0.9662
4564.5728 0.9714
4565.6235 0.9934
4566.6753 1.0072
4567.7266 0.9825
4568.779 0.9547
4569.8306 0.9813
4570.8833 0.9567
4571.9355 1.0139
4572.9883 0.9819
4574.0415 0.9916
4575.0947 0.9474
4576.1484 1.0053
4577.202 0.9797
4578.2563 0.9809
4579.3105 0.9812
4580.365 0.9545
4581.42 0.9825
4582.475 0.9769
4583.5303 1.0045
4584.585999999999 0.9674
4585.6416 1.0012
4586.6978 0.9686
4587.754 0.9644
4588.8105 0.9703
4589.867 0.9668
4590.9243 0.9681
4591.9814 0.9794
4593.0386 0.9851
4594.0967 0.9748
4595.1543 0.9723
4596.2124 1.0033
4597.271 1.0107
4598.3296 0.9487
4599.3887 0.9899
4600.4478 0.9536
4601.5073 0.9904
4602.567 0.9859
4603.627 0.9968
4604.687 0.9605
4605.7476 0.9721
4606.808 0.958
4607.8687 0.9905
4608.93 1.021
4609.991 0.9769
4611.0527 1.0085
4612.1147 0.9548
4613.177 0.9704
4614.2393 0.9776
4615.302 0.9813
4616.3647 0.9696
4617.4277 0.9866
4618.491 0.9763
4619.5547 0.9854
4620.6187 0.9637
4621.6826 0.9639
4622.747 0.9824
4623.8115 1.0196
4624.876 0.9931
4625.9414 0.9608
4627.0063 0.9627
4628.0723 0.974
4629.1377 0.983
4630.2036 0.9811
4631.27 0.9738
4632.3364 0.9649
4633.4033 0.9831
4634.47 0.9658
4635.5376 0.9754
4636.605 0.9945
4637.673 0.9643
4638.7407 0.9887
4639.809 0.9954
4640.8774 0.9731
4641.9463 0.9884
4643.015 1.0057
4644.0845 0.9727
4645.154 0.957
4646.2236 0.9812
4647.2935 1.0018
4648.3640000000005 0.9992
4649.434 0.9845
4650.505 0.9779
4651.5757 0.9705
4652.647 0.9727
4653.7188 0.9741
4654.79 0.9844
4655.8623 1.0035
4656.934 1.0159
4658.0070000000005 1.0423
4659.0796 1.0184
4660.1523 0.9712
4661.2256 0.9945
4662.299 0.9891
4663.3726 0.9816
4664.4463 0.9779
4665.5205 0.9909
4666.595 0.9898
4667.6694 0.996
4668.7446 0.9985
4669.82 0.9752
4670.895 0.9884
4671.9707 0.9567
4673.0464 0.9999
4674.1226 0.9994
4675.1990000000005 1.0002
4676.276 0.9642
4677.3525 1.0345
4678.4297 0.9944
4679.5073 0.975
4680.585 0.9687
4681.6626 1.0237
4682.7407 0.9822
4683.819 0.9797
4684.8975 1.0109
4685.9766 0.9894
4687.0557 1.0087
4688.1353 1.0013
4689.215 0.9979
4690.2944 0.966
4691.3745 1.0005
4692.455 0.9775
4693.5356 0.9907
4694.616 0.998
4695.6973 0.9987
4696.779 0.9772
4697.8604 0.98
4698.9424 0.9759
4700.0244 0.9838
4701.107 1.0058
4702.1895 0.9773
4703.272 0.9743
4704.3555 0.9948
4705.4385 0.9836
4706.522 0.9936
4707.606 0.9859
4708.69 0.9938
4709.7744 0.9892
4710.859 1.0004
4711.944 0.9909
4713.029 0.976
4714.1143 1.0115
4715.1997 0.9817
4716.2856 0.9948
4717.372 0.9855
4718.458 0.9873
4719.545 0.9743
4720.6320000000005 0.9886
4721.7188 0.9836
4722.806 1.0266
4723.8936 0.9942
4724.9814 0.9974
4726.07 0.9939
4727.1577 0.9326
4728.2466 0.9598
4729.3354 0.9619
4730.4243 0.991
4731.5137 0.9975
4732.6035 1.0038
4733.6934 0.9566
4734.782999999999 0.9709
4735.8735 0.9676
4736.9644 0.9975
4738.055 0.9824
4739.1465 1.006
4740.238 1.0062
4741.329000000001 0.973
4742.420999999999 0.9774
4743.513 1.0032
4744.6055 0.9967
4745.698 0.9913
4746.791 1.0095
4747.8843 0.9752
4748.9775 1.0155
4750.0713 0.9835
4751.165 0.9869
4752.2593 0.9725
4753.3535 0.9763
4754.448 0.9931
4755.543 0.995
4756.638 0.9848
4757.7334 0.9885
4758.829000000001 0.9829
4759.925 0.9981
4761.021 0.9786
4762.1177 0.9721
4763.2144 1.0073
4764.311 1.0134
4765.407999999999 0.974
4766.505999999999 0.969
4767.6035 0.9836
4768.701 0.9788
4769.7993 0.9821
4770.898 0.9987
4771.9966 0.9843
4773.095 0.9899
4774.1943 0.9848
4775.294 0.9827
4776.3936 0.9832
4777.4937 0.9763
4778.5938 0.9936
4779.6943 0.9771
4780.795 0.9711
4781.896 0.9922
4782.997 0.9864
4784.0986 0.9895
4785.2 0.9948
4786.3022 0.9916
4787.4043 1.0067
4788.5070000000005 0.9983
4789.6094 0.9842
4790.7124 0.9989
4791.816 1.0002
4792.9194 0.9877
4794.023 0.9772
4795.127 0.9671
4796.2314 0.9988
4797.335999999999 0.995
4798.4404 0.985
4799.5454 0.983
4800.651 0.99
4801.7563 1.0011
4802.862 0.9965
4803.9683 0.9926
4805.0740000000005 0.9977
4806.1807 0.9682
4807.2876 0.9619
4808.3945 0.9838
4809.502 1.0036
4810.6094 0.9722
4811.7173 0.9794
4812.8257 0.991
4813.9336 0.9903
4815.0425 1.0017
4816.1514 0.9741
4817.2603 0.979
4818.3696 0.979
4819.479 0.9656
4820.589 0.9641
4821.6990000000005 0.9656
4822.8096 0.9795
4823.92 0.9761
4825.0312 1.0077
4826.142 0.9967
4827.2534 0.9341
4828.365 0.9741
4829.477 0.9702
4830.5894 0.979
4831.7017 0.9788
4832.8145 0.9513
4833.9272 0.9542
4835.0405 0.9724
4836.154 0.9471
4837.2676 0.9683
4838.3813 0.9173
4839.4956 0.9466
4840.6104 0.9404
4841.725 0.9417
4842.84 0.8963
4843.955 0.902
4845.071 0.8892
4846.1865 0.8712
4847.3022 0.8783
4848.4185 0.8271
4849.535 0.8326
4850.652 0.8177
4851.769 0.7843
4852.8859999999995 0.7833
4854.004 0.7009
4855.1216 0.6927
4856.2397 0.6273
4857.358 0.4851
4858.4766 0.4324
4859.595 0.4369
4860.7144 0.5781
4861.834 0.6587
4862.9536 0.7067
4864.073 0.7429
4865.1934 0.7925
4866.314 0.8128
4867.4346 0.8372
4868.555 0.8477
4869.6763 0.8666
4870.798 0.8856
4871.9194 0.8942
4873.0415 0.9076
4874.1636 0.917
4875.286 0.9074
4876.4087 0.9271
4877.5317 0.9269
4878.6553 0.9468
4879.7783 0.935
4880.9023 0.9422
4882.0264 0.9719
4883.1504 0.9558
4884.275 0.9619
4885.4 0.9581
4886.525 0.9592
4887.65 0.9789
4888.776 0.943
4889.9014 0.9576
4891.0273 0.965
4892.154 0.9593
4893.2803 0.9787
4894.407 0.9885
4895.5347 0.9729
4896.6616 0.9765
4897.7896 0.9951
4898.9175 0.9779
4900.0454 0.9721
4901.174 0.9766
4902.3027 0.9797
4903.4316 0.9953
4904.5605 0.9845
4905.69 1.0114
4906.82 1.0003
4907.9497 0.9599
4909.08 0.9861
4910.2104 0.9982
4911.3413 0.9874
4912.472 0.9848
4913.6035 0.99
4914.735 0.9765
4915.8667 0.9667
4916.999 0.9808
4918.1313 0.9725
4919.2637 0.9694
4920.3965 0.9716
4921.53 0.9569
4922.663 0.9471
4923.7970000000005 0.9708
4924.9307 0.977
4926.0645 0.9615
4927.1990000000005 0.9745
4928.334 0.987
4929.4688 0.988
4930.604 0.974
4931.7393 0.9804
4932.875 0.9671
4934.0107 0.9725
4935.147 0.9973
4936.2837 0.9514
4937.4204 0.9829
4938.5576 0.9764
4939.695 0.9704
4940.8325 0.974
4941.97 0.9794
4943.108 0.9516
4944.2466 0.994
4945.3853 1.0153
4946.524 0.9729
4947.663 0.9909
4948.8022 1.0131
4949.942 1.0
