3911.1108 1.0
3912.0115 0.8817
3912.9124 1.1246
3913.8135 0.8908
3914.7146 0.8681
3915.6162 1.0034
3916.5178 0.8839
3917.4197 0.8466
3918.3218 0.7417
3919.224 1.0211
3920.1267 1.0734
3921.0295 0.9527
3921.9324 0.9199
3922.8357 0.8438
3923.739 0.8006
3924.6426 0.9241
3925.5464 1.0181
3926.4504 1.0694
3927.3545 0.9657
3928.259 0.9364
3929.1636 0.8747
3930.0684 0.8475
3930.9734 0.8146
3931.8787 0.8805
3932.7842 0.8815
3933.6897 0.7933
3934.5957 0.7209
3935.5017 0.6375
3936.408 0.5134
3937.3145 0.6697
3938.2212 0.6154
3939.1282 0.7755
3940.0354 0.741
3940.9426 0.8857
3941.85 0.9933
3942.7578 0.8618
3943.6658 0.866
3944.574 0.9588
3945.4824 0.8342
3946.3909999999996 0.7761
3947.2998 0.892
3948.2087 0.883
3949.118 0.848
3950.0273 0.9003
3950.937 0.9073
3951.847 0.8111
3952.7568 0.875
3953.6672 0.9331
3954.5776 0.9503
3955.4883 0.9638
3956.3992 0.8356
3957.3103 0.8583
3958.2217 0.8552
3959.1333 0.7491
3960.045 0.7635
3960.9568 0.7622
3961.869 0.8271
3962.7812 0.7482
3963.6938 0.7312
3964.6067 0.7123
3965.5198 0.6248
3966.4329 0.6329
3967.3462 0.6354
3968.26 0.6878
3969.1738 0.4009
3970.0879999999997 0.3933
3971.002 0.404
3971.9165 0.4155
3972.8313 0.3709
3973.7459999999996 0.3271
3974.6611 0.4397
3975.5764 0.4766
3976.492 0.5577
3977.4077 0.5708
3978.3237 0.6934
3979.2397 0.7348
3980.1562 0.7935
3981.0728 0.6427
3981.9895 0.6809
3982.9065 0.6908
3983.8237 0.8089
3984.7412 0.7628
3985.6587 0.8031
3986.5767 0.892
3987.4946 0.8117
3988.4128 0.7836
3989.3313 0.8416
3990.25 0.9339
3991.1690000000003 0.7978
3992.0881 0.9209
3993.0073 0.9554
3993.927 0.972
3994.8467 0.9032
3995.7666 0.9741
3996.6868 0.9558
3997.6072 1.0751
3998.5278 0.9371
3999.4485 0.8299
4000.3696 0.8758
4001.2908 0.9403
4002.2122 0.8995
4003.1338 1.0165
4004.0557 0.8679
4004.9778 0.9032
4005.9001 0.9302
4006.8225 0.9299
4007.7454 0.832
4008.6682 0.8872
4009.5913 0.9177
4010.5146 0.8398
4011.4382 1.0448
4012.362 0.9923
4013.2861 0.8575
4014.2102 0.9028
4015.1345 0.9134
4016.0593 0.9366
4016.9841 0.931
4017.9092 1.0423
4018.8345 0.9267
4019.7598 0.9734
4020.6855 0.9855
4021.6116 1.0336
4022.5376 1.0637
4023.4639 0.9196
4024.3904 1.0168
4025.3171 0.9818
4026.2441 0.9629
4027.1714 0.9279
4028.0989 1.0155
4029.0264 1.0618
4029.954 1.0991
4030.8823 0.8718
4031.8105 1.0244
4032.739 0.9653
4033.6677 0.9978
4034.5964 0.8869
4035.5256 1.0238
4036.455 0.9578
4037.3845 1.0326
4038.3142 0.8978
4039.2441 0.9285
4040.1743 0.9875
4041.1047 0.9779
4042.0354 1.0227
4042.9663 1.0075
4043.8972 0.9811
4044.8286 0.9301
4045.76 1.0047
4046.6917 0.8803
4047.6235 0.9786
4048.5557 0.9117
4049.488 0.9548
4050.4204 0.9838
4051.3533 0.9257
4052.2861 0.9837
4053.2195 1.0619
4054.1528 0.9581
4055.0864 0.9476
4056.0203 0.9934
4056.9543 0.9118
4057.8884 0.9359
4058.823 0.967
4059.7576 0.9123
4060.6926 0.9103
4061.6277 0.9452
4062.563 0.9479
4063.4985 0.9529
4064.4343 1.0266
4065.3704 0.9841
4066.3064 0.9181
4067.243 0.9472
4068.1794 0.9622
4069.1165 1.0382
4070.0535 0.9195
4070.9907 0.8773
4071.9282 0.9522
4072.866 0.8687
4073.8037 0.968
4074.742 0.9053
4075.6804 0.9245
4076.619 0.9447
4077.5576 0.9992
4078.4966 0.9216
4079.4358 0.8578
4080.3752 0.8604
4081.315 0.9043
4082.255 0.8425
4083.1948 0.9989
4084.1353 0.8721
4085.0757 0.9185
4086.0164 0.9544
4086.9575 0.8749
4087.8987 0.9219
4088.8398 0.9624
4089.7815 0.9158
4090.7234 0.9116
4091.6653 0.8381
4092.6077 0.8182
4093.55 0.7965
4094.4927 0.7851
4095.4358 0.7523
4096.379 0.8146
4097.3223 0.8056
4098.2656 0.7161
4099.2095 0.77
4100.1533 0.7106
4101.0977 0.6229
4102.042 0.5517
4102.987 0.4964
4103.9316 0.3533
4104.8765 0.4002
4105.822 0.4579
4106.7676 0.4782
4107.7134 0.5161
4108.659000000001 0.6274
4109.6055 0.6239
4110.552 0.6252
4111.498 0.6432
4112.4453 0.7165
4113.392 0.7739
4114.3394 0.815
4115.2866 0.8673
4116.2344 0.8377
4117.1826 0.7936
4118.1304 0.8041
4119.079000000001 0.8661
4120.0273 0.853
4120.976 0.8114
4121.9253 0.845
4122.8745 0.9054
4123.8237 0.9625
4124.7734 0.8452
4125.7236 0.8603
4126.6733 0.9679
4127.624 0.9275
4128.5740000000005 1.018
4129.525 1.0116
4130.476 0.982
4131.4272 0.9792
4132.379 0.9982
4133.33 0.9727
4134.282 0.8863
4135.2344 0.9332
4136.1865 0.8111
4137.139 0.848
4138.092000000001 0.9643
4139.0444 0.8935
4139.998 0.9191
4140.951 0.9844
4141.905 0.9733
4142.8584 0.9625
4143.8125 0.9539
4144.767 0.9645
4145.721 1.0352
4146.6763 0.9823
4147.630999999999 1.0639
4148.585999999999 0.9513
4149.5415 1.0279
4150.497 0.9672
4151.4526 1.0197
4152.4087 0.9982
4153.365 1.0043
4154.322 0.9976
4155.2783 0.9705
4156.2354 1.0177
4157.1924 0.9625
4158.1494 0.9348
4159.107 0.889
4160.065 0.8743
4161.023 0.9913
4161.981 0.9157
4162.9395 0.9064
4163.8984 0.9424
4164.857 0.9445
4165.8164 0.9717
4166.7754 1.0368
4167.7354 0.9615
4168.695 0.9237
4169.655 0.9298
4170.615 0.9365
4171.5757 1.0382
4172.536 0.9204
4173.497 0.8673
4174.458 0.9874
4175.4194 0.949
4176.380999999999 0.8409
4177.343 0.8643
4178.3047 0.9804
4179.267 0.9516
4180.2295 0.9212
4181.192 0.9377
4182.155 1.0028
4183.1179999999995 0.9505
4184.081 0.9954
4185.045 0.8674
4186.009 0.9324
4186.9727 0.9638
4187.9365 0.9027
4188.9014 1.0025
4189.8657 0.9025
4190.8306 0.9536
4191.795999999999 0.9212
4192.7609999999995 0.927
4193.7266 0.9929
4194.6924 0.9748
4195.657999999999 0.9716
4196.6245 1.0102
4197.590999999999 0.935
4198.5576 0.973
4199.5244 0.9549
4200.4917 0.9606
4201.459 0.8993
4202.4263 0.9085
4203.394 0.8589
4204.3623 0.9996
4205.33 0.9593
4206.299 1.0111
4207.2676 0.948
4208.2363 0.9391
4209.2056 0.9083
4210.175 0.9795
4211.144 0.9611
4212.1140000000005 0.9775
4213.084 1.0706
4214.054 1.0368
4215.0244 1.0066
4215.995 0.9246
4216.9663 0.9409
4217.937 0.941
4218.9087 0.889
4219.88 1.0204
4220.852 1.0354
4221.8237 0.9919
4222.795999999999 0.9785
4223.7686 0.9781
4224.741 0.9759
4225.714 1.0519
4226.687 0.9577
4227.6606 0.9349
4228.6343 0.9196
4229.608 0.8471
4230.582 0.8608
4231.556 0.9384
4232.531 0.9802
4233.5054 0.892
4234.4805 0.9114
4235.4556 1.0081
4236.4307 1.0181
4237.4062 0.9383
4238.3823 1.0014
4239.3584 1.0145
4240.3345 0.986
4241.311 1.0395
4242.2876 0.9185
4243.2646 0.9518
4244.2417 0.9319
4245.219 0.9788
4246.197 0.8821
4247.175 0.9709
4248.153 0.9342
4249.130999999999 0.8947
4250.1094 0.9632
4251.0884 0.9969
4252.067 0.9632
4253.0464 0.9011
4254.026 0.8824
4255.0054 0.9788
4255.9854 0.9325
4256.9653 0.9535
4257.946 0.9334
4258.9263 0.9917
4259.9067 1.0215
4260.8877 1.0036
4261.869000000001 1.0118
4262.8506 0.9488
4263.832 0.957
4264.814 0.985
4265.7964 0.9854
4266.779 0.996
4267.7609999999995 0.9787
4268.744000000001 0.929
4269.727 0.9895
4270.7104 0.9449
4271.694 0.9138
4272.6772 0.8945
4273.6616 0.9768
4274.6455 0.8865
4275.63 0.9798
4276.6147 1.0
4277.5996 0.9198
4278.5845 0.9438
4279.57 1.0565
4280.555 0.9999
4281.541 0.9597
4282.527 1.0115
4283.513 0.9955
4284.4995 1.0092
4285.4863 0.9925
4286.473 0.9768
4287.4604 0.9948
4288.4478 1.0623
4289.435 1.0599
4290.423 0.9498
4291.411 0.9377
4292.3994 0.9526
4293.3877 0.9255
4294.3765 0.8838
4295.365 0.964
4296.3545 0.8781
4297.3438 1.0029
4298.3335 1.0215
4299.323 1.0414
4300.3135 0.9517
4301.3037 1.0257
4302.2944 0.9108
4303.285 0.9603
4304.276 0.9577
4305.267 0.97
4306.259 0.82
4307.2505 0.9242
4308.242 0.8883
4309.2344 0.9803
4310.2266 0.9153
4311.219 0.9944
4312.212 0.9021
4313.205 0.9469
4314.198 0.8959
4315.192 0.9217
4316.1855 0.908
4317.1797 0.9949
4318.174 0.9023
4319.168 0.9203
4320.1626 0.9826
4321.1577 0.9083
4322.153 0.9554
4323.148 0.8875
4324.1436 0.8704
4325.1396 0.8775
4326.1353 0.814
4327.1320000000005 0.9355
4328.128 0.897
4329.125 0.8187
4330.1216 0.8228
4331.119000000001 0.8589
4332.116 0.9131
4333.1140000000005 0.8535
4334.112 0.8707
4335.11 0.7726
4336.1084 0.8201
4337.107 0.8042
4338.1055 0.759
4339.1045 0.6779
4340.1035 0.6905
4341.103 0.5997
4342.103 0.4626
4343.103 0.4458
4344.103 0.4401
4345.1035 0.4637
4346.104 0.53
4347.105 0.5897
4348.106 0.6789
4349.1074 0.7669
4350.109 0.7185
4351.1104 0.7506
4352.1123 0.812
4353.1147 0.7178
4354.117 0.8037
4355.1196 0.8075
4356.1226 0.893
4357.126 0.9522
4358.1294 0.8859
4359.133 0.8632
4360.1367 0.8489
4361.1406 0.8888
4362.145 0.9541
4363.15 0.9836
4364.1543 0.9676
4365.1597 1.0038
4366.1646 0.9195
4367.17 0.8821
4368.1759999999995 1.0111
4369.1816 1.006
4370.188 0.9467
4371.1943 0.9532
4372.2007 0.8851
4373.208 1.0062
4374.215 1.0682
4375.222 0.931
4376.2295 0.9638
4377.2373 0.8716
4378.2456 1.0044
4379.254 0.9453
4380.262 0.9835
4381.271 0.9617
4382.28 0.9563
4383.289000000001 0.9246
4384.2983 1.033
4385.308 0.9035
4386.318 0.9705
4387.3279999999995 0.9386
4388.3384 0.9035
4389.349 0.926
4390.36 1.0018
4391.3706 1.0087
4392.3823 0.9694
4393.3936 0.9873
4394.4053 1.0019
4395.4175 0.9767
4396.4297 1.0027
4397.442 0.9994
4398.4546 0.9704
4399.4673 0.9353
4400.4805 0.9738
4401.494000000001 1.0261
4402.508 0.9637
4403.5215 0.9143
4404.5356 0.9244
4405.55 0.9618
4406.5645 1.0101
4407.579000000001 1.0221
4408.594 0.9797
4409.6094 0.9423
4410.625 1.0367
4411.6406 1.0286
4412.6562 0.9629
4413.6724 1.0006
4414.689 0.9574
4415.7056 1.0029
4416.7227 0.9453
4417.7397 0.9537
4418.7570000000005 0.958
4419.7744 0.9836
4420.7925 0.9693
4421.8105 0.9493
4422.8286 1.0295
4423.847 0.9423
4424.8657 0.944
4425.885 0.9544
4426.9043 1.0074
4427.9233 0.9841
4428.9434 1.0438
4429.963 0.9802
4430.9834 0.9732
4432.004 0.9745
4433.0244 1.0108
4434.045 1.0399
4435.0664 0.8967
4436.0874 1.0096
4437.1094 1.0245
4438.130999999999 1.0135
4439.153 0.988
4440.1753 0.9666
4441.1978 1.0126
4442.2207 0.9886
4443.2437 0.9077
4444.2666 0.8914
4445.29 0.9216
4446.314 0.9189
4447.338 0.9478
4448.362 0.9107
4449.3859999999995 1.0007
4450.411 1.0299
4451.4355 0.9877
4452.460999999999 0.9329
4453.4863 0.8919
4454.5117 0.9958
4455.5376 0.9842
4456.5635 0.92
4457.59 0.9783
4458.616 0.9465
4459.643 0.9652
4460.67 0.9789
4461.6973 0.9793
4462.7246 1.0038
4463.7524 0.9769
4464.7803 0.9277
4465.8086 0.921
4466.837 0.9527
4467.8657 0.9298
4468.8945 0.9585
4469.924 1.0131
4470.9529999999995 1.025
4471.9824 0.8879
4473.0127 0.909
4474.0425 0.9449
4475.0728 1.0367
4476.1035 0.9701
4477.1343 1.0243
4478.165 0.9418
4479.1963 0.9906
4480.228 0.9251
4481.26 0.9487
4482.2915 0.9405
4483.3237 0.9006
4484.3564 0.9014
4485.389 0.9899
4486.4220000000005 1.0172
4487.455 0.9167
4488.4883 0.9688
4489.522 0.9769
4490.556 1.0025
4491.59 1.0008
4492.6245 0.9428
4493.659000000001 1.0093
4494.694 0.942
4495.729 1.0188
4496.764 1.046
4497.8 0.8663
4498.8354 0.9433
4499.8716 1.0051
4500.9077 0.9571
4501.9443 0.9113
4502.981 0.9863
4504.018 0.9027
4505.055 0.9645
4506.093 1.0072
4507.1304 1.0203
4508.168 0.9696
4509.2065 0.8919
4510.2446 0.9436
4511.282999999999 1.0144
4512.3223 0.9266
4513.3613 0.9563
4514.401 0.9774
4515.4404 0.9875
4516.48 0.9281
4517.5205 0.9034
4518.5605 0.9274
4519.601 0.9411
4520.642 1.0359
4521.683 1.0885
4522.724 0.9748
4523.7656 0.9064
4524.8076 0.9318
4525.8496 0.9614
4526.8916 0.9914
4527.934 0.9961
4528.977 1.0086
4530.02 0.9787
4531.063 0.9339
4532.1064 0.9146
4533.1504 1.0216
4534.1943 1.0242
4535.2383 0.9854
4536.2827 0.9919
4537.327 0.8681
4538.372 0.9935
4539.4175 0.986
4540.463 0.9395
4541.5083 0.9371
4542.554 0.9519
4543.6 0.9576
4544.6465 0.9972
4545.693 0.9095
4546.7397 1.0155
4547.787 0.9527
4548.8345 1.0116
4549.8820000000005 0.954
4550.9297 0.9976
4551.9775 0.8836
4553.026 0.9117
4554.0740000000005 0.9422
4555.123 0.9371
4556.1720000000005 0.9895
4557.221 1.01
4558.2705 0.9587
4559.3203 0.9212
4560.37 0.8373
4561.4204 0.9562
4562.4707 0.9553
4563.5215 0.9996
4564.5728 0.9819
4565.6235 0.9434
4566.6753 0.9251
4567.7266 0.9276
4568.779 0.9517
4569.8306 0.9319
4570.8833 0.939
4571.9355 1.0042
4572.9883 0.9165
4574.0415 0.9275
4575.0947 0.9056
4576.1484 0.8627
4577.202 0.9326
4578.2563 0.9686
4579.3105 0.9283
4580.365 0.9296
4581.42 0.8786
4582.475 0.8983
4583.5303 0.9317
4584.585999999999 0.8909
4585.6416 0.9686
4586.6978 0.9989
4587.754 0.9182
4588.8105 0.9123
4589.867 0.932
4590.9243 0.9483
4591.9814 0.988
4593.0386 0.9696
4594.0967 0.8891
4595.1543 0.8325
4596.2124 0.9768
4597.271 0.9285
4598.3296 0.9574
4599.3887 0.9952
4600.4478 1.0029
4601.5073 0.9007
4602.567 0.9791
4603.627 0.9969
4604.687 0.9716
4605.7476 0.9726
4606.808 0.8951
4607.8687 0.9498
4608.93 1.004
4609.991 1.0056
4611.0527 1.0637
4612.1147 0.9748
4613.177 0.911
4614.2393 0.9446
4615.302 0.9894
4616.3647 0.959
4617.4277 0.9468
4618.491 0.9362
4619.5547 0.9215
4620.6187 1.0441
4621.6826 0.9816
4622.747 0.9994
4623.8115 0.932
4624.876 1.0219
4625.9414 0.9293
4627.0063 0.9636
4628.0723 1.018
4629.1377 0.9945
4630.2036 0.9559
4631.27 0.948
4632.3364 0.9618
4633.4033 0.9496
4634.47 1.0097
4635.5376 0.9146
4636.605 0.8979
4637.673 0.9349
4638.7407 0.9709
4639.809 1.041
4640.8774 1.0033
4641.9463 0.9537
4643.015 0.9697
4644.0845 1.0258
4645.154 1.0405
4646.2236 1.0423
4647.2935 0.975
4648.3640000000005 0.9048
4649.434 1.02
4650.505 1.0505
4651.5757 1.0093
4652.647 1.0292
4653.7188 0.9931
4654.79 0.9495
4655.8623 0.9791
4656.934 0.9681
4658.0070000000005 0.969
4659.0796 1.043
4660.1523 0.9896
4661.2256 0.955
4662.299 0.9583
4663.3726 1.0161
4664.4463 0.9612
4665.5205 0.9875
4666.595 1.0294
4667.6694 0.9642
4668.7446 0.9608
4669.82 0.9598
4670.895 0.9528
4671.9707 0.9654
4673.0464 1.0082
4674.1226 0.9735
4675.1990000000005 0.9806
4676.276 1.0048
4677.3525 0.9473
4678.4297 0.9748
4679.5073 1.088
4680.585 0.9663
4681.6626 0.9462
4682.7407 0.9343
4683.819 0.9768
4684.8975 1.011
4685.9766 0.92
4687.0557 0.9801
4688.1353 0.9639
4689.215 1.0124
4690.2944 0.9119
4691.3745 0.9387
4692.455 0.9295
4693.5356 0.9903
4694.616 0.9647
4695.6973 1.0042
4696.779 0.9846
4697.8604 0.9946
4698.9424 0.9639
4700.0244 1.009
4701.107 1.037
4702.1895 1.0628
4703.272 0.9558
4704.3555 0.9224
4705.4385 0.9778
4706.522 0.9583
4707.606 0.9194
4708.69 0.9232
4709.7744 0.9575
4710.859 1.0024
4711.944 1.0162
4713.029 0.9811
4714.1143 0.9863
4715.1997 0.9441
4716.2856 0.9377
4717.372 0.9687
4718.458 0.9863
4719.545 0.993
4720.6320000000005 0.9577
4721.7188 0.8589
4722.806 1.0072
4723.8936 0.9367
4724.9814 1.0212
4726.07 1.0444
4727.1577 0.9603
4728.2466 0.9377
4729.3354 0.9594
4730.4243 1.0154
4731.5137 0.9972
4732.6035 0.9486
4733.6934 0.9527
4734.782999999999 0.9753
4735.8735 0.9724
4736.9644 1.0493
4738.055 0.9903
4739.1465 1.0625
4740.238 0.9139
4741.329000000001 0.894
4742.420999999999 0.9071
4743.513 0.9811
4744.6055 0.9673
4745.698 1.0211
4746.791 0.992
4747.8843 0.9983
4748.9775 0.9821
4750.0713 0.9422
4751.165 0.8861
4752.2593 0.9384
4753.3535 0.9717
4754.448 1.0214
4755.543 1.0045
4756.638 0.9633
4757.7334 0.9718
4758.829000000001 0.918
4759.925 0.9619
4761.021 0.9747
4762.1177 0.9942
4763.2144 0.9573
4764.311 0.9631
4765.407999999999 0.9556
4766.505999999999 0.9265
4767.6035 0.92
4768.701 0.9117
4769.7993 0.963
4770.898 0.9554
4771.9966 0.9466
4773.095 0.9914
4774.1943 1.0072
4775.294 0.9933
4776.3936 0.919
4777.4937 0.936
4778.5938 0.9642
4779.6943 0.9754
4780.795 1.0079
4781.896 0.9373
4782.997 0.951
4784.0986 1.0217
4785.2 1.0325
4786.3022 0.9837
4787.4043 1.0057
4788.5070000000005 1.0163
4789.6094 1.0309
4790.7124 0.8804
4791.816 0.9574
4792.9194 0.9327
4794.023 0.9915
4795.127 0.9349
4796.2314 1.0006
4797.335999999999 1.0049
4798.4404 0.9297
4799.5454 1.0061
4800.651 0.9806
4801.7563 0.952
4802.862 0.9359
4803.9683 0.9351
4805.0740000000005 0.9303
4806.1807 1.017
4807.2876 0.9243
4808.3945 1.0462
4809.502 0.949
4810.6094 0.9653
4811.7173 0.9999
4812.8257 0.9941
4813.9336 0.9613
4815.0425 0.9381
4816.1514 0.9553
4817.2603 0.9669
4818.3696 1.0295
4819.479 1.0222
4820.589 0.9513
4821.6990000000005 0.9551
4822.8096 0.988
4823.92 0.971
4825.0312 0.9353
4826.142 0.925
4827.2534 0.9439
4828.365 0.9069
4829.477 0.9535
4830.5894 1.0113
4831.7017 0.9731
4832.8145 0.9174
4833.9272 0.8794
4835.0405 0.9261
4836.154 0.9545
4837.2676 1.0038
4838.3813 1.013
4839.4956 0.916
4840.6104 0.9442
4841.725 1.0148
4842.84 1.01
4843.955 0.8865
4845.071 0.914
4846.1865 0.9336
4847.3022 0.9558
4848.4185 0.9477
4849.535 0.8912
4850.652 0.9087
4851.769 0.8962
4852.8859999999995 0.9152
4854.004 0.881
4855.1216 0.7818
4856.2397 0.7363
4857.358 0.8505
4858.4766 0.7284
4859.595 0.802
4860.7144 0.7388
4861.834 0.6826
4862.9536 0.6358
4864.073 0.475
4865.1934 0.4622
4866.314 0.474
4867.4346 0.5994
4868.555 0.5783
4869.6763 0.6655
4870.798 0.6846
4871.9194 0.7536
4873.0415 0.8202
4874.1636 0.8126
4875.286 0.8153
4876.4087 0.8071
4877.5317 0.844
4878.6553 0.8934
4879.7783 0.9158
4880.9023 0.8594
4882.0264 0.8344
4883.1504 0.9148
4884.275 0.8495
4885.4 1.0033
4886.525 0.9456
4887.65 0.9391
4888.776 0.9633
4889.9014 0.9364
4891.0273 0.9695
4892.154 0.973
4893.2803 0.9578
4894.407 0.9983
4895.5347 0.9678
4896.6616 0.9568
4897.7896 0.9556
4898.9175 0.8998
4900.0454 0.9469
4901.174 0.9778
4902.3027 0.9484
4903.4316 0.9962
4904.5605 0.9939
4905.69 0.978
4906.82 0.971
4907.9497 0.9605
4909.08 1.0249
4910.2104 0.966
4911.3413 0.9715
4912.472 0.9733
4913.6035 0.93
4914.735 0.9469
4915.8667 0.9821
4916.999 0.9534
4918.1313 0.9471
4919.2637 0.9424
4920.3965 0.9992
4921.53 1.002
4922.663 0.9538
4923.7970000000005 0.9693
4924.9307 0.9145
4926.0645 0.954
4927.1990000000005 0.9151
4928.334 0.9113
4929.4688 0.9755
4930.604 1.0049
4931.7393 0.9604
4932.875 0.9685
4934.0107 0.9768
4935.147 0.986
4936.2837 0.9251
4937.4204 0.9621
4938.5576 1.0022
4939.695 0.998
4940.8325 0.9844
4941.97 0.9228
4943.108 0.9799
4944.2466 0.9236
4945.3853 0.9631
4946.524 0.9764
4947.663 0.9787
4948.8022 0.9021
4949.942 1.0
