3911.1108 1.0
3912.0115 0.9202
3912.9124 1.2803
3913.8135 0.7285
3914.7146 0.7455
3915.6162 0.9907
3916.5178 0.7272
3917.4197 0.7093
3918.3218 0.5505
3919.224 0.8476
3920.1267 0.9889
3921.0295 0.8742
3921.9324 0.8018
3922.8357 0.8972
3923.739 0.7811
3924.6426 1.1541
3925.5464 0.3069
3926.4504 0.8465
3927.3545 0.7217
3928.259 0.7069
3929.1636 0.7288
3930.0684 0.6182
3930.9734 0.5395
3931.8787 0.6712
3932.7842 0.5939
3933.6897 0.2277
3934.5957 0.1861
3935.5017 0.4418
3936.408 0.0755
3937.3145 0.711
3938.2212 0.5128
3939.1282 0.5857
3940.0354 0.5985
3940.9426 0.6981
3941.85 0.5418
3942.7578 0.7842
3943.6658 0.655
3944.574 0.7554
3945.4824 0.8241
3946.3909999999996 0.9524
3947.2998 0.8461
3948.2087 0.6641
3949.118 0.6921
3950.0273 0.611
3950.937 0.7203
3951.847 0.8979
3952.7568 0.8284
3953.6672 0.8884
3954.5776 0.8027
3955.4883 0.5891
3956.3992 0.7234
3957.3103 0.8573
3958.2217 0.8576
3959.1333 0.652
3960.045 0.9354
3960.9568 0.8291
3961.869 0.4772
3962.7812 0.7586
3963.6938 0.8454
3964.6067 0.956
3965.5198 0.8503
3966.4329 0.6083
3967.3462 0.5143
3968.26 0.2826
3969.1738 0.405
3970.0879999999997 0.3608
3971.002 0.2471
3971.9165 0.3171
3972.8313 0.3921
3973.7459999999996 0.0823
3974.6611 0.5657
3975.5764 0.4608
3976.492 0.9223
3977.4077 0.945
3978.3237 0.9079
3979.2397 0.7894
3980.1562 0.7576
3981.0728 0.757
3981.9895 0.693
3982.9065 0.7257
3983.8237 0.7439
3984.7412 0.7607
3985.6587 0.7388
3986.5767 0.8274
3987.4946 0.8974
3988.4128 0.7142
3989.3313 0.866
3990.25 0.9399
3991.1690000000003 1.0694
3992.0881 0.8941
3993.0073 0.7683
3993.927 0.8657
3994.8467 0.6551
3995.7666 0.7607
3996.6868 0.792
3997.6072 0.5949
3998.5278 1.0011
3999.4485 0.98
4000.3696 0.8315
4001.2908 1.0453
4002.2122 0.7292
4003.1338 0.8712
4004.0557 0.8743
4004.9778 1.0379
4005.9001 0.7949
4006.8225 0.8459
4007.7454 1.0496
4008.6682 0.642
4009.5913 0.9019
4010.5146 0.9598
4011.4382 0.8416
4012.362 0.5168
4013.2861 0.829
4014.2102 1.0378
4015.1345 0.9141
4016.0593 1.0693
4016.9841 1.024
4017.9092 0.9247
4018.8345 1.0415
4019.7598 0.9961
4020.6855 0.7312
4021.6116 1.0136
4022.5376 0.9303
4023.4639 0.8521
4024.3904 0.9778
4025.3171 0.6295
4026.2441 1.0225
4027.1714 0.6939
4028.0989 0.8731
4029.0264 0.8949
4029.954 0.9515
4030.8823 0.8271
4031.8105 0.7922
4032.739 0.8459
4033.6677 0.7013
4034.5964 0.7953
4035.5256 1.0625
4036.455 0.8574
4037.3845 0.7945
4038.3142 0.9698
4039.2441 0.8542
4040.1743 0.7335
4041.1047 0.9337
4042.0354 1.0711
4042.9663 0.8043
4043.8972 0.6963
4044.8286 1.012
4045.76 1.0677
4046.6917 0.9258
4047.6235 0.9722
4048.5557 0.9631
4049.488 0.9735
4050.4204 1.103
4051.3533 1.0781
4052.2861 0.9949
4053.2195 0.8879
4054.1528 0.6225
4055.0864 1.0196
4056.0203 1.0897
4056.9543 0.8059
4057.8884 1.0385
4058.823 0.8126
4059.7576 1.1337
4060.6926 0.9149
4061.6277 1.0212
4062.563 1.0733
4063.4985 1.0409
4064.4343 0.6652
4065.3704 0.8533
4066.3064 0.7437
4067.243 0.8851
4068.1794 0.7005
4069.1165 0.8077
4070.0535 1.0608
4070.9907 1.2883
4071.9282 0.7119
4072.866 0.9256
4073.8037 0.8358
4074.742 1.1081
4075.6804 0.97
4076.619 0.8324
4077.5576 0.8533
4078.4966 0.9631
4079.4358 0.8986
4080.3752 0.6776
4081.315 0.8224
4082.255 0.9461
4083.1948 0.8665
4084.1353 0.8632
4085.0757 0.8557
4086.0164 0.9831
4086.9575 1.0351
4087.8987 0.8486
4088.8398 0.8525
4089.7815 0.8573
4090.7234 0.887
4091.6653 1.0163
4092.6077 0.9218
4093.55 0.8755
4094.4927 0.7772
4095.4358 1.1063
4096.379 1.0278
4097.3223 1.0179
4098.2656 0.6899
4099.2095 0.791
4100.1533 0.7933
4101.0977 0.8207
4102.042 0.6716
4102.987 0.5516
4103.9316 0.7177
4104.8765 0.4633
4105.822 0.6346
4106.7676 0.6124
4107.7134 0.8828
4108.659000000001 0.6664
4109.6055 0.7772
4110.552 1.1434
4111.498 1.0186
4112.4453 0.7204
4113.392 1.3182
4114.3394 0.7853
4115.2866 0.9804
4116.2344 1.1564
4117.1826 0.901
4118.1304 0.8786
4119.079000000001 0.8677
4120.0273 0.8175
4120.976 0.9083
4121.9253 0.5782
4122.8745 1.0067
4123.8237 0.9541
4124.7734 0.9723
4125.7236 0.9249
4126.6733 0.8422
4127.624 0.672
4128.5740000000005 0.8851
4129.525 0.7888
4130.476 1.0424
4131.4272 1.2156
4132.379 0.8152
4133.33 0.6694
4134.282 0.8009
4135.2344 0.9095
4136.1865 0.8292
4137.139 0.9527
4138.092000000001 1.0188
4139.0444 0.9597
4139.998 0.8705
4140.951 0.7813
4141.905 0.8415
4142.8584 0.7715
4143.8125 0.8899
4144.767 1.0426
4145.721 1.1427
4146.6763 0.9596
4147.630999999999 0.6779
4148.585999999999 0.9286
4149.5415 1.1547
4150.497 0.8515
4151.4526 0.8521
4152.4087 0.8035
4153.365 1.071
4154.322 0.9469
4155.2783 0.885
4156.2354 0.9671
4157.1924 0.9558
4158.1494 0.8142
4159.107 1.2161
4160.065 0.9185
4161.023 0.7847
4161.981 0.9189
4162.9395 0.9829
4163.8984 0.8653
4164.857 1.0058
4165.8164 1.0491
4166.7754 1.0178
4167.7354 0.7116
4168.695 0.9187
4169.655 0.994
4170.615 0.7963
4171.5757 0.8617
4172.536 1.0727
4173.497 0.8352
4174.458 0.7519
4175.4194 0.8637
4176.380999999999 0.7981
4177.343 0.8337
4178.3047 0.7058
4179.267 0.8155
4180.2295 0.9442
4181.192 0.771
4182.155 0.9701
4183.1179999999995 1.0595
4184.081 0.909
4185.045 0.7211
4186.009 0.738
4186.9727 1.0102
4187.9365 0.9035
4188.9014 0.8413
4189.8657 0.883
4190.8306 1.0469
4191.795999999999 0.9879
4192.7609999999995 0.9613
4193.7266 0.7668
4194.6924 0.6837
4195.657999999999 0.9055
4196.6245 1.2617
4197.590999999999 0.7599
4198.5576 1.0321
4199.5244 0.8762
4200.4917 0.7119
4201.459 0.7258
4202.4263 0.8401
4203.394 0.9402
4204.3623 0.7899
4205.33 0.9614
4206.299 0.974
4207.2676 0.9209
4208.2363 0.9586
4209.2056 0.8056
4210.175 1.0226
4211.144 0.8922
4212.1140000000005 0.8242
4213.084 0.9128
4214.054 0.9261
4215.0244 0.9405
4215.995 1.0705
4216.9663 0.9847
4217.937 0.9135
4218.9087 0.9003
4219.88 0.9634
4220.852 0.853
4221.8237 0.9423
4222.795999999999 0.9455
4223.7686 0.9027
4224.741 0.8446
4225.714 0.8393
4226.687 0.8679
4227.6606 0.8612
4228.6343 0.9538
4229.608 0.9004
4230.582 0.8622
4231.556 0.9313
4232.531 0.8778
4233.5054 0.9264
4234.4805 1.0145
4235.4556 0.7899
4236.4307 0.8176
4237.4062 0.7758
4238.3823 0.7911
4239.3584 0.8224
4240.3345 0.9882
4241.311 1.0104
4242.2876 1.062
4243.2646 0.8708
4244.2417 1.0536
4245.219 1.1294
4246.197 1.1327
4247.175 0.9273
4248.153 0.7613
4249.130999999999 0.873
4250.1094 0.8571
4251.0884 0.9609
4252.067 0.8828
4253.0464 0.7746
4254.026 0.8709
4255.0054 0.801
4255.9854 1.059
4256.9653 0.8044
4257.946 0.7518
4258.9263 1.1115
4259.9067 0.8697
4260.8877 0.819
4261.869000000001 0.9974
4262.8506 0.9047
4263.832 0.8056
4264.814 0.8734
4265.7964 0.8985
4266.779 0.9836
4267.7609999999995 0.9975
4268.744000000001 0.8743
4269.727 0.8645
4270.7104 1.1089
4271.694 0.9727
4272.6772 0.6748
4273.6616 0.6909
4274.6455 0.852
4275.63 1.0533
4276.6147 1.0363
4277.5996 0.8818
4278.5845 0.8523
4279.57 0.8257
4280.555 0.8705
4281.541 0.9097
4282.527 0.8586
4283.513 0.8434
4284.4995 0.816
4285.4863 0.8119
4286.473 0.9128
4287.4604 1.0674
4288.4478 0.8667
4289.435 0.7119
4290.423 0.8473
4291.411 0.8907
4292.3994 0.7174
4293.3877 0.8534
4294.3765 0.9235
4295.365 0.7835
4296.3545 0.7408
4297.3438 0.9288
4298.3335 0.8784
4299.323 0.8216
4300.3135 0.9635
4301.3037 0.8509
4302.2944 0.8834
4303.285 0.7837
4304.276 0.7741
4305.267 0.9126
4306.259 0.6936
4307.2505 0.8518
4308.242 0.9578
4309.2344 0.8026
4310.2266 0.8794
4311.219 0.7832
4312.212 0.8996
4313.205 0.845
4314.198 0.9291
4315.192 0.7166
4316.1855 0.7837
4317.1797 0.895
4318.174 0.814
4319.168 0.8244
4320.1626 0.7769
4321.1577 0.9407
4322.153 0.9389
4323.148 0.8405
4324.1436 0.9755
4325.1396 0.9212
4326.1353 0.8872
4327.1320000000005 0.757
4328.128 0.7216
4329.125 0.9642
4330.1216 0.9753
4331.119000000001 0.9706
4332.116 0.7341
4333.1140000000005 0.9341
4334.112 0.9092
4335.11 0.8418
4336.1084 0.7462
4337.107 0.8896
4338.1055 0.6395
4339.1045 0.7921
4340.1035 0.6652
4341.103 0.5307
4342.103 0.4979
4343.103 0.405
4344.103 0.7698
4345.1035 0.6525
4346.104 0.6453
4347.105 0.9162
4348.106 0.7307
4349.1074 0.9383
4350.109 0.9991
4351.1104 0.9626
4352.1123 0.8287
4353.1147 0.8234
4354.117 0.9061
4355.1196 0.8354
4356.1226 0.8479
4357.126 0.8083
4358.1294 1.1999
4359.133 1.1335
4360.1367 1.2108
4361.1406 1.0456
4362.145 0.8995
4363.15 1.0226
4364.1543 0.8765
4365.1597 0.9414
4366.1646 0.8822
4367.17 0.9346
4368.1759999999995 0.9785
4369.1816 0.7337
4370.188 0.7865
4371.1943 0.8439
4372.2007 0.8083
4373.208 0.8638
4374.215 0.8752
4375.222 0.9916
4376.2295 0.9066
4377.2373 0.8098
4378.2456 0.8224
4379.254 0.8509
4380.262 0.896
4381.271 0.8261
4382.28 1.1642
4383.289000000001 0.818
4384.2983 0.8522
4385.308 0.7117
4386.318 0.9585
4387.3279999999995 0.7528
4388.3384 0.8629
4389.349 0.9785
4390.36 0.9231
4391.3706 1.122
4392.3823 0.8083
4393.3936 1.0844
4394.4053 0.7824
4395.4175 0.9434
4396.4297 0.7139
4397.442 0.9829
4398.4546 0.7782
4399.4673 0.7604
4400.4805 0.9528
4401.494000000001 0.9333
4402.508 0.9897
4403.5215 0.9027
4404.5356 0.7596
4405.55 0.8514
4406.5645 0.8684
4407.579000000001 0.7573
4408.594 0.9325
4409.6094 0.9715
4410.625 0.874
4411.6406 0.8865
4412.6562 0.8228
4413.6724 0.7397
4414.689 0.9449
4415.7056 0.8941
4416.7227 0.7676
4417.7397 0.8603
4418.7570000000005 0.7811
4419.7744 0.7868
4420.7925 0.842
4421.8105 0.7857
4422.8286 0.8793
4423.847 0.8782
4424.8657 0.9039
4425.885 0.9661
4426.9043 0.8419
4427.9233 0.9066
4428.9434 0.8738
4429.963 0.8974
4430.9834 0.9244
4432.004 1.004
4433.0244 0.8913
4434.045 0.9603
4435.0664 0.9297
4436.0874 0.8755
4437.1094 0.7303
4438.130999999999 0.7934
4439.153 0.8603
4440.1753 0.8852
4441.1978 0.8193
4442.2207 1.0191
4443.2437 0.9381
4444.2666 0.913
4445.29 0.7522
4446.314 0.9622
4447.338 0.9727
4448.362 0.917
4449.3859999999995 0.8479
4450.411 0.8144
4451.4355 0.8587
4452.460999999999 0.92
4453.4863 1.0034
4454.5117 0.9877
4455.5376 1.0404
4456.5635 0.8166
4457.59 0.8502
4458.616 0.9225
4459.643 0.9364
4460.67 1.0707
4461.6973 0.9297
4462.7246 0.9624
4463.7524 0.944
4464.7803 0.8096
4465.8086 0.8459
4466.837 0.9019
4467.8657 0.8633
4468.8945 0.8088
4469.924 0.7847
4470.9529999999995 0.8255
4471.9824 0.8868
4473.0127 1.0296
4474.0425 1.0708
4475.0728 0.9616
4476.1035 1.0253
4477.1343 1.013
4478.165 0.9761
4479.1963 0.879
4480.228 0.9073
4481.26 0.9002
4482.2915 0.916
4483.3237 0.8581
4484.3564 0.8384
4485.389 0.9477
4486.4220000000005 0.9659
4487.455 0.9677
4488.4883 1.0488
4489.522 0.9425
4490.556 1.0568
4491.59 0.8196
4492.6245 0.9107
4493.659000000001 0.9671
4494.694 1.06
4495.729 1.0693
4496.764 0.8778
4497.8 0.9576
4498.8354 1.0159
4499.8716 0.8326
4500.9077 1.1196
4501.9443 0.9418
4502.981 0.8551
4504.018 0.9188
4505.055 1.0703
4506.093 0.9829
4507.1304 0.9501
4508.168 1.0263
4509.2065 0.9687
4510.2446 0.9652
4511.282999999999 0.8976
4512.3223 0.8879
4513.3613 1.1494
4514.401 1.0854
4515.4404 0.9737
4516.48 0.8856
4517.5205 0.8883
4518.5605 0.9903
4519.601 0.9247
4520.642 0.8475
4521.683 0.9092
4522.724 1.0086
4523.7656 0.9654
4524.8076 0.9036
4525.8496 0.981
4526.8916 0.9872
4527.934 0.9493
4528.977 0.9342
4530.02 1.0582
4531.063 0.8567
4532.1064 0.8193
4533.1504 0.7055
4534.1943 0.8034
4535.2383 0.9473
4536.2827 0.8562
4537.327 0.916
4538.372 0.8824
4539.4175 0.9215
4540.463 0.84
4541.5083 1.0452
4542.554 0.9667
4543.6 1.0012
4544.6465 1.0004
4545.693 1.0277
4546.7397 0.832
4547.787 1.0517
4548.8345 1.0178
4549.8820000000005 0.7685
4550.9297 0.7336
4551.9775 0.8053
4553.026 0.9418
4554.0740000000005 0.8603
4555.123 0.9677
4556.1720000000005 0.776
4557.221 0.9536
4558.2705 0.8429
4559.3203 0.8645
4560.37 0.9854
4561.4204 0.931
4562.4707 0.9328
4563.5215 0.8562
4564.5728 0.9377
4565.6235 0.7832
4566.6753 0.9046
4567.7266 0.901
4568.779 0.8661
4569.8306 0.9278
4570.8833 0.9339
4571.9355 0.9948
4572.9883 0.9989
4574.0415 0.9935
4575.0947 0.9609
4576.1484 0.956
4577.202 0.9274
4578.2563 0.9512
4579.3105 1.115
4580.365 0.9274
4581.42 0.8966
4582.475 0.9
4583.5303 1.0232
4584.585999999999 0.9449
4585.6416 1.0111
4586.6978 0.9764
4587.754 1.0278
4588.8105 0.8862
4589.867 0.9443
4590.9243 0.876
4591.9814 0.856
4593.0386 0.8079
4594.0967 1.1102
4595.1543 0.9883
4596.2124 0.906
4597.271 0.8734
4598.3296 0.8737
4599.3887 0.9357
4600.4478 0.9394
4601.5073 0.9205
4602.567 0.6837
4603.627 0.9513
4604.687 0.8618
4605.7476 1.0784
4606.808 0.8437
4607.8687 0.9252
4608.93 0.9466
4609.991 1.0019
4611.0527 0.8866
4612.1147 1.0491
4613.177 0.9355
4614.2393 1.0615
4615.302 0.914
4616.3647 0.9156
4617.4277 0.8417
4618.491 0.87
4619.5547 1.0222
4620.6187 0.9673
4621.6826 0.9696
4622.747 1.0093
4623.8115 1.0495
4624.876 1.029
4625.9414 0.9586
4627.0063 1.0112
4628.0723 1.0311
4629.1377 1.0277
4630.2036 0.9143
4631.27 0.8561
4632.3364 0.9131
4633.4033 0.9082
4634.47 0.9458
4635.5376 0.89
4636.605 0.9621
4637.673 0.8068
4638.7407 0.8781
4639.809 0.9431
4640.8774 0.7853
4641.9463 0.8847
4643.015 1.0462
4644.0845 0.8321
4645.154 0.9923
4646.2236 0.9397
4647.2935 0.9709
4648.3640000000005 1.0324
4649.434 0.9285
4650.505 1.003
4651.5757 0.9979
4652.647 0.923
4653.7188 0.8697
4654.79 0.9526
4655.8623 0.841
4656.934 1.0118
4658.0070000000005 0.9468
4659.0796 0.9665
4660.1523 0.8614
4661.2256 1.1236
4662.299 1.0099
4663.3726 0.9562
4664.4463 0.9742
4665.5205 0.9723
4666.595 1.0691
4667.6694 0.8911
4668.7446 0.9815
4669.82 1.002
4670.895 0.9166
4671.9707 0.9067
4673.0464 0.9071
4674.1226 0.9437
4675.1990000000005 0.9464
4676.276 0.9887
4677.3525 0.9902
4678.4297 0.9957
4679.5073 1.0229
4680.585 0.8967
4681.6626 0.8856
4682.7407 0.8646
4683.819 0.9193
4684.8975 1.0017
4685.9766 0.9494
4687.0557 1.0631
4688.1353 0.8851
4689.215 0.9463
4690.2944 0.9365
4691.3745 0.9534
4692.455 1.0357
4693.5356 0.9643
4694.616 0.9433
4695.6973 0.9359
4696.779 0.9345
4697.8604 0.9211
4698.9424 0.9777
4700.0244 0.9612
4701.107 0.9598
4702.1895 0.8846
4703.272 0.9346
4704.3555 0.8605
4705.4385 0.9758
4706.522 0.8898
4707.606 0.9739
4708.69 1.0551
4709.7744 0.9914
4710.859 0.9632
4711.944 0.8897
4713.029 0.9371
4714.1143 1.0575
4715.1997 0.8366
4716.2856 0.8013
4717.372 0.8259
4718.458 1.0187
4719.545 1.0025
4720.6320000000005 0.9398
4721.7188 0.9572
4722.806 1.03
4723.8936 0.9107
4724.9814 0.8818
4726.07 0.9175
4727.1577 1.0369
4728.2466 0.953
4729.3354 0.8583
4730.4243 0.9033
4731.5137 0.8622
4732.6035 0.9753
4733.6934 0.9755
4734.782999999999 1.0167
4735.8735 0.9025
4736.9644 0.881
4738.055 0.9715
4739.1465 1.0138
4740.238 0.9846
4741.329000000001 0.9281
4742.420999999999 0.9651
4743.513 0.8906
4744.6055 0.8531
4745.698 0.9516
4746.791 1.034
4747.8843 0.9234
4748.9775 0.9687
4750.0713 0.8707
4751.165 0.8755
4752.2593 1.0039
4753.3535 0.8837
4754.448 1.0362
4755.543 0.984
4756.638 0.8267
4757.7334 1.0337
4758.829000000001 0.9974
4759.925 0.9383
4761.021 0.9354
4762.1177 0.8363
4763.2144 0.883
4764.311 1.065
4765.407999999999 0.9616
4766.505999999999 0.941
4767.6035 0.9685
4768.701 0.9137
4769.7993 0.915
4770.898 0.8936
4771.9966 0.9176
4773.095 0.8978
4774.1943 0.8573
4775.294 0.9414
4776.3936 0.9123
4777.4937 0.8645
4778.5938 0.961
4779.6943 0.9217
4780.795 0.8462
4781.896 0.9225
4782.997 0.9526
4784.0986 0.8867
4785.2 0.8445
4786.3022 0.9174
4787.4043 1.0032
4788.5070000000005 0.9643
4789.6094 0.9914
4790.7124 1.057
4791.816 1.0155
4792.9194 0.9509
4794.023 0.8601
4795.127 0.9699
4796.2314 1.0603
4797.335999999999 0.9365
4798.4404 0.92
4799.5454 0.8885
4800.651 0.9875
4801.7563 0.8507
4802.862 1.1071
4803.9683 0.9677
4805.0740000000005 1.0584
4806.1807 1.0602
4807.2876 1.0693
4808.3945 0.8853
4809.502 1.0576
4810.6094 0.9835
4811.7173 0.891
4812.8257 0.9561
4813.9336 1.0254
4815.0425 0.9407
4816.1514 1.0667
4817.2603 0.9677
4818.3696 0.9373
4819.479 0.9446
4820.589 0.9384
4821.6990000000005 0.9175
4822.8096 0.921
4823.92 1.0224
4825.0312 0.9307
4826.142 0.8846
4827.2534 0.8807
4828.365 1.0444
4829.477 0.9673
4830.5894 0.8837
4831.7017 0.9089
4832.8145 0.9258
4833.9272 0.9973
4835.0405 0.9946
4836.154 0.9554
4837.2676 0.8742
4838.3813 0.8206
4839.4956 0.9106
4840.6104 0.9241
4841.725 0.9458
4842.84 0.9914
4843.955 0.9483
4845.071 0.9157
4846.1865 0.8716
4847.3022 0.8966
4848.4185 0.87
4849.535 0.8754
4850.652 0.9419
4851.769 0.9239
4852.8859999999995 0.9076
4854.004 0.8804
4855.1216 0.9408
4856.2397 0.8294
4857.358 0.7968
4858.4766 0.88
4859.595 0.8119
4860.7144 0.7797
4861.834 0.6793
4862.9536 0.5795
4864.073 0.5717
4865.1934 0.6792
4866.314 0.7461
4867.4346 0.8469
4868.555 0.8704
4869.6763 0.7946
4870.798 0.925
4871.9194 0.7239
4873.0415 0.8442
4874.1636 0.8871
4875.286 0.9544
4876.4087 0.9676
4877.5317 0.8508
4878.6553 0.8413
4879.7783 0.9058
4880.9023 0.9045
4882.0264 0.9468
4883.1504 0.9908
4884.275 0.8828
4885.4 0.8681
4886.525 0.9308
4887.65 0.9213
4888.776 0.9418
4889.9014 0.922
4891.0273 0.836
4892.154 0.8585
4893.2803 0.9311
4894.407 0.8622
4895.5347 0.8886
4896.6616 1.0427
4897.7896 0.9487
4898.9175 0.8922
4900.0454 0.8827
4901.174 0.9519
4902.3027 0.9601
4903.4316 0.9314
4904.5605 0.8345
4905.69 1.0109
4906.82 0.9832
4907.9497 0.9481
4909.08 0.9492
4910.2104 0.8635
4911.3413 0.9285
4912.472 0.9291
4913.6035 0.9681
4914.735 0.9107
4915.8667 0.9673
4916.999 0.969
4918.1313 0.9959
4919.2637 0.9594
4920.3965 0.8439
4921.53 0.8694
4922.663 0.9428
4923.7970000000005 0.9861
4924.9307 0.7798
4926.0645 0.8244
4927.1990000000005 0.8677
4928.334 1.0115
4929.4688 0.9485
4930.604 1.0758
4931.7393 0.8862
4932.875 1.0008
4934.0107 0.9795
4935.147 0.7725
4936.2837 0.8508
4937.4204 0.9189
4938.5576 0.9474
4939.695 0.8816
4940.8325 0.9519
4941.97 0.9906
4943.108 0.9346
4944.2466 0.9283
4945.3853 0.9031
4946.524 1.0018
4947.663 1.073
4948.8022 0.957
4949.942 1.0
