3911.1108 1.0
3912.0115 0.8294
3912.9124 1.0856
3913.8135 0.8106
3914.7146 0.8394
3915.6162 0.9671
3916.5178 0.8762
3917.4197 0.8102
3918.3218 0.8333
3919.224 0.776
3920.1267 0.7955
3921.0295 0.7543
3921.9324 0.6674
3922.8357 0.7681
3923.739 0.7897
3924.6426 0.8948
3925.5464 0.8791
3926.4504 0.8346
3927.3545 0.7688
3928.259 0.793
3929.1636 0.8742
3930.0684 0.8158
3930.9734 0.6614
3931.8787 0.5863
3932.7842 0.4167
3933.6897 0.4063
3934.5957 0.4598
3935.5017 0.5951
3936.408 0.7643
3937.3145 0.8649
3938.2212 0.8921
3939.1282 0.8494
3940.0354 0.8768
3940.9426 0.9812
3941.85 0.9345
3942.7578 0.8751
3943.6658 0.9036
3944.574 0.8112
3945.4824 1.0096
3946.3909999999996 0.8723
3947.2998 0.8814
3948.2087 0.9594
3949.118 0.7317
3950.0273 0.8738
3950.937 0.8701
3951.847 0.9352
3952.7568 0.9827
3953.6672 0.9475
3954.5776 0.9081
3955.4883 0.8114
3956.3992 0.7488
3957.3103 0.8719
3958.2217 0.9058
3959.1333 0.9366
3960.045 0.6389
3960.9568 0.7272
3961.869 0.6066
3962.7812 0.8553
3963.6938 0.7404
3964.6067 0.6257
3965.5198 0.6657
3966.4329 0.4455
3967.3462 0.4129
3968.26 0.1785
3969.1738 0.3034
3970.0879999999997 0.2042
3971.002 0.4521
3971.9165 0.5274
3972.8313 0.4778
3973.7459999999996 0.6469
3974.6611 0.6921
3975.5764 0.637
3976.492 0.7854
3977.4077 0.84
3978.3237 0.7368
3979.2397 0.7567
3980.1562 0.7976
3981.0728 0.8512
3981.9895 0.7526
3982.9065 0.7795
3983.8237 0.8454
3984.7412 0.931
3985.6587 0.9614
3986.5767 0.9928
3987.4946 0.9613
3988.4128 0.8925
3989.3313 0.8636
3990.25 0.8446
3991.1690000000003 0.8829
3992.0881 0.9393
3993.0073 1.0266
3993.927 1.0173
3994.8467 0.9776
3995.7666 0.9772
3996.6868 0.8781
3997.6072 1.0075
3998.5278 1.0245
3999.4485 0.966
4000.3696 1.0102
4001.2908 0.9696
4002.2122 0.9049
4003.1338 0.9525
4004.0557 0.9392
4004.9778 0.9135
4005.9001 0.93
4006.8225 0.8709
4007.7454 0.9181
4008.6682 0.861
4009.5913 0.9166
4010.5146 0.8385
4011.4382 0.9069
4012.362 0.9877
4013.2861 0.993
4014.2102 0.8475
4015.1345 1.0293
4016.0593 0.9561
4016.9841 0.9721
4017.9092 0.9533
4018.8345 1.0031
4019.7598 0.9989
4020.6855 0.9568
4021.6116 0.9594
4022.5376 1.0075
4023.4639 0.9657
4024.3904 0.9395
4025.3171 0.9329
4026.2441 0.9402
4027.1714 0.992
4028.0989 0.9834
4029.0264 0.884
4029.954 1.0044
4030.8823 0.9183
4031.8105 0.9817
4032.739 1.0321
4033.6677 0.9522
4034.5964 1.0713
4035.5256 0.8556
4036.455 0.8927
4037.3845 0.964
4038.3142 0.9799
4039.2441 1.0212
4040.1743 0.9615
4041.1047 0.9331
4042.0354 0.9848
4042.9663 0.9791
4043.8972 0.9322
4044.8286 0.9696
4045.76 0.9633
4046.6917 0.9455
4047.6235 0.9948
4048.5557 0.9594
4049.488 1.011
4050.4204 1.0569
4051.3533 0.9828
4052.2861 0.9639
4053.2195 0.8951
4054.1528 1.0365
4055.0864 1.051
4056.0203 0.96
4056.9543 0.8798
4057.8884 0.9491
4058.823 0.9133
4059.7576 0.9884
4060.6926 1.0126
4061.6277 0.9877
4062.563 0.9487
4063.4985 0.8639
4064.4343 0.9483
4065.3704 0.8957
4066.3064 0.9062
4067.243 1.0166
4068.1794 0.9977
4069.1165 0.9617
4070.0535 0.9954
4070.9907 0.8936
4071.9282 0.9861
4072.866 0.8757
4073.8037 0.9637
4074.742 0.9674
4075.6804 0.9107
4076.619 0.9098
4077.5576 0.8383
4078.4966 0.952
4079.4358 0.8368
4080.3752 0.9573
4081.315 0.9695
4082.255 1.0249
4083.1948 0.9314
4084.1353 0.9718
4085.0757 0.9625
4086.0164 0.9515
4086.9575 0.869
4087.8987 0.8952
4088.8398 0.9113
4089.7815 0.8914
4090.7234 0.9367
4091.6653 0.9191
4092.6077 0.8572
4093.55 0.837
4094.4927 0.8168
4095.4358 0.6694
4096.379 0.7135
4097.3223 0.676
4098.2656 0.6004
4099.2095 0.5994
4100.1533 0.5249
4101.0977 0.3952
4102.042 0.4056
4102.987 0.5399
4103.9316 0.5782
4104.8765 0.6905
4105.822 0.708
4106.7676 0.8105
4107.7134 0.7853
4108.659000000001 0.8242
4109.6055 0.8217
4110.552 0.8943
4111.498 0.8915
4112.4453 0.8554
4113.392 0.9184
4114.3394 0.9244
4115.2866 0.8337
4116.2344 0.9221
4117.1826 0.8725
4118.1304 0.8698
4120.976 0.9041
4121.9253 0.9608
4122.8745 0.9499
4123.8237 0.9871
4124.7734 1.0034
4125.7236 1.0057
4126.6733 0.887
4127.624 0.9168
4128.5740000000005 0.9201
4129.525 1.0282
4130.476 1.0129
4131.4272 0.9391
4132.379 0.8806
4133.33 0.9677
4134.282 0.9354
4135.2344 0.9402
4136.1865 0.9749
4137.139 1.0126
4138.092000000001 1.0256
4139.0444 0.9897
4139.998 0.9341
4140.951 0.9507
4141.905 0.996
4142.8584 0.9408
4143.8125 0.9415
4144.767 0.8613
4145.721 0.9864
4146.6763 0.9776
4147.630999999999 0.9684
4148.585999999999 0.9746
4149.5415 0.9424
4150.497 1.1355
4151.4526 0.9701
4152.4087 1.0218
4153.365 0.9839
4154.322 1.0016
4155.2783 1.0011
4156.2354 1.0019
4157.1924 0.9672
4158.1494 1.026
4159.107 0.9904
4160.065 0.93
4161.023 0.9725
4161.981 0.9786
4162.9395 0.9629
4163.8984 0.9798
4164.857 0.948
4165.8164 1.0451
4166.7754 1.025
4167.7354 0.882
4168.695 0.993
4169.655 1.0367
4170.615 1.0062
4171.5757 1.002
4172.536 0.8998
4173.497 0.9359
4174.458 0.985
4175.4194 1.0506
4176.380999999999 0.9869
4177.343 0.8665
4178.3047 0.9173
4179.267 0.9246
4180.2295 0.8966
4181.192 0.9613
4182.155 0.9326
4183.1179999999995 0.9912
4184.081 0.9566
4185.045 1.0243
4186.009 0.8673
4186.9727 0.9332
4187.9365 0.8996
4188.9014 0.8862
4189.8657 0.9462
4190.8306 0.9118
4191.795999999999 0.9687
4192.7609999999995 0.9981
4193.7266 0.9823
4194.6924 1.1393
4195.657999999999 0.8723
4196.6245 0.9848
4197.590999999999 0.9645
4198.5576 0.8962
4199.5244 0.9265
4200.4917 0.8735
4201.459 0.879
4202.4263 1.0043
4203.394 0.9959
4204.3623 0.9572
4205.33 0.9587
4206.299 0.9768
4207.2676 1.0002
4208.2363 0.9499
4209.2056 0.9324
4210.175 1.0164
4211.144 0.9454
4212.1140000000005 0.9612
4213.084 0.9999
4214.054 0.9298
4215.0244 0.9547
4215.995 0.9538
4216.9663 0.9749
4217.937 1.008
4218.9087 1.0012
4219.88 1.0248
4220.852 0.9369
4221.8237 0.9405
4222.795999999999 1.011
4223.7686 0.9734
4224.741 0.9095
4225.714 0.8451
4226.687 0.8763
4227.6606 0.9011
4228.6343 0.8899
4229.608 0.9819
4230.582 1.0125
4231.556 0.9698
4232.531 0.9097
4233.5054 0.8983
4234.4805 0.9362
4235.4556 0.9569
4236.4307 0.9368
4237.4062 0.9798
4238.3823 0.9319
4239.3584 1.0468
4240.3345 0.9924
4241.311 1.0254
4242.2876 1.0818
4243.2646 0.9312
4244.2417 1.0094
4245.219 1.028
4246.197 0.9049
4247.175 0.8961
4248.153 0.9092
4249.130999999999 0.8431
4250.1094 0.9171
4251.0884 0.8997
4252.067 1.025
4253.0464 1.0255
4254.026 0.9791
4255.0054 0.9407
4255.9854 0.9752
4256.9653 0.9258
4257.946 0.9695
4258.9263 0.8614
4259.9067 0.9401
4260.8877 0.9972
4261.869000000001 0.9725
4262.8506 1.0003
4263.832 1.0255
4264.814 0.971
4265.7964 0.9767
4266.779 1.0085
4267.7609999999995 0.9872
4268.744000000001 1.046
4269.727 0.9368
4270.7104 0.836
4271.694 0.842
4272.6772 0.8952
4273.6616 0.9056
4274.6455 0.9294
4275.63 0.9356
4276.6147 0.9632
4277.5996 0.9564
4278.5845 1.0186
4279.57 1.0094
4280.555 1.021
4281.541 1.018
4282.527 0.9793
4283.513 0.9421
4284.4995 0.9517
4285.4863 0.9694
4286.473 0.8956
4287.4604 0.9405
4288.4478 0.9099
4289.435 0.9117
4290.423 0.9399
4291.411 1.0245
4292.3994 0.9684
4293.3877 0.9349
4294.3765 1.0159
4295.365 0.878
4296.3545 0.9986
4297.3438 0.951
4298.3335 0.9103
4299.323 0.9262
4300.3135 0.8924
4301.3037 0.9142
4302.2944 0.8133
4303.285 0.9762
4304.276 0.9238
4305.267 0.9973
4306.259 0.9245
4307.2505 0.9304
4308.242 0.8476
4309.2344 0.988
4310.2266 0.9438
4311.219 1.0546
4312.212 0.9327
4313.205 0.9151
4314.198 0.8988
4315.192 0.8968
4316.1855 0.9737
4317.1797 0.8974
4318.174 0.9585
4319.168 0.9221
4320.1626 0.9812
4321.1577 0.9822
4322.153 1.0441
4323.148 0.9857
4324.1436 0.9122
4325.1396 0.8403
4326.1353 0.8793
4327.1320000000005 0.9116
4328.128 0.8351
4329.125 0.8474
4330.1216 0.912
4331.119000000001 0.7956
4332.116 0.8595
4333.1140000000005 0.8059
4334.112 0.78
4335.11 0.7984
4336.1084 0.7446
4337.107 0.6266
4338.1055 0.569
4339.1045 0.5002
4340.1035 0.4543
4341.103 0.4528
4342.103 0.5372
4343.103 0.6844
4344.103 0.697
4345.1035 0.7189
4346.104 0.769
4347.105 0.799
4348.106 0.8788
4349.1074 0.9925
4350.109 0.9117
4351.1104 0.8326
4352.1123 0.8423
4353.1147 0.8369
4354.117 0.8752
4355.1196 0.9031
4356.1226 0.9516
4357.126 0.924
4358.1294 1.0588
4359.133 0.9904
4360.1367 0.9256
4361.1406 0.9742
4362.145 1.0973
4363.15 0.9941
4364.1543 1.0113
4365.1597 0.8878
4366.1646 1.066
4367.17 0.9077
4368.1759999999995 0.9853
4369.1816 0.9924
4370.188 0.932
4371.1943 1.0381
4372.2007 1.0003
4373.208 0.9798
4374.215 0.8962
4375.222 0.8943
4376.2295 0.9676
4377.2373 0.9675
4378.2456 1.0725
4379.254 1.0825
4380.262 0.9854
4381.271 0.9869
4382.28 0.9844
4383.289000000001 1.0132
4384.2983 0.9088
4385.308 0.9637
4386.318 0.9907
4387.3279999999995 0.8599
4388.3384 0.935
4389.349 0.9358
4390.36 0.9474
4391.3706 1.0689
4392.3823 1.0006
4393.3936 0.9671
4394.4053 0.9578
4395.4175 0.9117
4396.4297 0.9627
4397.442 1.0843
4398.4546 1.0834
4399.4673 0.977
4400.4805 0.9278
4401.494000000001 0.9684
4402.508 0.9833
4403.5215 0.9455
4404.5356 0.9774
4405.55 1.0222
4406.5645 0.965
4407.579000000001 0.8941
4408.594 0.9384
4409.6094 0.9403
4410.625 0.9865
4411.6406 0.9793
4412.6562 0.9274
4413.6724 0.9348
4414.689 0.8739
4415.7056 0.9254
4416.7227 0.8634
4417.7397 0.911
4418.7570000000005 0.8971
4419.7744 0.9942
4420.7925 0.9934
4421.8105 0.9587
4422.8286 0.9469
4423.847 0.9035
4424.8657 0.9517
4425.885 0.9366
4426.9043 0.999
4427.9233 0.9547
4428.9434 1.0431
4429.963 0.9484
4430.9834 0.9894
4432.004 1.0721
4433.0244 0.9525
4434.045 1.0024
4435.0664 0.9718
4436.0874 0.9665
4437.1094 0.9831
4438.130999999999 0.95
4439.153 0.9751
4440.1753 1.017
4441.1978 0.9126
4442.2207 0.9111
4443.2437 0.8754
4444.2666 0.9195
4445.29 0.9151
4446.314 0.9687
4447.338 0.9249
4448.362 0.9892
4449.3859999999995 1.0236
4450.411 0.9409
4451.4355 0.968
4452.460999999999 0.9085
4453.4863 0.994
4454.5117 0.9973
4455.5376 0.9407
4456.5635 0.9731
4457.59 0.9365
4458.616 0.843
4459.643 0.9371
4460.67 1.0335
4461.6973 0.9709
4462.7246 0.9695
4463.7524 1.0004
4464.7803 0.9877
4465.8086 0.9218
4466.837 0.9072
4467.8657 0.92
4468.8945 0.9396
4469.924 0.9409
4470.9529999999995 0.9194
4471.9824 0.9887
4473.0127 0.9918
4474.0425 0.9802
4475.0728 0.9328
4476.1035 0.9324
4477.1343 0.9697
4478.165 0.9368
4479.1963 0.909
4480.228 0.8899
4481.26 0.9032
4482.2915 0.9862
4483.3237 0.9382
4484.3564 1.0138
4485.389 0.9841
4486.4220000000005 1.0297
4487.455 0.9837
4488.4883 0.9651
4489.522 0.9162
4490.556 0.924
4491.59 0.9694
4492.6245 0.9515
4493.659000000001 0.9567
4494.694 0.9709
4495.729 1.0179
4496.764 0.9888
4497.8 0.9303
4498.8354 0.9266
4499.8716 0.896
4500.9077 0.9072
4501.9443 0.9691
4502.981 0.8761
4504.018 0.9546
4505.055 1.051
4506.093 0.9314
4507.1304 0.972
4508.168 0.9395
4509.2065 0.9548
4510.2446 0.9743
4511.282999999999 1.0057
4512.3223 1.0048
4513.3613 1.0417
4514.401 0.9857
4515.4404 0.9416
4516.48 0.9509
4517.5205 0.9302
4518.5605 0.9241
4519.601 0.9956
4520.642 1.01
4521.683 0.9807
4522.724 0.976
4523.7656 0.9653
4524.8076 0.9703
4525.8496 1.0011
4526.8916 0.9688
4527.934 0.8482
4528.977 0.9573
4530.02 0.9822
4531.063 0.954
4532.1064 0.9733
4533.1504 0.9196
4534.1943 0.8624
4535.2383 0.9394
4536.2827 0.9525
4537.327 0.9656
4538.372 0.9356
4539.4175 0.9413
4540.463 0.9507
4541.5083 0.9705
4542.554 1.0756
4543.6 0.9476
4544.6465 0.9517
4545.693 0.9225
4546.7397 0.9904
4547.787 0.9079
4548.8345 0.9677
4549.8820000000005 0.8659
4550.9297 0.9673
4551.9775 1.0077
4553.026 0.9222
4554.0740000000005 0.9461
4555.123 0.8689
4556.1720000000005 0.9545
4557.221 0.9744
4558.2705 1.003
4559.3203 0.9709
4560.37 0.9908
4561.4204 1.0045
4562.4707 0.9194
4563.5215 0.9337
4564.5728 0.9418
4565.6235 0.9016
4566.6753 0.9855
4567.7266 0.9245
4568.779 1.0153
4569.8306 0.9788
4570.8833 0.945
4571.9355 0.8771
4572.9883 0.9303
4574.0415 0.9778
4575.0947 0.9502
4576.1484 0.9652
4577.202 0.9905
4578.2563 0.9648
4579.3105 0.9605
4580.365 0.9882
4581.42 0.9657
4582.475 0.8876
4583.5303 0.8987
4584.585999999999 0.9504
4585.6416 0.9758
4586.6978 0.9656
4587.754 0.9448
4588.8105 0.9597
4589.867 0.9036
4590.9243 1.0071
4591.9814 1.0089
4593.0386 0.9703
4594.0967 0.968
4595.1543 1.0276
4596.2124 0.984
4597.271 0.976
4598.3296 0.9755
4599.3887 1.012
4600.4478 0.955
4601.5073 0.9129
4602.567 1.0004
4603.627 0.9734
4604.687 0.9022
4605.7476 1.0484
4606.808 0.9331
4607.8687 1.0059
4608.93 0.951
4609.991 0.9223
4611.0527 0.9155
4612.1147 0.9078
4613.177 0.9726
4614.2393 0.9488
4615.302 0.9494
4616.3647 0.8734
4617.4277 1.0208
4618.491 0.9356
4619.5547 0.9784
4620.6187 0.9264
4621.6826 0.996
4622.747 0.9973
4623.8115 0.9573
4624.876 0.9934
4625.9414 1.0017
4627.0063 0.9477
4628.0723 0.9922
4629.1377 0.971
4630.2036 0.9154
4631.27 0.9727
4632.3364 0.9737
4633.4033 0.9773
4634.47 0.8895
4635.5376 0.9449
4636.605 0.982
4637.673 1.0156
4638.7407 1.0638
4639.809 1.041
4640.8774 0.9997
4641.9463 0.9784
4643.015 0.9628
4644.0845 0.9976
4645.154 0.9405
4646.2236 0.926
4647.2935 0.9375
4648.3640000000005 0.9082
4649.434 0.9884
4650.505 0.9735
4651.5757 1.0207
4652.647 1.0116
4653.7188 0.948
4654.79 0.9855
4655.8623 0.9823
4656.934 0.957
4658.0070000000005 0.9511
4659.0796 1.0573
4660.1523 0.9623
4661.2256 0.9938
4662.299 1.0206
4663.3726 0.969
4664.4463 0.9162
4665.5205 1.0066
4666.595 0.9207
4667.6694 0.9949
4668.7446 0.9393
4669.82 0.9213
4670.895 0.9406
4671.9707 1.0197
4673.0464 0.9664
4674.1226 0.9976
4675.1990000000005 0.9753
4676.276 0.9687
4677.3525 1.0139
4678.4297 0.9378
4679.5073 1.0037
4680.585 0.9688
4681.6626 0.9599
4682.7407 0.9359
4683.819 1.0343
4684.8975 0.9862
4685.9766 1.0579
4687.0557 0.9719
4688.1353 0.9689
4689.215 1.0158
4690.2944 0.979
4691.3745 0.9739
4692.455 0.9638
4693.5356 0.989
4694.616 1.005
4695.6973 0.9563
4696.779 0.9924
4697.8604 0.965
4698.9424 0.9488
4700.0244 0.9594
4701.107 0.9443
4702.1895 0.9714
4703.272 0.9562
4704.3555 0.8937
4705.4385 0.9961
4706.522 0.9524
4707.606 0.9213
4708.69 0.9882
4709.7744 1.0139
4710.859 1.0191
4711.944 0.9704
4713.029 0.9458
4714.1143 0.9207
4715.1997 1.0348
4716.2856 0.9525
4717.372 0.9351
4718.458 1.0215
4719.545 1.0191
4720.6320000000005 1.0385
4721.7188 1.0187
4722.806 0.9757
4723.8936 0.9485
4724.9814 1.0471
4726.07 0.9388
4727.1577 0.9354
4728.2466 0.9897
4729.3354 0.916
4730.4243 1.0308
4731.5137 0.9897
4732.6035 0.9685
4733.6934 0.9999
4734.782999999999 0.9742
4735.8735 0.9391
4736.9644 0.9035
4738.055 0.9511
4739.1465 0.9135
4740.238 0.9675
4741.329000000001 1.0033
4742.420999999999 1.0235
4743.513 0.9645
4744.6055 0.9643
4745.698 1.0018
4746.791 0.9836
4747.8843 0.9607
4748.9775 0.9575
4750.0713 0.9178
4751.165 1.0131
4752.2593 0.9797
4753.3535 0.9918
4754.448 1.0045
4755.543 0.9922
4756.638 0.9752
4757.7334 0.9816
4758.829000000001 0.9774
4759.925 1.0511
4761.021 0.9592
4762.1177 0.9597
4763.2144 0.9291
4764.311 0.9576
4765.407999999999 1.0157
4766.505999999999 1.0339
4767.6035 0.9791
4768.701 0.9881
4769.7993 0.965
4770.898 0.9369
4771.9966 0.9741
4773.095 0.8991
4774.1943 0.963
4775.294 0.9994
4776.3936 0.9592
4777.4937 1.0182
4778.5938 0.9618
4779.6943 1.0296
4780.795 0.9599
4781.896 0.9767
4782.997 0.9705
4784.0986 1.0097
4785.2 1.02
4786.3022 0.9564
4787.4043 0.9484
4788.5070000000005 1.0306
4789.6094 1.0152
4790.7124 0.9846
4791.816 0.9595
4792.9194 0.9493
4794.023 0.9776
4795.127 0.9529
4796.2314 1.0337
4797.335999999999 0.9604
4798.4404 0.9594
4799.5454 1.0218
4800.651 0.9547
4801.7563 1.016
4802.862 1.0427
4803.9683 1.0009
4805.0740000000005 0.9897
4806.1807 1.03
4807.2876 0.9775
4808.3945 0.9225
4809.502 0.9559
4810.6094 0.9588
4811.7173 0.9641
4812.8257 1.009
4813.9336 0.9873
4815.0425 0.9255
4816.1514 0.9385
4817.2603 0.9712
4818.3696 1.0264
4819.479 0.9701
4820.589 0.9177
4821.6990000000005 0.9572
4822.8096 0.9041
4823.92 1.0018
4825.0312 0.9883
4826.142 0.9949
4827.2534 0.9458
4828.365 0.9408
4829.477 0.9409
4830.5894 0.9606
4831.7017 0.9712
4832.8145 0.9394
4833.9272 0.9145
4835.0405 0.9562
4836.154 0.9469
4837.2676 0.9196
4838.3813 0.9345
4839.4956 0.9193
4840.6104 0.9359
4841.725 0.8774
4842.84 0.884
4843.955 0.9741
4845.071 0.9122
4846.1865 0.9479
4847.3022 0.905
4848.4185 0.9181
4849.535 0.8477
4850.652 0.9117
4851.769 0.8843
4852.8859999999995 0.8084
4854.004 0.8999
4855.1216 0.7743
4856.2397 0.7482
4857.358 0.7242
4858.4766 0.6997
4859.595 0.5527
4860.7144 0.4524
4861.834 0.4897
4862.9536 0.6527
4864.073 0.7835
4865.1934 0.6833
4866.314 0.7509
4867.4346 0.8217
4868.555 0.8732
4869.6763 0.8683
4870.798 0.8482
4871.9194 0.9178
4873.0415 0.8509
4874.1636 0.8888
4875.286 0.8881
4876.4087 0.8593
4877.5317 0.8449
4878.6553 0.893
4879.7783 0.9423
4880.9023 0.9988
4882.0264 0.9543
4883.1504 0.9773
4884.275 0.9186
4885.4 0.9897
4886.525 0.979
4887.65 0.9286
4888.776 0.9541
4889.9014 0.9342
4891.0273 0.9224
4892.154 0.9601
4893.2803 1.0036
4894.407 0.9722
4895.5347 1.0165
4896.6616 0.971
4897.7896 0.9542
4898.9175 0.923
4900.0454 0.9616
4901.174 1.0389
4902.3027 0.9622
4903.4316 0.9673
4904.5605 0.9854
4905.69 0.929
4906.82 0.9832
4907.9497 1.0002
4909.08 0.9667
4910.2104 0.9598
4911.3413 0.9304
4912.472 0.9665
4913.6035 0.9924
4914.735 0.9902
4915.8667 1.0159
4916.999 0.9755
4918.1313 0.9686
4919.2637 0.9062
4920.3965 0.945
4921.53 0.9556
4922.663 0.9517
4923.7970000000005 0.9514
4924.9307 0.9217
4926.0645 0.9075
4927.1990000000005 0.9783
4928.334 0.926
4929.4688 1.0443
4930.604 0.9551
4931.7393 0.9782
4932.875 0.9402
4934.0107 0.8482
4935.147 0.9855
4936.2837 0.9832
4937.4204 0.97
4938.5576 0.9973
4939.695 1.021
4940.8325 0.9666
4941.97 0.9737
4943.108 0.9237
4944.2466 1.0068
4945.3853 0.9807
4946.524 1.0129
4947.663 0.9976
4948.8022 0.9963
4949.942 1.0
