3911.1108 1.0
3912.0115 0.9915
3912.9124 0.9476
3913.8135 0.8833
3914.7146 0.9702
3915.6162 1.0133
3916.5178 0.9762
3917.4197 0.9219
3918.3218 0.8775
3919.224 0.9339
3920.1267 0.9306
3921.0295 0.9199
3921.9324 0.9642
3922.8357 0.9418
3923.739 0.9394
3924.6426 0.9969
3925.5464 1.0359
3926.4504 0.9387
3927.3545 0.9156
3928.259 0.8893
3929.1636 0.8394
3930.0684 0.7719
3930.9734 0.7193
3931.8787 0.6067
3932.7842 0.494
3933.6897 0.321
3934.5957 0.3257
3935.5017 0.4286
3936.408 0.5703
3937.3145 0.7354
3938.2212 0.8327
3939.1282 0.9003
3940.0354 0.9437
3940.9426 0.9809
3941.85 0.9724
3942.7578 0.9987
3943.6658 0.8984
3944.574 0.959
3945.4824 0.9481
3946.3909999999996 1.0242
3947.2998 0.9631
3948.2087 0.9045
3949.118 0.9999
3950.0273 0.8901
3950.937 0.9194
3951.847 1.0126
3952.7568 0.9131
3953.6672 1.0288
3954.5776 0.9764
3955.4883 0.9888
3956.3992 0.9673
3957.3103 0.8595
3958.2217 0.8608
3959.1333 0.9542
3960.045 0.8511
3960.9568 0.8947
3961.869 0.9386
3962.7812 0.8412
3963.6938 0.8187
3964.6067 0.8132
3965.5198 0.7572
3966.4329 0.6563
3967.3462 0.5202
3968.26 0.3116
3969.1738 0.2764
3970.0879999999997 0.3125
3971.002 0.4168
3971.9165 0.5686
3972.8313 0.5846
3973.7459999999996 0.6698
3974.6611 0.7565
3975.5764 0.7971
3976.492 0.8121
3977.4077 0.8162
3978.3237 0.8705
3979.2397 0.8738
3980.1562 0.9042
3981.0728 0.9111
3981.9895 0.8667
3982.9065 0.8865
3983.8237 0.8949
3984.7412 0.9431
3985.6587 0.9634
3986.5767 0.9337
3987.4946 0.9666
3988.4128 0.979
3989.3313 0.9487
3990.25 0.9555
3991.1690000000003 0.9683
3992.0881 0.9699
3993.0073 0.9492
3993.927 0.9257
3994.8467 0.9741
3995.7666 0.9292
3996.6868 0.9085
3997.6072 0.8953
3998.5278 0.907
3999.4485 0.9224
4000.3696 0.9272
4001.2908 1.0127
4002.2122 0.9903
4003.1338 0.9687
4004.0557 0.9942
4004.9778 0.9678
4005.9001 1.0063
4006.8225 0.9734
4007.7454 0.9245
4008.6682 0.9837
4009.5913 0.9926
4010.5146 0.9929
4011.4382 0.9994
4012.362 0.9538
4013.2861 0.9706
4014.2102 0.98
4015.1345 0.9652
4016.0593 0.9609
4016.9841 0.9679
4017.9092 1.0262
4018.8345 1.0228
4019.7598 1.0193
4020.6855 1.0105
4021.6116 0.9953
4022.5376 1.0135
4023.4639 0.981
4024.3904 0.9428
4025.3171 0.9205
4026.2441 0.9099
4027.1714 0.971
4028.0989 0.977
4029.0264 0.9458
4029.954 0.9342
4030.8823 0.9271
4031.8105 0.9299
4032.739 0.9986
4033.6677 0.9466
4034.5964 1.0037
4035.5256 0.9366
4036.455 0.9691
4037.3845 1.0547
4038.3142 1.0198
4039.2441 1.0441
4040.1743 0.986
4041.1047 1.0
4042.0354 0.9802
4042.9663 1.0014
4043.8972 0.981
4044.8286 0.9637
4045.76 0.912
4046.6917 0.8569
4047.6235 0.9591
4048.5557 1.0593
4049.488 0.9974
4050.4204 0.987
4051.3533 0.9363
4052.2861 0.9778
4053.2195 1.0119
4054.1528 1.0082
4055.0864 0.948
4056.0203 0.9607
4056.9543 1.005
4057.8884 1.0438
4058.823 1.0099
4059.7576 0.9746
4060.6926 1.0044
4061.6277 0.958
4062.563 0.9969
4063.4985 0.942
4064.4343 0.9339
4065.3704 0.9229
4066.3064 0.9547
4067.243 0.9738
4068.1794 0.9994
4069.1165 0.9862
4070.0535 0.9623
4070.9907 0.9691
4071.9282 0.9132
4072.866 0.8725
4073.8037 0.9392
4074.742 0.9895
4075.6804 0.9117
4076.619 0.9018
4077.5576 0.9486
4078.4966 0.9034
4079.4358 0.9411
4080.3752 1.0126
4081.315 1.0159
4082.255 0.9715
4083.1948 0.9702
4084.1353 0.959
4085.0757 0.9511
4086.0164 0.9487
4086.9575 0.9573
4087.8987 0.9659
4088.8398 0.9422
4089.7815 0.959
4090.7234 0.9779
4091.6653 0.9387
4092.6077 0.9391
4093.55 0.922
4094.4927 0.863
4095.4358 0.8098
4096.379 0.8078
4097.3223 0.853
4098.2656 0.7374
4099.2095 0.7167
4100.1533 0.6433
4101.0977 0.5714
4102.042 0.512
4102.987 0.5378
4103.9316 0.591
4104.8765 0.7181
4105.822 0.7802
4106.7676 0.8115
4107.7134 0.8632
4108.659000000001 0.9135
4109.6055 0.9023
4110.552 0.8808
4111.498 0.9163
4112.4453 0.9491
4113.392 0.9244
4114.3394 0.9145
4115.2866 0.9213
4116.2344 0.9456
4117.1826 0.9294
4118.1304 0.9397
4119.079000000001 0.9046
4120.0273 0.8775
4120.976 0.9815
4121.9253 0.9457
4122.8745 0.9773
4123.8237 0.9222
4124.7734 1.0034
4125.7236 0.9579
4126.6733 0.9718
4127.624 1.0038
4128.5740000000005 1.0059
4129.525 0.918
4130.476 0.973
4131.4272 0.9515
4132.379 0.9392
4133.33 0.9609
4134.282 0.9217
4135.2344 0.972
4136.1865 0.9714
4137.139 0.9012
4138.092000000001 0.9621
4139.0444 0.9715
4139.998 0.9994
4140.951 0.9686
4141.905 0.9888
4142.8584 0.9995
4143.8125 0.9412
4144.767 0.9722
4145.721 0.9944
4146.6763 0.9939
4147.630999999999 1.0314
4148.585999999999 0.984
4149.5415 1.0178
4150.497 0.9478
4151.4526 1.0084
4152.4087 0.9688
4153.365 0.9498
4154.322 0.9706
4155.2783 0.8823
4156.2354 0.963
4157.1924 0.9616
4158.1494 0.9658
4159.107 0.9647
4160.065 0.9487
4161.023 0.9774
4161.981 0.9856
4162.9395 0.9714
4163.8984 0.9745
4164.857 0.9925
4165.8164 0.9614
4166.7754 0.967
4167.7354 1.0041
4168.695 1.0062
4169.655 1.0138
4170.615 0.9827
4171.5757 0.9473
4172.536 0.9555
4173.497 0.9243
4174.458 0.9484
4175.4194 0.9707
4176.380999999999 0.9673
4177.343 0.9525
4178.3047 0.9589
4179.267 0.963
4180.2295 0.9346
4181.192 0.9662
4182.155 0.9963
4183.1179999999995 0.9525
4184.081 0.943
4185.045 1.0128
4186.009 0.99
4186.9727 0.9776
4187.9365 0.9564
4188.9014 0.9489
4189.8657 0.977
4190.8306 0.9911
4191.795999999999 0.9636
4192.7609999999995 0.9816
4193.7266 1.0117
4194.6924 0.9622
4195.657999999999 0.9655
4196.6245 1.0054
4197.590999999999 0.9488
4198.5576 0.9008
4199.5244 0.9274
4200.4917 0.907
4201.459 0.9292
4202.4263 0.9666
4203.394 0.9837
4204.3623 0.9636
4205.33 1.0007
4206.299 0.9752
4207.2676 0.9896
4208.2363 0.9935
4209.2056 0.9903
4210.175 0.994
4211.144 1.032
4212.1140000000005 0.9924
4213.084 1.0179
4214.054 1.0045
4215.0244 0.9518
4215.995 0.9655
4216.9663 0.8975
4217.937 0.9815
4218.9087 0.9808
4219.88 1.028
4220.852 1.0262
4221.8237 0.9925
4222.795999999999 0.9812
4223.7686 0.9936
4224.741 1.0284
4225.714 0.916
4226.687 0.9091
4227.6606 0.8813
4228.6343 0.9011
4229.608 0.9959
4230.582 0.9902
4231.556 1.0498
4232.531 0.961
4233.5054 0.9034
4234.4805 0.9326
4235.4556 0.9466
4236.4307 0.9574
4237.4062 0.9938
4238.3823 0.9835
4239.3584 1.0094
4240.3345 0.9506
4241.311 0.9723
4242.2876 0.9822
4243.2646 0.9638
4244.2417 1.0083
4245.219 1.0105
4246.197 0.9486
4247.175 0.8967
4248.153 0.9482
4249.130999999999 0.9546
4250.1094 0.951
4251.0884 0.9716
4252.067 0.9624
4253.0464 0.9884
4254.026 0.9857
4255.0054 0.9845
4255.9854 0.99
4256.9653 1.0152
4257.946 1.0334
4258.9263 1.0059
4259.9067 0.9869
4260.8877 0.9469
4261.869000000001 0.9387
4262.8506 0.9907
4263.832 1.0401
4264.814 1.0038
4265.7964 1.0114
4266.779 1.0252
4267.7609999999995 1.0027
4268.744000000001 0.9478
4269.727 0.932
4270.7104 0.9371
4271.694 0.935
4272.6772 0.9648
4273.6616 0.9298
4274.6455 0.9332
4275.63 0.9601
4276.6147 0.9889
4277.5996 0.9923
4278.5845 0.9991
4279.57 0.9842
4280.555 0.9917
4281.541 0.9922
4282.527 0.9394
4283.513 1.0046
4284.4995 0.9453
4285.4863 1.0198
4286.473 0.9981
4287.4604 0.9876
4288.4478 0.9803
4289.435 0.9236
4290.423 0.8797
4291.411 0.9468
4292.3994 0.9851
4293.3877 0.967
4294.3765 0.9813
4295.365 0.9987
4296.3545 0.9972
4297.3438 0.972
4298.3335 0.9583
4299.323 0.8652
4300.3135 0.9243
4301.3037 0.8932
4302.2944 0.9383
4303.285 0.9334
4304.276 0.9676
4305.267 0.9474
4306.259 0.998
4307.2505 0.9503
4308.242 0.9579
4309.2344 0.8977
4310.2266 0.9658
4311.219 0.9319
4312.212 0.9675
4313.205 0.9577
4314.198 0.8875
4315.192 0.9198
4316.1855 0.8728
4317.1797 0.9429
4318.174 0.9646
4319.168 0.9577
4320.1626 0.9336
4321.1577 0.9881
4322.153 0.9158
4323.148 0.9251
4324.1436 0.972
4325.1396 0.9094
4326.1353 0.8944
4327.1320000000005 0.9111
4328.128 0.9469
4329.125 0.9335
4330.1216 0.9217
4331.119000000001 0.9419
4332.116 0.9005
4333.1140000000005 0.8886
4334.112 0.8452
4335.11 0.8969
4336.1084 0.8078
4337.107 0.7695
4338.1055 0.6721
4339.1045 0.6123
4340.1035 0.5473
4341.103 0.5383
4342.103 0.566
4343.103 0.7133
4344.103 0.7513
4345.1035 0.7752
4346.104 0.8896
4347.105 0.9058
4348.106 0.8891
4349.1074 0.8593
4350.109 0.9063
4351.1104 0.873
4352.1123 0.8722
4353.1147 0.9019
4354.117 0.9199
4355.1196 0.9654
4356.1226 0.9801
4357.126 0.9864
4358.1294 1.0034
4359.133 0.9659
4360.1367 0.9748
4361.1406 0.986
4362.145 1.0132
4363.15 1.011
4364.1543 0.993
4365.1597 1.0333
4366.1646 1.0011
4367.17 0.9895
4368.1759999999995 0.9798
4369.1816 0.9793
4370.188 0.9902
4371.1943 0.9951
4372.2007 1.0041
4373.208 0.9679
4374.215 0.957
4375.222 0.9402
4376.2295 0.9338
4377.2373 0.985
4378.2456 1.0164
4379.254 1.0351
4380.262 1.0054
4381.271 1.0053
4382.28 0.9869
4383.289000000001 0.9396
4384.2983 0.9176
4385.308 0.8717
4386.318 0.9626
4387.3279999999995 0.9584
4388.3384 1.03
4389.349 1.0024
4390.36 0.9798
4391.3706 0.9924
4392.3823 0.9779
4393.3936 1.0052
4394.4053 0.945
4395.4175 0.9334
4396.4297 0.9246
4397.442 0.9886
4398.4546 0.977
4399.4673 0.9556
4400.4805 0.9622
4401.494000000001 0.9388
4402.508 0.942
4403.5215 0.9925
4404.5356 0.9586
4405.55 0.9316
4406.5645 0.9898
4407.579000000001 1.0141
4408.594 0.9647
4409.6094 0.987
4410.625 0.9984
4411.6406 1.019
4412.6562 1.0138
4413.6724 1.0148
4414.689 0.9521
4415.7056 0.9142
4416.7227 0.9054
4417.7397 0.9137
4418.7570000000005 0.9619
4419.7744 0.9675
4420.7925 0.9857
4421.8105 0.964
4422.8286 0.9945
4423.847 0.9773
4424.8657 1.015
4425.885 0.9161
4426.9043 0.9682
4427.9233 0.9664
4428.9434 0.9264
4429.963 0.9617
4430.9834 0.9834
4432.004 0.9962
4433.0244 1.005
4434.045 0.9957
4435.0664 0.9497
4436.0874 0.9706
4437.1094 0.9729
4438.130999999999 0.9945
4439.153 0.9796
4440.1753 0.9912
4441.1978 0.949
4442.2207 0.9368
4443.2437 0.9203
4444.2666 0.8648
4445.29 0.9448
4446.314 0.962
4447.338 0.9892
4448.362 0.9432
4449.3859999999995 0.9209
4450.411 0.9613
4451.4355 0.9596
4452.460999999999 0.9801
4453.4863 0.9835
4454.5117 0.9617
4455.5376 0.9229
4456.5635 0.9236
4457.59 0.949
4458.616 0.9726
4459.643 0.9802
4460.67 0.951
4461.6973 0.9838
4462.7246 0.9731
4463.7524 0.9283
4464.7803 0.9439
4465.8086 0.9695
4466.837 0.9769
4467.8657 0.9342
4468.8945 0.9253
4469.924 0.9345
4470.9529999999995 0.968
4471.9824 0.9478
4473.0127 1.026
4474.0425 1.0369
4475.0728 0.9961
4476.1035 0.9842
4477.1343 0.9554
4478.165 0.9888
4479.1963 1.0141
4480.228 0.998
4481.26 0.934
4482.2915 0.894
4483.3237 0.9796
4484.3564 0.9768
4485.389 0.9855
4486.4220000000005 0.9461
4487.455 1.0185
4488.4883 0.9637
4489.522 0.9876
4490.556 0.9281
4491.59 0.9948
4492.6245 0.9872
4493.659000000001 1.003
4494.694 0.9522
4495.729 1.0118
4496.764 0.9797
4497.8 1.0047
4498.8354 1.0091
4499.8716 0.9638
4500.9077 0.9263
4501.9443 0.962
4502.981 0.9568
4504.018 0.9937
4505.055 1.0127
4506.093 1.0175
4507.1304 0.9933
4508.168 0.9733
4509.2065 0.9758
4510.2446 1.0004
4511.282999999999 0.9728
4512.3223 0.9598
4513.3613 1.0112
4514.401 0.9622
4515.4404 0.9433
4516.48 0.9412
4517.5205 1.0211
4518.5605 0.996
4519.601 0.9759
4520.642 1.0173
4521.683 0.9492
4522.724 0.9404
4523.7656 0.977
4524.8076 0.9294
4525.8496 0.966
4526.8916 0.9941
4527.934 0.9359
4528.977 0.9581
4530.02 0.9889
4531.063 1.0055
4532.1064 0.941
4533.1504 0.9336
4534.1943 0.9181
4535.2383 0.9133
4536.2827 0.9828
4537.327 0.9871
4538.372 0.9802
4539.4175 1.0318
4540.463 1.0265
4541.5083 0.9812
4542.554 0.9779
4543.6 0.9668
4544.6465 0.9829
4545.693 0.954
4546.7397 0.9788
4547.787 1.0019
4548.8345 0.9452
4549.8820000000005 0.8788
4550.9297 0.8948
4551.9775 0.9553
4553.026 0.9494
4554.0740000000005 0.934
4555.123 0.9064
4556.1720000000005 0.9262
4557.221 0.9419
4558.2705 0.932
4559.3203 0.9711
4560.37 0.9587
4561.4204 0.9576
4562.4707 0.9623
4563.5215 0.9449
4564.5728 0.917
4565.6235 0.9826
4566.6753 0.9848
4567.7266 0.9729
4568.779 0.9877
4569.8306 0.9838
4570.8833 0.9717
4571.9355 0.9121
4572.9883 0.9246
4574.0415 0.9563
4575.0947 0.9944
4576.1484 0.9601
4577.202 0.9699
4578.2563 0.9619
4579.3105 0.9837
4580.365 0.9908
4581.42 0.9721
4582.475 0.9481
4583.5303 0.9103
4584.585999999999 0.9144
4585.6416 0.9624
4586.6978 0.9673
4587.754 1.003
4588.8105 0.9423
4589.867 0.984
4590.9243 0.9483
4591.9814 0.9487
4593.0386 0.9947
4594.0967 0.9842
4595.1543 0.963
4596.2124 1.0205
4597.271 0.9837
4598.3296 1.0048
4599.3887 0.9715
4600.4478 0.9796
4601.5073 0.9905
4602.567 0.9668
4603.627 1.015
4604.687 0.9897
4605.7476 1.007
4606.808 0.9869
4607.8687 0.9732
4608.93 0.984
4609.991 1.0187
4611.0527 1.0024
4612.1147 0.99
4613.177 0.9978
4614.2393 1.0277
4615.302 0.9859
4616.3647 0.9712
4617.4277 0.9585
4618.491 0.9598
4619.5547 0.994
4620.6187 0.9688
4621.6826 0.9753
4622.747 0.9815
4623.8115 0.9864
4624.876 1.0287
4625.9414 0.9834
4627.0063 0.9746
4628.0723 0.9795
4629.1377 0.9657
4630.2036 0.9506
4631.27 0.9778
4632.3364 0.9609
4633.4033 0.9291
4634.47 0.955
4635.5376 0.9691
4636.605 0.9797
4637.673 1.0277
4638.7407 0.9604
4639.809 0.9728
4640.8774 0.9771
4641.9463 1.0072
4643.015 0.9736
4644.0845 0.9404
4645.154 0.9721
4646.2236 0.9864
4647.2935 0.9644
4648.3640000000005 0.9721
4649.434 0.9936
4650.505 1.0109
4651.5757 0.9954
4652.647 1.0075
4653.7188 1.0095
4654.79 0.9826
4655.8623 1.0094
4656.934 1.0009
4658.0070000000005 0.976
4659.0796 1.0068
4660.1523 1.0154
4661.2256 0.9719
4662.299 0.9897
4663.3726 0.9903
4664.4463 0.969
4665.5205 0.9701
4666.595 0.9512
4667.6694 0.9506
4668.7446 0.9678
4669.82 0.9913
4670.895 0.9755
4671.9707 0.9919
4673.0464 0.9602
4674.1226 0.9854
4675.1990000000005 0.9875
4676.276 0.9854
4677.3525 0.9941
4678.4297 0.9924
4679.5073 0.9895
4680.585 0.9678
4681.6626 1.0072
4682.7407 0.9913
4683.819 0.9906
4684.8975 1.0033
4685.9766 1.006
4687.0557 0.9911
4688.1353 1.0251
4689.215 0.9858
4690.2944 1.0166
4691.3745 0.9753
4692.455 0.9856
4693.5356 0.985
4694.616 0.9534
4695.6973 1.0108
4696.779 0.9902
4697.8604 1.0024
4698.9424 0.9809
4700.0244 1.0179
4701.107 0.9697
4702.1895 0.9361
4703.272 0.9699
4704.3555 0.9657
4705.4385 0.9908
4706.522 1.0042
4707.606 0.9751
4708.69 0.9525
4709.7744 0.9743
4710.859 0.9759
4711.944 1.0137
4713.029 0.9717
4714.1143 0.9644
4715.1997 0.9647
4716.2856 1.0021
4717.372 0.9576
4718.458 0.9981
4719.545 0.9934
4720.6320000000005 0.9758
4721.7188 0.9837
4722.806 0.9532
4723.8936 0.9608
4724.9814 0.9816
4726.07 0.9884
4727.1577 0.972
4728.2466 0.9674
4729.3354 0.9707
4730.4243 1.0032
4731.5137 0.9646
4732.6035 0.9922
4733.6934 0.9687
4734.782999999999 0.9827
4735.8735 0.9895
4736.9644 0.9876
4738.055 0.9738
4739.1465 0.9947
4740.238 0.9662
4741.329000000001 0.9791
4742.420999999999 0.988
4743.513 0.9784
4744.6055 0.9953
4745.698 0.9982
4746.791 1.0221
4747.8843 1.026
4748.9775 1.005
4750.0713 1.0001
4751.165 0.9799
4752.2593 0.9555
4753.3535 0.9721
4754.448 0.9881
4755.543 0.9752
4756.638 0.9804
4757.7334 0.9767
4758.829000000001 0.9588
4759.925 0.98
4761.021 0.9777
4762.1177 0.9522
4763.2144 0.9658
4764.311 0.976
4765.407999999999 0.964
4766.505999999999 0.9613
4767.6035 1.0127
4768.701 1.0108
4769.7993 0.9943
4770.898 0.9963
4771.9966 0.9872
4773.095 1.0047
4774.1943 0.9893
4775.294 0.9721
4776.3936 0.9707
4777.4937 0.9841
4778.5938 1.012
4779.6943 0.9778
4780.795 0.9798
4781.896 0.9591
4782.997 0.9883
4784.0986 0.9988
4785.2 0.9632
4786.3022 0.9467
4787.4043 0.9825
4788.5070000000005 0.9972
4789.6094 0.9838
4790.7124 0.9649
4791.816 0.9878
4792.9194 0.9656
4794.023 1.0294
4795.127 0.9923
4796.2314 0.9957
4797.335999999999 1.0086
4798.4404 0.9721
4799.5454 0.989
4800.651 0.9986
4801.7563 1.0192
4802.862 0.9945
4803.9683 0.9509
4805.0740000000005 0.9655
4806.1807 0.9783
4807.2876 0.9901
4808.3945 1.0
4809.502 0.9961
4810.6094 0.9819
4811.7173 0.9664
4812.8257 0.9801
4813.9336 0.9881
4815.0425 0.9782
4816.1514 1.0057
4817.2603 0.9866
4818.3696 0.9825
4819.479 1.0005
4820.589 0.9917
4821.6990000000005 0.9943
4822.8096 0.9606
4823.92 0.962
4825.0312 0.9475
4826.142 1.0029
4827.2534 0.9632
4828.365 1.0021
4829.477 0.9762
4830.5894 1.0009
4831.7017 0.9712
4832.8145 1.0047
4833.9272 0.9762
4835.0405 0.9691
4836.154 0.989
4837.2676 0.9727
4838.3813 0.9833
4839.4956 0.9743
4840.6104 0.9687
4841.725 0.984
4842.84 0.9518
4843.955 0.9756
4845.071 0.9604
4846.1865 0.971
4847.3022 0.9779
4848.4185 0.9428
4849.535 0.9136
4850.652 0.9253
4851.769 0.9405
4852.8859999999995 0.9145
4854.004 0.9224
4855.1216 0.8874
4856.2397 0.8363
4857.358 0.8298
4858.4766 0.8046
4859.595 0.7082
4860.7144 0.5676
4861.834 0.4928
4862.9536 0.5729
4864.073 0.7117
4865.1934 0.8025
4866.314 0.8804
4867.4346 0.8558
4868.555 0.8763
4869.6763 0.8956
4870.798 0.8753
4871.9194 0.9188
4873.0415 0.9097
4874.1636 0.9359
4875.286 0.9465
4876.4087 0.9491
4877.5317 0.993
4878.6553 0.9372
4879.7783 0.92
4880.9023 0.965
4882.0264 0.9739
4883.1504 0.9677
4884.275 0.9787
4885.4 0.9851
4886.525 0.9787
4887.65 0.9586
4888.776 0.9952
4889.9014 0.9493
4891.0273 0.9225
4892.154 0.9065
4893.2803 0.9713
4894.407 0.9923
4895.5347 0.9628
4896.6616 0.9508
4897.7896 0.9784
4898.9175 1.0071
4900.0454 0.9331
4901.174 0.9874
4902.3027 0.994
4903.4316 0.9706
4904.5605 0.9472
4905.69 0.9599
4906.82 1.0147
4907.9497 0.9658
4909.08 0.9768
4910.2104 0.9642
4911.3413 0.9784
4912.472 0.9903
4913.6035 1.0013
4914.735 1.0008
4915.8667 0.9449
4916.999 0.9649
4918.1313 0.9815
4919.2637 0.9297
4920.3965 0.942
4921.53 0.934
4922.663 0.9455
4923.7970000000005 0.9269
4924.9307 0.9192
4926.0645 0.9897
4927.1990000000005 0.986
4928.334 0.992
4929.4688 1.0061
4930.604 1.0037
4931.7393 0.9831
4932.875 0.9585
4934.0107 0.9311
4935.147 0.9518
4936.2837 0.9997
4937.4204 1.0194
4938.5576 0.971
4939.695 0.9637
4940.8325 0.9945
4941.97 0.9618
4943.108 0.9832
4944.2466 0.9914
4945.3853 1.0025
4946.524 1.0015
4947.663 0.9796
4948.8022 1.0041
4949.942 1.0
