3911.1108 1.0
3912.0115 0.9594
3912.9124 0.9207
3913.8135 0.8342
3914.7146 1.0251
3915.6162 1.0366
3916.5178 0.9964
3917.4197 1.0354
3918.3218 0.9341
3919.224 0.9303
3920.1267 0.9681
3921.0295 1.0263
3921.9324 0.8746
3922.8357 0.9238
3923.739 1.0531
3924.6426 0.8667
3925.5464 0.9065
3926.4504 0.9981
3927.3545 0.9288
3928.259 0.9561
3929.1636 0.8358
3930.0684 0.7658
3930.9734 0.7709
3931.8787 0.6467
3932.7842 0.704
3933.6897 0.57
3934.5957 0.6418
3935.5017 0.7002
3936.408 0.7979
3937.3145 0.9707
3938.2212 1.0412
3939.1282 1.0035
3940.0354 0.7708
3940.9426 0.7679
3941.85 0.9446
3942.7578 0.9229
3943.6658 0.8421
3944.574 0.865
3945.4824 1.0001
3946.3909999999996 0.8685
3947.2998 1.0223
3948.2087 0.9182
3949.118 1.0085
3950.0273 0.9336
3950.937 0.7594
3951.847 0.8907
3952.7568 0.7728
3953.6672 0.8294
3954.5776 0.7596
3955.4883 0.8828
3956.3992 0.8809
3957.3103 0.9484
3958.2217 0.9502
3959.1333 0.8774
3960.045 0.8497
3960.9568 0.8382
3961.869 0.8852
3962.7812 0.9082
3963.6938 0.8015
3964.6067 0.7011
3965.5198 0.6464
3966.4329 0.627
3967.3462 0.6533
3968.26 0.4971
3969.1738 0.3203
3970.0879999999997 0.3757
3971.002 0.5193
3971.9165 0.6579
3972.8313 0.6275
3973.7459999999996 0.7511
3974.6611 0.8153
3975.5764 0.7875
3976.492 0.8895
3977.4077 0.8785
3978.3237 0.8062
3979.2397 0.9764
3980.1562 1.0441
3981.0728 0.8462
3981.9895 0.793
3982.9065 0.8223
3983.8237 0.9049
3984.7412 0.8521
3985.6587 0.8936
3986.5767 0.736
3987.4946 0.9599
3988.4128 0.9008
3989.3313 0.9906
3990.25 0.8467
3991.1690000000003 0.9668
3992.0881 0.8401
3993.0073 0.8577
3993.927 0.9203
3994.8467 0.9281
3995.7666 0.8803
3996.6868 0.8185
3997.6072 0.9544
3998.5278 1.0058
3999.4485 0.8104
4000.3696 0.9816
4001.2908 0.8418
4002.2122 0.831
4003.1338 0.9568
4004.0557 0.9983
4004.9778 0.9306
4005.9001 0.922
4006.8225 0.8758
4007.7454 0.9321
4008.6682 0.9244
4009.5913 0.9633
4010.5146 1.0164
4011.4382 0.935
4012.362 0.8806
4013.2861 1.0002
4014.2102 1.0342
4015.1345 0.9613
4016.0593 1.0945
4016.9841 0.9887
4017.9092 0.9545
4018.8345 0.9892
4019.7598 1.0527
4020.6855 0.9772
4021.6116 0.9455
4022.5376 0.9208
4023.4639 0.9959
4024.3904 0.9778
4025.3171 0.9785
4026.2441 0.8989
4027.1714 0.8138
4028.0989 0.8501
4029.0264 0.9715
4029.954 1.0667
4030.8823 0.9687
4031.8105 0.792
4032.739 0.8907
4033.6677 0.9037
4034.5964 0.8082
4035.5256 0.9352
4036.455 1.0016
4037.3845 0.987
4038.3142 1.034
4039.2441 0.8657
4040.1743 0.96
4041.1047 0.8919
4042.0354 0.9678
4042.9663 1.0043
4043.8972 1.0815
4044.8286 0.9477
4045.76 0.8939
4046.6917 0.8397
4047.6235 0.8459
4048.5557 0.9343
4049.488 0.8659
4050.4204 0.9373
4051.3533 0.9561
4052.2861 0.96
4053.2195 1.0803
4054.1528 1.0412
4055.0864 1.003
4056.0203 0.9623
4056.9543 1.039
4057.8884 0.9948
4058.823 0.9543
4059.7576 1.0658
4060.6926 1.0246
4061.6277 0.9007
4062.563 0.8637
4063.4985 0.9674
4064.4343 0.9794
4065.3704 0.9519
4066.3064 0.9104
4067.243 0.9471
4068.1794 0.8518
4069.1165 1.0202
4070.0535 0.9222
4070.9907 0.838
4071.9282 0.8021
4072.866 1.0378
4073.8037 1.0088
4074.742 0.9005
4075.6804 0.9035
4076.619 0.9741
4077.5576 0.9376
4078.4966 0.8231
4079.4358 0.9582
4080.3752 0.8831
4081.315 0.9496
4082.255 0.7882
4083.1948 0.8062
4084.1353 0.9498
4085.0757 0.8905
4086.0164 0.9536
4086.9575 1.0269
4087.8987 1.0386
4088.8398 0.8915
4089.7815 1.0231
4090.7234 1.1464
4091.6653 0.9194
4092.6077 0.9327
4093.55 0.88
4094.4927 0.9505
4095.4358 0.8449
4096.379 0.8791
4097.3223 0.7598
4098.2656 0.7632
4099.2095 0.6957
4100.1533 0.7045
4101.0977 0.7095
4102.042 0.5376
4102.987 0.5343
4103.9316 0.6958
4104.8765 0.745
4105.822 0.7501
4106.7676 0.8148
4107.7134 0.8338
4108.659000000001 0.8133
4109.6055 0.8909
4110.552 0.8532
4111.498 0.8125
4112.4453 0.9425
4113.392 0.8847
4114.3394 0.9475
4115.2866 0.9696
4116.2344 0.9267
4117.1826 0.9361
4118.1304 1.0333
4119.079000000001 0.9737
4120.0273 1.0158
4120.976 0.8932
4121.9253 0.9505
4122.8745 0.9921
4123.8237 0.9786
4124.7734 0.9341
4125.7236 1.056
4126.6733 1.0485
4127.624 0.8804
4128.5740000000005 1.0307
4129.525 0.8809
4130.476 0.9487
4131.4272 0.9214
4132.379 1.0087
4133.33 0.9183
4134.282 0.9745
4135.2344 0.9178
4136.1865 0.9565
4137.139 0.9798
4138.092000000001 0.9947
4139.0444 0.9835
4139.998 1.0281
4140.951 0.8817
4141.905 0.8739
4142.8584 1.0058
4143.8125 0.8623
4144.767 0.9989
4145.721 1.0086
4146.6763 1.0306
4147.630999999999 0.8638
4148.585999999999 0.9209
4149.5415 0.9907
4150.497 0.9773
4151.4526 0.9567
4152.4087 0.9695
4153.365 0.9228
4154.322 0.9228
4155.2783 0.9911
4156.2354 0.9297
4157.1924 0.9022
4158.1494 0.9512
4159.107 0.9244
4160.065 0.8967
4161.023 0.8812
4161.981 0.9306
4162.9395 0.9869
4163.8984 0.9438
4164.857 0.9544
4165.8164 0.9435
4166.7754 1.074
4167.7354 1.0384
4168.695 0.993
4169.655 0.9777
4170.615 0.9125
4171.5757 0.9133
4172.536 0.8516
4173.497 0.9083
4174.458 0.9311
4175.4194 0.9928
4176.380999999999 0.826
4177.343 0.9506
4178.3047 0.9882
4179.267 0.9987
4180.2295 0.8104
4181.192 0.962
4182.155 0.8843
4183.1179999999995 0.9904
4184.081 0.7688
4185.045 0.9817
4186.009 0.9841
4186.9727 0.9528
4187.9365 0.8706
4188.9014 0.9369
4189.8657 0.9755
4190.8306 1.0007
4191.795999999999 0.9557
4192.7609999999995 0.972
4193.7266 1.1035
4194.6924 0.9914
4195.657999999999 0.8903
4196.6245 0.907
4197.590999999999 0.8938
4198.5576 0.9431
4199.5244 0.9527
4200.4917 0.9033
4201.459 0.9607
4202.4263 0.961
4203.394 0.9536
4204.3623 0.9783
4205.33 0.9083
4206.299 0.9207
4207.2676 0.9617
4208.2363 0.9395
4209.2056 0.955
4210.175 0.8915
4211.144 0.8218
4212.1140000000005 0.9759
4213.084 1.0487
4214.054 0.8488
4215.0244 0.9965
4215.995 0.806
4216.9663 1.0207
4217.937 0.9449
4218.9087 0.9317
4219.88 0.9867
4220.852 0.9515
4221.8237 0.9842
4222.795999999999 0.8316
4223.7686 0.863
4224.741 0.9142
4225.714 1.0188
4226.687 0.9282
4227.6606 0.8571
4228.6343 0.9204
4229.608 0.8888
4230.582 1.0456
4231.556 0.9774
4232.531 0.9136
4233.5054 0.966
4234.4805 0.8427
4235.4556 0.9014
4236.4307 0.8789
4237.4062 0.9952
4238.3823 0.875
4239.3584 1.0151
4240.3345 0.9313
4241.311 0.8999
4242.2876 0.9511
4243.2646 1.0364
4244.2417 0.9128
4245.219 0.9435
4246.197 0.8657
4247.175 0.8225
4248.153 0.8981
4249.130999999999 0.9045
4250.1094 0.8948
4251.0884 0.8653
4252.067 0.9222
4253.0464 0.8962
4254.026 0.8857
4255.0054 0.9412
4255.9854 0.9259
4256.9653 0.9934
4257.946 0.9882
4258.9263 0.9838
4259.9067 1.0654
4260.8877 0.9891
4261.869000000001 1.0097
4262.8506 1.0033
4263.832 0.9661
4264.814 0.9524
4265.7964 1.0018
4266.779 0.9875
4267.7609999999995 0.8828
4268.744000000001 0.9536
4269.727 0.9446
4270.7104 0.8874
4271.694 0.9574
4272.6772 0.9126
4273.6616 0.9081
4274.6455 0.8734
4275.63 0.8941
4276.6147 1.0417
4277.5996 0.9039
4278.5845 0.9871
4279.57 1.0344
4280.555 1.0153
4281.541 1.0121
4282.527 0.8991
4283.513 0.9617
4284.4995 0.974
4285.4863 0.9646
4286.473 0.9871
4287.4604 0.9143
4288.4478 0.87
4289.435 0.9228
4290.423 0.8811
4291.411 0.9835
4292.3994 0.9906
4293.3877 0.9068
4294.3765 0.9404
4295.365 1.0392
4296.3545 0.9926
4297.3438 0.9706
4298.3335 0.9117
4299.323 0.8338
4300.3135 0.877
4301.3037 0.8934
4302.2944 0.9269
4303.285 0.9021
4304.276 0.8818
4305.267 0.9608
4306.259 0.9053
4307.2505 0.842
4308.242 0.9271
4309.2344 1.0232
4310.2266 1.0108
4311.219 0.9244
4312.212 0.9308
4313.205 0.9085
4314.198 0.883
4315.192 0.8837
4316.1855 0.9592
4317.1797 0.8804
4318.174 1.0467
4319.168 0.9745
4320.1626 0.9933
4321.1577 0.864
4322.153 1.0346
4323.148 0.9924
4324.1436 0.9464
4325.1396 0.8089
4326.1353 0.8646
4327.1320000000005 0.926
4328.128 0.9229
4329.125 0.8765
4330.1216 0.9628
4331.119000000001 0.9367
4332.116 0.9811
4333.1140000000005 0.8911
4334.112 0.9247
4335.11 1.0107
4336.1084 0.851
4337.107 0.7962
4338.1055 0.7443
4339.1045 0.6673
4340.1035 0.6089
4341.103 0.6052
4342.103 0.6329
4343.103 0.6874
4344.103 0.7013
4345.1035 0.8696
4346.104 0.8051
4347.105 0.8476
4348.106 0.89
4349.1074 0.913
4350.109 0.9723
4351.1104 0.9993
4352.1123 0.8934
4353.1147 0.9448
4354.117 0.9371
4355.1196 0.9349
4356.1226 0.9915
4357.126 0.959
4358.1294 0.9789
4359.133 1.0488
4360.1367 1.0645
4361.1406 1.0042
4362.145 0.9871
4363.15 1.0446
4364.1543 0.9899
4365.1597 0.9316
4366.1646 0.9417
4367.17 0.9151
4368.1759999999995 1.049
4369.1816 0.9351
4370.188 0.9717
4371.1943 1.019
4372.2007 1.0025
4373.208 0.9658
4374.215 0.8984
4375.222 0.8976
4376.2295 0.8903
4377.2373 1.0178
4378.2456 0.9329
4379.254 0.9397
4380.262 1.0174
4381.271 0.9194
4382.28 0.8836
4383.289000000001 0.9186
4384.2983 0.925
4385.308 0.9896
4386.318 1.0129
4387.3279999999995 0.9697
4388.3384 0.9462
4389.349 0.9572
4390.36 0.9257
4391.3706 1.0557
4392.3823 0.9951
4393.3936 0.9326
4394.4053 0.9263
4395.4175 0.932
4396.4297 0.9718
4397.442 0.9928
4398.4546 0.9834
4399.4673 0.9434
4400.4805 0.9975
4401.494000000001 0.9848
4402.508 0.9639
4403.5215 0.9555
4404.5356 0.93
4405.55 0.9563
4406.5645 0.8693
4407.579000000001 0.9057
4408.594 0.9861
4409.6094 0.9294
4410.625 0.9786
4411.6406 0.9408
4412.6562 0.9323
4413.6724 0.9965
4414.689 0.8901
4415.7056 0.9451
4416.7227 0.9204
4417.7397 0.9348
4418.7570000000005 0.9902
4419.7744 0.913
4420.7925 0.9453
4421.8105 0.9563
4422.8286 0.994
4423.847 1.0001
4424.8657 0.9774
4425.885 1.0083
4426.9043 0.9758
4427.9233 0.9329
4428.9434 0.9445
4429.963 0.9566
4430.9834 0.9558
4432.004 0.92
4433.0244 1.0273
4434.045 1.0012
4435.0664 0.9481
4436.0874 0.8561
4437.1094 0.9053
4438.130999999999 0.9647
4439.153 1.0225
4440.1753 0.9959
4441.1978 1.0302
4442.2207 1.0008
4443.2437 0.9014
4444.2666 0.8682
4445.29 1.0022
4446.314 0.957
4447.338 0.9523
4448.362 0.9962
4449.3859999999995 0.9283
4450.411 0.9595
4451.4355 0.9719
4452.460999999999 0.922
4453.4863 0.9617
4454.5117 0.9814
4455.5376 0.8586
4456.5635 0.8955
4457.59 0.959
4458.616 0.95
4459.643 0.9327
4460.67 0.9054
4461.6973 0.9509
4462.7246 0.9701
4463.7524 0.9519
4464.7803 0.9662
4465.8086 0.9726
4466.837 0.9778
4467.8657 0.9243
4468.8945 0.8852
4469.924 0.8824
4470.9529999999995 0.9392
4471.9824 0.9905
4473.0127 0.9512
4474.0425 0.9286
4475.0728 0.9229
4476.1035 0.9313
4477.1343 0.9887
4478.165 0.9863
4479.1963 1.0246
4480.228 0.9471
4481.26 0.9609
4482.2915 1.0116
4483.3237 0.9909
4484.3564 0.9774
4485.389 1.0295
4486.4220000000005 0.8528
4487.455 0.968
4488.4883 0.9845
4489.522 0.9631
4490.556 1.02
4491.59 0.9316
4492.6245 1.0219
4493.659000000001 0.9953
4494.694 0.9559
4495.729 1.0016
4496.764 0.9568
4497.8 0.9973
4498.8354 1.0852
4499.8716 0.954
4500.9077 0.9688
4501.9443 0.9178
4502.981 0.9817
4504.018 1.0289
4505.055 0.964
4506.093 1.0417
4507.1304 1.0107
4508.168 1.0111
4509.2065 1.0002
4510.2446 0.9581
4511.282999999999 0.875
4512.3223 0.9449
4513.3613 1.0048
4514.401 0.9718
4515.4404 0.9647
4516.48 0.9721
4517.5205 0.9706
4518.5605 0.9673
4519.601 0.9859
4520.642 0.9362
4521.683 0.9932
4522.724 0.9726
4523.7656 0.8733
4524.8076 1.0344
4525.8496 1.0135
4526.8916 0.9289
4527.934 1.0431
4528.977 0.9371
4530.02 0.9776
4531.063 0.9515
4532.1064 0.9771
4533.1504 0.9254
4534.1943 1.0216
4535.2383 0.9738
4536.2827 1.0151
4537.327 0.9818
4538.372 1.0026
4539.4175 0.9028
4540.463 1.0285
4541.5083 0.889
4542.554 1.0263
4543.6 0.9305
4544.6465 0.9315
4545.693 0.9881
4546.7397 1.0024
4547.787 0.9732
4548.8345 0.9211
4549.8820000000005 0.9702
4550.9297 0.951
4551.9775 0.9755
4553.026 0.9362
4554.0740000000005 0.9002
4555.123 0.9241
4556.1720000000005 0.9321
4557.221 0.9835
4558.2705 0.9699
4559.3203 0.9706
4560.37 0.9309
4561.4204 0.9244
4562.4707 0.8945
4563.5215 0.9766
4564.5728 0.9343
4565.6235 0.9148
4566.6753 0.9681
4567.7266 0.9572
4568.779 0.9647
4569.8306 0.9673
4570.8833 0.9714
4571.9355 0.9378
4572.9883 0.9124
4574.0415 0.9857
4575.0947 1.0036
4576.1484 0.9958
4577.202 0.9947
4578.2563 0.9494
4579.3105 0.9837
4580.365 0.9613
4581.42 0.9147
4582.475 0.9575
4583.5303 0.8908
4584.585999999999 1.0402
4585.6416 0.8385
4586.6978 0.9638
4587.754 0.9462
4588.8105 0.9522
4589.867 0.9355
4590.9243 1.0156
4591.9814 0.9713
4593.0386 0.968
4594.0967 0.9281
4595.1543 0.9741
4596.2124 1.0282
4597.271 0.9585
4598.3296 0.941
4599.3887 0.9607
4600.4478 0.9602
4601.5073 0.9542
4602.567 0.8992
4603.627 0.9769
4604.687 0.9718
4605.7476 0.9715
4606.808 0.9987
4607.8687 1.044
4608.93 0.9262
4609.991 0.958
4611.0527 0.9505
4612.1147 0.9264
4613.177 1.0422
4614.2393 1.0636
4615.302 0.9464
4616.3647 0.9402
4617.4277 0.9235
4618.491 0.9976
4619.5547 0.9964
4620.6187 0.9128
4621.6826 0.9636
4622.747 0.9915
4623.8115 0.954
4624.876 0.9728
4625.9414 1.0094
4627.0063 0.998
4628.0723 0.9437
4629.1377 0.9527
4630.2036 0.9949
4631.27 0.9465
4632.3364 0.9388
4633.4033 0.9521
4634.47 0.9586
4635.5376 0.9216
4636.605 0.9456
4637.673 1.0325
4638.7407 0.9728
4639.809 0.98
4640.8774 1.0042
4641.9463 0.9831
4643.015 0.9914
4644.0845 0.9916
4645.154 1.013
4646.2236 0.9626
4647.2935 0.986
4648.3640000000005 0.9731
4649.434 1.0136
4650.505 0.9939
4651.5757 1.042
4652.647 0.994
4653.7188 0.929
4654.79 0.9669
4655.8623 0.8877
4656.934 1.0442
4658.0070000000005 0.9043
4659.0796 0.9225
4660.1523 1.0052
4661.2256 0.9125
4662.299 0.9614
4663.3726 1.0027
4664.4463 0.9974
4665.5205 1.06
4666.595 0.9528
4667.6694 0.9753
4668.7446 0.9762
4669.82 0.9534
4670.895 0.9461
4671.9707 0.9613
4673.0464 0.9807
4674.1226 0.9579
4675.1990000000005 0.9693
4676.276 0.9033
4677.3525 0.9308
4678.4297 1.0068
4679.5073 0.9939
4680.585 0.947
4681.6626 0.9404
4682.7407 0.9946
4683.819 0.9655
4684.8975 1.0062
4685.9766 0.9631
4687.0557 0.9792
4688.1353 0.9966
4689.215 0.9639
4690.2944 1.0288
4691.3745 0.9599
4692.455 0.9404
4693.5356 1.0465
4694.616 0.9432
4695.6973 0.9255
4696.779 1.0416
4697.8604 0.9399
4698.9424 0.9746
4700.0244 0.948
4701.107 0.9307
4702.1895 0.9862
4703.272 0.9715
4704.3555 1.0127
4705.4385 1.0119
4706.522 0.9177
4707.606 0.9697
4708.69 0.9718
4709.7744 0.9593
4710.859 0.9074
4711.944 0.9198
4713.029 0.9966
4714.1143 0.9516
4715.1997 1.0042
4716.2856 0.9462
4717.372 0.9864
4718.458 0.9449
4719.545 0.9537
4720.6320000000005 1.0134
4721.7188 0.9227
4722.806 0.9853
4723.8936 0.908
4724.9814 0.9769
4726.07 1.0053
4727.1577 0.9711
4728.2466 0.992
4729.3354 1.0138
4730.4243 1.0011
4731.5137 0.9722
4732.6035 0.9612
4733.6934 0.9743
4734.782999999999 0.9756
4735.8735 0.9955
4736.9644 0.97
4738.055 0.9654
4739.1465 1.0226
4740.238 0.9627
4741.329000000001 0.9945
4742.420999999999 1.0045
4743.513 0.9684
4744.6055 0.961
4745.698 0.9314
4746.791 0.9639
4747.8843 0.8897
4748.9775 0.9677
4750.0713 0.9835
4751.165 0.9517
4752.2593 0.9481
4753.3535 0.9226
4754.448 0.8899
4755.543 0.9756
4756.638 1.0152
4757.7334 0.9802
4758.829000000001 0.9779
4759.925 1.0082
4761.021 1.044
4762.1177 0.9946
4763.2144 1.0027
4764.311 0.9478
4765.407999999999 0.9935
4766.505999999999 0.9685
4767.6035 0.9436
4768.701 0.9781
4769.7993 0.9823
4770.898 0.9422
4771.9966 0.9727
4773.095 0.9846
4774.1943 0.9188
4775.294 0.9552
4776.3936 1.0436
4777.4937 0.9872
4778.5938 1.0083
4779.6943 1.0107
4780.795 0.9273
4781.896 0.9623
4782.997 0.9783
4784.0986 0.9758
4785.2 0.982
4786.3022 0.927
4787.4043 0.9684
4788.5070000000005 1.0081
4789.6094 1.0078
4790.7124 0.983
4791.816 0.9726
4792.9194 1.018
4794.023 0.9841
4795.127 0.9526
4796.2314 0.956
4797.335999999999 0.9547
4798.4404 0.9539
4799.5454 0.984
4800.651 1.0241
4801.7563 0.9709
4802.862 0.9691
4803.9683 1.0048
4805.0740000000005 0.9354
4806.1807 0.9781
4807.2876 0.9211
4808.3945 0.9823
4809.502 0.9194
4810.6094 0.9093
4811.7173 0.9524
4812.8257 0.946
4813.9336 0.9703
4815.0425 0.9073
4816.1514 1.0199
4817.2603 1.0028
4818.3696 0.911
4819.479 0.97
4820.589 0.9525
4821.6990000000005 0.9763
4822.8096 1.0191
4823.92 0.9956
4825.0312 0.9245
4826.142 0.9611
4827.2534 0.9592
4828.365 1.0043
4829.477 0.9455
4830.5894 0.9631
4831.7017 0.9802
4832.8145 1.0128
4833.9272 0.9858
4835.0405 1.0399
4836.154 0.9651
4837.2676 0.9468
4838.3813 0.9368
4839.4956 0.9648
4840.6104 0.9488
4841.725 0.8973
4842.84 0.9866
4843.955 0.9719
4845.071 0.9577
4846.1865 0.942
4847.3022 0.9335
4848.4185 0.9949
4849.535 1.0049
4850.652 0.9757
4851.769 0.9517
4852.8859999999995 0.9751
4854.004 0.9129
4855.1216 0.923
4856.2397 0.9412
4857.358 0.8593
4858.4766 0.8944
4859.595 0.7629
4860.7144 0.6409
4861.834 0.5491
4862.9536 0.6567
4864.073 0.8512
4865.1934 0.8504
4866.314 0.8559
4867.4346 0.8991
4868.555 0.878
4869.6763 0.878
4870.798 0.9046
4871.9194 0.9296
4873.0415 0.8545
4874.1636 0.9008
4875.286 0.955
4876.4087 0.9095
4877.5317 0.9525
4878.6553 0.9752
4879.7783 0.8868
4880.9023 1.0277
4882.0264 1.0245
4883.1504 0.9846
4884.275 0.9514
4885.4 0.9147
4886.525 0.9724
4887.65 0.9475
4888.776 0.9762
4889.9014 0.9646
4891.0273 0.9701
4892.154 0.9264
4893.2803 0.9737
4894.407 1.0081
4895.5347 0.9377
4896.6616 0.9571
4897.7896 0.9599
4898.9175 0.9921
4900.0454 0.9675
4901.174 0.9136
4902.3027 0.9894
4903.4316 1.0126
4904.5605 0.9227
4905.69 0.9298
4906.82 0.9772
4907.9497 0.9539
4909.08 0.9864
4910.2104 0.9842
4911.3413 0.9082
4912.472 0.9471
4913.6035 0.9851
4914.735 0.9896
4915.8667 0.9391
4916.999 0.9124
4918.1313 0.897
4919.2637 0.9302
4920.3965 0.9209
4921.53 0.965
4922.663 0.8934
4923.7970000000005 0.9181
4924.9307 0.9118
4926.0645 0.9559
4927.1990000000005 1.0222
4928.334 0.9698
4929.4688 0.9533
4930.604 0.9607
4931.7393 0.9133
4932.875 0.9459
4934.0107 0.9736
4935.147 0.9482
4936.2837 0.9396
4937.4204 1.012
4938.5576 0.9159
4939.695 1.0062
4940.8325 0.9824
4941.97 1.0005
4943.108 0.947
4944.2466 1.0276
4945.3853 0.996
4946.524 1.004
4947.663 0.9533
4948.8022 0.9873
4949.942 1.0
