3911.1108 1.0
3912.0115 0.9899
3912.9124 0.9753
3913.8135 0.9697
3914.7146 1.0166
3915.6162 1.0112
3916.5178 1.0061
3917.4197 0.9881
3918.3218 0.9964
3919.224 0.9935
3920.1267 0.9909
3921.0295 0.9811
3921.9324 0.9854
3922.8357 0.9963
3923.739 1.0208
3924.6426 1.0048
3925.5464 0.9908
3926.4504 0.9868
3927.3545 0.9797
3928.259 0.9778
3929.1636 0.974
3930.0684 0.9379
3930.9734 0.8074
3931.8787 0.6567
3932.7842 0.6455
3933.6897 0.7271
3934.5957 0.8813
3935.5017 0.9337
3936.408 0.9778
3937.3145 1.0237
3938.2212 1.0138
3939.1282 1.0295
3940.0354 1.0412
3940.9426 1.0162
3941.85 1.0087
3942.7578 0.9923
3943.6658 0.9967
3944.574 1.0058
3945.4824 0.9989
3946.3909999999996 0.9893
3947.2998 1.0035
3948.2087 0.9905
3949.118 0.9698
3950.0273 0.9806
3950.937 0.9577
3951.847 0.9495
3952.7568 0.9608
3953.6672 0.9606
3954.5776 0.9439
3955.4883 0.9323
3956.3992 0.927
3957.3103 0.9088
3958.2217 0.8929
3959.1333 0.8785
3960.045 0.8329
3960.9568 0.8019
3961.869 0.7955
3962.7812 0.7596
3963.6938 0.7088
3964.6067 0.6585
3965.5198 0.5548
3966.4329 0.4307
3967.3462 0.3049
3968.26 0.2557
3969.1738 0.3076
3970.0879999999997 0.3962
3971.002 0.5045
3971.9165 0.5951
3972.8313 0.6572
3973.7459999999996 0.7052
3974.6611 0.7522
3975.5764 0.7794
3976.492 0.805
3977.4077 0.826
3978.3237 0.8382
3979.2397 0.8729
3980.1562 0.8845
3981.0728 0.8849
3981.9895 0.8971
3982.9065 0.9031
3983.8237 0.911
3984.7412 0.906
3985.6587 0.9214
3986.5767 0.9427
3987.4946 0.9349
3988.4128 0.9522
3989.3313 0.9435
3990.25 0.9525
3991.1690000000003 0.9417
3992.0881 0.9742
3993.0073 0.9741
3993.927 0.976
3994.8467 0.9742
3995.7666 0.9761
3996.6868 0.9752
3997.6072 0.9689
3998.5278 0.9682
3999.4485 0.9693
4000.3696 0.9905
4001.2908 0.9566
4002.2122 0.9808
4003.1338 0.9603
4004.0557 0.9509
4004.9778 0.9723
4005.9001 0.9637
4006.8225 0.9936
4007.7454 0.9769
4008.6682 0.9866
4009.5913 0.9709
4010.5146 0.9691
4011.4382 0.9772
4012.362 0.9678
4013.2861 0.9882
4014.2102 0.9707
4015.1345 0.9883
4016.0593 0.9705
4016.9841 0.9729
4017.9092 0.9678
4018.8345 0.9771
4019.7598 0.9701
4020.6855 0.9612
4021.6116 0.9401
4022.5376 0.9538
4023.4639 0.9519
4024.3904 0.9595
4025.3171 0.9606
4026.2441 0.9645
4027.1714 0.977
4028.0989 0.9665
4029.0264 0.9843
4029.954 0.9956
4030.8823 0.9868
4031.8105 0.9906
4032.739 0.9804
4033.6677 0.9885
4034.5964 0.9909
4035.5256 0.9779
4036.455 0.991
4037.3845 0.9891
4038.3142 0.9818
4039.2441 0.9703
4040.1743 0.9827
4041.1047 0.9869
4042.0354 0.987
4042.9663 0.9814
4043.8972 0.9474
4044.8286 0.9442
4045.76 0.968
4046.6917 0.9983
4047.6235 0.9773
4048.5557 0.9798
4049.488 1.0025
4050.4204 0.9974
4051.3533 0.98
4052.2861 0.9776
4053.2195 0.9772
4054.1528 0.9773
4055.0864 1.002
4056.0203 0.9732
4056.9543 0.9982
4057.8884 0.984
4058.823 1.0103
4059.7576 0.9993
4060.6926 0.9772
4061.6277 0.9601
4062.563 0.9547
4063.4985 0.9785
4064.4343 1.0143
4065.3704 1.0052
4066.3064 1.0014
4067.243 1.0312
4068.1794 1.0107
4069.1165 0.9977
4070.0535 0.9694
4070.9907 0.963
4071.9282 0.9932
4072.866 0.9926
4073.8037 0.986
4074.742 0.968
4075.6804 0.9517
4076.619 0.9389
4077.5576 0.9549
4078.4966 0.9918
4079.4358 0.979
4080.3752 0.9594
4081.315 0.9551
4082.255 0.9551
4083.1948 0.9422
4084.1353 0.9506
4085.0757 0.9469
4086.0164 0.9326
4086.9575 0.9263
4087.8987 0.9029
4088.8398 0.895
4089.7815 0.8901
4090.7234 0.8626
4091.6653 0.847
4092.6077 0.8187
4093.55 0.794
4094.4927 0.7662
4095.4358 0.7117
4096.379 0.6666
4097.3223 0.6251
4098.2656 0.5324
4099.2095 0.4041
4100.1533 0.3459
4101.0977 0.3808
4102.042 0.5
4102.987 0.5982
4103.9316 0.6605
4104.8765 0.7172
4105.822 0.7502
4106.7676 0.7812
4107.7134 0.8014
4108.659000000001 0.8388
4109.6055 0.8592
4110.552 0.8634
4111.498 0.8897
4112.4453 0.9128
4113.392 0.9188
4114.3394 0.9262
4115.2866 0.9476
4116.2344 0.9498
4117.1826 0.9535
4118.1304 0.9613
4119.079000000001 0.9618
4120.0273 0.9789
4120.976 0.985
4121.9253 0.9782
4122.8745 0.9796
4123.8237 1.0038
4124.7734 0.9796
4125.7236 0.9794
4126.6733 0.9994
4127.624 0.9568
4128.5740000000005 1.0028
4129.525 0.9755
4130.476 0.9768
4131.4272 0.9682
4132.379 0.9684
4133.33 0.9742
4134.282 0.989
4135.2344 0.9835
4136.1865 0.9817
4137.139 0.9881
4138.092000000001 0.9957
4139.0444 1.0029
4139.998 0.9997
4140.951 0.9889
4141.905 0.9827
4142.8584 0.9961
4143.8125 0.9949
4144.767 0.9986
4145.721 1.0102
4146.6763 1.0097
4147.630999999999 1.0052
4148.585999999999 0.9865
4149.5415 0.9865
4150.497 0.9847
4151.4526 0.989
4152.4087 0.9838
4153.365 0.9699
4154.322 0.9812
4155.2783 0.9842
4156.2354 0.9859
4157.1924 0.9853
4158.1494 0.9794
4159.107 0.976
4160.065 0.9796
4161.023 0.9832
4161.981 0.9709
4162.9395 0.976
4163.8984 0.9826
4164.857 0.9877
4165.8164 0.9869
4166.7754 0.9783
4167.7354 0.9825
4168.695 0.9828
4169.655 0.9882
4170.615 0.9792
4171.5757 0.9769
4172.536 0.9764
4173.497 0.9791
4174.458 0.9932
4175.4194 0.9801
4176.380999999999 0.9782
4177.343 0.9772
4178.3047 0.9774
4179.267 0.9854
4180.2295 0.9846
4181.192 0.9863
4182.155 0.9826
4183.1179999999995 0.9991
4184.081 0.9855
4185.045 0.9793
4186.009 0.9756
4186.9727 0.9867
4187.9365 0.9916
4188.9014 0.9893
4189.8657 0.9911
4190.8306 1.0034
4191.795999999999 0.9872
4192.7609999999995 1.0046
4193.7266 1.0004
4194.6924 1.0178
4195.657999999999 0.9933
4196.6245 0.9994
4197.590999999999 0.9921
4198.5576 1.0032
4199.5244 0.9939
4200.4917 0.9852
4201.459 1.001
4202.4263 0.9926
4203.394 1.0027
4204.3623 0.999
4205.33 0.9996
4206.299 1.004
4207.2676 1.0052
4208.2363 0.9987
4209.2056 0.9906
4210.175 0.9976
4211.144 1.0013
4212.1140000000005 0.9942
4213.084 0.9763
4214.054 0.9744
4215.0244 0.975
4215.995 0.9827
4216.9663 0.9926
4217.937 0.9777
4218.9087 0.981
4219.88 0.9877
4220.852 0.992
4221.8237 0.9951
4222.795999999999 0.9809
4223.7686 0.9544
4224.741 0.9344
4225.714 0.9388
4226.687 0.9501
4227.6606 0.9699
4228.6343 0.9835
4229.608 0.9785
4230.582 0.9675
4231.556 0.9576
4232.531 0.9689
4233.5054 0.9754
4234.4805 0.9884
4235.4556 0.9863
4236.4307 1.0049
4237.4062 0.9832
4238.3823 1.0017
4239.3584 1.0074
4240.3345 0.9951
4241.311 0.9953
4242.2876 0.9929
4243.2646 0.9984
4244.2417 0.9635
4245.219 0.9709
4246.197 0.952
4247.175 0.9712
4248.153 0.9845
4249.130999999999 0.9793
4250.1094 0.9809
4251.0884 1.0037
4252.067 0.9861
4253.0464 0.9873
4254.026 0.9916
4255.0054 1.0051
4255.9854 1.0
4256.9653 0.9864
4257.946 0.9828
4258.9263 0.9852
4259.9067 0.9796
4260.8877 0.984
4261.869000000001 0.9917
4262.8506 0.9959
4263.832 0.9927
4264.814 0.9938
4265.7964 0.9905
4266.779 1.0028
4267.7609999999995 0.9925
4268.744000000001 0.9599
4269.727 0.9626
4270.7104 0.9576
4271.694 0.9768
4272.6772 0.99
4273.6616 0.9836
4274.6455 0.9819
4275.63 0.9899
4276.6147 0.9965
4277.5996 0.9986
4278.5845 0.9914
4279.57 0.9844
4280.555 0.9823
4281.541 0.9815
4282.527 0.9817
4283.513 0.9945
4284.4995 0.9869
4285.4863 0.9844
4286.473 0.9803
4287.4604 0.9805
4288.4478 0.9761
4289.435 0.9686
4290.423 0.9942
4291.411 0.9916
4292.3994 0.9804
4293.3877 0.9887
4294.3765 0.9947
4295.365 1.0137
4296.3545 1.0032
4297.3438 0.9832
4298.3335 0.9567
4299.323 0.9606
4300.3135 0.9688
4301.3037 0.9866
4302.2944 1.0022
4303.285 1.0041
4304.276 0.9945
4305.267 0.9777
4306.259 0.9701
4307.2505 0.9748
4308.242 0.9902
4309.2344 1.0064
4310.2266 0.9917
4311.219 0.979
4312.212 0.9586
4313.205 0.9683
4314.198 0.9867
4315.192 0.9801
4316.1855 0.9831
4317.1797 0.9924
4318.174 0.9759
4319.168 0.9544
4320.1626 0.9557
4321.1577 0.9568
4322.153 0.9511
4323.148 0.9143
4324.1436 0.9117
4325.1396 0.9043
4326.1353 0.9154
4327.1320000000005 0.9075
4328.128 0.9082
4329.125 0.8841
4330.1216 0.8628
4331.119000000001 0.8423
4332.116 0.8201
4333.1140000000005 0.7891
4334.112 0.7495
4335.11 0.6883
4336.1084 0.6268
4337.107 0.5071
4338.1055 0.3968
4339.1045 0.3669
4340.1035 0.4424
4341.103 0.5572
4342.103 0.6448
4343.103 0.7103
4344.103 0.7573
4345.1035 0.7925
4346.104 0.8234
4347.105 0.846
4348.106 0.8661
4349.1074 0.8737
4350.109 0.8765
4351.1104 0.8957
4352.1123 0.9189
4353.1147 0.9235
4354.117 0.9303
4355.1196 0.9463
4356.1226 0.9683
4357.126 0.9777
4358.1294 0.9802
4359.133 0.9834
4360.1367 0.9769
4361.1406 0.9856
4362.145 0.9903
4363.15 0.9893
4364.1543 0.9881
4365.1597 0.9924
4366.1646 0.9979
4367.17 0.9929
4368.1759999999995 0.9909
4369.1816 0.9918
4370.188 0.9974
4371.1943 0.9961
4372.2007 0.995
4373.208 0.9844
4374.215 0.9959
4375.222 1.0053
4376.2295 1.0036
4377.2373 1.0193
4378.2456 0.9969
4379.254 1.0107
4380.262 1.0006
4381.271 0.9692
4382.28 0.9621
4383.289000000001 0.9685
4384.2983 0.9956
4385.308 0.9969
4386.318 1.0028
4387.3279999999995 0.998
4388.3384 0.9935
4389.349 0.9939
4390.36 0.999
4391.3706 0.9987
4392.3823 0.9706
4393.3936 0.9432
4394.4053 0.9612
4395.4175 0.9792
4396.4297 0.9849
4397.442 0.9838
4398.4546 0.9801
4399.4673 0.9722
4400.4805 0.9857
4401.494000000001 0.9863
4402.508 0.9484
4403.5215 0.9685
4404.5356 0.9883
4405.55 0.9922
4406.5645 0.9995
4407.579000000001 1.0042
4408.594 0.9934
4409.6094 0.9917
4410.625 1.0001
4411.6406 0.9955
4412.6562 0.9813
4413.6724 0.9776
4414.689 0.9739
4415.7056 0.9789
4416.7227 0.9807
4417.7397 0.992
4418.7570000000005 0.9914
4419.7744 0.9873
4420.7925 0.9857
4421.8105 0.9922
4422.8286 0.9942
4423.847 0.9844
4424.8657 0.9822
4425.885 0.9869
4426.9043 0.9861
4427.9233 0.9815
4428.9434 0.9886
4429.963 0.988
4430.9834 0.9923
4432.004 0.999
4433.0244 0.9905
4434.045 0.999
4435.0664 0.9951
4436.0874 0.9957
4437.1094 0.9947
4438.130999999999 1.0014
4439.153 0.9897
4440.1753 0.9853
4441.1978 0.9729
4442.2207 0.9524
4443.2437 0.9755
4444.2666 0.9986
4445.29 1.0056
4446.314 0.9892
4447.338 0.9914
4448.362 0.979
4449.3859999999995 0.996
4450.411 0.9813
4451.4355 1.0042
4452.460999999999 0.9903
4453.4863 1.0048
4454.5117 0.9934
4455.5376 0.9911
4456.5635 0.9984
4457.59 1.0032
4458.616 0.9965
4459.643 0.9823
4460.67 0.9956
4461.6973 0.9959
4462.7246 0.9927
4463.7524 0.9898
4464.7803 0.9845
4465.8086 0.9664
4466.837 0.9621
4467.8657 0.96
4468.8945 0.9873
4469.924 0.9876
4470.9529999999995 0.9941
4471.9824 0.9892
4473.0127 0.9981
4474.0425 0.9983
4475.0728 0.9812
4476.1035 0.9951
4477.1343 0.9969
4478.165 0.9848
4479.1963 0.9758
4480.228 0.9683
4481.26 0.9784
4482.2915 0.9938
4483.3237 0.9924
4484.3564 0.9971
4485.389 1.0126
4486.4220000000005 0.9968
4487.455 0.9924
4488.4883 0.9965
4489.522 0.9901
4490.556 0.9848
4491.59 1.0003
4492.6245 0.9985
4493.659000000001 0.9918
4494.694 1.0012
4495.729 0.9898
4496.764 1.001
4497.8 0.9979
4498.8354 0.9652
4499.8716 0.9734
4500.9077 0.9863
4501.9443 0.9973
4502.981 0.9947
4504.018 0.994
4505.055 0.9908
4506.093 0.9796
4507.1304 0.9806
4508.168 0.9959
4509.2065 1.0016
4510.2446 0.9877
4511.282999999999 0.9943
4512.3223 0.9871
4513.3613 0.9838
4514.401 0.9824
4515.4404 0.9814
4516.48 0.9862
4517.5205 0.9917
4518.5605 0.9833
4519.601 0.9915
4520.642 0.9799
4521.683 0.9799
4522.724 0.9936
4523.7656 1.0011
4524.8076 0.9862
4525.8496 0.9951
4526.8916 0.9856
4527.934 0.9875
4528.977 0.9934
4530.02 0.988
4531.063 0.9686
4532.1064 0.9563
4533.1504 0.9729
4534.1943 0.9878
4535.2383 0.9981
4536.2827 0.9929
4537.327 0.9956
4538.372 0.9801
4539.4175 0.9833
4540.463 0.9962
4541.5083 0.9905
4542.554 0.9938
4543.6 0.9868
4544.6465 1.001
4545.693 0.9972
4546.7397 0.9502
4547.787 0.937
4548.8345 0.9582
4549.8820000000005 0.983
4550.9297 0.993
4551.9775 0.9893
4553.026 0.9765
4554.0740000000005 0.979
4555.123 0.9867
4556.1720000000005 0.9869
4557.221 0.9902
4558.2705 0.9913
4559.3203 0.9926
4560.37 0.9876
4561.4204 0.9722
4562.4707 0.9695
4563.5215 0.9781
4564.5728 0.9892
4565.6235 0.9974
4566.6753 1.0038
4567.7266 1.0056
4568.779 0.9831
4569.8306 0.9631
4570.8833 0.9605
4571.9355 0.9776
4572.9883 0.9963
4574.0415 0.9883
4575.0947 1.0014
4576.1484 0.9924
4577.202 0.9934
4578.2563 0.9966
4579.3105 0.9903
4580.365 0.9931
4581.42 0.9844
4582.475 0.9671
4583.5303 0.9758
4584.585999999999 0.995
4585.6416 0.9961
4586.6978 0.9815
4587.754 0.9853
4588.8105 0.9908
4589.867 0.9915
4590.9243 0.9916
4591.9814 0.995
4593.0386 0.9888
4594.0967 0.9969
4595.1543 0.9957
4596.2124 0.9827
4597.271 0.9835
4598.3296 0.9836
4599.3887 1.0007
4600.4478 0.9823
4601.5073 0.9813
4602.567 0.9851
4603.627 0.985
4604.687 0.9818
4605.7476 0.9876
4606.808 0.9885
4607.8687 0.984
4608.93 0.9935
4609.991 0.9344
4611.0527 0.9906
4612.1147 0.9755
4613.177 0.9892
4614.2393 0.9985
4615.302 0.9926
4616.3647 0.9979
4617.4277 0.9862
4618.491 0.99
4619.5547 0.9906
4620.6187 1.0002
4621.6826 1.0025
4622.747 0.9958
4623.8115 1.0065
4624.876 1.0019
4625.9414 0.9996
4627.0063 0.9891
4628.0723 0.9883
4629.1377 0.9868
4630.2036 0.9895
4631.27 0.9973
4632.3364 0.9923
4633.4033 0.9921
4634.47 0.9982
4635.5376 0.9955
4636.605 0.9929
4637.673 0.9982
4638.7407 0.9935
4639.809 0.9946
4640.8774 0.9999
4641.9463 0.9902
4643.015 0.9969
4644.0845 0.9964
4645.154 0.9963
4646.2236 0.9989
4647.2935 0.9941
4648.3640000000005 0.9899
4649.434 0.9968
4650.505 0.9999
4651.5757 0.9971
4652.647 0.9976
4653.7188 0.9941
4654.79 1.0029
4655.8623 1.0018
4656.934 1.0001
4658.0070000000005 0.9953
4659.0796 1.0106
4660.1523 0.9964
4661.2256 1.0098
4662.299 0.9851
4663.3726 0.9198
4664.4463 0.9912
4665.5205 0.994
4666.595 0.9966
4667.6694 0.9919
4668.7446 1.0075
4669.82 0.9869
4670.895 0.9996
4671.9707 0.9974
4673.0464 0.9857
4674.1226 1.0007
4675.1990000000005 0.9986
4676.276 1.0035
4677.3525 0.9987
4678.4297 0.9941
4679.5073 0.9928
4680.585 0.9976
4681.6626 0.9908
4682.7407 0.9999
4683.819 0.9978
4684.8975 0.9977
4685.9766 0.9923
4687.0557 0.9952
4688.1353 1.0012
4689.215 0.989
4690.2944 1.0032
4691.3745 1.0132
4692.455 0.9956
4693.5356 0.9938
4694.616 0.9975
4695.6973 0.9971
4696.779 1.0064
4697.8604 1.0053
4698.9424 1.0017
4700.0244 1.0025
4701.107 0.9909
4702.1895 0.9926
4703.272 1.0032
4704.3555 1.0028
4705.4385 1.0037
4706.522 0.9981
4707.606 0.9958
4708.69 1.0046
4709.7744 1.0005
4710.859 0.99
4711.944 0.9921
4713.029 0.9986
4714.1143 0.9972
4715.1997 0.9947
4716.2856 0.9932
4717.372 0.9962
4718.458 0.9908
4719.545 0.9835
4720.6320000000005 0.9949
4721.7188 0.9882
4722.806 0.9984
4723.8936 0.9949
4724.9814 1.001
4726.07 0.9981
4727.1577 0.9931
4728.2466 1.0192
4729.3354 0.9871
4730.4243 0.9959
4731.5137 0.9942
4732.6035 1.001
4733.6934 0.9887
4734.782999999999 0.9934
4735.8735 0.9888
4736.9644 0.991
4738.055 0.9984
4739.1465 0.9903
4740.238 0.9916
4741.329000000001 0.9948
4742.420999999999 0.9942
4743.513 0.9943
4744.6055 0.9932
4745.698 0.9975
4746.791 0.9932
4747.8843 0.9813
4748.9775 1.0011
4750.0713 0.9926
4751.165 1.0011
4752.2593 0.9895
4753.3535 0.993
4754.448 0.9958
4755.543 0.9979
4756.638 0.9964
4757.7334 0.9876
4758.829000000001 0.9886
4759.925 0.9923
4761.021 0.9998
4762.1177 0.9952
4763.2144 0.9906
4764.311 0.9889
4765.407999999999 0.9871
4766.505999999999 0.9893
4767.6035 0.9903
4768.701 0.9865
4769.7993 0.9866
4770.898 0.9851
4771.9966 0.9835
4773.095 0.9825
4774.1943 0.9791
4775.294 0.9892
4776.3936 0.9928
4777.4937 0.9874
4778.5938 0.9845
4779.6943 0.9876
4780.795 0.9872
4781.896 0.982
4782.997 0.9905
4784.0986 0.996
4785.2 0.9875
4786.3022 0.9879
4787.4043 0.988
4788.5070000000005 0.9846
4789.6094 1.001
4790.7124 0.9999
4791.816 0.9907
4792.9194 0.9937
4794.023 0.9893
4795.127 0.9928
4796.2314 0.9928
4797.335999999999 0.9842
4798.4404 0.9951
4799.5454 0.9941
4800.651 0.9913
4801.7563 0.9868
4802.862 0.9891
4803.9683 0.9909
4805.0740000000005 0.9921
4806.1807 0.9966
4807.2876 0.9997
4808.3945 0.9934
4809.502 0.9834
4810.6094 0.9962
4811.7173 0.995
4812.8257 0.9995
4813.9336 0.9968
4815.0425 0.9893
4816.1514 0.9952
4817.2603 0.9893
4818.3696 0.987
4819.479 0.99
4820.589 0.9866
4821.6990000000005 0.9909
4822.8096 0.9697
4823.92 1.0021
4825.0312 1.0006
4826.142 0.9956
4827.2534 1.0018
4828.365 0.9845
4829.477 0.9902
4830.5894 0.9968
4831.7017 0.9844
4832.8145 0.978
4833.9272 0.9902
4835.0405 0.9771
4836.154 0.9847
4837.2676 0.978
4838.3813 0.9714
4839.4956 0.9712
4840.6104 0.9636
4841.725 0.9584
4842.84 0.9563
4843.955 0.9516
4845.071 0.9409
4846.1865 0.9276
4847.3022 0.9189
4848.4185 0.9089
4849.535 0.8869
4850.652 0.8801
4851.769 0.8576
4852.8859999999995 0.825
4854.004 0.8018
4855.1216 0.762
4856.2397 0.7124
4857.358 0.6198
4858.4766 0.473
4859.595 0.3955
4860.7144 0.4739
4861.834 0.6111
4862.9536 0.7006
4864.073 0.7574
4865.1934 0.8001
4866.314 0.8301
4867.4346 0.852
4868.555 0.8816
4869.6763 0.8917
4870.798 0.8989
4871.9194 0.9102
4873.0415 0.9296
4874.1636 0.9455
4875.286 0.9438
4876.4087 0.9412
4877.5317 0.9542
4878.6553 0.9623
4879.7783 0.9669
4880.9023 0.9677
4882.0264 0.9625
4883.1504 0.9729
4884.275 0.9696
4885.4 0.9805
4886.525 0.977
4887.65 0.9803
4888.776 0.9755
4889.9014 0.9698
4891.0273 0.9754
4892.154 0.9879
4893.2803 0.9872
4894.407 0.9934
4895.5347 0.9846
4896.6616 0.989
4897.7896 0.9763
4898.9175 0.9905
4900.0454 0.9845
4901.174 1.0002
4902.3027 0.9948
4903.4316 0.9924
4904.5605 1.0021
4905.69 0.9991
4906.82 1.0057
4907.9497 1.0048
4909.08 1.002
4910.2104 0.996
4911.3413 1.0032
4912.472 0.9982
4913.6035 0.9994
4914.735 1.0012
4915.8667 0.9996
4916.999 0.9964
4918.1313 0.9859
4919.2637 0.9968
4920.3965 0.9842
4921.53 0.9607
4922.663 0.9604
4923.7970000000005 0.9802
4924.9307 0.9882
4926.0645 0.9981
4927.1990000000005 0.9934
4928.334 0.9919
4929.4688 0.9955
4930.604 0.9934
4931.7393 0.9978
4932.875 0.9912
4934.0107 0.9862
4935.147 0.9977
4936.2837 1.0
4937.4204 0.9941
4938.5576 0.9985
4939.695 0.9944
4940.8325 0.9903
4941.97 0.996
4943.108 0.9979
4944.2466 1.002
4945.3853 0.9932
4946.524 0.9939
4947.663 0.9922
4948.8022 1.0081
4949.942 1.0
