3911.1108 1.0
3912.0115 1.0857
3912.9124 0.8486
3913.8135 1.0443
3914.7146 0.8683
3915.6162 1.0089
3916.5178 1.1137
3917.4197 0.9139
3918.3218 1.2319
3919.224 0.9277
3920.1267 0.7983
3921.0295 1.0043
3921.9324 0.5476
3922.8357 0.6406
3923.739 0.7658
3924.6426 0.775
3925.5464 0.7176
3926.4504 0.6355
3927.3545 0.9345
3928.259 0.9074
3929.1636 0.839
3930.0684 0.8485
3930.9734 0.8928
3931.8787 0.8213
3932.7842 0.7668
3933.6897 0.9473
3934.5957 0.639
3935.5017 0.5083
3936.408 0.2157
3937.3145 0.2319
3938.2212 0.1865
3940.0354 0.5588
3940.9426 0.7416
3941.85 0.3487
3942.7578 1.0781
3943.6658 0.5357
3944.574 1.0334
3945.4824 1.0731
3946.3909999999996 0.987
3947.2998 0.8075
3948.2087 0.9417
3949.118 0.7155
3950.0273 0.8391
3950.937 0.7011
3951.847 0.7875
3952.7568 0.5793
3953.6672 0.739
3954.5776 0.9356
3955.4883 0.9435
3956.3992 0.9687
3957.3103 0.7694
3958.2217 0.9025
3959.1333 0.6634
3960.045 0.7705
3960.9568 0.8455
3961.869 0.7037
3962.7812 0.6472
3963.6938 0.7156
3964.6067 0.7583
3965.5198 0.8769
3966.4329 0.8391
3967.3462 0.7557
3968.26 0.704
3969.1738 0.7683
3970.0879999999997 0.7362
3971.002 0.556
3971.9165 0.3294
3972.8313 0.149
3973.7459999999996 0.2103
3974.6611 0.2059
3975.5764 0.4644
3976.492 0.4931
3977.4077 0.5794
3978.3237 0.8449
3979.2397 0.799
3980.1562 0.724
3981.0728 0.5053
3981.9895 0.9663
3982.9065 0.8254
3983.8237 0.9752
3984.7412 0.7967
3985.6587 0.7637
3986.5767 1.044
3987.4946 0.7158
3988.4128 0.8631
3989.3313 1.0012
3990.25 0.8652
3991.1690000000003 0.8641
3992.0881 0.9406
3993.0073 1.0022
3993.927 0.9596
3994.8467 1.1198
3995.7666 0.9492
3996.6868 0.8105
3997.6072 0.5909
3998.5278 0.884
3999.4485 0.7808
4000.3696 0.7845
4001.2908 0.8695
4002.2122 0.9096
4003.1338 0.6749
4004.0557 0.7637
4004.9778 0.6852
4005.9001 0.9095
4006.8225 0.7399
4007.7454 0.8978
4008.6682 0.8996
4009.5913 0.7607
4010.5146 1.0834
4011.4382 0.7044
4012.362 0.8345
4013.2861 0.9519
4014.2102 0.9478
4015.1345 0.7355
4016.0593 0.8972
4016.9841 0.8394
4017.9092 0.9013
4018.8345 0.9023
4019.7598 0.8398
4020.6855 0.709
4021.6116 0.9746
4022.5376 1.1094
4023.4639 0.8905
4024.3904 0.8735
4025.3171 0.7262
4026.2441 0.8903
4027.1714 0.9205
4028.0989 0.8942
4029.0264 0.8928
4029.954 1.02
4030.8823 1.1292
4031.8105 0.958
4032.739 0.924
4033.6677 1.0501
4034.5964 0.9522
4035.5256 0.7821
4036.455 0.8139
4037.3845 0.8967
4038.3142 0.8471
4039.2441 0.8082
4040.1743 0.8435
4041.1047 0.7903
4042.0354 0.7898
4042.9663 0.909
4043.8972 1.044
4044.8286 1.0215
4045.76 0.9867
4046.6917 0.7829
4047.6235 0.8932
4048.5557 0.8385
4049.488 0.8656
4050.4204 0.923
4051.3533 0.818
4052.2861 1.0008
4053.2195 0.8312
4054.1528 1.0396
4055.0864 0.9858
4056.0203 0.9864
4056.9543 0.9757
4057.8884 0.97
4058.823 0.9298
4059.7576 1.1837
4060.6926 0.8543
4061.6277 0.8636
4062.563 1.095
4063.4985 0.9505
4064.4343 1.0362
4065.3704 0.9781
4066.3064 1.0083
4067.243 0.9467
4068.1794 1.1362
4069.1165 0.9361
4070.0535 0.8857
4070.9907 0.8199
4071.9282 0.9287
4072.866 0.8686
4073.8037 0.9514
4074.742 0.992
4075.6804 0.8477
4076.619 1.013
4077.5576 1.0672
4078.4966 0.9382
4079.4358 0.962
4080.3752 1.0986
4081.315 0.8752
4082.255 0.9008
4083.1948 0.8438
4084.1353 0.7171
4085.0757 0.9189
4086.0164 0.9408
4086.9575 0.914
4087.8987 0.9763
4088.8398 1.1389
4089.7815 0.8911
4090.7234 0.948
4091.6653 1.0361
4092.6077 0.8761
4093.55 1.0065
4094.4927 1.007
4095.4358 0.9118
4096.379 0.8396
4097.3223 0.7582
4098.2656 0.7935
4099.2095 1.0852
4100.1533 0.8537
4101.0977 0.5681
4102.042 0.7951
4102.987 0.7696
4103.9316 0.6112
4104.8765 0.6271
4105.822 0.4952
4106.7676 0.3651
4107.7134 0.5517
4108.659000000001 0.417
4109.6055 0.809
4110.552 0.6782
4111.498 0.8588
4112.4453 0.8933
4113.392 0.734
4114.3394 0.8677
4115.2866 0.7595
4116.2344 0.821
4117.1826 0.8854
4118.1304 0.9624
4119.079000000001 0.9214
4120.0273 0.8779
4120.976 0.9001
4121.9253 1.1072
4122.8745 0.8997
4123.8237 0.8834
4124.7734 0.8431
4125.7236 1.0305
4126.6733 0.9328
4127.624 0.8979
4128.5740000000005 1.0347
4129.525 0.8368
4130.476 1.0805
4131.4272 0.9555
4132.379 0.7863
4133.33 0.8661
4134.282 1.0825
4135.2344 0.9744
4136.1865 1.0831
4137.139 1.0612
4138.092000000001 0.7972
4139.0444 0.9366
4139.998 0.9508
4140.951 0.9646
4141.905 0.8949
4142.8584 0.8455
4143.8125 0.9323
4144.767 0.957
4145.721 0.9353
4146.6763 1.0198
4147.630999999999 0.9551
4148.585999999999 0.7794
4149.5415 0.9613
4150.497 1.0219
4151.4526 0.8592
4152.4087 0.8915
4153.365 0.8925
4154.322 0.9973
4155.2783 1.1065
4156.2354 0.9301
4157.1924 0.7724
4158.1494 0.8102
4159.107 0.9681
4160.065 0.8593
4161.023 0.8309
4161.981 0.9143
4162.9395 0.9042
4163.8984 0.9591
4164.857 0.9891
4165.8164 0.7932
4166.7754 0.8778
4167.7354 0.9094
4168.695 0.9093
4169.655 0.9241
4170.615 0.9231
4171.5757 1.0518
4172.536 1.1243
4173.497 0.8614
4174.458 0.9797
4175.4194 0.8903
4176.380999999999 0.8855
4177.343 0.8869
4178.3047 0.8693
4179.267 0.9393
4180.2295 0.9388
4181.192 0.8899
4182.155 0.9339
4183.1179999999995 0.9472
4184.081 0.9051
4185.045 1.0134
4186.009 0.9999
4186.9727 1.0185
4187.9365 0.9413
4188.9014 0.9065
4189.8657 0.9267
4190.8306 0.852
4191.795999999999 0.9699
4192.7609999999995 0.7726
4193.7266 0.8803
4194.6924 0.8659
4195.657999999999 1.0476
4196.6245 0.8921
4197.590999999999 0.9456
4198.5576 0.9245
4199.5244 1.0851
4200.4917 1.0014
4201.459 0.9762
4202.4263 1.0242
4203.394 1.0242
4204.3623 0.9807
4205.33 0.9174
4206.299 0.8862
4207.2676 0.9631
4208.2363 0.9526
4209.2056 0.8828
4210.175 0.9468
4211.144 0.9231
4212.1140000000005 1.0193
4213.084 1.0844
4214.054 0.9151
4215.0244 0.9166
4215.995 0.9693
4216.9663 0.9959
4217.937 0.9819
4218.9087 0.9104
4219.88 0.9122
4220.852 0.8904
4221.8237 0.8548
4222.795999999999 0.8786
4223.7686 0.97
4224.741 1.0385
4225.714 1.0173
4226.687 0.8587
4227.6606 0.9766
4228.6343 0.9293
4229.608 0.9977
4230.582 0.916
4231.556 0.7236
4232.531 0.8991
4233.5054 0.8403
4234.4805 0.9652
4235.4556 0.8858
4236.4307 1.0569
4237.4062 0.9341
4238.3823 0.9009
4239.3584 0.9322
4240.3345 0.8812
4241.311 1.0255
4242.2876 0.9122
4243.2646 1.0535
4244.2417 0.8379
4245.219 1.001
4246.197 1.0377
4247.175 1.1143
4248.153 0.8912
4249.130999999999 0.9614
4250.1094 0.898
4251.0884 0.9963
4252.067 0.8889
4253.0464 0.9489
4254.026 1.0453
4255.0054 0.7438
4255.9854 0.8904
4256.9653 0.9596
4257.946 1.0305
4258.9263 1.0697
4259.9067 0.9847
4260.8877 0.9291
4261.869000000001 0.9566
4262.8506 0.8935
4263.832 0.9898
4264.814 0.8814
4265.7964 0.9169
4266.779 0.9811
4267.7609999999995 0.9542
4268.744000000001 0.9577
4269.727 1.029
4270.7104 0.9822
4271.694 0.8637
4272.6772 0.9713
4273.6616 1.0475
4274.6455 0.9592
4275.63 0.9447
4276.6147 0.9164
4277.5996 0.8448
4278.5845 0.8362
4279.57 0.9011
4280.555 0.9463
4281.541 0.9469
4282.527 0.978
4283.513 0.9159
4284.4995 0.9789
4285.4863 0.9712
4286.473 1.0412
4287.4604 0.9318
4288.4478 0.9738
4289.435 0.9056
4290.423 0.924
4291.411 0.9926
4292.3994 0.8979
4293.3877 0.9552
4294.3765 0.837
4295.365 0.8779
4296.3545 0.8964
4297.3438 0.9595
4298.3335 0.9789
4299.323 0.7893
4300.3135 0.9864
4301.3037 0.8317
4302.2944 1.1478
4303.285 0.8301
4304.276 0.8018
4305.267 0.8605
4306.259 0.8195
4307.2505 0.8421
4308.242 0.9287
4309.2344 0.8797
4310.2266 1.0495
4311.219 0.9258
4312.212 0.8629
4313.205 0.9464
4314.198 0.89
4315.192 1.0644
4316.1855 0.9217
4317.1797 0.9529
4318.174 0.8739
4319.168 0.9002
4320.1626 0.8674
4321.1577 0.9355
4322.153 0.972
4323.148 0.9519
4324.1436 0.8901
4325.1396 1.0197
4326.1353 0.8492
4327.1320000000005 0.9886
4328.128 1.0043
4329.125 0.9311
4330.1216 0.9389
4331.119000000001 0.9356
4332.116 0.9062
4333.1140000000005 0.8708
4334.112 0.9229
4335.11 0.8844
4336.1084 0.8211
4337.107 0.8777
4338.1055 0.9188
4339.1045 0.9512
4340.1035 0.8985
4341.103 0.7548
4342.103 0.7643
4343.103 0.7689
4344.103 0.6411
4345.1035 0.5425
4346.104 0.3743
4347.105 0.5194
4348.106 0.6722
4349.1074 0.6619
4350.109 0.8224
4351.1104 0.8671
4352.1123 0.8235
4353.1147 0.8834
4354.117 0.9193
4355.1196 0.8842
4356.1226 0.8979
4357.126 0.9071
4358.1294 0.9701
4359.133 1.0457
4360.1367 0.7703
4361.1406 0.9616
4362.145 1.0475
4363.15 1.0148
4364.1543 1.0611
4365.1597 0.9937
4366.1646 0.9247
4367.17 1.0751
4368.1759999999995 1.0921
4369.1816 0.9392
4370.188 0.9501
4371.1943 1.0006
4372.2007 0.9697
4373.208 0.9713
4374.215 0.9033
4375.222 1.0851
4376.2295 0.9405
4377.2373 1.0433
4378.2456 0.8594
4379.254 0.927
4380.262 0.8364
4381.271 0.9694
4382.28 0.8446
4383.289000000001 0.8747
4384.2983 1.027
4385.308 1.0114
4386.318 0.9848
4387.3279999999995 0.9519
4388.3384 0.9486
4389.349 0.9287
4390.36 0.898
4391.3706 0.962
4392.3823 0.9399
4393.3936 0.9429
4394.4053 0.974
4395.4175 0.9563
4396.4297 0.9699
4397.442 1.0252
4398.4546 1.0051
4399.4673 0.9074
4400.4805 0.8848
4401.494000000001 0.8889
4402.508 0.8771
4403.5215 0.9276
4404.5356 0.9653
4405.55 0.9189
4406.5645 0.8721
4407.579000000001 0.9484
4408.594 0.9786
4409.6094 0.9313
4410.625 0.9475
4411.6406 0.9334
4412.6562 0.9796
4413.6724 0.9082
4414.689 0.9971
4415.7056 0.9441
4416.7227 1.0476
4417.7397 0.8809
4418.7570000000005 0.9817
4419.7744 0.9389
4420.7925 0.9242
4421.8105 0.9209
4422.8286 0.8998
4423.847 0.952
4424.8657 0.7889
4425.885 0.9563
4426.9043 0.983
4427.9233 0.9899
4428.9434 1.0223
4429.963 0.9375
4430.9834 0.9323
4432.004 0.8931
4433.0244 0.9891
4434.045 0.8406
4435.0664 1.0165
4436.0874 0.9107
4437.1094 1.0225
4438.130999999999 0.8724
4439.153 1.0361
4440.1753 0.9285
4441.1978 0.9198
4442.2207 0.953
4443.2437 1.0341
4444.2666 0.904
4445.29 0.9541
4446.314 0.9134
4447.338 0.8856
4448.362 0.8365
4449.3859999999995 0.8548
4450.411 1.0188
4451.4355 0.9107
4452.460999999999 1.0182
4453.4863 0.9289
4454.5117 0.9578
4455.5376 0.9384
4456.5635 0.9672
4457.59 0.9118
4458.616 0.9119
4459.643 0.9651
4460.67 0.8891
4461.6973 0.8827
4462.7246 0.9157
4463.7524 0.8904
4464.7803 0.9447
4465.8086 0.9632
4466.837 0.9141
4467.8657 0.9791
4468.8945 0.9275
4469.924 0.8709
4470.9529999999995 0.9164
4471.9824 0.9213
4473.0127 1.0126
4474.0425 0.8877
4475.0728 0.9043
4476.1035 0.8992
4477.1343 0.9072
4478.165 1.0232
4479.1963 0.9913
4480.228 0.9023
4481.26 0.9354
4482.2915 0.9047
4483.3237 0.9404
4484.3564 1.0158
4485.389 0.9573
4486.4220000000005 0.8758
4487.455 0.9816
4488.4883 0.8606
4489.522 0.965
4490.556 1.0057
4491.59 1.0575
4492.6245 1.0209
4493.659000000001 0.891
4494.694 0.9743
4495.729 0.9902
4496.764 0.9463
4497.8 0.9658
4498.8354 0.9416
4499.8716 0.8449
4500.9077 1.026
4501.9443 0.9616
4502.981 0.9431
4504.018 1.0519
4505.055 1.0092
4506.093 0.9187
4507.1304 0.9052
4508.168 0.9097
4509.2065 0.9233
4510.2446 0.9494
4511.282999999999 1.0278
4512.3223 1.0679
4513.3613 0.9724
4514.401 0.924
4515.4404 0.9717
4516.48 0.9851
4517.5205 0.9718
4518.5605 0.9523
4519.601 1.0159
4520.642 1.0344
4521.683 0.9692
4522.724 1.026
4523.7656 1.0032
4524.8076 0.955
4525.8496 0.9461
4526.8916 0.9347
4527.934 0.9173
4528.977 0.912
4530.02 0.9053
4531.063 0.9052
4532.1064 1.0086
4533.1504 0.9821
4534.1943 0.8902
4535.2383 0.9819
4536.2827 0.9673
4537.327 0.9043
4538.372 0.9525
4539.4175 0.8734
4540.463 0.8957
4541.5083 0.9209
4542.554 1.0728
4543.6 1.0019
4544.6465 0.9895
4545.693 0.9826
4546.7397 0.9412
4547.787 0.9966
4548.8345 0.9655
4549.8820000000005 0.9894
4550.9297 0.9563
4551.9775 0.9238
4553.026 1.0267
4554.0740000000005 0.9561
4555.123 0.8642
4556.1720000000005 0.8802
4557.221 0.9426
4558.2705 0.9938
4559.3203 0.9212
4560.37 0.8706
4561.4204 0.8398
4562.4707 0.9485
4563.5215 0.9988
4564.5728 1.0104
4565.6235 0.9896
4566.6753 1.0743
4567.7266 0.9549
4568.779 0.8516
4569.8306 0.9235
4570.8833 0.8971
4571.9355 1.0116
4572.9883 0.9229
4574.0415 0.9412
4575.0947 0.9393
4576.1484 0.9409
4577.202 0.9313
4578.2563 0.9001
4579.3105 0.9369
4580.365 0.9826
4581.42 0.9711
4582.475 0.8915
4583.5303 0.9822
4584.585999999999 0.9824
4585.6416 0.975
4586.6978 1.0075
4587.754 0.9116
4588.8105 0.8913
4589.867 0.9237
4590.9243 0.9097
4591.9814 0.9918
4593.0386 0.9985
4594.0967 0.9262
4595.1543 0.9211
4596.2124 0.8943
4597.271 0.9614
4598.3296 1.0071
4599.3887 0.9234
4600.4478 0.9233
4601.5073 0.9308
4602.567 0.9938
4603.627 0.9688
4604.687 0.8913
4605.7476 0.9597
4606.808 0.9285
4607.8687 0.9994
4608.93 0.9277
4609.991 0.9608
4611.0527 1.0249
4612.1147 0.9991
4613.177 0.9594
4614.2393 0.9563
4615.302 0.9321
4616.3647 0.9516
4617.4277 1.062
4618.491 0.9787
4619.5547 1.0875
4620.6187 0.937
4621.6826 1.0289
4622.747 0.8874
4623.8115 1.0268
4624.876 0.9347
4625.9414 0.9854
4627.0063 0.931
4628.0723 0.9135
4629.1377 1.0327
4630.2036 0.9307
4631.27 1.008
4632.3364 0.9567
4633.4033 0.9714
4634.47 0.9435
4635.5376 0.9352
4636.605 0.917
4637.673 0.9691
4638.7407 1.0106
4639.809 0.9954
4640.8774 0.8999
4641.9463 1.0783
4643.015 0.9245
4644.0845 0.9788
4645.154 0.9493
4646.2236 1.0601
4647.2935 1.0035
4648.3640000000005 0.9535
4649.434 1.0219
4650.505 0.9505
4651.5757 0.9566
4652.647 1.0179
4653.7188 0.9575
4654.79 0.957
4655.8623 0.9999
4656.934 0.9228
4658.0070000000005 0.9478
4659.0796 1.0031
4660.1523 1.0197
4661.2256 1.0088
4662.299 0.9464
4663.3726 0.9384
4664.4463 0.9857
4665.5205 0.9868
4666.595 0.9518
4667.6694 0.9688
4668.7446 0.9739
4669.82 1.0019
4670.895 0.956
4671.9707 0.9982
4673.0464 0.9292
4674.1226 0.9733
4675.1990000000005 0.957
4676.276 1.0111
4677.3525 0.9107
4678.4297 1.0262
4679.5073 0.9638
4680.585 0.9411
4681.6626 1.0165
4682.7407 1.0018
4683.819 0.9487
4684.8975 0.9414
4685.9766 0.9767
4687.0557 1.0238
4688.1353 1.017
4689.215 1.0096
4690.2944 1.0016
4691.3745 1.0529
4692.455 0.9944
4693.5356 0.9425
4694.616 1.0143
4695.6973 1.0766
4696.779 0.9556
4697.8604 0.9557
4698.9424 0.9233
4700.0244 0.9899
4701.107 1.0025
4702.1895 0.9056
4703.272 1.0155
4704.3555 1.0118
4705.4385 0.9699
4706.522 1.0271
4707.606 1.0265
4708.69 0.9542
4709.7744 0.9593
4710.859 0.9245
4711.944 0.8984
4713.029 0.9011
4714.1143 0.9644
4715.1997 0.9197
4716.2856 0.9651
4717.372 1.0894
4718.458 0.9326
4719.545 0.9543
4720.6320000000005 0.9344
4721.7188 0.9424
4722.806 1.0409
4723.8936 0.973
4724.9814 0.9515
4726.07 0.9971
4727.1577 0.9932
4728.2466 0.9742
4729.3354 0.9485
4730.4243 0.9822
4731.5137 0.9915
4732.6035 0.9723
4733.6934 0.9554
4734.782999999999 0.9095
4735.8735 0.9548
4736.9644 0.9633
4738.055 1.0016
4739.1465 1.0288
4740.238 0.949
4741.329000000001 0.9574
4742.420999999999 0.9706
4743.513 0.9676
4744.6055 0.9379
4745.698 0.9557
4746.791 0.9864
4747.8843 0.9472
4748.9775 0.9663
4750.0713 1.026
4751.165 0.9391
4752.2593 0.9247
4753.3535 0.9574
4754.448 0.9855
4755.543 0.9202
4756.638 0.9303
4757.7334 0.8731
4758.829000000001 1.0426
4759.925 0.9757
4761.021 0.9947
4762.1177 0.9875
4763.2144 0.9062
4764.311 0.9101
4765.407999999999 0.9694
4766.505999999999 0.9636
4767.6035 0.9838
4768.701 0.9867
4769.7993 0.9414
4770.898 0.9754
4771.9966 0.9166
4773.095 1.0391
4774.1943 0.9604
4775.294 1.0102
4776.3936 0.9688
4777.4937 1.0107
4778.5938 0.9062
4779.6943 1.0043
4780.795 1.0021
4781.896 0.9114
4782.997 1.0187
4784.0986 0.9516
4785.2 0.9859
4786.3022 1.022
4787.4043 0.9466
4788.5070000000005 0.9917
4789.6094 1.0055
4790.7124 0.9582
4791.816 0.9914
4792.9194 0.9315
4794.023 0.9897
4795.127 1.0519
4796.2314 0.9527
4797.335999999999 0.9438
4798.4404 0.9795
4799.5454 0.9612
4800.651 0.9624
4801.7563 0.9741
4802.862 0.9979
4803.9683 0.9843
4805.0740000000005 0.9579
4806.1807 1.024
4807.2876 1.0086
4808.3945 0.9829
4809.502 0.9793
4810.6094 1.0472
4811.7173 0.9811
4812.8257 0.9867
4813.9336 1.0566
4815.0425 0.9272
4816.1514 0.9631
4817.2603 0.9393
4818.3696 1.0028
4819.479 0.9167
4820.589 0.9905
4821.6990000000005 0.8985
4822.8096 0.9879
4823.92 0.9429
4825.0312 1.0479
4826.142 0.957
4827.2534 0.9366
4828.365 0.9844
4829.477 0.9081
4830.5894 0.901
4831.7017 0.9913
4832.8145 0.9522
4833.9272 0.9446
4835.0405 0.9459
4836.154 0.9358
4837.2676 1.0215
4838.3813 0.9702
4839.4956 1.0093
4840.6104 0.9207
4841.725 0.9948
4842.84 0.9379
4843.955 0.9357
4845.071 1.0395
4846.1865 0.9044
4847.3022 0.9597
4848.4185 0.9556
4849.535 0.9328
4850.652 1.0004
4851.769 0.9238
4852.8859999999995 0.9868
4854.004 0.9553
4855.1216 0.972
4856.2397 0.8933
4857.358 0.9476
4858.4766 0.9729
4859.595 0.9229
4860.7144 0.8586
4861.834 0.842
4862.9536 0.7898
4864.073 0.8093
4865.1934 0.7665
4866.314 0.544
4867.4346 0.4873
4868.555 0.5797
4869.6763 0.6918
4870.798 0.7602
4871.9194 0.7878
4873.0415 0.8613
4874.1636 0.872
4875.286 0.9014
4876.4087 0.8756
4877.5317 0.8717
4878.6553 0.8908
4879.7783 0.8583
4880.9023 0.9411
4882.0264 0.9475
4883.1504 0.9124
4884.275 0.9114
4885.4 0.9042
4886.525 0.9565
4887.65 0.9294
4888.776 0.929
4889.9014 0.9363
4891.0273 0.8904
4892.154 0.9945
4893.2803 0.9029
4894.407 0.9366
4895.5347 0.9587
4896.6616 0.9549
4897.7896 0.9369
4898.9175 0.9215
4900.0454 0.8825
4901.174 0.9988
4902.3027 0.9328
4903.4316 0.9846
4904.5605 0.9672
4905.69 0.9583
4906.82 0.9925
4907.9497 0.9785
4909.08 0.9753
4910.2104 0.9444
4911.3413 0.9425
4912.472 0.9994
4913.6035 0.9795
4914.735 0.989
4915.8667 0.9421
4916.999 0.9409
4918.1313 0.9096
4919.2637 0.9702
4920.3965 1.0052
4921.53 1.0162
4922.663 1.0163
4923.7970000000005 0.9786
4924.9307 0.9863
4926.0645 0.9047
4927.1990000000005 0.8912
4928.334 0.9086
4929.4688 0.8825
4930.604 0.8844
4931.7393 0.9484
4932.875 0.9469
4934.0107 0.9699
4935.147 0.9852
4936.2837 0.9647
4937.4204 1.0026
4938.5576 0.9599
4939.695 0.9049
4940.8325 0.9339
4941.97 0.9194
4943.108 0.9532
4944.2466 0.977
4945.3853 0.9051
4946.524 0.95
4947.663 1.0216
4948.8022 0.9875
4949.942 1.0
