3911.1108 1.0
3912.0115 0.445
3912.9124 1.3656
3913.8135 0.5626
3914.7146 0.997
3915.6162 0.7803
3916.5178 1.1016
3917.4197 0.9209
3918.3218 1.0696
3919.224 0.4891
3920.1267 0.9371
3921.0295 0.6263
3921.9324 0.4739
3922.8357 0.0455
3923.739 1.0046
3924.6426 0.8793
3925.5464 0.852
3926.4504 0.9856
3927.3545 0.7418
3928.259 1.094
3929.1636 1.0249
3930.0684 0.7159
3930.9734 0.5015
3931.8787 0.2323
3932.7842 0.533
3933.6897 0.1514
3934.5957 0.1405
3935.5017 0.3823
3936.408 0.1814
3937.3145 0.408
3938.2212 0.1578
3939.1282 0.5769
3940.0354 0.3644
3940.9426 1.0037
3941.85 1.0751
3942.7578 0.8313
3943.6658 0.4738
3944.574 0.8182
3945.4824 1.2691
3946.3909999999996 0.8567
3947.2998 0.5181
3948.2087 0.926
3949.118 0.8742
3950.0273 0.7703
3950.937 0.445
3951.847 0.5235
3952.7568 0.8111
3953.6672 0.6154
3954.5776 0.7335
3955.4883 0.6232
3956.3992 0.7051
3957.3103 0.9459
3958.2217 0.8259
3959.1333 0.7477
3960.045 0.4523
3960.9568 0.5738
3961.869 0.7633
3962.7812 0.5663
3963.6938 0.6068
3964.6067 0.7498
3965.5198 0.6597
3966.4329 0.4678
3967.3462 0.4888
3968.26 0.7775
3969.1738 0.0178
3970.0879999999997 0.253
3971.002 0.4368
3971.9165 0.5805
3972.8313 0.3368
3973.7459999999996 0.6352
3974.6611 0.4364
3975.5764 0.7167
3976.492 0.8126
3977.4077 0.4172
3978.3237 0.8252
3979.2397 0.3824
3980.1562 0.6514
3981.0728 0.6278
3981.9895 0.7225
3982.9065 0.8171
3983.8237 0.6611
3984.7412 0.413
3985.6587 0.8299
3986.5767 0.6444
3987.4946 0.949
3988.4128 0.6722
3989.3313 0.966
3990.25 0.5843
3991.1690000000003 0.9739
3992.0881 0.6961
3993.0073 1.0029
3993.927 0.9719
3994.8467 0.8311
3995.7666 0.553
3996.6868 0.8211
3997.6072 1.2
3998.5278 1.2961
3999.4485 0.7384
4000.3696 0.5311
4001.2908 0.7428
4002.2122 1.0786
4003.1338 1.0531
4004.0557 0.6277
4004.9778 0.308
4005.9001 0.2367
4006.8225 0.4149
4007.7454 0.7107
4008.6682 0.7686
4009.5913 0.6774
4010.5146 0.5271
4011.4382 0.6288
4012.362 0.8399
4013.2861 0.6557
4014.2102 1.0926
4015.1345 0.9278
4016.0593 0.643
4016.9841 0.5997
4017.9092 0.6257
4018.8345 0.9396
4019.7598 0.8354
4020.6855 0.5955
4021.6116 0.6031
4022.5376 0.5435
4023.4639 0.7575
4024.3904 0.8307
4025.3171 1.1227
4026.2441 1.2164
4027.1714 0.8878
4028.0989 0.8787
4029.0264 0.9322
4029.954 1.0707
4030.8823 0.6319
4031.8105 0.7622
4032.739 0.5925
4033.6677 0.8333
4034.5964 1.1323
4035.5256 0.6259
4036.455 0.3564
4037.3845 0.9592
4038.3142 0.5422
4039.2441 1.1278
4040.1743 0.9058
4041.1047 1.0664
4042.0354 0.5253
4042.9663 1.2271
4043.8972 0.6679
4044.8286 0.9066
4045.76 0.9352
4046.6917 0.9727
4047.6235 0.7723
4048.5557 0.6126
4049.488 0.9096
4050.4204 1.0223
4051.3533 0.9246
4052.2861 0.5621
4053.2195 0.8031
4054.1528 0.7781
4055.0864 0.6241
4056.0203 0.7142
4056.9543 0.7068
4057.8884 0.895
4058.823 0.9634
4059.7576 0.7728
4060.6926 0.6122
4061.6277 0.9979
4062.563 1.1464
4063.4985 0.8418
4064.4343 0.9896
4065.3704 0.8839
4066.3064 0.7099
4067.243 0.902
4068.1794 1.033
4069.1165 0.9158
4070.0535 0.8578
4070.9907 0.9215
4071.9282 0.8938
4072.866 0.8328
4073.8037 0.7299
4074.742 0.8757
4075.6804 0.984
4076.619 1.1202
4077.5576 0.8564
4078.4966 0.8817
4079.4358 0.4974
4080.3752 0.7152
4081.315 0.887
4082.255 0.9546
4083.1948 0.8568
4084.1353 0.8922
4085.0757 0.7314
4086.0164 0.7107
4086.9575 0.8793
4087.8987 0.8969
4088.8398 1.2031
4089.7815 0.9667
4090.7234 1.0955
4091.6653 0.8522
4092.6077 0.9135
4093.55 1.1674
4094.4927 0.5819
4095.4358 0.8046
4096.379 0.7437
4097.3223 0.7463
4098.2656 0.5501
4099.2095 0.7455
4100.1533 0.4672
4101.0977 0.5487
4102.042 0.3464
4102.987 0.4896
4103.9316 0.2169
4104.8765 0.6384
4105.822 0.6246
4106.7676 0.2807
4107.7134 0.7687
4108.659000000001 0.6297
4109.6055 0.7934
4110.552 0.7444
4111.498 0.8823
4112.4453 0.7859
4113.392 0.7543
4114.3394 0.6747
4115.2866 0.8988
4116.2344 0.9552
4117.1826 0.9462
4118.1304 0.9196
4119.079000000001 0.7684
4120.0273 1.0157
4120.976 0.8935
4121.9253 0.7511
4122.8745 0.6928
4123.8237 0.881
4124.7734 0.8602
4125.7236 0.8181
4126.6733 0.8009
4127.624 1.0922
4128.5740000000005 0.9809
4129.525 1.2158
4130.476 0.5132
4131.4272 0.9613
4132.379 0.5693
4133.33 0.4311
4134.282 0.7931
4135.2344 0.7206
4136.1865 0.5313
4137.139 1.2206
4138.092000000001 0.7939
4139.0444 0.776
4139.998 0.8581
4140.951 0.4581
4141.905 1.1551
4142.8584 0.8031
4143.8125 1.0674
4144.767 0.9524
4145.721 0.5338
4146.6763 1.1729
4147.630999999999 0.9157
4148.585999999999 1.1246
4149.5415 0.9162
4150.497 0.6508
4151.4526 0.9723
4152.4087 0.9655
4153.365 1.0609
4154.322 0.715
4155.2783 0.705
4156.2354 0.9628
4157.1924 1.0734
4158.1494 0.6855
4159.107 0.6589
4160.065 0.7326
4161.023 1.1259
4161.981 0.8385
4162.9395 0.825
4163.8984 1.2851
4164.857 0.7065
4165.8164 0.7316
4166.7754 1.2387
4167.7354 1.2928
4168.695 1.0131
4169.655 0.8444
4170.615 0.9586
4171.5757 0.9825
4172.536 0.7782
4173.497 0.7549
4174.458 0.7279
4175.4194 0.9527
4176.380999999999 1.1749
4177.343 0.6842
4178.3047 0.6617
4179.267 0.9033
4180.2295 0.8279
4181.192 0.8911
4182.155 0.7026
4183.1179999999995 0.66
4184.081 0.7505
4185.045 0.6537
4186.009 0.7322
4186.9727 0.8798
4187.9365 0.8153
4188.9014 0.9156
4189.8657 0.7931
4190.8306 1.0769
4191.795999999999 0.8925
4192.7609999999995 0.8318
4193.7266 1.189
4194.6924 0.7488
4195.657999999999 0.9551
4196.6245 0.6349
4197.590999999999 0.7869
4198.5576 1.0081
4199.5244 1.03
4200.4917 0.669
4201.459 0.6656
4202.4263 0.7994
4203.394 0.6929
4204.3623 0.7072
4205.33 0.8692
4206.299 1.0581
4207.2676 1.0867
4208.2363 0.8556
4209.2056 1.1493
4210.175 0.6916
4211.144 0.7974
4212.1140000000005 0.7525
4213.084 0.6429
4214.054 1.0473
4215.0244 0.7629
4215.995 0.7876
4216.9663 0.9665
4217.937 0.6283
4218.9087 1.102
4219.88 1.0697
4220.852 0.7244
4221.8237 0.9071
4222.795999999999 1.0571
4223.7686 0.8549
4224.741 0.734
4225.714 0.7523
4226.687 0.9474
4227.6606 0.817
4228.6343 0.965
4229.608 0.812
4230.582 0.6526
4231.556 1.0499
4232.531 0.9741
4233.5054 0.7482
4234.4805 0.8173
4235.4556 0.8975
4236.4307 0.7347
4237.4062 0.8339
4238.3823 0.8166
4239.3584 0.8671
4240.3345 1.2133
4241.311 1.0745
4242.2876 1.0729
4243.2646 0.8039
4244.2417 0.929
4245.219 0.8443
4246.197 0.8783
4247.175 0.9574
4248.153 0.7561
4249.130999999999 0.8694
4250.1094 0.9222
4251.0884 0.7563
4252.067 0.8208
4253.0464 0.7377
4254.026 0.7463
4255.0054 0.827
4255.9854 1.0759
4256.9653 1.0004
4257.946 0.8442
4258.9263 0.6352
4259.9067 0.908
4260.8877 0.8473
4261.869000000001 0.8596
4262.8506 0.7121
4263.832 1.0559
4264.814 0.7502
4265.7964 0.7775
4266.779 0.8556
4267.7609999999995 0.9762
4268.744000000001 0.9108
4269.727 0.6511
4270.7104 0.784
4271.694 0.8304
4272.6772 0.8431
4273.6616 0.7317
4274.6455 0.7453
4275.63 0.7496
4276.6147 0.9189
4277.5996 1.1829
4278.5845 1.075
4279.57 1.0438
4280.555 1.0514
4281.541 1.0474
4282.527 0.9799
4283.513 0.8423
4284.4995 0.8985
4285.4863 0.959
4286.473 0.7948
4287.4604 0.7375
4288.4478 0.7914
4289.435 0.7453
4290.423 0.7712
4291.411 0.7965
4292.3994 0.785
4293.3877 0.8541
4294.3765 0.8294
4295.365 0.7282
4296.3545 0.7745
4297.3438 0.9175
4298.3335 0.7496
4299.323 0.8041
4300.3135 0.7812
4301.3037 0.6767
4302.2944 0.8879
4303.285 0.7425
4304.276 0.7199
4305.267 1.1227
4306.259 1.0494
4307.2505 0.9483
4308.242 0.8267
4309.2344 0.7431
4310.2266 0.697
4311.219 0.9402
4312.212 0.991
4313.205 0.7274
4314.198 1.0676
4315.192 0.4742
4316.1855 0.7464
4317.1797 0.8958
4318.174 0.8073
4319.168 1.023
4320.1626 0.8318
4321.1577 0.8511
4322.153 0.8553
4323.148 0.7921
4324.1436 1.0513
4325.1396 0.9922
4326.1353 0.9129
4327.1320000000005 0.7814
4328.128 1.0408
4329.125 0.9026
4330.1216 0.742
4331.119000000001 0.9963
4332.116 0.8834
4333.1140000000005 0.9715
4334.112 0.679
4335.11 0.758
4336.1084 0.7008
4337.107 0.6084
4338.1055 0.7689
4339.1045 0.6335
4340.1035 0.5448
4341.103 0.4466
4342.103 0.4931
4343.103 0.445
4344.103 0.434
4345.1035 0.5917
4346.104 0.6061
4347.105 0.6074
4348.106 0.9054
4349.1074 0.9043
4350.109 0.6692
4351.1104 0.8315
4352.1123 0.6883
4353.1147 0.5509
4354.117 0.9103
4355.1196 0.9951
4356.1226 0.8675
4357.126 0.9946
4358.1294 1.0223
4359.133 1.1189
4360.1367 0.9576
4361.1406 0.9631
4362.145 0.9553
4363.15 1.0955
4364.1543 1.0677
4365.1597 1.0421
4366.1646 0.9777
4367.17 0.8481
4368.1759999999995 0.8215
4369.1816 0.7928
4370.188 0.656
4371.1943 0.8418
4372.2007 1.0264
4373.208 0.886
4374.215 0.886
4375.222 0.9363
4376.2295 0.7786
4377.2373 0.7151
4378.2456 0.9883
4379.254 1.1991
4380.262 0.7068
4381.271 1.0721
4382.28 0.7741
4383.289000000001 0.935
4384.2983 0.8437
4385.308 0.6912
4386.318 0.6714
4387.3279999999995 1.1513
4388.3384 0.7753
4389.349 0.7166
4390.36 0.6667
4391.3706 0.9194
4392.3823 0.743
4393.3936 0.8912
4394.4053 0.9357
4395.4175 0.6638
4396.4297 0.6065
4397.442 0.7935
4398.4546 0.7633
4399.4673 0.7738
4400.4805 0.9116
4401.494000000001 0.7745
4402.508 0.6654
4403.5215 0.9279
4404.5356 1.0018
4405.55 0.7744
4406.5645 0.8144
4407.579000000001 0.863
4408.594 0.8221
4409.6094 0.9982
4410.625 0.8769
4411.6406 0.6938
4412.6562 0.8931
4413.6724 0.9081
4414.689 0.8735
4415.7056 0.9288
4416.7227 0.9241
4417.7397 0.8139
4418.7570000000005 0.751
4419.7744 0.6971
4420.7925 0.732
4421.8105 0.8677
4422.8286 0.7532
4423.847 0.7817
4424.8657 0.6399
4425.885 1.1307
4426.9043 0.9647
4427.9233 0.5555
4428.9434 0.9009
4429.963 0.8447
4430.9834 0.9012
4432.004 0.8324
4433.0244 1.1621
4434.045 1.1139
4435.0664 1.0163
4436.0874 1.0181
4437.1094 1.0103
4438.130999999999 0.7304
4439.153 0.9777
4440.1753 0.9183
4441.1978 1.1417
4442.2207 0.5629
4443.2437 0.754
4444.2666 0.7947
4445.29 0.7199
4446.314 0.7747
4447.338 1.0769
4448.362 1.0141
4449.3859999999995 0.9834
4450.411 0.9087
4451.4355 0.9041
4452.460999999999 0.8014
4453.4863 0.9409
4454.5117 0.8468
4455.5376 0.7206
4456.5635 0.9767
4457.59 0.7841
4458.616 0.9671
4459.643 0.8518
4460.67 0.8874
4461.6973 0.9216
4462.7246 0.8755
4463.7524 0.883
4464.7803 0.9728
4465.8086 1.0328
4466.837 0.8152
4467.8657 0.82
4468.8945 0.9236
4469.924 0.8685
4470.9529999999995 0.725
4471.9824 0.6948
4473.0127 0.7985
4474.0425 0.6897
4475.0728 0.9712
4476.1035 0.8983
4477.1343 0.8876
4478.165 0.9119
4479.1963 0.8481
4480.228 0.9415
4481.26 0.7269
4482.2915 0.7819
4483.3237 1.013
4484.3564 0.8702
4485.389 0.9615
4486.4220000000005 0.7795
4487.455 1.0199
4488.4883 0.9202
4489.522 1.053
4490.556 1.0162
4491.59 0.8598
4492.6245 1.0105
4493.659000000001 0.6404
4494.694 1.0055
4495.729 0.8454
4496.764 1.017
4497.8 0.6242
4498.8354 0.8393
4499.8716 0.845
4500.9077 0.9856
4501.9443 0.8762
4502.981 1.0546
4504.018 0.9128
4505.055 1.0565
4506.093 0.8373
4507.1304 0.9597
4508.168 1.0417
4509.2065 1.0851
4510.2446 0.7515
4511.282999999999 0.7796
4512.3223 0.9378
4513.3613 1.0176
4514.401 1.0272
4515.4404 0.8847
4516.48 1.0389
4517.5205 0.7534
4518.5605 0.7485
4519.601 1.0139
4520.642 1.0327
4521.683 0.934
4522.724 0.987
4523.7656 0.9696
4524.8076 0.9306
4525.8496 1.025
4526.8916 0.9809
4527.934 0.9762
4528.977 1.0037
4530.02 0.8357
4531.063 0.6759
4532.1064 0.712
4533.1504 0.9171
4534.1943 0.8557
4535.2383 0.6923
4536.2827 0.8114
4537.327 0.8265
4538.372 0.9869
4539.4175 1.0752
4540.463 0.71
4541.5083 0.8367
4542.554 0.9693
4543.6 1.1014
4544.6465 0.7157
4545.693 1.0085
4546.7397 0.9953
4547.787 0.8857
4548.8345 0.9097
4549.8820000000005 0.8251
4550.9297 0.8187
4551.9775 0.9179
4553.026 0.7759
4554.0740000000005 0.9702
4555.123 1.0596
4556.1720000000005 0.9791
4557.221 1.109
4558.2705 0.6979
4559.3203 0.9108
4560.37 0.7953
4561.4204 1.0453
4562.4707 1.1382
4563.5215 1.0321
4564.5728 0.8384
4565.6235 0.9241
4566.6753 0.8574
4567.7266 1.0069
4568.779 0.8127
4569.8306 0.8348
4570.8833 0.9824
4571.9355 0.8776
4572.9883 0.9313
4574.0415 0.8011
4575.0947 1.0615
4576.1484 0.6706
4577.202 0.8304
4578.2563 0.9127
4579.3105 0.9762
4580.365 0.9602
4581.42 0.7975
4582.475 0.8851
4583.5303 0.9171
4584.585999999999 1.006
4585.6416 0.9293
4586.6978 1.008
4587.754 0.8395
4588.8105 0.7344
4589.867 0.9753
4590.9243 0.7944
4591.9814 0.9217
4593.0386 1.0441
4594.0967 0.8282
4595.1543 0.9887
4596.2124 0.8536
4597.271 0.8971
4598.3296 1.0751
4599.3887 0.9216
4600.4478 0.9654
4601.5073 1.0353
4602.567 0.8554
4603.627 0.8808
4604.687 0.8938
4605.7476 0.9381
4606.808 0.9685
4607.8687 0.6392
4608.93 0.8499
4609.991 0.7556
4611.0527 1.082
4612.1147 0.9199
4613.177 0.9828
4614.2393 0.8788
4615.302 0.8216
4616.3647 0.9669
4617.4277 0.8571
4618.491 0.9609
4619.5547 0.9306
4620.6187 0.8878
4621.6826 0.8529
4622.747 0.7777
4623.8115 0.8022
4624.876 0.887
4625.9414 1.0663
4627.0063 0.8222
4628.0723 0.995
4629.1377 0.7987
4630.2036 0.7755
4631.27 0.8233
4632.3364 1.0643
4633.4033 0.9643
4634.47 0.921
4635.5376 1.025
4636.605 0.7468
4637.673 1.0427
4638.7407 0.9179
4639.809 0.9711
4640.8774 0.8725
4641.9463 1.0202
4643.015 0.9559
4644.0845 0.8017
4645.154 1.068
4646.2236 0.9278
4647.2935 0.8836
4648.3640000000005 0.8997
4649.434 0.7916
4650.505 0.8918
4651.5757 0.983
4652.647 1.0446
4653.7188 0.9661
4654.79 0.9039
4655.8623 0.9629
4656.934 0.9135
4658.0070000000005 0.9411
4659.0796 0.9265
4660.1523 0.8581
4661.2256 0.7848
4662.299 0.8467
4663.3726 0.9059
4664.4463 0.815
4665.5205 1.0367
4666.595 0.8329
4667.6694 0.8426
4668.7446 0.8155
4669.82 0.7577
4670.895 0.9195
4671.9707 0.7739
4673.0464 0.9236
4674.1226 0.9143
4675.1990000000005 0.8408
4676.276 0.7869
4677.3525 0.9064
4678.4297 0.746
4679.5073 0.9081
4680.585 0.8604
4681.6626 0.9524
4682.7407 1.0699
4683.819 1.1721
4684.8975 1.1054
4685.9766 0.8862
4687.0557 0.8959
4688.1353 0.996
4689.215 0.8992
4690.2944 0.8837
4691.3745 0.9276
4692.455 0.801
4693.5356 0.8382
4694.616 0.8604
4695.6973 0.8727
4696.779 1.006
4697.8604 1.0565
4698.9424 0.7997
4700.0244 0.9892
4701.107 1.0052
4702.1895 0.9463
4703.272 0.8535
4704.3555 0.8434
4705.4385 0.8563
4706.522 0.9418
4707.606 0.9015
4708.69 0.9251
4709.7744 0.8819
4710.859 0.9243
4711.944 0.9009
4713.029 0.8809
4714.1143 0.8756
4715.1997 0.8776
4716.2856 0.8992
4717.372 0.9137
4718.458 0.982
4719.545 0.9782
4720.6320000000005 0.8653
4721.7188 0.9293
4722.806 0.9937
4723.8936 0.9029
4724.9814 0.9387
4726.07 0.7794
4727.1577 0.9289
4728.2466 0.8966
4729.3354 0.8958
4730.4243 0.846
4731.5137 0.8484
4732.6035 0.9991
4733.6934 0.8358
4734.782999999999 0.8175
4735.8735 0.9025
4736.9644 0.7749
4738.055 0.9642
4739.1465 0.8793
4740.238 0.9751
4741.329000000001 0.9341
4742.420999999999 0.7759
4743.513 0.9092
4744.6055 1.0276
4745.698 0.968
4746.791 1.0298
4747.8843 0.8941
4748.9775 0.9953
4750.0713 0.9918
4751.165 0.8871
4752.2593 1.0249
4753.3535 1.053
4754.448 1.1051
4755.543 1.009
4756.638 0.9342
4757.7334 0.9379
4758.829000000001 0.8927
4759.925 0.9066
4761.021 0.9801
4762.1177 0.9932
4763.2144 0.735
4764.311 0.8273
4765.407999999999 0.8366
4766.505999999999 0.9968
4767.6035 0.7254
4768.701 0.8384
4769.7993 0.8145
4770.898 0.893
4771.9966 0.7847
4773.095 0.8997
4774.1943 0.9029
4775.294 0.9403
4776.3936 0.9692
4777.4937 0.8347
4778.5938 0.8876
4779.6943 0.8632
4780.795 0.8928
4781.896 0.9926
4782.997 0.8723
4784.0986 0.8079
4785.2 0.8666
4786.3022 0.8586
4787.4043 0.8468
4788.5070000000005 0.9249
4789.6094 0.9339
4790.7124 1.0072
4791.816 0.8756
4792.9194 0.7435
4794.023 0.9832
4795.127 0.8663
4796.2314 0.8609
4797.335999999999 0.8294
4798.4404 0.9847
4799.5454 0.8004
4800.651 0.9728
4801.7563 0.8393
4802.862 0.9094
4803.9683 1.0465
4805.0740000000005 0.768
4806.1807 0.8006
4807.2876 0.8661
4808.3945 0.7577
4809.502 0.8034
4810.6094 0.8914
4811.7173 0.8585
4812.8257 0.9286
4813.9336 0.8924
4815.0425 0.7972
4816.1514 0.7977
4817.2603 0.8628
4818.3696 1.0568
4819.479 0.9804
4820.589 0.834
4821.6990000000005 0.8947
4822.8096 0.9546
4823.92 0.9954
4825.0312 1.0045
4826.142 1.021
4827.2534 0.811
4828.365 0.9152
4829.477 0.8214
4830.5894 0.8042
4831.7017 0.9561
4832.8145 0.9956
4833.9272 0.9182
4835.0405 0.9322
4836.154 0.9519
4837.2676 0.9774
4838.3813 0.8629
4839.4956 0.8072
4840.6104 0.9458
4841.725 0.9793
4842.84 0.9206
4843.955 0.9538
4845.071 0.8755
4846.1865 0.8081
4847.3022 0.886
4848.4185 0.886
4849.535 0.8809
4850.652 0.9086
4851.769 0.9523
4852.8859999999995 1.058
4854.004 0.9507
4855.1216 0.8465
4856.2397 0.9295
4857.358 0.7706
4858.4766 0.8296
4859.595 0.8
4860.7144 0.5754
4861.834 0.5422
4862.9536 0.2433
4864.073 0.5149
4865.1934 0.6847
4866.314 0.7809
4867.4346 0.8063
4868.555 0.8071
4869.6763 0.656
4870.798 0.8473
4871.9194 0.8998
4873.0415 0.8921
4874.1636 0.9162
4875.286 0.8976
4876.4087 0.9607
4877.5317 0.7129
4878.6553 0.9119
4879.7783 0.7435
4880.9023 0.94
4882.0264 0.953
4883.1504 0.9139
4884.275 0.9761
4885.4 0.8851
4886.525 0.8575
4887.65 1.0723
4888.776 0.9213
4889.9014 0.8713
4891.0273 0.8479
4892.154 0.8427
4893.2803 0.9631
4894.407 0.9691
4895.5347 0.7595
4896.6616 1.1305
4897.7896 0.7919
4898.9175 0.8909
4900.0454 0.997
4901.174 1.1038
4902.3027 0.8655
4903.4316 0.914
4904.5605 0.9184
4905.69 0.8672
4906.82 0.8691
4907.9497 1.0325
4909.08 0.9693
4910.2104 0.9274
4911.3413 0.9252
4912.472 0.9498
4913.6035 1.009
4914.735 1.0066
4915.8667 1.0434
4916.999 0.9373
4918.1313 0.8354
4919.2637 0.914
4920.3965 0.9348
4921.53 0.8164
4922.663 0.8461
4923.7970000000005 0.812
4924.9307 0.9131
4926.0645 0.6897
4927.1990000000005 0.7771
4928.334 0.7937
4929.4688 1.0035
4930.604 1.003
4931.7393 1.0317
4932.875 0.9396
4934.0107 0.8424
4935.147 0.8466
4936.2837 0.785
4937.4204 0.8336
4938.5576 0.7098
4939.695 0.9102
4940.8325 0.8709
4941.97 0.9461
4943.108 0.9159
4944.2466 1.0843
4945.3853 0.9116
4946.524 1.1238
4947.663 0.9654
4948.8022 1.0006
4949.942 1.0
