3911.1108 1.0
3912.0115 0.9242
3912.9124 0.966
3913.8135 1.0543
3914.7146 0.9314
3915.6162 0.9844
3916.5178 0.8691
3917.4197 0.9018
3918.3218 0.9301
3919.224 0.958
3920.1267 0.9986
3921.0295 1.0112
3921.9324 1.0072
3922.8357 0.8437
3923.739 0.7939
3924.6426 0.8719
3925.5464 0.8234
3926.4504 0.802
3927.3545 0.9298
3928.259 0.7261
3929.1636 0.3381
3930.0684 0.3055
3930.9734 0.3362
3931.8787 0.5505
3932.7842 0.702
3933.6897 0.6715
3934.5957 0.9159
3935.5017 0.954
3936.408 1.0599
3937.3145 1.0051
3938.2212 1.0214
3939.1282 1.0153
3940.0354 1.0233
3940.9426 0.9518
3941.85 0.8784
3942.7578 1.0668
3943.6658 0.9494
3944.574 0.9594
3945.4824 0.8843
3946.3909999999996 1.0689
3947.2998 0.9423
3948.2087 0.8615
3949.118 0.8559
3950.0273 0.8856
3950.937 0.9115
3951.847 0.9982
3952.7568 0.8868
3953.6672 0.898
3954.5776 0.8199
3955.4883 0.9829
3956.3992 0.9439
3957.3103 0.8086
3958.2217 0.7853
3959.1333 0.8946
3960.045 0.8182
3960.9568 0.7428
3961.869 0.5947
3962.7812 0.5413
3963.6938 0.6125
3964.6067 0.3816
3965.5198 0.3045
3966.4329 0.3362
3967.3462 0.4335
3968.26 0.5534
3969.1738 0.7072
3970.0879999999997 0.7136
3971.002 0.7249
3971.9165 0.7435
3972.8313 0.9057
3973.7459999999996 0.9052
3974.6611 0.8649
3975.5764 0.9455
3976.492 0.853
3977.4077 0.9096
3978.3237 1.0356
3979.2397 0.9441
3980.1562 0.9078
3981.0728 0.9036
3981.9895 0.9284
3982.9065 1.0294
3983.8237 0.9981
3984.7412 1.0143
3985.6587 1.0184
3986.5767 1.0042
3987.4946 0.9778
3988.4128 0.9237
3989.3313 0.9867
3990.25 1.0425
3991.1690000000003 1.0284
3992.0881 1.0573
3993.0073 0.8944
3993.927 0.8542
3994.8467 0.9274
3995.7666 0.972
3996.6868 1.0162
3997.6072 0.9505
3998.5278 0.9422
3999.4485 0.965
4000.3696 1.0788
4001.2908 1.0403
4002.2122 0.9013
4003.1338 0.9141
4004.0557 0.9199
4004.9778 1.0467
4005.9001 0.956
4006.8225 0.9624
4007.7454 0.8761
4008.6682 0.9836
4009.5913 0.9792
4010.5146 0.8754
4011.4382 0.9388
4012.362 0.9432
4013.2861 1.0345
4014.2102 0.9247
4015.1345 0.9899
4016.0593 0.9542
4016.9841 1.0686
4017.9092 1.0378
4018.8345 0.9639
4019.7598 1.016
4020.6855 0.8882
4021.6116 0.9421
4022.5376 0.9629
4023.4639 0.9752
4024.3904 0.9713
4025.3171 0.9773
4026.2441 0.9902
4027.1714 0.9612
4028.0989 0.9066
4029.0264 0.9836
4029.954 0.9934
4030.8823 0.9265
4031.8105 0.956
4032.739 1.0093
4033.6677 0.9611
4034.5964 0.9732
4035.5256 1.0209
4036.455 0.9709
4037.3845 0.9794
4038.3142 0.962
4039.2441 0.9971
4040.1743 0.93
4041.1047 0.9078
4042.0354 1.0013
4042.9663 0.9961
4043.8972 0.9641
4044.8286 0.8954
4045.76 0.9709
4046.6917 1.0613
4047.6235 0.9792
4048.5557 0.974
4049.488 0.9308
4050.4204 0.9718
4051.3533 1.01
4052.2861 1.0425
4053.2195 1.0001
4054.1528 0.961
4055.0864 0.9358
4056.0203 1.0445
4056.9543 0.9463
4057.8884 0.9715
4058.823 0.9372
4059.7576 0.97
4060.6926 0.9768
4061.6277 0.9841
4062.563 0.9996
4063.4985 0.9827
4064.4343 0.9758
4065.3704 1.0091
4066.3064 0.9416
4067.243 0.9519
4068.1794 1.0054
4069.1165 0.8813
4070.0535 0.9608
4070.9907 1.0123
4071.9282 0.982
4072.866 0.9043
4073.8037 0.8813
4074.742 0.8903
4075.6804 0.8947
4076.619 1.0153
4077.5576 0.9703
4078.4966 0.9088
4079.4358 0.95
4080.3752 1.0273
4081.315 0.9625
4082.255 0.9408
4083.1948 1.0131
4084.1353 0.8988
4085.0757 0.9389
4086.0164 0.8538
4086.9575 0.9392
4087.8987 0.9251
4088.8398 0.846
4089.7815 0.9595
4090.7234 0.8728
4091.6653 0.8989
4092.6077 0.8336
4093.55 0.9334
4094.4927 0.7236
4095.4358 0.7525
4096.379 0.6694
4097.3223 0.5592
4098.2656 0.5146
4099.2095 0.558
4100.1533 0.6294
4101.0977 0.8414
4102.042 0.7248
4102.987 0.8374
4103.9316 0.8764
4104.8765 0.87
4105.822 0.8958
4106.7676 0.9435
4107.7134 0.924
4108.659000000001 0.9069
4109.6055 0.9688
4110.552 0.8686
4111.498 0.9287
4112.4453 0.9583
4113.392 0.9098
4114.3394 1.0055
4115.2866 0.9051
4116.2344 0.9659
4117.1826 0.9157
4118.1304 0.8515
4119.079000000001 1.0173
4120.0273 0.9536
4120.976 0.906
4121.9253 1.0004
4122.8745 0.9408
4123.8237 0.9056
4124.7734 0.9168
4125.7236 1.0223
4126.6733 0.9829
4127.624 0.9245
4128.5740000000005 0.9763
4129.525 0.8847
4130.476 0.9115
4131.4272 0.9656
4132.379 0.8784
4133.33 0.9094
4134.282 1.0323
4135.2344 1.0506
4136.1865 1.0584
4137.139 0.9654
4138.092000000001 0.9019
4139.0444 0.9819
4139.998 0.9408
4140.951 0.9737
4141.905 1.0063
4142.8584 0.9433
4143.8125 1.0058
4144.767 1.0262
4145.721 1.0014
4146.6763 1.0109
4147.630999999999 0.9961
4148.585999999999 0.954
4149.5415 0.9849
4150.497 0.8964
4151.4526 0.9582
4152.4087 0.9513
4153.365 0.9854
4154.322 0.9694
4155.2783 1.0861
4156.2354 0.9987
4157.1924 0.9528
4158.1494 0.8767
4159.107 0.9509
4160.065 1.0483
4161.023 0.9083
4161.981 0.9895
4162.9395 0.9953
4163.8984 0.8747
4164.857 0.9537
4165.8164 0.9754
4166.7754 0.8401
4167.7354 0.9281
4168.695 0.9377
4169.655 0.8989
4170.615 0.8584
4171.5757 0.9768
4172.536 0.9511
4173.497 0.9403
4174.458 0.974
4175.4194 0.9041
4176.380999999999 0.9492
4177.343 0.9633
4178.3047 0.9962
4179.267 0.8825
4180.2295 1.0725
4181.192 1.0162
4182.155 0.8534
4183.1179999999995 0.9729
4184.081 0.8978
4185.045 1.0045
4186.009 1.0007
4186.9727 0.9715
4187.9365 0.9813
4188.9014 0.9888
4189.8657 0.9887
4190.8306 1.019
4191.795999999999 1.0423
4192.7609999999995 0.933
4193.7266 0.9402
4194.6924 0.8698
4195.657999999999 0.8981
4196.6245 0.9792
4197.590999999999 0.9868
4198.5576 0.9193
4199.5244 0.9439
4200.4917 1.0348
4201.459 0.998
4202.4263 0.9883
4203.394 0.9987
4204.3623 0.9792
4205.33 1.0022
4206.299 1.0219
4207.2676 0.9584
4208.2363 0.9653
4209.2056 0.9797
4210.175 0.942
4211.144 0.9817
4212.1140000000005 0.9448
4213.084 0.9081
4214.054 0.9823
4215.0244 1.0081
4215.995 0.9891
4216.9663 0.9699
4217.937 0.9802
4218.9087 0.9737
4219.88 0.9667
4220.852 0.9746
4221.8237 0.8732
4222.795999999999 0.8701
4223.7686 0.9345
4224.741 0.9618
4225.714 1.067
4226.687 1.0665
4227.6606 0.9482
4228.6343 0.8533
4229.608 0.8986
4230.582 0.8954
4231.556 0.9387
4232.531 0.898
4233.5054 1.0199
4234.4805 0.9996
4235.4556 1.0169
4236.4307 0.9519
4237.4062 0.9149
4238.3823 0.8971
4239.3584 1.0453
4240.3345 0.956
4241.311 1.0568
4242.2876 0.9209
4243.2646 0.9082
4244.2417 0.899
4245.219 0.9583
4246.197 0.8854
4247.175 0.8634
4248.153 0.9556
4249.130999999999 0.9493
4250.1094 0.9342
4251.0884 1.0159
4252.067 0.9647
4253.0464 1.0594
4254.026 0.9302
4255.0054 0.9806
4255.9854 0.9267
4256.9653 0.9747
4257.946 0.9516
4258.9263 1.0201
4259.9067 1.0635
4260.8877 1.0084
4261.869000000001 1.0254
4262.8506 1.022
4263.832 0.8889
4264.814 1.007
4265.7964 1.0102
4266.779 0.8751
4267.7609999999995 0.8865
4268.744000000001 0.8784
4269.727 0.8808
4270.7104 0.936
4271.694 0.9668
4272.6772 0.9816
4273.6616 0.9984
4274.6455 0.9289
4275.63 1.0168
4276.6147 1.0247
4277.5996 0.9827
4278.5845 0.9617
4279.57 0.9424
4280.555 0.9561
4281.541 0.9855
4282.527 1.0211
4283.513 1.0081
4284.4995 0.9778
4285.4863 0.9321
4286.473 0.9278
4287.4604 0.9888
4288.4478 1.0142
4289.435 0.9666
4290.423 0.9082
4291.411 0.9356
4292.3994 0.9803
4293.3877 0.962
4294.3765 0.9357
4295.365 0.8961
4296.3545 0.867
4297.3438 0.9105
4298.3335 0.8339
4299.323 0.9309
4300.3135 0.9214
4301.3037 0.9194
4302.2944 0.8829
4303.285 0.9387
4304.276 0.8584
4305.267 0.9774
4306.259 0.9519
4307.2505 1.045
4308.242 1.0043
4309.2344 0.9606
4310.2266 0.9084
4311.219 0.9025
4312.212 1.0603
4313.205 0.9555
4314.198 0.959
4315.192 1.0407
4316.1855 0.9275
4317.1797 0.9403
4318.174 0.8749
4319.168 0.9725
4320.1626 0.9735
4321.1577 0.8855
4322.153 0.8427
4323.148 0.9297
4324.1436 1.0063
4325.1396 0.8822
4326.1353 0.8963
4327.1320000000005 0.9439
4328.128 0.9054
4329.125 0.8651
4330.1216 0.8928
4331.119000000001 0.8585
4332.116 0.8539
4333.1140000000005 0.7643
4334.112 0.6927
4335.11 0.6274
4336.1084 0.4821
4337.107 0.4791
4338.1055 0.6692
4339.1045 0.6993
4340.1035 0.7631
4341.103 0.8121
4342.103 0.8615
4343.103 0.8962
4344.103 0.9016
4345.1035 0.9417
4346.104 0.936
4347.105 0.8547
4348.106 0.8596
4349.1074 0.8523
4350.109 0.8712
4351.1104 0.9513
4352.1123 1.0329
4353.1147 1.0652
4354.117 0.9648
4355.1196 0.9866
4356.1226 0.9736
4357.126 0.8624
4358.1294 0.9326
4359.133 0.9304
4360.1367 0.8612
4361.1406 0.9305
4362.145 0.9959
4363.15 1.0
4364.1543 0.9683
4365.1597 0.9893
4366.1646 1.0155
4367.17 0.9929
4368.1759999999995 1.0255
4369.1816 0.9534
4370.188 0.9502
4371.1943 0.8621
4372.2007 0.9555
4373.208 0.9714
4374.215 1.0617
4375.222 1.0031
4376.2295 0.9683
4377.2373 1.0137
4378.2456 0.9582
4379.254 0.8874
4380.262 0.8514
4381.271 0.8897
4382.28 0.9859
4383.289000000001 0.9684
4384.2983 0.905
4385.308 0.9458
4386.318 0.9625
4387.3279999999995 0.963
4388.3384 0.9893
4389.349 0.9574
4390.36 0.9327
4391.3706 0.9344
4392.3823 0.8943
4393.3936 1.0013
4394.4053 0.9639
4395.4175 1.0106
4396.4297 0.8512
4397.442 0.9399
4398.4546 1.0239
4399.4673 0.8945
4400.4805 0.9091
4401.494000000001 0.9634
4402.508 0.9314
4403.5215 0.9171
4404.5356 1.0296
4405.55 1.0068
4406.5645 1.0558
4407.579000000001 0.9793
4408.594 0.9405
4409.6094 0.9724
4410.625 0.9125
4411.6406 0.9348
4412.6562 0.8692
4413.6724 0.9289
4414.689 0.9448
4415.7056 0.9948
4416.7227 1.0006
4417.7397 0.9814
4418.7570000000005 0.9847
4419.7744 0.9923
4420.7925 0.9691
4421.8105 0.9685
4422.8286 0.9354
4423.847 0.9952
4424.8657 0.9773
4425.885 0.9288
4426.9043 0.9955
4427.9233 0.9345
4428.9434 0.9664
4429.963 1.0352
4430.9834 0.9088
4432.004 0.9197
4433.0244 1.0322
4434.045 0.9907
4435.0664 0.9691
4436.0874 1.0209
4437.1094 1.029
4438.130999999999 0.9624
4439.153 0.8999
4440.1753 0.9152
4441.1978 0.9013
4442.2207 0.9557
4443.2437 0.9895
4444.2666 0.9536
4445.29 1.003
4446.314 0.9611
4447.338 0.9547
4448.362 0.9913
4449.3859999999995 0.9788
4450.411 0.9307
4451.4355 0.9351
4452.460999999999 0.9825
4453.4863 0.9889
4454.5117 1.0048
4455.5376 0.9151
4456.5635 0.9431
4457.59 0.9043
4458.616 0.9396
4459.643 0.9362
4460.67 1.06
4461.6973 0.8967
4462.7246 0.9733
4463.7524 0.8836
4464.7803 0.8615
4465.8086 0.9282
4466.837 1.0034
4467.8657 0.9468
4468.8945 0.9926
4469.924 0.97
4470.9529999999995 1.0049
4471.9824 1.0327
4473.0127 0.9572
4474.0425 1.0152
4475.0728 0.9868
4476.1035 0.9873
4477.1343 0.8672
4478.165 0.9491
4479.1963 0.9293
4480.228 0.9179
4481.26 0.9711
4482.2915 0.9567
4483.3237 1.0126
4484.3564 0.9462
4485.389 1.0401
4486.4220000000005 0.9219
4487.455 0.9595
4488.4883 0.9143
4489.522 0.9353
4490.556 0.9301
4491.59 0.9636
4492.6245 1.026
4493.659000000001 0.9938
4494.694 0.9834
4495.729 0.9702
4496.764 0.8862
4497.8 0.9147
4498.8354 0.9712
4499.8716 0.9717
4500.9077 0.9365
4501.9443 0.9939
4502.981 0.9413
4504.018 0.9235
4505.055 0.9936
4506.093 1.0222
4507.1304 1.0093
4508.168 0.9677
4509.2065 0.9364
4510.2446 0.971
4511.282999999999 0.9529
4512.3223 0.9229
4513.3613 0.9532
4514.401 0.9904
4515.4404 0.9627
4516.48 0.919
4517.5205 1.0031
4518.5605 0.9566
4519.601 0.9346
4520.642 0.9814
4521.683 0.9638
4522.724 0.932
4523.7656 0.8808
4524.8076 0.9311
4525.8496 0.9475
4526.8916 0.9489
4527.934 0.9495
4528.977 0.9619
4530.02 0.8563
4531.063 0.8651
4532.1064 0.9951
4533.1504 1.0039
4534.1943 1.0032
4535.2383 0.997
4536.2827 1.0265
4537.327 0.9666
4538.372 0.9853
4539.4175 0.9676
4540.463 0.968
4541.5083 0.9626
4542.554 0.9534
4543.6 0.9367
4544.6465 0.9598
4545.693 0.8382
4546.7397 0.8772
4547.787 0.9744
4548.8345 0.9353
4549.8820000000005 0.8802
4550.9297 0.9298
4551.9775 0.9054
4553.026 0.9681
4554.0740000000005 0.9683
4555.123 0.9462
4556.1720000000005 0.9587
4557.221 0.972
4558.2705 0.9875
4559.3203 0.9595
4560.37 0.9013
4561.4204 0.9737
4562.4707 1.0109
4563.5215 1.0422
4564.5728 1.0576
4565.6235 0.941
4566.6753 0.944
4567.7266 0.8874
4568.779 0.907
4569.8306 0.962
4570.8833 0.9908
4571.9355 1.0168
4572.9883 0.972
4574.0415 1.0261
4575.0947 0.9179
4576.1484 0.9829
4577.202 0.9914
4578.2563 0.8809
4579.3105 0.9051
4580.365 0.9126
4581.42 0.9359
4582.475 1.017
4583.5303 0.9996
4584.585999999999 0.9398
4585.6416 0.936
4586.6978 0.9215
4587.754 0.9534
4588.8105 0.9936
4589.867 0.9876
4590.9243 0.9814
4591.9814 1.009
4593.0386 0.9957
4594.0967 0.9449
4595.1543 0.9567
4596.2124 0.9185
4597.271 0.9268
4598.3296 0.9564
4599.3887 0.9882
4600.4478 1.0147
4601.5073 0.9481
4602.567 1.0085
4603.627 0.9661
4604.687 1.0166
4605.7476 1.0188
4606.808 0.9807
4607.8687 0.9731
4608.93 0.9927
4609.991 1.006
4611.0527 0.9601
4612.1147 0.9622
4613.177 0.9507
4614.2393 0.9983
4615.302 0.9834
4616.3647 0.9577
4617.4277 0.9645
4618.491 1.0191
4619.5547 0.926
4620.6187 1.0198
4621.6826 0.9565
4622.747 1.0295
4623.8115 0.9264
4624.876 0.9575
4625.9414 0.9896
4627.0063 1.0079
4628.0723 0.9988
4629.1377 0.9859
4630.2036 0.8952
4631.27 1.0196
4632.3364 0.9355
4633.4033 0.9733
4634.47 0.9845
4635.5376 0.9757
4636.605 0.9857
4637.673 0.9776
4638.7407 1.0087
4639.809 0.9478
4640.8774 0.9552
4641.9463 0.9856
4643.015 1.0199
4644.0845 0.9885
4645.154 0.9982
4646.2236 0.9982
4647.2935 1.0135
4648.3640000000005 0.9801
4649.434 0.9578
4650.505 0.9488
4651.5757 0.9847
4652.647 1.0003
4653.7188 0.968
4654.79 0.9003
4655.8623 0.981
4656.934 0.9431
4658.0070000000005 0.9478
4659.0796 0.9123
4660.1523 0.942
4661.2256 0.9742
4662.299 0.9539
4663.3726 0.9352
4664.4463 0.9167
4665.5205 0.9511
4666.595 0.9698
4667.6694 0.9828
4668.7446 0.975
4669.82 0.921
4670.895 0.9672
4671.9707 1.0137
4673.0464 0.9849
4674.1226 0.9607
4675.1990000000005 0.9342
4676.276 0.9933
4677.3525 1.0217
4678.4297 0.9379
4679.5073 0.9238
4680.585 0.9681
4681.6626 0.9498
4682.7407 0.936
4683.819 0.9562
4684.8975 0.9575
4685.9766 0.9669
4687.0557 0.9535
4688.1353 0.9674
4689.215 0.9758
4690.2944 0.8856
4691.3745 1.0155
4692.455 1.0212
4693.5356 0.9795
4694.616 0.9783
4695.6973 1.0005
4696.779 0.9823
4697.8604 0.9349
4698.9424 0.9418
4700.0244 0.9395
4701.107 1.008
4702.1895 0.9821
4703.272 1.0192
4704.3555 1.0048
4705.4385 1.0586
4706.522 1.0074
4707.606 1.0208
4708.69 0.9198
4709.7744 0.9986
4710.859 0.9689
4711.944 0.9523
4713.029 0.9643
4714.1143 0.9865
4715.1997 0.9874
4716.2856 1.0083
4717.372 0.9804
4718.458 0.9542
4719.545 0.9607
4720.6320000000005 0.9592
4721.7188 1.0049
4722.806 0.9767
4723.8936 0.983
4724.9814 0.9677
4726.07 0.9379
4727.1577 0.9749
4728.2466 0.9737
4729.3354 1.0017
4730.4243 0.9963
4731.5137 0.9614
4732.6035 0.9746
4733.6934 0.9347
4734.782999999999 0.991
4735.8735 0.9801
4736.9644 0.9601
4738.055 0.9852
4739.1465 0.9693
4740.238 0.9981
4741.329000000001 1.0008
4742.420999999999 0.9696
4743.513 0.9256
4744.6055 0.9459
4745.698 1.0083
4746.791 0.9848
4747.8843 0.962
4748.9775 0.9379
4750.0713 0.9452
4751.165 0.9867
4752.2593 0.9688
4753.3535 0.959
4754.448 0.9236
4755.543 0.9451
4756.638 0.9911
4757.7334 0.9514
4758.829000000001 0.9815
4759.925 0.9566
4761.021 0.9727
4762.1177 0.9748
4763.2144 0.9415
4764.311 1.0224
4765.407999999999 0.9587
4766.505999999999 0.9869
4767.6035 0.9776
4768.701 0.9868
4769.7993 0.9612
4770.898 0.9748
4771.9966 1.0062
4773.095 0.9514
4774.1943 0.9586
4775.294 0.9199
4776.3936 1.007
4777.4937 0.9979
4778.5938 0.9225
4779.6943 1.0032
4780.795 0.98
4781.896 0.9718
4782.997 0.9513
4784.0986 1.01
4785.2 0.9589
4786.3022 0.9828
4787.4043 0.9481
4788.5070000000005 0.9514
4789.6094 1.0015
4790.7124 1.0036
4791.816 0.9907
4792.9194 0.9859
4794.023 0.8677
4795.127 1.0129
4796.2314 0.992
4797.335999999999 0.9959
4798.4404 0.9736
4799.5454 0.9943
4800.651 0.9669
4801.7563 0.9124
4802.862 1.0328
4803.9683 0.9907
4805.0740000000005 0.9292
4806.1807 0.9769
4807.2876 0.9733
4808.3945 0.9814
4809.502 1.0188
4810.6094 1.0073
4811.7173 0.9851
4812.8257 0.9867
4813.9336 1.0382
4815.0425 0.9854
4816.1514 0.9759
4817.2603 0.9737
4818.3696 0.9919
4819.479 1.0054
4820.589 0.9651
4821.6990000000005 0.9555
4822.8096 0.9517
4823.92 0.9251
4825.0312 0.939
4826.142 0.9889
4827.2534 0.9641
4828.365 0.9584
4829.477 0.9714
4830.5894 1.0231
4831.7017 1.0182
4832.8145 0.9793
4833.9272 0.9587
4835.0405 0.9497
4836.154 0.9652
4837.2676 0.965
4838.3813 0.9817
4839.4956 0.9704
4840.6104 0.951
4841.725 0.9553
4842.84 0.9229
4843.955 0.8825
4845.071 0.9121
4846.1865 0.922
4847.3022 0.9376
4848.4185 0.9189
4849.535 0.8703
4850.652 0.9024
4851.769 0.8534
4852.8859999999995 0.8201
4854.004 0.7968
4855.1216 0.7038
4856.2397 0.5983
4857.358 0.5179
4858.4766 0.6012
4859.595 0.718
4860.7144 0.8049
4861.834 0.8314
4862.9536 0.8436
4864.073 0.9028
4865.1934 0.9143
4866.314 0.8751
4867.4346 0.8691
4868.555 0.8765
4869.6763 0.9404
4870.798 0.9068
4871.9194 0.9695
4873.0415 0.9234
4874.1636 0.9739
4875.286 0.9713
4876.4087 0.9281
4877.5317 0.9242
4878.6553 0.9327
4879.7783 0.9053
4880.9023 0.9712
4882.0264 0.9944
4883.1504 0.9502
4884.275 0.9626
4885.4 0.9903
4886.525 0.9555
4887.65 0.9516
4888.776 0.9541
4889.9014 0.9615
4891.0273 0.9851
4892.154 0.9716
4893.2803 0.9228
4894.407 0.9992
4895.5347 0.9729
4896.6616 0.9955
4897.7896 0.9862
4898.9175 0.951
4900.0454 0.8843
4901.174 0.9438
4902.3027 0.9828
4903.4316 1.0075
4904.5605 0.9541
4905.69 0.9572
4906.82 0.9645
4907.9497 0.9927
4909.08 0.9704
4910.2104 0.957
4911.3413 0.9717
4912.472 0.985
4913.6035 0.9426
4914.735 0.9753
4915.8667 0.9025
4916.999 0.8799
4918.1313 0.8953
4919.2637 0.8202
4920.3965 0.8721
4921.53 0.9424
4922.663 0.9649
4923.7970000000005 0.9734
4924.9307 0.9823
4926.0645 0.9857
4927.1990000000005 0.9333
4928.334 0.9101
4929.4688 0.9582
4930.604 0.9165
4931.7393 0.9634
4932.875 0.9872
4934.0107 0.9424
4935.147 0.9213
4936.2837 0.98
4937.4204 0.9743
4938.5576 0.987
4939.695 0.9295
4940.8325 1.0052
4941.97 0.9858
4943.108 0.9795
4944.2466 0.9441
4945.3853 0.9758
4946.524 0.9951
4947.663 0.9953
4948.8022 0.9575
4949.942 1.0
