3911.1108 1.0
3912.0115 1.0053
3912.9124 1.0693
3913.8135 0.9526
3914.7146 0.9666
3915.6162 0.947
3916.5178 1.0339
3917.4197 0.8804
3918.3218 0.7683
3919.224 1.1199
3920.1267 0.9209
3921.0295 1.0016
3921.9324 0.7676
3922.8357 0.8661
3923.739 0.8392
3924.6426 0.93
3925.5464 0.8545
3926.4504 0.9137
3927.3545 0.8826
3928.259 0.9982
3929.1636 0.7663
3930.0684 0.9406
3930.9734 0.7847
3931.8787 0.8159
3932.7842 0.6168
3933.6897 0.5841
3934.5957 0.3441
3935.5017 0.223
3936.408 0.3766
3937.3145 0.612
3938.2212 0.9061
3939.1282 0.8231
3940.0354 0.8701
3940.9426 0.762
3941.85 0.843
3942.7578 0.9256
3943.6658 0.9448
3944.574 0.9632
3945.4824 0.9963
3946.3909999999996 0.8144
3947.2998 0.8633
3948.2087 0.908
3949.118 0.8527
3950.0273 0.8483
3950.937 0.9023
3951.847 0.9263
3952.7568 0.9608
3953.6672 1.0009
3954.5776 0.8447
3955.4883 0.7645
3956.3992 0.893
3957.3103 0.9295
3958.2217 0.8605
3959.1333 0.8998
3960.045 0.9872
3960.9568 0.9127
3961.869 0.834
3962.7812 0.8259
3963.6938 0.8273
3964.6067 0.8755
3965.5198 0.7253
3966.4329 0.8113
3967.3462 0.6122
3968.26 0.523
3969.1738 0.273
3970.0879999999997 0.3247
3971.002 0.4816
3971.9165 0.4803
3972.8313 0.5316
3973.7459999999996 0.6094
3974.6611 0.7004
3975.5764 0.7006
3976.492 0.802
3977.4077 0.865
3978.3237 0.7255
3979.2397 0.8421
3980.1562 0.9188
3981.0728 0.9122
3981.9895 0.8954
3982.9065 0.7897
3983.8237 0.8009
3984.7412 0.8537
3985.6587 0.8377
3986.5767 0.8261
3987.4946 0.6878
3988.4128 0.7887
3989.3313 0.8751
3990.25 0.9006
3991.1690000000003 0.9328
3992.0881 0.983
3993.0073 0.8724
3993.927 0.9206
3994.8467 0.9679
3995.7666 0.9739
3996.6868 0.9529
3997.6072 0.9038
3998.5278 0.913
3999.4485 0.8875
4000.3696 0.9614
4001.2908 0.9651
4002.2122 0.8553
4003.1338 0.9939
4004.0557 1.0276
4004.9778 0.9423
4005.9001 0.9871
4006.8225 0.8838
4007.7454 0.8834
4008.6682 0.9181
4009.5913 0.9043
4010.5146 1.0017
4011.4382 0.9294
4012.362 0.8677
4013.2861 0.7598
4014.2102 0.9807
4015.1345 0.781
4016.0593 0.9481
4016.9841 0.9503
4017.9092 0.9322
4018.8345 0.9409
4019.7598 1.0065
4020.6855 0.8812
4021.6116 0.8933
4022.5376 0.9867
4023.4639 0.9019
4024.3904 0.8495
4025.3171 0.8942
4026.2441 0.9692
4027.1714 0.9921
4028.0989 0.93
4029.0264 1.0241
4029.954 0.9928
4030.8823 0.9203
4031.8105 1.0267
4032.739 0.9703
4033.6677 0.9808
4034.5964 0.8731
4035.5256 1.0367
4036.455 0.9197
4037.3845 0.9632
4038.3142 0.9921
4039.2441 0.9651
4040.1743 1.0469
4041.1047 0.9711
4042.0354 0.9463
4042.9663 0.9098
4043.8972 0.9
4044.8286 0.9396
4045.76 0.9862
4046.6917 0.9095
4047.6235 0.8109
4048.5557 0.8806
4049.488 0.9973
4050.4204 1.0385
4051.3533 1.0124
4052.2861 0.9877
4053.2195 0.9479
4054.1528 0.9177
4055.0864 0.9666
4056.0203 0.9143
4056.9543 0.8726
4057.8884 0.9665
4058.823 0.9993
4059.7576 0.9702
4060.6926 0.9938
4061.6277 0.9641
4062.563 0.9154
4063.4985 0.7459
4064.4343 0.931
4065.3704 1.0055
4066.3064 0.8052
4067.243 1.1185
4068.1794 0.9531
4069.1165 1.0283
4070.0535 1.0004
4070.9907 0.9317
4071.9282 1.0929
4072.866 0.7467
4073.8037 1.1153
4074.742 0.9933
4075.6804 0.9909
4076.619 1.0026
4077.5576 0.9535
4078.4966 0.9458
4079.4358 0.8641
4080.3752 0.894
4081.315 0.9281
4082.255 1.0007
4083.1948 1.0144
4084.1353 0.9352
4085.0757 0.9913
4086.0164 0.9783
4086.9575 0.8988
4087.8987 0.9081
4088.8398 1.0109
4089.7815 0.9429
4090.7234 0.9607
4091.6653 0.9444
4092.6077 0.915
4093.55 0.9407
4094.4927 0.9637
4095.4358 0.8877
4096.379 0.9051
4097.3223 0.8476
4098.2656 0.6737
4099.2095 0.6957
4100.1533 0.7004
4101.0977 0.6403
4102.042 0.5839
4102.987 0.4904
4103.9316 0.5737
4104.8765 0.6083
4105.822 0.6085
4106.7676 0.7701
4107.7134 0.7814
4108.659000000001 0.7664
4109.6055 0.9085
4110.552 0.8031
4111.498 0.8891
4112.4453 0.8768
4113.392 0.8307
4114.3394 0.9537
4115.2866 1.0022
4116.2344 0.904
4117.1826 0.8512
4118.1304 0.9244
4119.079000000001 0.8662
4120.0273 0.8549
4120.976 1.061
4121.9253 0.8109
4122.8745 1.0483
4123.8237 0.9898
4124.7734 0.8263
4125.7236 0.9322
4126.6733 0.972
4127.624 0.8362
4128.5740000000005 0.8852
4129.525 0.993
4130.476 0.7425
4131.4272 1.012
4132.379 0.9635
4133.33 0.9322
4134.282 0.96
4135.2344 0.983
4136.1865 0.9155
4137.139 0.9714
4138.092000000001 1.0433
4139.0444 1.0969
4139.998 0.9784
4140.951 1.0275
4141.905 0.9914
4142.8584 1.0184
4143.8125 0.9719
4144.767 0.9048
4145.721 0.9983
4146.6763 0.9806
4147.630999999999 1.0127
4148.585999999999 1.0145
4149.5415 0.8489
4150.497 0.8511
4151.4526 1.026
4152.4087 1.1646
4153.365 1.0004
4154.322 0.8248
4155.2783 0.9489
4156.2354 0.9619
4157.1924 0.9616
4158.1494 0.9057
4159.107 1.0644
4160.065 0.8907
4161.023 0.9118
4161.981 0.9753
4162.9395 1.0716
4163.8984 0.9409
4164.857 1.0203
4165.8164 0.8807
4166.7754 0.9175
4167.7354 0.9
4168.695 1.1139
4169.655 0.8546
4170.615 0.9977
4171.5757 1.0305
4172.536 0.9436
4173.497 0.9799
4174.458 0.9072
4175.4194 0.92
4176.380999999999 0.8994
4177.343 1.0287
4178.3047 1.0167
4179.267 1.0495
4180.2295 0.8888
4181.192 0.8754
4182.155 0.9355
4183.1179999999995 0.913
4184.081 0.9054
4185.045 0.9338
4186.009 0.8809
4186.9727 0.9043
4187.9365 0.948
4188.9014 0.8635
4189.8657 0.9191
4190.8306 0.9674
4191.795999999999 0.9288
4192.7609999999995 0.9406
4193.7266 0.9649
4194.6924 0.9995
4195.657999999999 0.9821
4196.6245 0.991
4197.590999999999 0.9467
4198.5576 0.9455
4199.5244 0.9546
4200.4917 0.9218
4201.459 0.9151
4202.4263 0.9035
4203.394 0.9703
4204.3623 0.9428
4205.33 0.9364
4206.299 0.9568
4207.2676 1.0095
4208.2363 0.9122
4209.2056 0.919
4210.175 0.9933
4211.144 0.9561
4212.1140000000005 0.9146
4213.084 0.9686
4214.054 1.0281
4215.0244 0.9676
4215.995 0.9802
4216.9663 0.91
4217.937 0.9865
4218.9087 0.9721
4219.88 0.9865
4220.852 0.9668
4221.8237 1.024
4222.795999999999 0.9229
4223.7686 1.0009
4224.741 0.9292
4225.714 0.9663
4226.687 0.8519
4227.6606 0.7818
4228.6343 0.8631
4229.608 0.7683
4230.582 0.9758
4231.556 0.8994
4232.531 0.8673
4233.5054 0.9327
4234.4805 0.9193
4235.4556 0.9374
4236.4307 0.9272
4237.4062 1.0001
4238.3823 0.9806
4239.3584 0.9034
4240.3345 0.9177
4241.311 0.9906
4242.2876 0.9864
4243.2646 1.0227
4244.2417 1.023
4245.219 0.9543
4246.197 1.0024
4247.175 0.8806
4248.153 0.8508
4249.130999999999 0.9653
4250.1094 0.9561
4251.0884 0.9257
4252.067 0.8774
4253.0464 0.9218
4254.026 0.9683
4255.0054 0.9539
4255.9854 1.0298
4256.9653 0.9908
4257.946 0.9421
4258.9263 0.9719
4259.9067 0.944
4260.8877 1.0018
4261.869000000001 0.8697
4262.8506 0.8312
4263.832 0.998
4264.814 0.9002
4265.7964 1.004
4266.779 1.0
4267.7609999999995 0.9222
4268.744000000001 1.0759
4269.727 0.857
4270.7104 0.8978
4271.694 1.0224
4272.6772 0.8853
4273.6616 0.9163
4274.6455 0.9792
4275.63 0.9574
4276.6147 0.9054
4277.5996 0.9542
4278.5845 0.9925
4279.57 0.9031
4280.555 0.9723
4281.541 1.0351
4282.527 0.9279
4283.513 0.918
4284.4995 1.0422
4285.4863 1.044
4286.473 1.0496
4287.4604 1.0117
4288.4478 0.9264
4289.435 0.9407
4290.423 0.8682
4291.411 0.9313
4292.3994 0.9368
4293.3877 0.9715
4294.3765 0.9497
4295.365 0.9678
4296.3545 0.8712
4297.3438 0.8892
4298.3335 0.909
4299.323 0.8624
4300.3135 0.898
4301.3037 0.8596
4302.2944 0.8391
4303.285 0.872
4304.276 0.8972
4305.267 0.8988
4306.259 0.8892
4307.2505 0.9969
4308.242 0.9925
4309.2344 0.9031
4310.2266 0.8761
4311.219 0.9744
4312.212 0.9742
4313.205 0.9388
4314.198 0.9056
4315.192 0.9166
4316.1855 0.8299
4317.1797 0.8717
4318.174 0.9765
4319.168 0.9542
4320.1626 0.8258
4321.1577 0.9417
4322.153 0.8601
4323.148 0.858
4324.1436 0.9598
4325.1396 0.9606
4326.1353 0.8889
4327.1320000000005 0.8299
4328.128 0.9241
4329.125 0.921
4330.1216 0.9871
4331.119000000001 0.9181
4332.116 0.9345
4333.1140000000005 0.824
4334.112 0.8712
4335.11 0.7825
4336.1084 0.9139
4337.107 0.7974
4338.1055 0.8516
4339.1045 0.659
4340.1035 0.6892
4341.103 0.5936
4342.103 0.6052
4343.103 0.589
4344.103 0.7015
4345.1035 0.7344
4346.104 0.7844
4347.105 0.9303
4348.106 0.926
4349.1074 0.8345
4350.109 0.9389
4351.1104 0.8937
4352.1123 0.8313
4353.1147 0.8391
4354.117 0.8501
4355.1196 0.9064
4356.1226 0.9164
4357.126 0.9874
4358.1294 0.9561
4359.133 0.8967
4360.1367 0.9769
4361.1406 0.9303
4362.145 0.9615
4363.15 1.0615
4364.1543 0.9845
4365.1597 0.9539
4366.1646 0.9845
4367.17 0.9552
4368.1759999999995 0.9107
4369.1816 1.0251
4370.188 0.9445
4371.1943 0.9455
4372.2007 1.048
4373.208 0.9996
4374.215 0.9989
4375.222 0.9272
4376.2295 0.8547
4377.2373 0.9442
4378.2456 0.9299
4379.254 0.9935
4380.262 1.074
4381.271 1.0213
4382.28 1.0566
4383.289000000001 0.9935
4384.2983 0.9464
4385.308 0.866
4386.318 0.9221
4387.3279999999995 0.9103
4388.3384 0.9467
4389.349 1.0091
4390.36 0.972
4391.3706 1.0028
4392.3823 0.9705
4393.3936 0.9294
4394.4053 0.9254
4395.4175 0.9605
4396.4297 0.9481
4397.442 0.9553
4398.4546 0.8797
4399.4673 0.9613
4400.4805 0.9165
4401.494000000001 0.9018
4402.508 0.9697
4403.5215 0.9993
4404.5356 1.028
4405.55 0.9818
4406.5645 0.9523
4407.579000000001 0.9644
4408.594 0.9614
4409.6094 0.9727
4410.625 0.9613
4411.6406 1.0161
4412.6562 1.084
4413.6724 1.0167
4414.689 0.9378
4415.7056 0.9397
4416.7227 0.9725
4417.7397 0.8578
4418.7570000000005 0.8628
4419.7744 0.8988
4420.7925 0.9473
4421.8105 0.9159
4422.8286 1.0053
4423.847 0.94
4424.8657 0.946
4425.885 0.9331
4426.9043 0.9003
4427.9233 0.9217
4428.9434 0.8921
4429.963 0.9521
4430.9834 0.9539
4432.004 0.9383
4433.0244 1.0073
4434.045 0.9131
4435.0664 0.8962
4436.0874 0.9302
4437.1094 0.917
4438.130999999999 0.9299
4439.153 1.0422
4440.1753 0.9405
4441.1978 1.0214
4442.2207 1.0095
4443.2437 0.931
4444.2666 0.8912
4445.29 0.9573
4446.314 0.9034
4447.338 0.9173
4448.362 0.9573
4449.3859999999995 1.0185
4450.411 0.984
4451.4355 0.9818
4452.460999999999 0.9405
4453.4863 0.9549
4454.5117 0.9433
4455.5376 0.912
4456.5635 0.9576
4457.59 0.9014
4458.616 0.8913
4459.643 0.9325
4460.67 0.9368
4461.6973 0.9769
4462.7246 0.9305
4463.7524 0.9444
4464.7803 1.0184
4465.8086 0.9489
4466.837 0.9308
4467.8657 0.9406
4468.8945 0.9413
4469.924 0.9344
4470.9529999999995 0.941
4471.9824 0.9069
4473.0127 1.0377
4474.0425 0.9194
4475.0728 0.9425
4476.1035 1.002
4477.1343 0.9801
4478.165 0.9976
4479.1963 1.0218
4480.228 0.953
4481.26 0.9219
4482.2915 0.9932
4483.3237 0.9321
4484.3564 0.861
4485.389 0.9789
4486.4220000000005 0.9913
4487.455 0.9642
4488.4883 0.9633
4489.522 0.9464
4490.556 0.9095
4491.59 0.9501
4492.6245 0.9846
4493.659000000001 1.0253
4494.694 0.9776
4495.729 0.9994
4496.764 0.8934
4497.8 1.0126
4498.8354 0.9689
4499.8716 0.9508
4500.9077 0.9735
4501.9443 0.9628
4502.981 0.9676
4504.018 0.977
4505.055 0.9859
4506.093 0.9968
4507.1304 0.9409
4508.168 0.9622
4509.2065 0.9412
4510.2446 0.9548
4511.282999999999 1.0028
4512.3223 0.9829
4513.3613 0.9866
4514.401 0.9717
4515.4404 0.9314
4516.48 0.9677
4517.5205 0.9976
4518.5605 1.0092
4519.601 0.9783
4520.642 0.895
4521.683 0.9273
4522.724 0.9281
4523.7656 0.8891
4524.8076 0.9018
4525.8496 1.0021
4526.8916 0.9708
4527.934 0.9691
4528.977 0.9951
4530.02 0.863
4531.063 0.9614
4532.1064 0.9247
4533.1504 0.9653
4534.1943 0.9648
4535.2383 0.8709
4536.2827 0.9218
4537.327 0.8581
4538.372 1.0351
4539.4175 0.9008
4540.463 1.0615
4541.5083 1.0021
4542.554 1.022
4543.6 0.9788
4544.6465 0.936
4545.693 1.0761
4546.7397 0.9086
4547.787 1.0094
4548.8345 0.9791
4549.8820000000005 0.8687
4550.9297 0.8165
4551.9775 0.9004
4553.026 0.9575
4554.0740000000005 0.9848
4555.123 0.9485
4556.1720000000005 0.9354
4557.221 0.9265
4558.2705 0.9159
4559.3203 0.914
4560.37 0.9432
4561.4204 0.9646
4562.4707 0.956
4563.5215 1.0294
4564.5728 1.0163
4565.6235 0.9222
4566.6753 1.0014
4567.7266 1.0326
4568.779 0.9841
4569.8306 0.9668
4570.8833 0.9925
4571.9355 0.981
4572.9883 0.896
4574.0415 0.8705
4575.0947 0.9116
4576.1484 0.9733
4577.202 0.9706
4578.2563 1.0322
4579.3105 0.9889
4580.365 1.0316
4581.42 0.9339
4582.475 0.9507
4583.5303 0.9516
4584.585999999999 0.9117
4585.6416 0.9133
4586.6978 0.9657
4587.754 0.9944
4588.8105 0.9545
4589.867 0.9688
4590.9243 0.9562
4591.9814 0.9387
4593.0386 0.9393
4594.0967 0.979
4595.1543 0.949
4596.2124 1.0141
4597.271 0.9392
4598.3296 0.9285
4599.3887 0.8954
4600.4478 0.9291
4601.5073 1.047
4602.567 0.9652
4603.627 1.0275
4604.687 0.9514
4605.7476 0.9875
4606.808 1.0367
4607.8687 1.0232
4608.93 0.9085
4609.991 0.9993
4611.0527 1.0077
4612.1147 0.9853
4613.177 0.9879
4614.2393 0.9199
4615.302 0.9414
4616.3647 0.9347
4617.4277 0.9421
4618.491 0.9483
4619.5547 1.0453
4620.6187 1.0616
4621.6826 0.9133
4622.747 0.9488
4623.8115 0.9767
4624.876 0.9809
4625.9414 1.0295
4627.0063 0.9697
4628.0723 0.9406
4629.1377 0.9564
4630.2036 0.9535
4631.27 0.9177
4632.3364 0.9534
4633.4033 1.0149
4634.47 0.9701
4635.5376 1.0304
4636.605 1.0214
4637.673 1.0383
4638.7407 0.9744
4639.809 0.9364
4640.8774 1.0178
4641.9463 0.9981
4643.015 1.0184
4644.0845 0.9492
4645.154 0.9783
4646.2236 0.9734
4647.2935 1.0202
4648.3640000000005 0.9477
4649.434 0.999
4650.505 0.9665
4651.5757 0.9155
4652.647 0.9645
4653.7188 0.9736
4654.79 0.9398
4655.8623 0.9912
4656.934 0.9099
4658.0070000000005 0.9438
4659.0796 0.9654
4660.1523 0.9452
4661.2256 1.0374
4662.299 0.8788
4663.3726 0.9638
4664.4463 0.9605
4665.5205 1.0373
4666.595 1.009
4667.6694 0.9379
4668.7446 0.8961
4669.82 0.9444
4670.895 1.0279
4671.9707 1.0028
4673.0464 0.9649
4674.1226 0.9977
4675.1990000000005 0.9537
4676.276 0.9377
4677.3525 0.9813
4678.4297 0.9959
4679.5073 0.978
4680.585 0.9925
4681.6626 0.9729
4682.7407 0.9592
4683.819 0.9548
4684.8975 0.9713
4685.9766 1.0051
4687.0557 0.9605
4688.1353 1.0273
4689.215 1.0274
4690.2944 0.973
4691.3745 0.9601
4692.455 0.934
4693.5356 1.0395
4694.616 0.9756
4695.6973 0.95
4696.779 0.95
4697.8604 0.994
4698.9424 0.9787
4700.0244 0.9395
4701.107 1.0127
4702.1895 0.9566
4703.272 0.9866
4704.3555 0.9155
4705.4385 0.9727
4706.522 0.9296
4707.606 0.9613
4708.69 0.9742
4709.7744 0.9665
4710.859 0.9575
4711.944 0.9996
4713.029 0.9666
4714.1143 0.9476
4715.1997 0.9612
4716.2856 1.0234
4717.372 0.9489
4718.458 1.0102
4719.545 0.9448
4720.6320000000005 1.0293
4721.7188 1.0246
4722.806 1.0143
4723.8936 0.9553
4724.9814 0.9913
4726.07 0.9671
4727.1577 0.922
4728.2466 0.9814
4729.3354 0.9585
4730.4243 0.9272
4731.5137 0.9397
4732.6035 0.9698
4733.6934 0.9621
4734.782999999999 0.9924
4735.8735 1.0289
4736.9644 0.9641
4738.055 0.9573
4739.1465 0.985
4740.238 1.0144
4741.329000000001 1.0361
4742.420999999999 0.979
4743.513 0.9863
4744.6055 0.9916
4745.698 0.9834
4746.791 1.0177
4747.8843 0.9805
4748.9775 0.9545
4750.0713 0.9658
4751.165 0.9147
4752.2593 0.9764
4753.3535 0.9693
4754.448 0.9508
4755.543 0.955
4756.638 0.9919
4757.7334 0.9835
4758.829000000001 0.9682
4759.925 0.9387
4761.021 0.9685
4762.1177 0.9702
4763.2144 0.9644
4764.311 0.9929
4765.407999999999 0.8916
4766.505999999999 0.9102
4767.6035 0.9601
4768.701 0.9298
4769.7993 0.9932
4770.898 0.9593
4771.9966 0.9802
4773.095 0.9627
4774.1943 0.9642
4775.294 0.9487
4776.3936 0.9958
4777.4937 0.9876
4778.5938 0.8992
4779.6943 0.962
4780.795 0.9887
4781.896 0.9722
4782.997 0.9667
4784.0986 0.9277
4785.2 1.0344
4786.3022 0.9849
4787.4043 0.971
4788.5070000000005 1.0022
4789.6094 0.9721
4790.7124 0.9409
4791.816 0.9587
4792.9194 0.9488
4794.023 0.9907
4795.127 0.9625
4796.2314 0.9813
4797.335999999999 1.037
4798.4404 0.9886
4799.5454 0.9808
4800.651 0.9584
4801.7563 0.987
4802.862 0.9938
4803.9683 0.9615
4805.0740000000005 1.005
4806.1807 0.9575
4807.2876 0.9553
4808.3945 0.9949
4809.502 1.0343
4810.6094 0.9808
4811.7173 1.0087
4812.8257 0.9745
4813.9336 0.9684
4815.0425 0.9862
4816.1514 0.9871
4817.2603 0.9522
4818.3696 0.9913
4819.479 0.9143
4820.589 1.0108
4821.6990000000005 0.9457
4822.8096 0.9396
4823.92 1.0071
4825.0312 0.9648
4826.142 0.9753
4827.2534 0.9337
4828.365 0.9664
4829.477 0.9751
4830.5894 0.9672
4831.7017 1.0286
4832.8145 0.9164
4833.9272 0.9927
4835.0405 0.9212
4836.154 1.0206
4837.2676 0.9027
4838.3813 0.9487
4839.4956 0.9526
4840.6104 0.9608
4841.725 0.9785
4842.84 1.0106
4843.955 0.9643
4845.071 1.0329
4846.1865 0.9663
4847.3022 0.9413
4848.4185 0.9853
4849.535 0.9618
4850.652 0.9203
4851.769 0.9299
4852.8859999999995 0.9271
4854.004 0.8774
4855.1216 0.851
4856.2397 0.8539
4857.358 0.8582
4858.4766 0.8365
4859.595 0.76
4860.7144 0.7218
4861.834 0.6585
4862.9536 0.5255
4864.073 0.591
4865.1934 0.6835
4866.314 0.7531
4867.4346 0.7867
4868.555 0.8839
4869.6763 0.8836
4870.798 0.8753
4871.9194 0.8446
4873.0415 0.8433
4874.1636 0.9106
4875.286 0.9742
4876.4087 0.8963
4877.5317 0.8796
4878.6553 0.8655
4879.7783 0.9646
4880.9023 0.9553
4882.0264 0.9455
4883.1504 0.9423
4884.275 1.0135
4885.4 0.9469
4886.525 0.9222
4887.65 0.9427
4888.776 0.9456
4889.9014 0.9999
4891.0273 0.9191
4892.154 0.8635
4893.2803 0.9174
4894.407 0.98
4895.5347 0.9213
4896.6616 0.9363
4897.7896 0.9349
4898.9175 0.9653
4900.0454 0.9119
4901.174 0.9447
4902.3027 1.0023
4903.4316 0.9783
4904.5605 0.9358
4905.69 0.9296
4906.82 0.9394
4907.9497 0.9551
4909.08 0.9731
4910.2104 0.9402
4911.3413 0.9858
4912.472 0.9441
4913.6035 0.9243
4914.735 0.9575
4915.8667 0.9525
4916.999 0.9615
4918.1313 0.9334
4919.2637 0.9505
4920.3965 0.9032
4921.53 0.9085
4922.663 0.9351
4923.7970000000005 0.9167
4924.9307 0.8862
4926.0645 0.9151
4927.1990000000005 0.9032
4928.334 1.0041
4929.4688 0.8947
4930.604 0.9878
4931.7393 0.9354
4932.875 0.9834
4934.0107 0.9749
4935.147 0.9603
4936.2837 0.8699
4937.4204 0.8937
4938.5576 0.9167
4939.695 0.971
4940.8325 0.9494
4941.97 0.9532
4943.108 0.9402
4944.2466 0.9397
4945.3853 1.028
4946.524 0.9201
4947.663 0.8975
4948.8022 1.0512
4949.942 1.0
