3911.1108 1.0
3912.0115 0.951
3912.9124 0.8768
3913.8135 0.9743
3914.7146 1.0401
3915.6162 1.1676
3916.5178 0.6873
3917.4197 0.9272
3918.3218 0.7324
3919.224 0.555
3920.1267 0.4292
3921.0295 0.7277
3921.9324 0.6992
3922.8357 0.6212
3923.739 1.0201
3924.6426 0.9327
3925.5464 0.9912
3926.4504 0.8772
3927.3545 0.9689
3928.259 1.0029
3929.1636 0.9129
3930.0684 0.8374
3930.9734 0.9101
3931.8787 0.8767
3932.7842 0.7364
3933.6897 0.4408
3934.5957 0.6424
3935.5017 0.2654
3936.408 0.452
3937.3145 0.0979
3938.2212 0.2346
3939.1282 0.6001
3940.0354 0.6467
3940.9426 0.6599
3941.85 0.82
3942.7578 0.6186
3943.6658 0.9851
3944.574 0.9558
3945.4824 0.9638
3946.3909999999996 0.7094
3947.2998 0.7804
3948.2087 0.6067
3949.118 0.6555
3950.0273 0.7687
3950.937 1.0081
3951.847 0.6488
3952.7568 0.6784
3953.6672 0.72
3954.5776 0.6625
3955.4883 0.7844
3956.3992 0.8071
3957.3103 0.7281
3958.2217 0.6553
3959.1333 0.8435
3960.045 0.6711
3960.9568 0.601
3961.869 0.6591
3962.7812 0.6022
3963.6938 0.6905
3964.6067 0.7637
3965.5198 0.8597
3966.4329 0.5697
3967.3462 0.4694
3968.26 0.5671
3969.1738 0.2747
3970.0879999999997 0.2225
3971.002 0.3108
3971.9165 0.2498
3972.8313 0.1091
3974.6611 0.4957
3975.5764 0.3773
3976.492 0.7653
3977.4077 0.7731
3978.3237 0.8257
3979.2397 0.8532
3980.1562 0.5772
3981.0728 0.7879
3981.9895 0.7944
3982.9065 1.0156
3983.8237 1.1935
3984.7412 0.6071
3985.6587 0.901
3986.5767 0.6432
3987.4946 1.1355
3988.4128 0.779
3989.3313 0.9716
3990.25 0.7835
3991.1690000000003 0.7057
3992.0881 0.8862
3993.0073 0.7757
3993.927 0.7386
3994.8467 0.6374
3995.7666 0.7676
3996.6868 0.6645
3997.6072 0.9494
3998.5278 0.6193
3999.4485 0.7239
4000.3696 0.8347
4001.2908 0.9131
4002.2122 0.9617
4003.1338 0.8084
4004.0557 0.9084
4004.9778 1.2174
4005.9001 1.0543
4006.8225 1.0124
4007.7454 1.1006
4008.6682 0.7188
4009.5913 0.6357
4010.5146 0.7778
4011.4382 0.6682
4012.362 0.7141
4013.2861 0.8294
4014.2102 0.7707
4015.1345 0.6482
4016.0593 0.7185
4016.9841 0.7127
4017.9092 0.8889
4018.8345 1.1543
4019.7598 0.7735
4020.6855 0.7878
4021.6116 0.9426
4022.5376 0.7414
4023.4639 0.8
4024.3904 1.0753
4025.3171 0.8412
4026.2441 0.9815
4027.1714 1.0734
4028.0989 1.063
4029.0264 0.9743
4029.954 1.0479
4030.8823 0.7651
4031.8105 0.857
4032.739 0.9537
4033.6677 0.7571
4034.5964 0.8612
4035.5256 0.7946
4036.455 0.9932
4037.3845 0.9275
4038.3142 0.8419
4039.2441 0.8843
4040.1743 0.9839
4041.1047 0.9598
4042.0354 0.9704
4042.9663 0.7788
4043.8972 0.9581
4044.8286 0.9041
4045.76 0.8956
4046.6917 0.949
4047.6235 1.1812
4048.5557 0.8613
4049.488 0.8641
4050.4204 0.9259
4051.3533 0.6791
4052.2861 0.8453
4053.2195 0.7801
4054.1528 1.1115
4055.0864 0.9441
4056.0203 1.2948
4056.9543 1.1064
4057.8884 0.9116
4058.823 0.9036
4059.7576 0.8563
4060.6926 0.8197
4061.6277 0.9162
4062.563 1.0229
4063.4985 0.9758
4064.4343 0.9969
4065.3704 0.6417
4066.3064 0.6396
4067.243 0.8239
4068.1794 0.8386
4069.1165 1.0379
4070.0535 1.1342
4070.9907 0.9516
4071.9282 0.8943
4072.866 0.9426
4073.8037 0.7513
4074.742 0.801
4075.6804 0.8669
4076.619 1.035
4077.5576 0.8029
4078.4966 0.982
4079.4358 0.9659
4080.3752 1.0134
4081.315 0.9562
4082.255 0.8725
4083.1948 0.9507
4084.1353 1.0013
4085.0757 0.9006
4086.0164 0.8958
4086.9575 0.9245
4087.8987 0.8381
4088.8398 1.0304
4089.7815 0.8281
4090.7234 0.784
4091.6653 0.6288
4092.6077 0.5371
4093.55 0.849
4094.4927 0.9243
4095.4358 0.8915
4096.379 0.8214
4097.3223 0.661
4098.2656 0.827
4099.2095 0.5198
4100.1533 0.7627
4101.0977 0.6186
4102.042 0.6758
4102.987 0.6317
4103.9316 0.5838
4104.8765 0.3302
4105.822 0.4005
4106.7676 0.6023
4107.7134 0.5771
4108.659000000001 0.5364
4109.6055 0.6498
4110.552 0.7922
4111.498 0.7751
4112.4453 0.9826
4113.392 0.6962
4114.3394 0.8541
4115.2866 0.8499
4116.2344 1.1018
4117.1826 0.8359
4118.1304 0.6462
4119.079000000001 0.8611
4120.0273 0.9214
4120.976 0.9281
4121.9253 0.7369
4122.8745 0.9205
4123.8237 1.0689
4124.7734 0.7205
4125.7236 0.6843
4126.6733 0.7617
4127.624 0.8059
4128.5740000000005 0.831
4129.525 0.8145
4130.476 0.9069
4131.4272 0.9424
4132.379 1.0412
4133.33 1.1755
4134.282 0.8005
4135.2344 0.9034
4136.1865 0.8316
4137.139 1.0926
4138.092000000001 0.8471
4139.0444 0.8805
4139.998 0.9284
4140.951 1.0179
4141.905 0.843
4142.8584 0.8475
4143.8125 0.9261
4144.767 0.7405
4145.721 0.9173
4146.6763 1.1336
4147.630999999999 0.8147
4148.585999999999 1.0379
4149.5415 0.9814
4150.497 0.9096
4151.4526 0.9501
4152.4087 1.2225
4153.365 0.8439
4154.322 1.057
4155.2783 1.084
4156.2354 0.9787
4157.1924 0.6481
4158.1494 0.9362
4159.107 0.8261
4160.065 0.8851
4161.023 0.8304
4161.981 0.8631
4162.9395 1.1661
4163.8984 0.8056
4164.857 0.8788
4165.8164 0.9654
4166.7754 0.9761
4167.7354 0.7813
4168.695 0.7035
4169.655 1.0307
4170.615 1.0075
4171.5757 1.0581
4172.536 0.9233
4173.497 0.9772
4174.458 0.9841
4175.4194 1.0342
4176.380999999999 1.0595
4177.343 0.798
4178.3047 0.984
4179.267 1.175
4180.2295 0.8348
4181.192 0.9302
4182.155 1.0144
4183.1179999999995 0.7939
4184.081 0.8666
4185.045 0.6442
4186.009 0.9417
4186.9727 0.9876
4187.9365 0.9419
4188.9014 0.8
4189.8657 0.8736
4190.8306 0.6723
4191.795999999999 1.0307
4192.7609999999995 1.0322
4193.7266 0.8654
4194.6924 1.1189
4195.657999999999 1.0336
4196.6245 0.8254
4197.590999999999 0.8927
4198.5576 0.9068
4199.5244 0.8967
4200.4917 0.8885
4201.459 0.9262
4202.4263 0.7342
4203.394 0.7154
4204.3623 0.7397
4205.33 0.9126
4206.299 1.0174
4207.2676 0.906
4208.2363 1.0824
4209.2056 0.5486
4210.175 1.014
4211.144 0.829
4212.1140000000005 0.8428
4213.084 0.8661
4214.054 0.7438
4215.0244 0.754
4215.995 1.1179
4216.9663 0.7654
4217.937 0.928
4218.9087 1.1131
4219.88 0.9092
4220.852 0.9379
4221.8237 1.1187
4222.795999999999 0.6094
4223.7686 0.7932
4224.741 0.7963
4225.714 1.0272
4226.687 0.9919
4227.6606 1.0027
4228.6343 1.0259
4229.608 0.8766
4230.582 0.8153
4231.556 0.9708
4232.531 0.862
4233.5054 0.8311
4234.4805 0.8806
4235.4556 0.7253
4236.4307 0.9739
4237.4062 1.1154
4238.3823 0.963
4239.3584 0.9135
4240.3345 0.7912
4241.311 0.9056
4242.2876 1.0066
4243.2646 0.8541
4244.2417 0.9889
4245.219 0.9892
4246.197 1.0406
4247.175 0.7585
4248.153 0.9674
4249.130999999999 0.8356
4250.1094 0.8405
4251.0884 0.7505
4252.067 0.9482
4253.0464 0.7884
4254.026 1.0395
4255.0054 0.8305
4255.9854 0.8643
4256.9653 0.6994
4257.946 0.8854
4258.9263 0.9566
4259.9067 0.8818
4260.8877 1.1413
4261.869000000001 0.8552
4262.8506 1.0806
4263.832 0.908
4264.814 1.2294
4265.7964 1.1092
4266.779 0.8685
4267.7609999999995 0.8381
4268.744000000001 0.7911
4269.727 0.8823
4270.7104 0.9412
4271.694 1.1277
4272.6772 0.9572
4273.6616 1.0251
4274.6455 0.7627
4275.63 0.7804
4276.6147 0.7883
4277.5996 1.0332
4278.5845 0.6395
4279.57 0.8052
4280.555 0.983
4281.541 0.8773
4282.527 0.9102
4283.513 0.9669
4284.4995 0.7183
4285.4863 0.7694
4286.473 0.8809
4287.4604 0.7648
4288.4478 0.7444
4289.435 0.8621
4290.423 0.8616
4291.411 0.8209
4292.3994 0.7823
4293.3877 0.7984
4294.3765 0.8205
4295.365 0.7354
4296.3545 0.7595
4297.3438 0.6907
4298.3335 0.8402
4299.323 0.9063
4300.3135 1.0306
4301.3037 0.7592
4302.2944 0.9098
4303.285 0.9369
4304.276 0.7517
4305.267 0.9938
4306.259 0.6982
4307.2505 0.8907
4308.242 0.7981
4309.2344 1.0011
4310.2266 0.9745
4311.219 0.9644
4312.212 1.0528
4313.205 0.6853
4314.198 0.9975
4315.192 0.9885
4316.1855 0.9928
4317.1797 0.8754
4318.174 0.5953
4319.168 0.8343
4320.1626 0.6908
4321.1577 1.0335
4322.153 0.8518
4323.148 0.8466
4324.1436 0.8265
4325.1396 0.865
4326.1353 0.7671
4327.1320000000005 0.7652
4328.128 0.7178
4329.125 0.887
4330.1216 0.831
4331.119000000001 0.9868
4332.116 1.0003
4333.1140000000005 0.8318
4334.112 1.0462
4335.11 0.8902
4336.1084 0.7345
4337.107 0.7459
4338.1055 0.6743
4339.1045 0.6501
4340.1035 0.6302
4341.103 0.5241
4342.103 0.4289
4343.103 0.4075
4344.103 0.4402
4345.1035 0.4279
4346.104 0.6135
4347.105 0.6329
4348.106 0.7818
4349.1074 0.8177
4350.109 0.7459
4351.1104 0.8463
4352.1123 0.769
4353.1147 1.0255
4354.117 0.8317
4355.1196 0.774
4356.1226 0.7475
4357.126 0.8512
4358.1294 0.7701
4359.133 0.7435
4360.1367 0.9871
4361.1406 0.7699
4362.145 0.9586
4363.15 1.0255
4364.1543 0.9905
4365.1597 1.1124
4366.1646 0.9692
4367.17 0.95
4368.1759999999995 1.0785
4369.1816 0.9693
4370.188 0.8807
4371.1943 1.0977
4372.2007 0.9733
4373.208 1.19
4374.215 1.0832
4375.222 0.9195
4376.2295 0.7878
4377.2373 0.8127
4378.2456 0.8862
4379.254 0.6957
4380.262 0.7878
4381.271 0.7885
4382.28 0.8915
4383.289000000001 0.8148
4384.2983 0.8667
4385.308 0.8477
4386.318 1.0029
4387.3279999999995 0.9357
4388.3384 0.785
4389.349 0.7601
4390.36 0.9131
4391.3706 0.8361
4392.3823 0.8461
4393.3936 0.8477
4394.4053 0.9611
4395.4175 0.885
4396.4297 0.9512
4397.442 0.9502
4398.4546 0.8996
4399.4673 0.7946
4400.4805 0.8238
4401.494000000001 0.799
4402.508 0.7397
4403.5215 0.8834
4404.5356 0.9242
4405.55 1.0127
4406.5645 0.9509
4407.579000000001 0.7733
4408.594 0.8914
4409.6094 0.9365
4410.625 0.8749
4411.6406 0.9045
4412.6562 0.9726
4413.6724 0.9018
4414.689 0.9503
4415.7056 0.7818
4416.7227 0.9774
4417.7397 0.9759
4418.7570000000005 0.7033
4419.7744 0.6699
4420.7925 0.7325
4421.8105 0.7253
4422.8286 0.934
4423.847 0.8213
4424.8657 1.0772
4425.885 0.9197
4426.9043 0.7906
4427.9233 1.0299
4428.9434 0.9262
4429.963 0.826
4430.9834 0.9142
4432.004 0.9355
4433.0244 0.7877
4434.045 0.815
4435.0664 0.9106
4436.0874 0.7974
4437.1094 1.0215
4438.130999999999 0.8173
4439.153 1.0072
4440.1753 0.9091
4441.1978 0.9077
4442.2207 0.9289
4443.2437 0.9609
4444.2666 1.1011
4445.29 0.9498
4446.314 0.9106
4447.338 0.7706
4448.362 0.9608
4449.3859999999995 0.8696
4450.411 0.9352
4451.4355 0.918
4452.460999999999 0.8849
4453.4863 1.0995
4454.5117 0.7344
4455.5376 0.7751
4456.5635 0.7507
4457.59 0.8554
4458.616 0.9867
4459.643 0.8736
4460.67 0.9735
4461.6973 0.8023
4462.7246 0.839
4463.7524 0.8711
4464.7803 0.7785
4465.8086 0.9149
4466.837 0.8264
4467.8657 0.9123
4468.8945 1.1491
4469.924 1.0659
4470.9529999999995 0.8226
4471.9824 0.8116
4473.0127 0.8994
4474.0425 0.894
4475.0728 0.9248
4476.1035 1.0461
4477.1343 0.9409
4478.165 0.9073
4479.1963 0.6921
4480.228 0.9913
4481.26 0.9488
4482.2915 0.892
4483.3237 0.7203
4484.3564 0.9041
4485.389 0.8103
4486.4220000000005 1.0417
4487.455 0.8436
4488.4883 0.8987
4489.522 0.8489
4490.556 0.993
4491.59 0.9945
4492.6245 0.8626
4493.659000000001 1.0721
4494.694 0.9587
4495.729 0.9582
4496.764 0.8602
4497.8 1.0212
4498.8354 1.062
4499.8716 0.9246
4500.9077 1.0413
4501.9443 1.1297
4502.981 0.8218
4504.018 0.7845
4505.055 0.8392
4506.093 0.812
4507.1304 0.8043
4508.168 0.8364
4509.2065 0.9564
4510.2446 0.8041
4511.282999999999 0.7894
4512.3223 0.8562
4513.3613 0.9787
4514.401 0.8682
4515.4404 0.8637
4516.48 0.9097
4517.5205 0.911
4518.5605 0.8145
4519.601 0.8841
4520.642 1.0195
4521.683 1.0494
4522.724 0.8862
4523.7656 0.9874
4524.8076 1.0133
4525.8496 0.8639
4526.8916 0.893
4527.934 0.8075
4528.977 0.8356
4530.02 0.8749
4531.063 0.9496
4532.1064 0.8988
4533.1504 0.8675
4534.1943 0.7375
4535.2383 0.9393
4536.2827 0.8671
4537.327 0.8449
4538.372 1.0084
4539.4175 0.9826
4540.463 1.0453
4541.5083 0.9486
4542.554 0.9101
4543.6 0.7017
4544.6465 0.8796
4545.693 0.8055
4546.7397 0.8292
4547.787 0.9087
4548.8345 0.8961
4549.8820000000005 0.9515
4550.9297 1.2158
4551.9775 0.7443
4553.026 0.8621
4554.0740000000005 1.0426
4555.123 0.9828
4556.1720000000005 0.7705
4557.221 1.0659
4558.2705 0.9467
4559.3203 0.9271
4560.37 0.8258
4561.4204 0.9821
4562.4707 0.8614
4563.5215 0.9408
4564.5728 0.9276
4565.6235 0.8271
4566.6753 0.9439
4567.7266 0.962
4568.779 0.9981
4569.8306 0.8695
4570.8833 1.0066
4571.9355 0.8897
4572.9883 0.9504
4574.0415 0.8429
4575.0947 0.8851
4576.1484 0.9199
4577.202 1.0523
4578.2563 1.0086
4579.3105 0.8671
4580.365 0.9049
4581.42 0.8365
4582.475 0.8111
4583.5303 0.9903
4584.585999999999 0.9944
4585.6416 0.8504
4586.6978 0.905
4587.754 0.9075
4588.8105 0.8617
4589.867 0.8803
4590.9243 0.8398
4591.9814 0.8899
4593.0386 0.8229
4594.0967 1.0071
4595.1543 0.8649
4596.2124 0.8316
4597.271 0.9093
4598.3296 0.7588
4599.3887 1.0663
4600.4478 0.9499
4601.5073 1.047
4602.567 1.1565
4603.627 1.0048
4604.687 0.8727
4605.7476 1.0819
4606.808 0.8889
4607.8687 1.002
4608.93 0.7591
4609.991 1.0351
4611.0527 1.001
4612.1147 1.0837
4613.177 1.0113
4614.2393 0.9309
4615.302 0.9155
4616.3647 0.8932
4617.4277 0.8854
4618.491 1.0292
4619.5547 1.0159
4620.6187 0.9125
4621.6826 1.0667
4622.747 1.0531
4623.8115 0.8763
4624.876 1.0008
4625.9414 0.8168
4627.0063 1.0685
4628.0723 0.9307
4629.1377 0.8237
4630.2036 1.008
4631.27 0.9554
4632.3364 1.0233
4633.4033 0.9707
4634.47 0.9263
4635.5376 0.8245
4636.605 0.8425
4637.673 0.9218
4638.7407 0.8835
4639.809 0.767
4640.8774 0.9119
4641.9463 0.9566
4643.015 0.9387
4644.0845 0.824
4645.154 0.916
4646.2236 1.0549
4647.2935 1.0442
4648.3640000000005 1.1399
4649.434 0.9651
4650.505 0.8851
4651.5757 0.8935
4652.647 0.8518
4653.7188 1.0018
4654.79 0.9411
4655.8623 0.8426
4656.934 0.8965
4658.0070000000005 0.9424
4659.0796 0.8382
4660.1523 0.7862
4661.2256 1.1198
4662.299 1.0367
4663.3726 1.0344
4664.4463 0.8397
4665.5205 0.9113
4666.595 0.8736
4667.6694 0.8395
4668.7446 0.7967
4669.82 0.7014
4670.895 0.9018
4671.9707 0.8357
4673.0464 0.8523
4674.1226 0.8311
4675.1990000000005 0.8314
4676.276 0.7355
4677.3525 0.9966
4678.4297 0.8002
4679.5073 1.0517
4680.585 0.8341
4681.6626 0.9068
4682.7407 0.9813
4683.819 0.9702
4684.8975 0.9972
4685.9766 1.0845
4687.0557 0.834
4688.1353 0.9305
4689.215 1.0558
4690.2944 1.0006
4691.3745 1.0301
4692.455 1.0104
4693.5356 0.946
4694.616 0.8537
4695.6973 0.7624
4696.779 0.9394
4697.8604 0.9637
4698.9424 0.8248
4700.0244 0.8772
4701.107 1.0175
4702.1895 0.8789
4703.272 0.9114
4704.3555 0.9909
4705.4385 0.9462
4706.522 0.979
4707.606 0.9262
4708.69 0.9596
4709.7744 0.949
4710.859 0.8284
4711.944 0.92
4713.029 0.9784
4714.1143 0.9371
4715.1997 0.8224
4716.2856 0.8976
4717.372 1.0232
4718.458 0.9018
4719.545 0.9606
4720.6320000000005 0.9077
4721.7188 0.9551
4722.806 1.0305
4723.8936 0.8854
4724.9814 0.9283
4726.07 1.0341
4727.1577 0.9942
4728.2466 0.9878
4729.3354 0.8354
4730.4243 1.0195
4731.5137 0.787
4732.6035 1.0876
4733.6934 0.8901
4734.782999999999 1.043
4735.8735 0.8874
4736.9644 0.9069
4738.055 0.8809
4739.1465 0.8597
4740.238 1.037
4741.329000000001 0.9325
4742.420999999999 0.9112
4743.513 0.8691
4744.6055 1.0345
4745.698 1.0163
4746.791 1.1433
4747.8843 0.9191
4748.9775 0.9834
4750.0713 1.105
4751.165 0.9002
4752.2593 0.8783
4753.3535 0.8538
4754.448 0.9914
4755.543 0.9506
4756.638 1.0515
4757.7334 1.0304
4758.829000000001 0.9125
4759.925 0.8012
4761.021 0.9089
4762.1177 0.904
4763.2144 0.8405
4764.311 0.9779
4765.407999999999 1.0355
4766.505999999999 0.8317
4767.6035 0.873
4768.701 0.8242
4769.7993 0.8037
4770.898 0.9039
4771.9966 0.9275
4773.095 0.933
4774.1943 0.9029
4775.294 0.9105
4776.3936 0.945
4777.4937 1.0282
4778.5938 0.8896
4779.6943 1.0115
4780.795 0.9424
4781.896 1.053
4782.997 0.798
4784.0986 0.9952
4785.2 0.7461
4786.3022 0.9995
4787.4043 0.8509
4788.5070000000005 1.0192
4789.6094 1.0138
4790.7124 0.9067
4791.816 0.9973
4792.9194 1.0114
4794.023 1.0155
4795.127 1.0859
4796.2314 0.9243
4797.335999999999 0.9595
4798.4404 1.0796
4799.5454 0.9976
4800.651 0.9247
4801.7563 0.9694
4802.862 0.9157
4803.9683 1.0207
4805.0740000000005 1.0301
4806.1807 0.8416
4807.2876 0.9374
4808.3945 0.951
4809.502 1.0489
4810.6094 0.8493
4811.7173 0.8995
4812.8257 0.9679
4813.9336 1.0839
4815.0425 0.9582
4816.1514 1.0038
4817.2603 1.0008
4818.3696 0.9462
4819.479 0.8699
4820.589 0.8762
4821.6990000000005 0.8584
4822.8096 0.8752
4823.92 1.0733
4825.0312 0.8853
4826.142 0.8263
4827.2534 0.901
4828.365 1.04
4829.477 0.9127
4830.5894 1.0095
4831.7017 0.9831
4832.8145 0.9174
4833.9272 1.0011
4835.0405 0.8689
4836.154 0.8574
4837.2676 0.8925
4838.3813 0.8042
4839.4956 0.8787
4840.6104 0.9568
4841.725 0.7798
4842.84 0.9533
4843.955 1.0472
4845.071 0.9336
4846.1865 1.0074
4847.3022 0.9059
4848.4185 0.9694
4849.535 0.7641
4850.652 0.8892
4851.769 1.0195
4852.8859999999995 0.8144
4854.004 0.845
4855.1216 0.9977
4856.2397 0.8871
4857.358 0.9203
4858.4766 0.8185
4859.595 0.6739
4860.7144 0.8118
4861.834 0.8494
4862.9536 0.6817
4864.073 0.5374
4865.1934 0.4768
4866.314 0.5198
4867.4346 0.6845
4868.555 0.7785
4869.6763 0.8592
4870.798 0.6459
4871.9194 0.8525
4873.0415 0.9735
4874.1636 0.9157
4875.286 0.8622
4876.4087 0.9114
4877.5317 0.9094
4878.6553 0.8656
4879.7783 0.9046
4880.9023 0.9399
4882.0264 0.9337
4883.1504 0.94
4884.275 0.9221
4885.4 0.9722
4886.525 0.9174
4887.65 0.956
4888.776 0.7755
4889.9014 0.9251
4891.0273 1.0045
4892.154 1.0067
4893.2803 0.9976
4894.407 1.0154
4895.5347 1.0139
4896.6616 0.9578
4897.7896 0.9511
4898.9175 0.8943
4900.0454 0.9448
4901.174 1.0237
4902.3027 0.995
4903.4316 1.006
4904.5605 0.9944
4905.69 1.0165
4906.82 1.0209
4907.9497 0.9869
4909.08 0.969
4910.2104 0.9893
4911.3413 0.8798
4912.472 1.1878
4913.6035 0.9736
4914.735 0.9016
4915.8667 0.9498
4916.999 0.9296
4918.1313 1.0367
4919.2637 1.0032
4920.3965 0.9095
4921.53 1.025
4922.663 0.9743
4923.7970000000005 0.9294
4924.9307 0.7847
4926.0645 0.9402
4927.1990000000005 0.9532
4928.334 0.6765
4929.4688 0.928
4930.604 0.8716
4931.7393 0.6266
4932.875 0.9427
4934.0107 0.7901
4935.147 0.7957
4936.2837 0.8158
4937.4204 0.8939
4938.5576 0.9568
4939.695 0.9749
4940.8325 0.7299
4941.97 0.781
4943.108 0.8874
4944.2466 0.8822
4945.3853 0.9204
4946.524 1.0299
4947.663 0.9773
4948.8022 0.9998
4949.942 1.0
