3911.1108 1.0
3912.0115 0.9983
3912.9124 1.0321
3913.8135 0.9281
3914.7146 0.8538
3915.6162 0.8625
3916.5178 0.839
3917.4197 0.882
3918.3218 0.7971
3919.224 0.8683
3920.1267 0.9122
3921.0295 0.7862
3921.9324 0.8171
3922.8357 0.8679
3923.739 0.8383
3924.6426 0.9263
3925.5464 0.9471
3926.4504 0.855
3927.3545 0.9274
3928.259 0.9682
3929.1636 0.778
3930.0684 0.7426
3930.9734 0.6526
3931.8787 0.3493
3932.7842 0.2569
3933.6897 0.2403
3934.5957 0.273
3935.5017 0.5636
3936.408 0.8293
3937.3145 1.0158
3938.2212 1.005
3939.1282 1.0565
3940.0354 1.0033
3940.9426 0.8474
3941.85 1.0123
3942.7578 1.0047
3943.6658 0.65
3944.574 0.9569
3945.4824 0.8455
3946.3909999999996 0.9199
3947.2998 0.7862
3948.2087 1.0775
3949.118 1.0301
3950.0273 0.8313
3950.937 0.8072
3951.847 1.0942
3952.7568 0.9465
3953.6672 0.87
3954.5776 0.953
3955.4883 0.8861
3956.3992 0.8286
3957.3103 0.9614
3958.2217 1.0228
3959.1333 0.9748
3960.045 0.982
3960.9568 0.8908
3961.869 0.9229
3962.7812 0.8012
3963.6938 0.7802
3964.6067 0.8264
3965.5198 0.7164
3966.4329 0.5616
3967.3462 0.2839
3968.26 0.2823
3969.1738 0.2083
3970.0879999999997 0.2626
3971.002 0.5194
3971.9165 0.5774
3972.8313 0.6242
3973.7459999999996 0.7183
3974.6611 0.8328
3975.5764 0.898
3976.492 0.8729
3977.4077 0.9509
3978.3237 0.9425
3979.2397 0.9095
3980.1562 0.9089
3981.0728 0.8135
3981.9895 0.9302
3982.9065 0.8625
3983.8237 0.82
3984.7412 0.8821
3985.6587 0.9942
3986.5767 1.05
3987.4946 0.9567
3988.4128 0.8173
3989.3313 0.8722
3990.25 0.8963
3991.1690000000003 0.9607
3992.0881 0.9323
3993.0073 0.9227
3993.927 0.9536
3994.8467 0.9068
3995.7666 0.9234
3996.6868 0.8609
3997.6072 0.9161
3998.5278 0.9705
3999.4485 1.2066
4000.3696 1.2641
4001.2908 0.8148
4002.2122 0.8556
4003.1338 0.8174
4004.0557 1.1334
4004.9778 0.7928
4005.9001 0.8409
4006.8225 0.871
4007.7454 0.9382
4008.6682 0.9711
4009.5913 0.9733
4010.5146 0.9841
4011.4382 1.0028
4012.362 0.8004
4013.2861 0.9633
4014.2102 0.9393
4015.1345 1.0396
4016.0593 0.8954
4016.9841 0.9326
4017.9092 0.9027
4018.8345 0.9534
4019.7598 1.0201
4020.6855 0.9709
4021.6116 0.9113
4022.5376 0.975
4023.4639 0.9472
4024.3904 0.8956
4025.3171 0.8963
4026.2441 0.8987
4027.1714 0.8492
4028.0989 0.9575
4029.0264 0.975
4029.954 0.8544
4030.8823 0.9093
4031.8105 0.9301
4032.739 0.8456
4033.6677 0.847
4034.5964 0.8092
4035.5256 0.8198
4036.455 0.8382
4037.3845 0.9708
4038.3142 0.9962
4039.2441 0.9642
4040.1743 1.0006
4041.1047 0.9354
4042.0354 0.9926
4042.9663 0.9361
4043.8972 1.0624
4044.8286 0.9827
4045.76 0.8552
4046.6917 0.9327
4047.6235 0.9618
4048.5557 1.0251
4049.488 0.9485
4050.4204 0.9292
4051.3533 0.9232
4052.2861 0.9805
4053.2195 0.899
4054.1528 0.9839
4055.0864 0.9141
4056.0203 0.9821
4056.9543 0.895
4057.8884 0.957
4058.823 0.952
4059.7576 1.039
4060.6926 0.9313
4061.6277 0.9215
4062.563 0.9538
4063.4985 0.9874
4064.4343 0.8824
4065.3704 1.0033
4066.3064 0.8994
4067.243 1.1307
4068.1794 0.8946
4069.1165 1.0031
4070.0535 0.9377
4070.9907 0.8297
4071.9282 1.0979
4072.866 0.8775
4073.8037 0.9018
4074.742 1.014
4075.6804 0.9687
4076.619 0.9606
4077.5576 0.8615
4078.4966 0.8444
4079.4358 0.8959
4080.3752 0.9457
4081.315 0.939
4082.255 0.9165
4083.1948 0.9651
4084.1353 0.9349
4085.0757 0.9265
4086.0164 1.0168
4086.9575 0.8992
4087.8987 1.0079
4088.8398 0.9948
4089.7815 0.8575
4090.7234 0.9014
4091.6653 0.9165
4092.6077 0.9354
4093.55 0.8941
4094.4927 0.8204
4095.4358 0.9116
4096.379 0.952
4097.3223 0.8852
4098.2656 0.7575
4099.2095 0.6816
4100.1533 0.5913
4101.0977 0.4725
4102.042 0.5501
4102.987 0.5699
4103.9316 0.6483
4104.8765 0.8525
4105.822 0.8506
4106.7676 0.8871
4107.7134 0.8457
4108.659000000001 0.7816
4109.6055 0.8099
4110.552 0.8821
4111.498 0.8869
4112.4453 0.7809
4113.392 0.8481
4114.3394 0.8836
4115.2866 0.9019
4116.2344 0.914
4117.1826 1.0368
4118.1304 0.786
4119.079000000001 0.8723
4120.0273 0.8067
4120.976 0.8039
4121.9253 1.0342
4122.8745 0.9507
4123.8237 0.9348
4124.7734 0.9231
4125.7236 0.9181
4126.6733 0.9605
4127.624 0.9785
4128.5740000000005 0.9707
4129.525 0.8603
4130.476 1.0264
4131.4272 0.8447
4132.379 1.0166
4133.33 0.8549
4134.282 0.8926
4135.2344 0.966
4136.1865 0.9259
4137.139 1.0217
4138.092000000001 0.9952
4139.0444 0.9949
4139.998 0.8715
4140.951 0.9942
4141.905 0.8433
4142.8584 0.8672
4143.8125 0.9428
4144.767 0.8209
4145.721 1.0654
4146.6763 1.0158
4147.630999999999 0.9673
4148.585999999999 0.9051
4149.5415 0.9751
4150.497 0.9524
4151.4526 0.9612
4152.4087 1.0548
4153.365 0.8698
4154.322 0.9382
4155.2783 0.9533
4156.2354 1.0368
4157.1924 1.0402
4158.1494 0.8914
4159.107 0.9678
4160.065 1.087
4161.023 0.9643
4161.981 0.9174
4162.9395 0.9142
4163.8984 0.9136
4164.857 0.959
4165.8164 0.9304
4166.7754 0.8875
4167.7354 0.9416
4168.695 0.9669
4169.655 0.9312
4170.615 0.9951
4171.5757 0.9992
4172.536 0.8888
4173.497 0.8243
4174.458 0.8831
4175.4194 0.8223
4176.380999999999 0.9186
4177.343 0.9597
4178.3047 0.761
4179.267 0.83
4180.2295 0.8764
4181.192 0.9135
4182.155 0.9599
4183.1179999999995 0.8411
4184.081 1.0024
4185.045 0.9888
4186.009 0.8344
4186.9727 0.8613
4187.9365 0.9437
4188.9014 0.9045
4189.8657 0.9656
4190.8306 0.9007
4191.795999999999 0.9089
4192.7609999999995 0.9882
4193.7266 0.977
4194.6924 0.9329
4195.657999999999 0.8972
4196.6245 1.0231
4197.590999999999 0.8102
4198.5576 0.7933
4199.5244 0.9531
4200.4917 0.9236
4201.459 0.9933
4202.4263 0.9813
4203.394 0.8253
4204.3623 0.9138
4205.33 0.9627
4206.299 0.986
4207.2676 0.9712
4208.2363 0.9517
4209.2056 0.9559
4210.175 1.0552
4211.144 1.0
4212.1140000000005 1.0278
4213.084 1.0873
4214.054 0.9706
4215.0244 0.9581
4215.995 0.9496
4216.9663 0.9602
4217.937 0.9441
4218.9087 0.9367
4219.88 0.9881
4220.852 1.0045
4221.8237 0.9791
4222.795999999999 0.9769
4223.7686 1.0007
4224.741 0.8676
4225.714 0.8318
4226.687 0.9231
4227.6606 0.9091
4228.6343 0.9255
4229.608 0.9492
4230.582 1.0258
4231.556 1.0082
4232.531 0.9797
4233.5054 0.9871
4234.4805 0.9591
4235.4556 0.9741
4236.4307 0.9628
4237.4062 1.1114
4238.3823 0.9932
4239.3584 0.9139
4240.3345 1.0265
4241.311 0.9472
4242.2876 0.8541
4243.2646 0.9902
4244.2417 0.9332
4245.219 0.9631
4246.197 0.8383
4247.175 0.8338
4248.153 0.8907
4249.130999999999 0.9571
4250.1094 0.9434
4251.0884 0.9489
4252.067 0.9795
4253.0464 0.9539
4254.026 0.9846
4255.0054 0.9238
4255.9854 0.9275
4256.9653 1.0201
4257.946 0.8873
4258.9263 0.9021
4259.9067 0.8989
4260.8877 0.8676
4261.869000000001 1.009
4262.8506 0.8776
4263.832 1.0086
4264.814 0.9294
4265.7964 1.003
4266.779 0.9935
4267.7609999999995 1.0767
4268.744000000001 0.9844
4269.727 1.0083
4270.7104 0.8633
4271.694 0.86
4272.6772 0.8306
4273.6616 1.0785
4274.6455 0.9102
4275.63 0.9515
4276.6147 1.0178
4277.5996 0.9523
4278.5845 0.9821
4279.57 1.0305
4280.555 0.9029
4281.541 0.9077
4282.527 0.9245
4283.513 1.0203
4284.4995 0.8479
4285.4863 0.8779
4286.473 0.9452
4287.4604 0.9901
4288.4478 0.8183
4289.435 0.8981
4290.423 0.9637
4291.411 1.0139
4292.3994 0.963
4293.3877 0.9257
4294.3765 0.9535
4295.365 1.0112
4296.3545 0.9148
4297.3438 0.8624
4298.3335 0.9246
4299.323 0.8907
4300.3135 0.8998
4301.3037 0.8908
4302.2944 0.8296
4303.285 0.8583
4304.276 0.9257
4305.267 0.9334
4306.259 1.0235
4307.2505 0.8746
4308.242 0.8233
4309.2344 0.9494
4310.2266 0.9987
4311.219 0.9449
4312.212 0.8905
4313.205 0.8674
4314.198 0.8478
4315.192 0.868
4316.1855 0.9115
4317.1797 0.9029
4318.174 0.89
4319.168 0.9705
4320.1626 0.9356
4321.1577 0.9945
4322.153 0.9178
4323.148 0.9658
4324.1436 0.8751
4325.1396 0.9134
4326.1353 0.8774
4327.1320000000005 0.8814
4328.128 0.8714
4329.125 0.9523
4330.1216 0.9085
4331.119000000001 0.9188
4332.116 0.8466
4333.1140000000005 0.9088
4334.112 0.8582
4335.11 0.7968
4336.1084 0.8904
4337.107 0.7766
4338.1055 0.625
4339.1045 0.6179
4340.1035 0.5412
4341.103 0.52
4342.103 0.6999
4343.103 0.803
4344.103 0.7869
4345.1035 0.8364
4346.104 0.8197
4347.105 0.8417
4348.106 0.9207
4349.1074 0.8733
4350.109 0.8733
4351.1104 0.8888
4352.1123 0.8403
4353.1147 0.9601
4354.117 0.9359
4355.1196 0.9048
4356.1226 0.9904
4357.126 1.0646
4358.1294 1.0533
4359.133 0.978
4360.1367 0.9608
4361.1406 0.9722
4362.145 1.0044
4363.15 1.0028
4364.1543 1.001
4365.1597 1.024
4366.1646 1.0262
4367.17 1.0168
4368.1759999999995 0.9898
4369.1816 0.9754
4370.188 0.9815
4371.1943 1.0202
4372.2007 1.0344
4373.208 0.9675
4374.215 0.9349
4375.222 0.8944
4376.2295 0.8802
4377.2373 1.0484
4378.2456 1.0114
4379.254 0.9941
4380.262 0.9474
4381.271 0.9492
4382.28 0.9038
4383.289000000001 0.789
4384.2983 0.8561
4385.308 0.8291
4386.318 0.9802
4387.3279999999995 0.9421
4388.3384 0.9213
4389.349 0.9426
4390.36 0.9295
4391.3706 1.0178
4392.3823 1.0637
4393.3936 0.8888
4394.4053 0.9059
4395.4175 0.9154
4396.4297 0.9465
4397.442 0.8891
4398.4546 0.9798
4399.4673 0.885
4400.4805 0.9993
4401.494000000001 0.9081
4402.508 1.0355
4403.5215 0.8686
4404.5356 0.9452
4405.55 0.9036
4406.5645 0.9122
4407.579000000001 0.9816
4408.594 1.0151
4409.6094 0.9201
4410.625 0.9417
4411.6406 0.9871
4412.6562 0.9215
4413.6724 0.9052
4414.689 0.8838
4415.7056 0.7927
4416.7227 0.822
4417.7397 0.8528
4418.7570000000005 0.9061
4419.7744 0.9948
4420.7925 1.0352
4421.8105 0.9562
4422.8286 0.9114
4423.847 0.9732
4424.8657 0.977
4425.885 0.9203
4426.9043 0.9074
4427.9233 0.936
4428.9434 0.9499
4429.963 0.9862
4430.9834 0.9538
4432.004 0.9003
4433.0244 0.9833
4434.045 0.9667
4435.0664 0.9015
4436.0874 0.9837
4437.1094 0.9836
4438.130999999999 0.9775
4439.153 0.9733
4440.1753 0.9529
4441.1978 1.0108
4442.2207 0.9037
4443.2437 0.8455
4444.2666 0.8466
4445.29 0.9068
4446.314 0.934
4447.338 1.0101
4448.362 0.9576
4449.3859999999995 0.9068
4450.411 0.9108
4451.4355 0.9147
4452.460999999999 0.9767
4453.4863 1.0094
4454.5117 0.8706
4455.5376 0.928
4456.5635 0.9798
4457.59 1.0408
4458.616 0.9139
4459.643 0.9543
4460.67 0.9446
4461.6973 0.9343
4462.7246 0.9499
4463.7524 0.9127
4464.7803 0.9454
4465.8086 0.8513
4466.837 1.0149
4467.8657 0.8622
4468.8945 0.9652
4469.924 0.853
4470.9529999999995 0.8768
4471.9824 0.9468
4473.0127 0.9849
4474.0425 0.9251
4475.0728 1.0249
4476.1035 0.9611
4477.1343 0.9711
4478.165 1.0499
4479.1963 0.9414
4480.228 0.9589
4481.26 0.8551
4482.2915 0.9412
4483.3237 0.9648
4484.3564 0.9818
4485.389 1.0036
4486.4220000000005 1.0339
4487.455 0.9493
4488.4883 0.9658
4489.522 0.874
4490.556 0.9411
4491.59 0.9997
4492.6245 0.8789
4493.659000000001 0.9459
4494.694 0.9791
4495.729 0.9587
4496.764 0.9995
4497.8 1.0426
4498.8354 0.95
4499.8716 0.8937
4500.9077 0.9728
4501.9443 0.9102
4502.981 0.9573
4504.018 1.0068
4505.055 0.9825
4506.093 0.9995
4507.1304 0.9042
4508.168 0.9156
4509.2065 0.917
4510.2446 0.9653
4511.282999999999 1.0768
4512.3223 0.9741
4513.3613 0.9775
4514.401 0.9832
4515.4404 0.9912
4516.48 0.9913
4517.5205 0.9717
4518.5605 0.9923
4519.601 0.91
4520.642 0.9718
4521.683 0.9028
4522.724 0.9502
4523.7656 0.9229
4524.8076 0.9898
4525.8496 1.0464
4526.8916 0.962
4527.934 0.9149
4528.977 0.8695
4530.02 0.9382
4531.063 0.9112
4532.1064 0.999
4533.1504 0.8928
4534.1943 0.8782
4535.2383 0.8842
4536.2827 0.9825
4537.327 0.9611
4538.372 0.9922
4539.4175 1.0082
4540.463 0.9645
4541.5083 0.9948
4542.554 0.9922
4543.6 0.9894
4544.6465 1.0298
4545.693 0.9285
4546.7397 1.0465
4547.787 0.906
4548.8345 0.8708
4549.8820000000005 0.888
4550.9297 0.8562
4551.9775 0.9554
4553.026 0.942
4554.0740000000005 0.8455
4555.123 0.8312
4556.1720000000005 0.9586
4557.221 0.8857
4558.2705 0.9703
4559.3203 0.9446
4560.37 0.9755
4561.4204 0.9896
4562.4707 0.9583
4563.5215 0.9887
4564.5728 0.9177
4565.6235 0.9876
4566.6753 0.9838
4567.7266 0.9713
4568.779 1.0122
4569.8306 0.983
4570.8833 0.958
4571.9355 0.9372
4572.9883 0.938
4574.0415 0.9871
4575.0947 0.9913
4576.1484 0.9551
4577.202 0.983
4578.2563 1.0069
4579.3105 0.9484
4580.365 0.9998
4581.42 0.9891
4582.475 0.9089
4583.5303 0.9377
4584.585999999999 0.8338
4585.6416 0.9934
4586.6978 0.9705
4587.754 0.9103
4588.8105 0.9424
4589.867 0.9515
4590.9243 0.9148
4591.9814 0.9105
4593.0386 0.9728
4594.0967 0.9138
4595.1543 0.9711
4596.2124 0.9865
4597.271 0.9093
4598.3296 1.0123
4599.3887 0.9712
4600.4478 1.008
4601.5073 0.9519
4602.567 1.0274
4603.627 0.9173
4604.687 0.9572
4605.7476 0.9985
4606.808 0.9523
4607.8687 0.9893
4608.93 0.973
4609.991 0.9604
4611.0527 1.0077
4612.1147 0.9907
4613.177 0.9281
4614.2393 0.9899
4615.302 0.9253
4616.3647 0.9917
4617.4277 0.932
4618.491 0.9695
4619.5547 0.9769
4620.6187 0.9521
4621.6826 1.0215
4622.747 0.9574
4623.8115 0.916
4624.876 1.0166
4625.9414 0.8857
4627.0063 0.976
4628.0723 0.9724
4629.1377 0.9025
4630.2036 0.9092
4631.27 0.9153
4632.3364 0.9682
4633.4033 0.9765
4634.47 0.9298
4635.5376 1.0415
4636.605 0.9738
4637.673 0.9729
4638.7407 0.98
4639.809 0.949
4640.8774 0.9553
4641.9463 0.9845
4643.015 0.9712
4644.0845 0.9311
4645.154 0.9612
4646.2236 1.0086
4647.2935 0.9998
4648.3640000000005 0.9636
4649.434 0.9372
4650.505 0.9949
4651.5757 1.0308
4652.647 0.9797
4653.7188 0.946
4654.79 0.9367
4655.8623 0.9478
4656.934 0.8918
4658.0070000000005 0.9709
4659.0796 1.0423
4660.1523 1.0112
4661.2256 0.9539
4662.299 0.9105
4663.3726 1.008
4664.4463 1.0669
4665.5205 1.0083
4666.595 0.9918
4667.6694 0.9864
4668.7446 0.9671
4669.82 1.0007
4670.895 0.9808
4671.9707 1.0629
4673.0464 1.0287
4674.1226 0.979
4675.1990000000005 0.9894
4676.276 0.9687
4677.3525 0.9726
4678.4297 0.9753
4679.5073 1.0158
4680.585 0.9904
4681.6626 0.9725
4682.7407 1.0127
4683.819 0.9725
4684.8975 1.0106
4685.9766 0.9825
4687.0557 1.0062
4688.1353 0.9921
4689.215 0.9262
4690.2944 1.0152
4691.3745 0.9687
4692.455 0.9314
4693.5356 1.0194
4694.616 0.9198
4695.6973 0.9719
4696.779 1.0199
4697.8604 1.0343
4698.9424 0.9719
4700.0244 1.053
4701.107 0.9863
4702.1895 0.9432
4703.272 0.9187
4704.3555 0.9806
4705.4385 0.9798
4706.522 0.9374
4707.606 0.9935
4708.69 0.9244
4709.7744 0.9666
4710.859 0.9699
4711.944 0.96
4713.029 0.9968
4714.1143 0.9949
4715.1997 0.941
4716.2856 0.9336
4717.372 0.9953
4718.458 1.0045
4719.545 1.0077
4720.6320000000005 1.027
4721.7188 1.0495
4722.806 1.017
4723.8936 0.9436
4724.9814 0.9538
4726.07 0.9525
4727.1577 0.9904
4728.2466 1.019
4729.3354 0.9512
4730.4243 0.9841
4731.5137 0.9767
4732.6035 0.9755
4733.6934 1.0291
4734.782999999999 0.9843
4735.8735 0.968
4736.9644 0.9548
4738.055 1.0025
4739.1465 0.9916
4740.238 0.9692
4741.329000000001 0.948
4742.420999999999 0.9747
4743.513 0.9829
4744.6055 0.9583
4745.698 0.9766
4746.791 1.0644
4747.8843 0.9492
4748.9775 0.9381
4750.0713 0.9582
4751.165 0.9246
4752.2593 0.9399
4753.3535 0.9441
4754.448 0.9411
4755.543 0.991
4756.638 0.982
4757.7334 1.002
4758.829000000001 0.9592
4759.925 1.0065
4761.021 0.9609
4762.1177 0.9314
4763.2144 0.9946
4764.311 0.9612
4765.407999999999 0.9427
4766.505999999999 0.9831
4767.6035 0.9547
4768.701 0.9267
4769.7993 0.9324
4770.898 0.9643
4771.9966 0.9345
4773.095 0.9517
4774.1943 0.9224
4775.294 1.0244
4776.3936 0.9648
4777.4937 0.9409
4778.5938 0.9651
4779.6943 0.9659
4780.795 0.9666
4781.896 0.9872
4782.997 0.9893
4784.0986 1.0318
4785.2 1.0294
4786.3022 0.9573
4787.4043 0.9487
4788.5070000000005 0.9448
4789.6094 0.9483
4790.7124 0.9377
4791.816 0.9142
4792.9194 0.9791
4794.023 0.9859
4795.127 0.9982
4796.2314 1.0009
4797.335999999999 0.9648
4798.4404 0.9721
4799.5454 0.9369
4800.651 0.9893
4801.7563 1.013
4802.862 0.9351
4803.9683 0.9373
4805.0740000000005 0.9517
4806.1807 0.9371
4807.2876 0.9626
4808.3945 0.9947
4809.502 0.9505
4810.6094 0.9441
4811.7173 1.0054
4812.8257 1.0581
4813.9336 0.9944
4815.0425 0.9471
4816.1514 1.0044
4817.2603 0.9214
4818.3696 0.9348
4819.479 0.9057
4820.589 1.0255
4821.6990000000005 0.9268
4822.8096 0.996
4823.92 0.9311
4825.0312 0.9189
4826.142 0.9637
4827.2534 0.9911
4828.365 0.9818
4829.477 0.9562
4830.5894 0.9795
4831.7017 1.002
4832.8145 0.953
4833.9272 0.9512
4835.0405 1.0097
4836.154 0.9072
4837.2676 0.9821
4838.3813 0.9289
4839.4956 0.9833
4840.6104 0.9724
4841.725 0.9824
4842.84 0.9401
4843.955 0.9537
4845.071 0.9585
4846.1865 0.9251
4847.3022 0.9059
4848.4185 0.9049
4849.535 0.9348
4850.652 0.927
4851.769 0.9228
4852.8859999999995 0.8487
4854.004 0.9136
4855.1216 0.8579
4856.2397 0.8856
4857.358 0.8706
4858.4766 0.8158
4859.595 0.7364
4860.7144 0.5725
4861.834 0.4844
4862.9536 0.6236
4864.073 0.7746
4865.1934 0.8076
4866.314 0.8733
4867.4346 0.8942
4868.555 0.9013
4869.6763 0.8988
4870.798 0.9085
4871.9194 0.9463
4873.0415 0.9534
4874.1636 0.9463
4875.286 0.9275
4876.4087 0.9653
4877.5317 0.9548
4878.6553 0.9096
4879.7783 0.9314
4880.9023 0.9551
4882.0264 0.9527
4883.1504 0.9297
4884.275 0.9862
4885.4 0.9225
4886.525 0.9688
4887.65 0.9111
4888.776 0.9763
4889.9014 0.9546
4891.0273 0.9062
4892.154 0.8863
4893.2803 0.987
4894.407 1.0081
4895.5347 0.9784
4896.6616 1.0107
4897.7896 1.0052
4898.9175 0.9663
4900.0454 0.9448
4901.174 0.9421
4902.3027 0.9328
4903.4316 0.9922
4904.5605 0.9525
4905.69 0.881
4906.82 1.0089
4907.9497 0.9408
4909.08 1.0389
4910.2104 0.9096
4911.3413 1.0485
4912.472 0.9413
4913.6035 0.957
4914.735 1.0077
4915.8667 0.9926
4916.999 0.9598
4918.1313 0.9424
4919.2637 0.8557
4920.3965 0.9331
4921.53 0.9179
4922.663 0.9835
4923.7970000000005 0.9069
4924.9307 0.9504
4926.0645 0.992
4927.1990000000005 0.9951
4928.334 0.9905
4929.4688 0.9475
4930.604 0.9717
4931.7393 1.0254
4932.875 0.9488
4934.0107 0.937
4935.147 0.8937
4936.2837 0.9647
4937.4204 0.9953
4938.5576 0.9704
4939.695 0.9908
4940.8325 0.9817
4941.97 1.004
4943.108 0.9832
4944.2466 0.9737
4945.3853 1.0106
4946.524 0.9825
4947.663 1.016
4948.8022 1.0091
4949.942 1.0
