3911.1108 1.0
3912.0115 0.9305
3912.9124 1.3129
3913.8135 0.7354
3914.7146 0.5327
3915.6162 0.7118
3916.5178 0.7714
3917.4197 0.4674
3918.3218 0.562
3919.224 0.784
3920.1267 0.5988
3921.0295 0.548
3921.9324 0.7957
3922.8357 0.8482
3923.739 0.8718
3924.6426 0.8579
3925.5464 0.6301
3926.4504 0.8103
3927.3545 0.8249
3928.259 0.9151
3929.1636 0.6765
3930.0684 0.9619
3930.9734 0.5559
3931.8787 0.5969
3932.7842 0.8344
3933.6897 0.7469
3934.5957 0.8906
3935.5017 0.4594
3936.408 0.277
3937.3145 0.445
3938.2212 0.3621
3939.1282 0.5201
3940.0354 0.6323
3940.9426 0.5453
3941.85 0.5836
3942.7578 0.9332
3943.6658 1.0632
3944.574 0.6691
3945.4824 0.7723
3946.3909999999996 0.7301
3947.2998 1.1254
3948.2087 0.7066
3949.118 0.8193
3950.0273 0.7148
3950.937 0.9356
3951.847 0.9849
3952.7568 1.18
3953.6672 0.8596
3954.5776 0.5296
3955.4883 0.8147
3956.3992 1.0182
3957.3103 0.8675
3958.2217 0.9787
3959.1333 0.6959
3960.045 0.4819
3960.9568 0.7767
3961.869 0.8625
3962.7812 0.9466
3963.6938 0.8624
3964.6067 0.5308
3965.5198 0.675
3966.4329 0.5994
3967.3462 0.7376
3968.26 0.6542
3969.1738 0.5485
3970.0879999999997 0.4867
3971.002 0.3561
3971.9165 0.4055
3972.8313 0.2419
3973.7459999999996 0.0942
3974.6611 0.3183
3975.5764 0.3925
3976.492 0.3732
3977.4077 0.553
3978.3237 0.7626
3979.2397 0.6688
3980.1562 0.7248
3981.0728 0.5721
3981.9895 1.0601
3982.9065 0.8748
3983.8237 0.6437
3984.7412 0.651
3985.6587 0.4439
3986.5767 0.8428
3987.4946 0.5557
3988.4128 0.6259
3989.3313 0.5241
3990.25 1.0755
3991.1690000000003 0.4422
3992.0881 0.6709
3993.0073 0.8202
3993.927 1.0072
3994.8467 0.966
3995.7666 0.6575
3996.6868 0.8847
3997.6072 0.823
3998.5278 0.6613
3999.4485 0.883
4000.3696 0.9409
4001.2908 0.9889
4002.2122 0.8781
4003.1338 0.8757
4004.0557 1.014
4004.9778 0.8652
4005.9001 0.9828
4006.8225 0.9976
4007.7454 0.6179
4008.6682 0.739
4009.5913 0.9029
4010.5146 0.714
4011.4382 0.8485
4012.362 0.867
4013.2861 0.8234
4014.2102 1.0247
4015.1345 0.6685
4016.0593 0.9213
4016.9841 0.7311
4017.9092 0.6702
4018.8345 0.8547
4019.7598 1.1174
4020.6855 0.8993
4021.6116 0.8765
4022.5376 0.68
4023.4639 0.9655
4024.3904 0.8128
4025.3171 1.054
4026.2441 0.9396
4027.1714 0.4411
4028.0989 0.8945
4029.0264 0.8719
4029.954 0.833
4030.8823 1.0371
4031.8105 0.9064
4032.739 0.8041
4033.6677 1.0034
4034.5964 1.1034
4035.5256 0.7272
4036.455 0.9855
4037.3845 1.0767
4038.3142 0.8267
4039.2441 0.7634
4040.1743 0.9705
4041.1047 0.9733
4042.0354 0.7967
4042.9663 0.8568
4043.8972 1.0063
4044.8286 0.9172
4045.76 0.9982
4046.6917 1.0597
4047.6235 0.4996
4048.5557 0.5881
4049.488 0.7878
4050.4204 1.1848
4051.3533 0.7623
4052.2861 0.8419
4053.2195 0.9033
4054.1528 0.9894
4055.0864 0.8699
4056.0203 0.7969
4056.9543 1.0576
4057.8884 0.8594
4058.823 0.96
4059.7576 0.5927
4060.6926 1.0212
4061.6277 1.0747
4062.563 1.1624
4063.4985 1.0819
4064.4343 1.1572
4065.3704 0.7866
4066.3064 0.7144
4067.243 0.7057
4068.1794 0.8306
4069.1165 0.6008
4070.0535 0.8686
4070.9907 0.7791
4071.9282 0.8774
4072.866 0.9301
4073.8037 0.7732
4074.742 0.8623
4075.6804 0.8503
4076.619 0.7046
4077.5576 1.089
4078.4966 1.1599
4079.4358 0.8257
4080.3752 0.9242
4081.315 0.994
4082.255 0.825
4083.1948 0.5483
4084.1353 0.9794
4085.0757 0.78
4086.0164 0.9458
4086.9575 0.8322
4087.8987 0.8482
4088.8398 0.6695
4089.7815 0.863
4090.7234 0.864
4091.6653 0.9717
4092.6077 1.0023
4093.55 0.7824
4094.4927 0.7683
4095.4358 0.7651
4096.379 0.8449
4097.3223 1.1477
4098.2656 0.8044
4099.2095 0.458
4100.1533 0.6412
4101.0977 0.5748
4102.042 0.3054
4102.987 0.7143
4103.9316 0.673
4104.8765 0.4804
4105.822 0.4046
4106.7676 0.5455
4107.7134 0.8327
4108.659000000001 0.5994
4109.6055 0.7119
4110.552 0.6617
4111.498 0.3882
4112.4453 0.7001
4113.392 0.8461
4114.3394 0.6872
4115.2866 0.7267
4116.2344 0.8333
4117.1826 1.042
4118.1304 0.8677
4119.079000000001 0.713
4120.0273 1.0575
4120.976 0.8682
4121.9253 0.838
4122.8745 0.5771
4123.8237 0.9754
4124.7734 0.6883
4125.7236 1.0196
4126.6733 0.8361
4127.624 0.9889
4128.5740000000005 0.7175
4129.525 0.9115
4130.476 0.6887
4131.4272 0.9561
4132.379 1.1799
4133.33 0.6242
4134.282 1.0967
4135.2344 1.0193
4136.1865 0.9862
4137.139 1.018
4138.092000000001 0.8424
4139.0444 0.8997
4139.998 1.1725
4140.951 0.6562
4141.905 0.9537
4142.8584 1.0988
4143.8125 0.9831
4144.767 0.9911
4145.721 0.8233
4146.6763 1.0508
4147.630999999999 0.9479
4148.585999999999 0.9139
4149.5415 0.8842
4150.497 0.8074
4151.4526 0.9842
4152.4087 0.9038
4153.365 1.0761
4154.322 0.8701
4155.2783 0.9643
4156.2354 0.9787
4157.1924 0.7516
4158.1494 0.7661
4159.107 0.8004
4160.065 1.1882
4161.023 0.9092
4161.981 0.695
4162.9395 1.0893
4163.8984 0.5982
4164.857 1.0575
4165.8164 0.9517
4166.7754 0.8965
4167.7354 1.0124
4168.695 0.5815
4169.655 1.0005
4170.615 0.91
4171.5757 0.942
4172.536 0.6926
4173.497 0.924
4174.458 0.877
4175.4194 0.941
4176.380999999999 0.891
4177.343 0.8041
4178.3047 0.9713
4179.267 1.0744
4180.2295 0.9879
4181.192 0.9014
4182.155 0.9159
4183.1179999999995 0.9392
4184.081 0.8537
4185.045 0.8145
4186.009 0.912
4186.9727 0.9898
4187.9365 0.9187
4188.9014 0.8631
4189.8657 1.0187
4190.8306 1.1025
4191.795999999999 1.0182
4192.7609999999995 0.8975
4193.7266 0.9174
4194.6924 1.176
4195.657999999999 1.0146
4196.6245 0.8176
4197.590999999999 0.8653
4198.5576 0.8708
4199.5244 0.7714
4200.4917 0.8128
4201.459 0.5874
4202.4263 0.9736
4203.394 0.7924
4204.3623 0.795
4205.33 0.8642
4206.299 0.8253
4207.2676 1.0204
4208.2363 0.9155
4209.2056 0.949
4210.175 1.1413
4211.144 0.8324
4212.1140000000005 0.8865
4213.084 1.1208
4214.054 0.8848
4215.0244 1.0047
4215.995 0.7405
4216.9663 0.8792
4217.937 0.9551
4218.9087 0.7812
4219.88 0.925
4220.852 0.8648
4221.8237 0.6883
4222.795999999999 0.8165
4223.7686 0.8226
4224.741 0.759
4225.714 0.8373
4226.687 0.8461
4227.6606 0.9739
4228.6343 0.9607
4229.608 0.71
4230.582 0.7568
4231.556 0.91
4232.531 0.784
4233.5054 0.9503
4234.4805 0.8402
4235.4556 1.0761
4236.4307 0.8894
4237.4062 0.8441
4238.3823 0.8328
4239.3584 0.8424
4240.3345 0.7413
4241.311 0.8524
4242.2876 0.9229
4243.2646 0.8039
4244.2417 0.9997
4245.219 1.0516
4246.197 1.1675
4247.175 0.9466
4248.153 0.8052
4249.130999999999 0.8175
4250.1094 0.9215
4251.0884 0.9408
4252.067 1.0326
4253.0464 1.0172
4254.026 0.9247
4255.0054 0.83
4255.9854 1.0298
4256.9653 1.0623
4257.946 1.0171
4258.9263 0.994
4259.9067 0.9157
4260.8877 0.7656
4261.869000000001 0.8985
4262.8506 1.1081
4263.832 0.7839
4264.814 0.9473
4265.7964 0.7609
4266.779 1.0176
4267.7609999999995 0.9566
4268.744000000001 0.7464
4269.727 0.9527
4270.7104 0.7109
4271.694 0.9669
4272.6772 1.0569
4273.6616 0.9636
4274.6455 0.8592
4275.63 0.7816
4276.6147 0.809
4277.5996 0.8052
4278.5845 0.896
4279.57 0.8733
4280.555 1.0868
4281.541 0.8766
4282.527 0.9688
4283.513 0.7816
4284.4995 1.0149
4285.4863 0.9261
4286.473 0.9393
4287.4604 1.1271
4288.4478 1.0521
4289.435 1.0295
4290.423 0.9967
4291.411 0.9397
4292.3994 0.8298
4293.3877 0.7561
4294.3765 0.8281
4295.365 0.9558
4296.3545 0.8525
4297.3438 0.8258
4298.3335 0.8433
4299.323 0.6688
4300.3135 0.7241
4301.3037 0.8252
4302.2944 0.8356
4303.285 0.6857
4304.276 0.9874
4305.267 1.0388
4306.259 0.9452
4307.2505 0.9926
4308.242 0.7189
4309.2344 1.0821
4310.2266 1.0547
4311.219 1.183
4312.212 0.6686
4313.205 0.7964
4314.198 0.6239
4315.192 0.7513
4316.1855 0.6129
4317.1797 0.9035
4318.174 0.803
4319.168 0.7361
4320.1626 0.8493
4321.1577 0.9456
4322.153 0.7714
4323.148 0.9349
4324.1436 0.9124
4325.1396 0.8891
4326.1353 0.969
4327.1320000000005 0.7741
4328.128 0.8661
4329.125 0.9224
4330.1216 0.8649
4331.119000000001 0.9427
4332.116 0.8278
4333.1140000000005 0.749
4334.112 0.9301
4335.11 0.8819
4336.1084 0.8365
4337.107 0.7259
4338.1055 0.6099
4339.1045 0.902
4340.1035 0.658
4341.103 0.8241
4342.103 0.6189
4343.103 0.5814
4344.103 0.4534
4345.1035 0.4633
4346.104 0.2277
4347.105 0.4346
4348.106 0.5287
4349.1074 0.7705
4350.109 0.714
4351.1104 0.6957
4352.1123 0.7124
4353.1147 0.7682
4354.117 0.7218
4355.1196 0.8439
4356.1226 0.7249
4357.126 0.8482
4358.1294 1.0303
4359.133 0.9468
4360.1367 0.8521
4361.1406 0.9627
4362.145 0.7447
4363.15 1.1199
4364.1543 0.9718
4365.1597 0.8183
4366.1646 0.8924
4367.17 0.8575
4368.1759999999995 0.9884
4369.1816 0.9813
4370.188 1.0351
4371.1943 0.9539
4372.2007 0.8057
4373.208 0.9222
4374.215 1.0366
4375.222 1.0598
4376.2295 0.8993
4377.2373 0.9223
4378.2456 0.9745
4379.254 0.9817
4380.262 1.0539
4381.271 0.9826
4382.28 0.8331
4383.289000000001 0.8291
4384.2983 0.8718
4385.308 0.8719
4386.318 0.913
4387.3279999999995 0.6437
4388.3384 0.7417
4389.349 0.9927
4390.36 0.8031
4391.3706 0.9133
4392.3823 1.114
4393.3936 0.8938
4394.4053 1.2463
4395.4175 0.7566
4396.4297 1.0857
4397.442 0.9718
4398.4546 0.9103
4399.4673 0.9038
4400.4805 1.0066
4401.494000000001 0.9404
4402.508 0.9375
4403.5215 0.8225
4404.5356 0.8689
4405.55 1.0004
4406.5645 1.0837
4407.579000000001 1.0897
4408.594 1.0084
4409.6094 0.8893
4410.625 0.8568
4411.6406 0.9818
4412.6562 0.941
4413.6724 0.7765
4414.689 0.7086
4415.7056 0.7913
4416.7227 1.0288
4417.7397 0.7738
4418.7570000000005 1.117
4419.7744 0.7995
4420.7925 0.9208
4421.8105 0.9043
4422.8286 0.9244
4423.847 0.9936
4424.8657 0.9124
4425.885 1.1542
4426.9043 0.7796
4427.9233 0.9053
4428.9434 0.8328
4429.963 0.8976
4430.9834 0.7197
4432.004 0.8712
4433.0244 0.8722
4434.045 0.9468
4435.0664 0.8146
4436.0874 0.9638
4437.1094 0.6766
4438.130999999999 0.9005
4439.153 0.8468
4440.1753 0.8941
4441.1978 0.9315
4442.2207 1.1014
4443.2437 0.962
4444.2666 0.931
4445.29 1.0897
4446.314 1.0343
4447.338 0.8786
4448.362 0.7764
4449.3859999999995 0.8414
4450.411 0.8757
4451.4355 0.8113
4452.460999999999 1.0096
4453.4863 1.0009
4454.5117 0.7523
4455.5376 0.9145
4456.5635 0.9926
4457.59 1.0668
4458.616 0.7768
4459.643 0.8474
4460.67 0.9121
4461.6973 0.8955
4462.7246 0.878
4463.7524 1.0512
4464.7803 0.9453
4465.8086 1.0873
4466.837 0.9207
4467.8657 0.8886
4468.8945 0.7962
4469.924 0.9442
4470.9529999999995 1.047
4471.9824 0.803
4473.0127 0.9028
4474.0425 0.8678
4475.0728 1.1268
4476.1035 0.741
4477.1343 1.0021
4478.165 0.9537
4479.1963 0.9128
4480.228 0.8308
4481.26 0.878
4482.2915 0.8086
4483.3237 1.0868
4484.3564 0.8514
4485.389 0.7844
4486.4220000000005 0.9592
4487.455 0.9738
4488.4883 1.0619
4489.522 1.0102
4490.556 0.952
4491.59 0.7907
4492.6245 0.8558
4493.659000000001 1.0568
4494.694 0.8432
4495.729 0.9415
4496.764 1.0741
4497.8 0.9584
4498.8354 0.8814
4499.8716 0.8375
4500.9077 1.2012
4501.9443 0.9983
4502.981 0.8917
4504.018 0.8849
4505.055 0.9992
4506.093 0.6355
4507.1304 0.9843
4508.168 0.7436
4509.2065 0.7336
4510.2446 0.8948
4511.282999999999 0.8466
4512.3223 0.84
4513.3613 0.8637
4514.401 0.7038
4515.4404 1.002
4516.48 0.934
4517.5205 0.7586
4518.5605 0.9152
4519.601 1.0151
4520.642 0.9911
4521.683 0.7433
4522.724 0.8211
4523.7656 1.0204
4524.8076 1.0337
4525.8496 1.0881
4526.8916 0.9564
4527.934 0.8338
4528.977 0.9476
4530.02 0.9447
4531.063 0.8933
4532.1064 0.9577
4533.1504 0.9978
4534.1943 0.7725
4535.2383 0.8444
4536.2827 0.9319
4537.327 1.0074
4538.372 0.758
4539.4175 0.731
4540.463 0.8401
4541.5083 1.0209
4542.554 0.8968
4543.6 0.8872
4544.6465 0.7278
4545.693 1.0029
4546.7397 0.8039
4547.787 0.945
4548.8345 0.832
4549.8820000000005 0.7996
4550.9297 0.9058
4551.9775 0.8682
4553.026 0.8841
4554.0740000000005 0.9644
4555.123 0.7965
4556.1720000000005 0.9699
4557.221 0.9696
4558.2705 0.8384
4559.3203 0.8543
4560.37 0.9443
4561.4204 0.9992
4562.4707 0.9542
4563.5215 0.8731
4564.5728 0.8021
4565.6235 0.912
4566.6753 1.103
4567.7266 0.9098
4568.779 0.7184
4569.8306 0.9444
4570.8833 1.0282
4571.9355 1.0158
4572.9883 0.9829
4574.0415 0.7806
4575.0947 0.9125
4576.1484 0.8621
4577.202 0.7862
4578.2563 0.8692
4579.3105 0.8864
4580.365 0.8374
4581.42 1.0643
4582.475 0.9001
4583.5303 0.9581
4584.585999999999 1.0945
4585.6416 0.9006
4586.6978 0.937
4587.754 0.8736
4588.8105 1.0237
4589.867 0.9371
4590.9243 0.9688
4591.9814 0.9563
4593.0386 0.9241
4594.0967 0.9995
4595.1543 0.9728
4596.2124 0.7878
4597.271 0.8952
4598.3296 0.9234
4599.3887 0.9299
4600.4478 0.8857
4601.5073 0.8811
4602.567 0.8145
4603.627 0.8753
4604.687 0.9785
4605.7476 0.8686
4606.808 0.7679
4607.8687 1.0101
4608.93 0.9804
4609.991 0.8079
4611.0527 0.9982
4612.1147 0.867
4613.177 1.0145
4614.2393 0.7083
4615.302 0.8135
4616.3647 0.8192
4617.4277 1.009
4618.491 0.832
4619.5547 0.87
4620.6187 1.0614
4621.6826 0.9726
4622.747 0.9916
4623.8115 0.8414
4624.876 1.0457
4625.9414 0.8569
4627.0063 0.8129
4628.0723 0.9601
4629.1377 1.0023
4630.2036 0.9182
4631.27 0.9653
4632.3364 0.9567
4633.4033 0.8258
4634.47 0.8426
4635.5376 1.0572
4636.605 0.9539
4637.673 0.9404
4638.7407 0.9215
4639.809 0.8607
4640.8774 1.0351
4641.9463 0.9318
4643.015 1.0176
4644.0845 1.0501
4645.154 0.9506
4646.2236 0.9304
4647.2935 0.9757
4648.3640000000005 1.029
4649.434 0.9407
4650.505 0.8636
4651.5757 0.8375
4652.647 0.9046
4653.7188 0.9212
4654.79 1.0361
4655.8623 0.9475
4656.934 0.8931
4658.0070000000005 0.8498
4659.0796 1.0746
4660.1523 0.9964
4661.2256 0.9121
4662.299 0.9064
4663.3726 0.9313
4664.4463 0.9295
4665.5205 1.0154
4666.595 0.915
4667.6694 1.0958
4668.7446 1.0672
4669.82 1.0354
4670.895 0.9053
4671.9707 0.801
4673.0464 0.9541
4674.1226 0.8104
4675.1990000000005 0.8701
4676.276 1.0231
4677.3525 1.0245
4678.4297 0.9619
4679.5073 0.9001
4680.585 1.0916
4681.6626 1.0283
4682.7407 0.9927
4683.819 0.8409
4684.8975 0.97
4685.9766 0.9571
4687.0557 0.8725
4688.1353 0.9726
4689.215 0.9649
4690.2944 0.9732
4691.3745 0.945
4692.455 1.0887
4693.5356 0.9981
4694.616 0.9928
4695.6973 1.0551
4696.779 0.9412
4697.8604 0.9315
4698.9424 0.9256
4700.0244 1.0166
4701.107 1.002
4702.1895 0.8816
4703.272 0.8717
4704.3555 0.9957
4705.4385 1.0483
4706.522 0.8894
4707.606 1.0797
4708.69 1.0604
4709.7744 0.9852
4710.859 0.902
4711.944 0.8403
4713.029 0.8675
4714.1143 1.0131
4715.1997 0.9636
4716.2856 0.8234
4717.372 0.9841
4718.458 0.8839
4719.545 1.0286
4720.6320000000005 0.8122
4721.7188 0.8822
4722.806 0.8698
4723.8936 0.9801
4724.9814 0.9898
4726.07 0.8688
4727.1577 0.9672
4728.2466 1.0654
4729.3354 0.936
4730.4243 0.8553
4731.5137 1.0112
4732.6035 1.0658
4733.6934 1.0287
4734.782999999999 0.9742
4735.8735 0.9187
4736.9644 1.0586
4738.055 1.0046
4739.1465 0.882
4740.238 1.0397
4741.329000000001 0.979
4742.420999999999 0.8831
4743.513 0.9124
4744.6055 0.7555
4745.698 0.8477
4746.791 1.0423
4747.8843 0.9165
4748.9775 1.0036
4750.0713 0.8867
4751.165 0.9759
4752.2593 0.9304
4753.3535 1.0255
4754.448 0.8674
4755.543 1.0839
4756.638 0.8982
4757.7334 1.0458
4758.829000000001 1.0146
4759.925 0.7836
4761.021 0.9235
4762.1177 0.8896
4763.2144 0.9809
4764.311 0.9347
4765.407999999999 0.8571
4766.505999999999 0.9516
4767.6035 0.9423
4768.701 0.7908
4769.7993 0.7497
4770.898 0.9202
4771.9966 0.9808
4773.095 0.8664
4774.1943 0.9115
4775.294 0.9694
4776.3936 0.9717
4777.4937 0.9828
4778.5938 0.8585
4779.6943 0.9824
4780.795 1.0166
4781.896 0.7337
4782.997 0.8724
4784.0986 0.8441
4785.2 0.9386
4786.3022 0.8148
4787.4043 0.9409
4788.5070000000005 0.8339
4789.6094 0.9752
4790.7124 0.9681
4791.816 1.1198
4792.9194 0.9428
4794.023 1.0058
4795.127 0.8876
4796.2314 0.9142
4797.335999999999 0.8786
4798.4404 0.9188
4799.5454 0.8998
4800.651 1.0387
4801.7563 0.8967
4802.862 0.8536
4803.9683 0.8435
4805.0740000000005 0.9658
4806.1807 0.9476
4807.2876 0.9316
4808.3945 0.9537
4809.502 0.9426
4810.6094 0.9857
4811.7173 0.9489
4812.8257 0.8754
4813.9336 0.8905
4815.0425 0.9194
4816.1514 0.9805
4817.2603 0.9496
4818.3696 0.8546
4819.479 0.9245
4820.589 0.9653
4821.6990000000005 1.0493
4822.8096 0.9335
4823.92 1.0402
4825.0312 0.9433
4826.142 1.0181
4827.2534 0.9827
4828.365 1.0032
4829.477 0.8271
4830.5894 0.9135
4831.7017 0.9384
4832.8145 0.93
4833.9272 0.9203
4835.0405 0.8975
4836.154 1.018
4837.2676 0.8773
4838.3813 0.9158
4839.4956 0.9473
4840.6104 0.859
4841.725 0.9171
4842.84 0.8991
4843.955 0.918
4845.071 1.029
4846.1865 0.9238
4847.3022 0.8759
4848.4185 0.9231
4849.535 0.9041
4850.652 0.828
4851.769 0.827
4852.8859999999995 0.7942
4854.004 0.7739
4855.1216 0.8268
4856.2397 0.8142
4857.358 0.8826
4858.4766 0.936
4859.595 0.8496
4860.7144 0.8681
4861.834 0.8106
4862.9536 0.6181
4864.073 0.4555
4865.1934 0.4944
4866.314 0.4433
4867.4346 0.6136
4868.555 0.5551
4869.6763 0.7251
4870.798 0.837
4871.9194 0.9771
4873.0415 0.8685
4874.1636 0.8442
4875.286 0.9148
4876.4087 0.8831
4877.5317 0.9106
4878.6553 0.99
4879.7783 0.9389
4880.9023 0.911
4882.0264 0.8189
4883.1504 0.979
4884.275 0.9986
4885.4 0.9568
4886.525 0.9039
4887.65 0.8724
4888.776 0.8789
4889.9014 0.9815
4891.0273 0.8658
4892.154 0.9384
4893.2803 0.9925
4894.407 0.8925
4895.5347 0.9021
4896.6616 0.9466
4897.7896 0.9103
4898.9175 0.8437
4900.0454 0.9222
4901.174 0.8964
4902.3027 0.7573
4903.4316 0.9412
4904.5605 0.9805
4905.69 0.8645
4906.82 0.8701
4907.9497 1.0059
4909.08 0.9225
4910.2104 1.0585
4911.3413 0.952
4912.472 0.9569
4913.6035 0.9088
4914.735 0.9605
4915.8667 1.0014
4916.999 0.9512
4918.1313 1.0564
4919.2637 0.8523
4920.3965 1.0521
4921.53 0.8034
4922.663 1.0774
4923.7970000000005 0.9468
4924.9307 0.906
4926.0645 1.0254
4927.1990000000005 0.9998
4928.334 0.9593
4929.4688 0.9188
4930.604 0.9731
4931.7393 1.0305
4932.875 0.9342
4934.0107 0.9436
4935.147 0.9415
4936.2837 0.9552
4937.4204 1.0004
4938.5576 0.9531
4939.695 0.9258
4940.8325 0.9073
4941.97 0.9177
4943.108 0.9493
4944.2466 0.943
4945.3853 0.9957
4946.524 0.9196
4947.663 1.0098
4948.8022 0.8927
4949.942 1.0
