3911.1108 1.0
3912.0115 1.0178
3912.9124 1.0038
3913.8135 1.0048
3914.7146 0.9951
3915.6162 0.9773
3916.5178 0.9891
3917.4197 0.9218
3918.3218 0.9089
3919.224 0.9845
3920.1267 0.9394
3921.0295 0.9801
3921.9324 1.0379
3922.8357 0.9296
3923.739 0.9329
3924.6426 0.8887
3925.5464 0.9626
3926.4504 0.9376
3927.3545 0.9859
3928.259 0.915
3929.1636 0.9699
3930.0684 0.8913
3930.9734 0.8867
3931.8787 0.7642
3932.7842 0.7429
3933.6897 0.6556
3934.5957 0.5314
3935.5017 0.4914
3936.408 0.4565
3937.3145 0.5398
3938.2212 0.6761
3939.1282 0.8511
3940.0354 0.8336
3940.9426 0.9222
3941.85 0.9357
3942.7578 1.0004
3943.6658 0.9735
3944.574 0.9718
3945.4824 0.9843
3946.3909999999996 0.9612
3947.2998 1.0023
3948.2087 1.0107
3949.118 0.9876
3950.0273 0.968
3950.937 1.0098
3951.847 0.928
3952.7568 0.995
3953.6672 0.9631
3954.5776 0.954
3955.4883 0.9394
3956.3992 0.9259
3957.3103 0.9832
3958.2217 0.946
3959.1333 0.9437
3960.045 0.9018
3960.9568 0.911
3961.869 0.9401
3962.7812 0.8496
3963.6938 0.87
3964.6067 0.8579
3965.5198 0.8297
3966.4329 0.8131
3967.3462 0.751
3968.26 0.7189
3969.1738 0.6049
3970.0879999999997 0.4204
3971.002 0.4023
3971.9165 0.4036
3972.8313 0.3723
3973.7459999999996 0.5125
3974.6611 0.6267
3975.5764 0.7496
3976.492 0.7313
3977.4077 0.724
3978.3237 0.838
3979.2397 0.8204
3980.1562 0.8998
3981.0728 0.8589
3981.9895 0.941
3982.9065 0.9019
3983.8237 0.9239
3984.7412 0.951
3985.6587 0.9223
3986.5767 0.97
3987.4946 0.9356
3988.4128 0.9372
3989.3313 0.9994
3990.25 0.9811
3991.1690000000003 1.0477
3992.0881 0.9634
3993.0073 0.9624
3993.927 0.9798
3994.8467 0.9933
3995.7666 1.0079
3996.6868 0.9991
3997.6072 1.0573
3998.5278 0.9301
3999.4485 0.9758
4000.3696 0.926
4001.2908 0.9364
4002.2122 0.9677
4003.1338 0.9735
4004.0557 1.0242
4004.9778 1.0353
4005.9001 0.9544
4006.8225 0.9321
4007.7454 0.9343
4008.6682 0.9473
4009.5913 0.9739
4010.5146 0.9577
4011.4382 1.0013
4012.362 0.9974
4013.2861 0.9914
4014.2102 1.0063
4015.1345 0.9324
4016.0593 0.9442
4016.9841 0.972
4017.9092 0.9992
4018.8345 0.9796
4019.7598 1.0011
4020.6855 1.0279
4021.6116 1.0131
4022.5376 0.9751
4023.4639 0.9557
4024.3904 1.0057
4025.3171 1.0025
4026.2441 1.0321
4027.1714 1.0204
4028.0989 0.9466
4029.0264 0.9833
4029.954 0.9848
4030.8823 0.9093
4031.8105 1.0082
4032.739 0.989
4033.6677 0.9641
4034.5964 0.9539
4035.5256 0.9803
4036.455 0.9359
4037.3845 0.9339
4038.3142 0.9364
4039.2441 0.9608
4040.1743 0.9709
4041.1047 0.9544
4042.0354 1.0065
4042.9663 1.0133
4043.8972 0.9649
4044.8286 0.9554
4045.76 0.9796
4046.6917 0.9778
4047.6235 0.876
4048.5557 0.8883
4049.488 0.9003
4050.4204 0.9851
4051.3533 0.966
4052.2861 0.9669
4053.2195 1.0515
4054.1528 1.019
4055.0864 1.0102
4056.0203 1.0124
4056.9543 0.9604
4057.8884 0.9819
4058.823 1.0064
4059.7576 0.9429
4060.6926 0.9416
4061.6277 0.9551
4062.563 1.0102
4063.4985 0.9932
4064.4343 0.9795
4065.3704 0.9411
4066.3064 0.9215
4067.243 0.9388
4068.1794 0.9644
4069.1165 0.9936
4070.0535 0.9559
4070.9907 0.9943
4071.9282 0.9904
4072.866 0.9605
4073.8037 0.9177
4074.742 0.9318
4075.6804 0.9782
4076.619 0.9833
4077.5576 0.9764
4078.4966 0.949
4079.4358 0.9325
4080.3752 0.8705
4081.315 0.9206
4082.255 0.9081
4083.1948 0.9268
4084.1353 0.9637
4085.0757 0.9977
4086.0164 0.9807
4086.9575 1.0075
4087.8987 0.9611
4088.8398 0.99
4089.7815 0.9959
4090.7234 0.9416
4091.6653 0.9559
4092.6077 0.9725
4093.55 0.9619
4094.4927 1.0038
4095.4358 0.9435
4096.379 0.9377
4097.3223 0.9057
4098.2656 0.9134
4099.2095 0.8666
4100.1533 0.8656
4101.0977 0.8148
4102.042 0.781
4102.987 0.6029
4103.9316 0.5565
4104.8765 0.5772
4105.822 0.6431
4106.7676 0.6978
4107.7134 0.7992
4108.659000000001 0.8125
4109.6055 0.8736
4110.552 0.8862
4111.498 0.9007
4112.4453 0.905
4113.392 0.8969
4114.3394 0.9472
4115.2866 0.9463
4116.2344 0.9093
4117.1826 0.9575
4118.1304 0.9844
4119.079000000001 0.9844
4120.0273 0.9898
4120.976 0.9581
4121.9253 0.9586
4122.8745 0.9769
4123.8237 0.949
4124.7734 0.9507
4125.7236 0.9773
4126.6733 0.9796
4127.624 0.9836
4128.5740000000005 0.9642
4129.525 0.9476
4130.476 0.9637
4131.4272 0.9822
4132.379 0.9725
4133.33 0.9835
4134.282 0.9687
4135.2344 0.9444
4136.1865 0.9518
4137.139 0.9297
4138.092000000001 0.9481
4139.0444 0.9834
4139.998 0.988
4140.951 0.9996
4141.905 0.9522
4142.8584 0.991
4143.8125 0.9841
4144.767 0.9696
4145.721 0.9565
4146.6763 0.9535
4147.630999999999 0.9913
4148.585999999999 0.9925
4149.5415 1.0069
4150.497 0.9703
4151.4526 0.975
4152.4087 1.0151
4153.365 0.9975
4154.322 0.9987
4155.2783 1.0184
4156.2354 1.0355
4157.1924 0.9791
4158.1494 0.9883
4159.107 1.0136
4160.065 0.9555
4161.023 1.0288
4161.981 0.993
4162.9395 1.0119
4163.8984 1.0311
4164.857 0.9833
4165.8164 0.9747
4166.7754 0.9651
4167.7354 0.9752
4168.695 0.9966
4169.655 1.0026
4170.615 0.9786
4171.5757 0.999
4172.536 0.9716
4173.497 0.9156
4174.458 0.922
4175.4194 0.9098
4176.380999999999 0.9352
4177.343 0.9388
4178.3047 0.9348
4179.267 0.9403
4180.2295 0.9304
4181.192 0.9615
4182.155 0.9535
4183.1179999999995 0.9264
4184.081 0.9324
4185.045 0.9454
4186.009 0.9534
4186.9727 0.9721
4187.9365 0.9386
4188.9014 0.9362
4189.8657 0.9185
4190.8306 0.9366
4191.795999999999 0.9342
4192.7609999999995 1.0104
4193.7266 0.9851
4194.6924 0.9345
4195.657999999999 1.0001
4196.6245 0.936
4197.590999999999 0.9601
4198.5576 1.0075
4199.5244 0.9709
4200.4917 0.9633
4201.459 0.9155
4202.4263 0.9217
4203.394 0.9605
4204.3623 0.953
4205.33 0.9842
4206.299 0.973
4207.2676 0.9795
4208.2363 0.9597
4209.2056 0.964
4210.175 1.0156
4211.144 1.0694
4212.1140000000005 0.9382
4213.084 0.9844
4214.054 0.9779
4215.0244 1.0044
4215.995 0.9895
4216.9663 0.9449
4217.937 0.9465
4218.9087 0.8772
4219.88 0.9435
4220.852 0.9634
4221.8237 0.9668
4222.795999999999 0.9985
4223.7686 0.9359
4224.741 0.9768
4225.714 0.999
4226.687 0.9806
4227.6606 0.9336
4228.6343 0.9159
4229.608 0.9204
4230.582 0.885
4231.556 0.9463
4232.531 1.0028
4233.5054 0.9629
4234.4805 0.9656
4235.4556 0.9366
4236.4307 0.8985
4237.4062 0.9447
4238.3823 0.9695
4239.3584 0.9424
4240.3345 0.9167
4241.311 0.9517
4242.2876 1.0044
4243.2646 0.9956
4244.2417 0.9819
4245.219 0.9883
4246.197 0.9785
4247.175 0.9924
4248.153 0.9106
4249.130999999999 0.9305
4250.1094 0.9235
4251.0884 0.9298
4252.067 0.9198
4253.0464 0.9116
4254.026 0.9438
4255.0054 0.9663
4255.9854 0.9915
4256.9653 0.9518
4257.946 0.9941
4258.9263 1.0095
4259.9067 0.9663
4260.8877 0.96
4261.869000000001 0.9812
4262.8506 0.9536
4263.832 0.9635
4264.814 0.9897
4265.7964 1.0333
4266.779 1.0046
4267.7609999999995 0.9993
4268.744000000001 1.0008
4269.727 0.9976
4270.7104 0.9944
4271.694 0.972
4272.6772 0.9808
4273.6616 0.9226
4274.6455 0.9041
4275.63 0.9183
4276.6147 0.9652
4277.5996 0.9611
4278.5845 0.9711
4279.57 0.9814
4280.555 1.0106
4281.541 1.0373
4282.527 0.9974
4283.513 0.997
4284.4995 0.9913
4285.4863 0.9868
4286.473 0.9859
4287.4604 1.0401
4288.4478 1.0257
4289.435 0.9833
4290.423 0.9409
4291.411 0.9293
4292.3994 0.9392
4293.3877 0.9411
4294.3765 0.9936
4295.365 1.0159
4296.3545 0.9747
4297.3438 0.9484
4298.3335 0.952
4299.323 0.9799
4300.3135 0.9755
4301.3037 0.9579
4302.2944 0.9324
4303.285 0.8774
4304.276 0.9233
4305.267 0.9303
4306.259 0.9017
4307.2505 0.9772
4308.242 0.9844
4309.2344 0.9471
4310.2266 0.9529
4311.219 0.9306
4312.212 0.9422
4313.205 1.0181
4314.198 0.972
4315.192 0.9258
4316.1855 0.9369
4317.1797 0.916
4318.174 0.9074
4319.168 0.9682
4320.1626 0.9969
4321.1577 0.9395
4322.153 0.9793
4323.148 0.9355
4324.1436 0.9404
4325.1396 0.9509
4326.1353 0.9615
4327.1320000000005 0.9188
4328.128 0.8837
4329.125 0.9239
4330.1216 0.9453
4331.119000000001 1.0004
4332.116 0.9653
4333.1140000000005 0.901
4334.112 0.9672
4335.11 0.9484
4336.1084 0.9396
4337.107 0.9289
4338.1055 0.8914
4339.1045 0.8458
4340.1035 0.7665
4341.103 0.7205
4342.103 0.6111
4343.103 0.5277
4344.103 0.583
4345.1035 0.6911
4346.104 0.8005
4347.105 0.8218
4348.106 0.8662
4349.1074 0.918
4350.109 0.9321
4351.1104 0.9427
4352.1123 0.9318
4353.1147 0.9384
4354.117 0.9248
4355.1196 0.9086
4356.1226 0.9204
4357.126 0.924
4358.1294 0.9655
4359.133 0.9917
4360.1367 0.9788
4361.1406 0.9599
4362.145 1.0051
4363.15 0.9982
4364.1543 0.966
4365.1597 1.0136
4366.1646 1.016
4367.17 1.0005
4368.1759999999995 1.0201
4369.1816 0.9917
4370.188 0.9695
4371.1943 1.0199
4372.2007 1.0213
4373.208 1.0108
4374.215 0.9795
4375.222 0.9814
4376.2295 0.9833
4377.2373 0.9464
4378.2456 0.9382
4379.254 0.9726
4380.262 0.9864
4381.271 1.0074
4382.28 0.9705
4383.289000000001 1.0511
4384.2983 0.9913
4385.308 0.9571
4386.318 0.904
4387.3279999999995 0.9179
4388.3384 0.9561
4389.349 0.9944
4390.36 1.0034
4391.3706 1.0059
4392.3823 0.9863
4393.3936 0.9683
4394.4053 0.9694
4395.4175 1.0101
4396.4297 0.9475
4397.442 0.9205
4398.4546 0.9135
4399.4673 0.9486
4400.4805 1.0007
4401.494000000001 0.996
4402.508 0.953
4403.5215 0.9674
4404.5356 0.9973
4405.55 1.0012
4406.5645 0.9337
4407.579000000001 0.9455
4408.594 0.9616
4409.6094 0.9794
4410.625 0.9974
4411.6406 0.9899
4412.6562 1.0194
4413.6724 1.0086
4414.689 0.9654
4415.7056 0.9863
4416.7227 0.9885
4417.7397 0.9448
4418.7570000000005 0.9452
4419.7744 0.9219
4420.7925 0.9175
4421.8105 0.9605
4422.8286 0.9833
4423.847 1.0125
4424.8657 1.017
4425.885 1.0028
4426.9043 0.9761
4427.9233 0.9958
4428.9434 0.9929
4429.963 0.9643
4430.9834 0.9848
4432.004 0.9757
4433.0244 1.037
4434.045 0.9801
4435.0664 1.0274
4436.0874 0.9655
4437.1094 0.9247
4438.130999999999 0.9519
4439.153 0.9899
4440.1753 0.987
4441.1978 0.9851
4442.2207 0.9851
4443.2437 0.9566
4444.2666 0.992
4445.29 0.9617
4446.314 0.9181
4447.338 0.9286
4448.362 0.9474
4449.3859999999995 0.9631
4450.411 0.9998
4451.4355 0.9819
4452.460999999999 1.0032
4453.4863 0.9572
4454.5117 0.9922
4455.5376 0.97
4456.5635 0.9649
4457.59 0.9738
4458.616 0.9918
4459.643 0.9791
4460.67 0.991
4461.6973 0.9786
4462.7246 0.9931
4463.7524 0.9719
4464.7803 0.9737
4465.8086 0.9991
4466.837 0.9995
4467.8657 0.9773
4468.8945 0.9843
4469.924 0.9863
4470.9529999999995 0.9253
4471.9824 0.9414
4473.0127 0.9653
4474.0425 0.9713
4475.0728 0.9756
4476.1035 0.968
4477.1343 1.0142
4478.165 1.0055
4479.1963 0.9808
4480.228 0.9703
4481.26 1.0151
4482.2915 0.992
4483.3237 0.9781
4484.3564 0.9286
4485.389 0.9637
4486.4220000000005 1.0227
4487.455 0.9864
4488.4883 1.0091
4489.522 0.9755
4490.556 0.956
4491.59 0.9812
4492.6245 1.0001
4493.659000000001 0.9826
4494.694 0.9828
4495.729 0.989
4496.764 0.9898
4497.8 1.0029
4498.8354 0.9904
4499.8716 0.9801
4500.9077 1.0107
4501.9443 1.0124
4502.981 0.9473
4504.018 0.9366
4505.055 0.9401
4506.093 0.956
4507.1304 0.9857
4508.168 1.0178
4509.2065 1.0016
4510.2446 0.9844
4511.282999999999 0.9911
4512.3223 0.9971
4513.3613 0.9874
4514.401 1.0135
4515.4404 1.0174
4516.48 0.982
4517.5205 0.9418
4518.5605 0.9511
4519.601 0.9676
4520.642 0.9822
4521.683 0.9875
4522.724 0.995
4523.7656 0.9575
4524.8076 0.9505
4525.8496 0.9659
4526.8916 0.9381
4527.934 0.9567
4528.977 0.9929
4530.02 0.9685
4531.063 0.9348
4532.1064 0.9253
4533.1504 0.9627
4534.1943 0.9765
4535.2383 0.9583
4536.2827 0.9146
4537.327 0.8868
4538.372 0.9472
4539.4175 0.9851
4540.463 0.9982
4541.5083 1.0016
4542.554 1.0166
4543.6 0.9951
4544.6465 0.9764
4545.693 1.0071
4546.7397 0.988
4547.787 0.9878
4548.8345 1.0071
4549.8820000000005 1.0171
4550.9297 0.9384
4551.9775 0.8952
4553.026 0.9234
4554.0740000000005 0.9694
4555.123 0.9695
4556.1720000000005 0.9634
4557.221 0.9657
4558.2705 0.9362
4559.3203 0.961
4560.37 0.9722
4561.4204 0.9881
4562.4707 0.9678
4563.5215 1.0023
4564.5728 0.9587
4565.6235 0.97
4566.6753 0.9232
4567.7266 0.9639
4568.779 0.9985
4569.8306 1.0018
4570.8833 0.984
4571.9355 1.0124
4572.9883 0.9601
4574.0415 0.9602
4575.0947 0.8977
4576.1484 0.9511
4577.202 0.9894
4578.2563 0.9796
4579.3105 0.9609
4580.365 0.9878
4581.42 0.9914
4582.475 1.0282
4583.5303 0.9771
4584.585999999999 0.9445
4585.6416 0.9313
4586.6978 0.9298
4587.754 0.942
4588.8105 0.9704
4589.867 0.9839
4590.9243 0.9759
4591.9814 0.9619
4593.0386 0.977
4594.0967 0.9911
4595.1543 0.9792
4596.2124 0.969
4597.271 0.9803
4598.3296 0.987
4599.3887 0.9924
4600.4478 1.0055
4601.5073 0.988
4602.567 0.9846
4603.627 0.9941
4604.687 0.9953
4605.7476 0.9854
4606.808 0.962
4607.8687 0.9728
4608.93 0.9691
4609.991 1.0065
4611.0527 1.0019
4612.1147 0.9675
4613.177 0.9995
4614.2393 1.0014
4615.302 0.987
4616.3647 0.9872
4617.4277 0.976
4618.491 0.998
4619.5547 1.0038
4620.6187 0.9511
4621.6826 1.0039
4622.747 0.9758
4623.8115 0.9842
4624.876 0.9514
4625.9414 0.975
4627.0063 0.9842
4628.0723 0.988
4629.1377 0.9797
4630.2036 0.9985
4631.27 0.9396
4632.3364 0.9585
4633.4033 0.9746
4634.47 0.9628
4635.5376 0.9672
4636.605 0.9834
4637.673 0.9894
4638.7407 0.9709
4639.809 0.9933
4640.8774 0.9962
4641.9463 0.9558
4643.015 0.9989
4644.0845 0.9945
4645.154 0.9924
4646.2236 1.0065
4647.2935 0.9817
4648.3640000000005 0.9909
4649.434 0.9901
4650.505 0.9736
4651.5757 0.9864
4652.647 1.0184
4653.7188 0.9755
4654.79 0.9707
4655.8623 0.9971
4656.934 1.0036
4658.0070000000005 1.008
4659.0796 0.9997
4660.1523 1.0182
4661.2256 1.0022
4662.299 0.9824
4663.3726 1.005
4664.4463 1.0048
4665.5205 1.0026
4666.595 0.9869
4667.6694 0.9992
4668.7446 0.964
4669.82 0.9631
4670.895 0.9785
4671.9707 0.9638
4673.0464 0.9589
4674.1226 0.9809
4675.1990000000005 0.9847
4676.276 0.9954
4677.3525 1.011
4678.4297 0.9848
4679.5073 0.9953
4680.585 0.9576
4681.6626 0.971
4682.7407 1.0084
4683.819 0.9802
4684.8975 1.012
4685.9766 0.9919
4687.0557 0.9694
4688.1353 0.9906
4689.215 0.9829
4690.2944 1.0178
4691.3745 0.972
4692.455 0.9997
4693.5356 0.9795
4694.616 1.0037
4695.6973 0.9615
4696.779 0.984
4697.8604 0.9847
4698.9424 0.9916
4700.0244 1.0065
4701.107 1.0085
4702.1895 1.0194
4703.272 0.984
4704.3555 0.9759
4705.4385 0.9656
4706.522 0.9807
4707.606 0.9702
4708.69 0.9819
4709.7744 0.9826
4710.859 0.9692
4711.944 0.9817
4713.029 0.9806
4714.1143 1.0093
4715.1997 1.0061
4716.2856 1.01
4717.372 1.0241
4718.458 0.9723
4719.545 1.0082
4720.6320000000005 0.9898
4721.7188 0.9782
4722.806 0.9932
4723.8936 0.9912
4724.9814 1.0173
4726.07 0.9918
4727.1577 0.995
4728.2466 0.9841
4729.3354 0.9774
4730.4243 0.9984
4731.5137 0.9834
4732.6035 0.9829
4733.6934 0.9951
4734.782999999999 0.9694
4735.8735 0.9735
4736.9644 0.9656
4738.055 0.9787
4739.1465 0.9884
4740.238 0.983
4741.329000000001 0.9665
4742.420999999999 0.993
4743.513 0.9849
4744.6055 0.9807
4745.698 0.9766
4746.791 0.9888
4747.8843 0.9861
4748.9775 0.9567
4750.0713 0.9711
4751.165 0.9913
4752.2593 0.9991
4753.3535 0.977
4754.448 0.9812
4755.543 0.9888
4756.638 0.9941
4757.7334 0.9811
4758.829000000001 0.9855
4759.925 0.9941
4761.021 0.9852
4762.1177 0.9832
4763.2144 0.9913
4764.311 0.9878
4765.407999999999 0.9673
4766.505999999999 0.9511
4767.6035 0.9629
4768.701 0.9822
4769.7993 1.0008
4770.898 0.9469
4771.9966 0.9586
4773.095 0.9798
4774.1943 0.9912
4775.294 0.9883
4776.3936 0.9888
4777.4937 0.9864
4778.5938 0.9826
4779.6943 0.9737
4780.795 0.9843
4781.896 0.9938
4782.997 0.9533
4784.0986 0.9312
4785.2 0.9557
4786.3022 0.9913
4787.4043 1.0124
4788.5070000000005 0.9778
4789.6094 0.9768
4790.7124 0.9964
4791.816 0.9892
4792.9194 0.9928
4794.023 0.9675
4795.127 0.9964
4796.2314 1.0149
4797.335999999999 1.0144
4798.4404 1.0083
4799.5454 0.9792
4800.651 0.9678
4801.7563 0.9943
4802.862 0.9832
4803.9683 0.9978
4805.0740000000005 0.9832
4806.1807 1.0022
4807.2876 0.9905
4808.3945 0.9711
4809.502 0.9916
4810.6094 0.972
4811.7173 0.9953
4812.8257 1.0006
4813.9336 0.9747
4815.0425 0.9853
4816.1514 0.999
4817.2603 0.9681
4818.3696 1.0222
4819.479 0.9967
4820.589 1.0134
4821.6990000000005 0.9732
4822.8096 0.9889
4823.92 0.9895
4825.0312 0.972
4826.142 0.9918
4827.2534 0.9679
4828.365 1.0051
4829.477 0.9823
4830.5894 0.9865
4831.7017 0.9958
4832.8145 1.0048
4833.9272 0.9847
4835.0405 1.0121
4836.154 0.9611
4837.2676 0.9662
4838.3813 0.967
4839.4956 0.952
4840.6104 0.977
4841.725 0.9822
4842.84 0.9772
4843.955 0.9552
4845.071 0.9867
4846.1865 0.9944
4847.3022 0.9737
4848.4185 0.9569
4849.535 0.9682
4850.652 0.9533
4851.769 0.9359
4852.8859999999995 0.9529
4854.004 0.963
4855.1216 0.9456
4856.2397 0.9164
4857.358 0.9154
4858.4766 0.9088
4859.595 0.8811
4860.7144 0.8459
4861.834 0.7878
4862.9536 0.6697
4864.073 0.5235
4865.1934 0.5153
4866.314 0.6527
4867.4346 0.8337
4868.555 0.8427
4869.6763 0.8799
4870.798 0.9123
4871.9194 0.9105
4873.0415 0.9344
4874.1636 0.8949
4875.286 0.92
4876.4087 0.9417
4877.5317 0.9229
4878.6553 0.9656
4879.7783 0.9595
4880.9023 0.9558
4882.0264 0.97
4883.1504 0.9913
4884.275 0.9621
4885.4 0.9878
4886.525 0.9697
4887.65 0.9875
4888.776 0.9575
4889.9014 0.9616
4891.0273 0.9782
4892.154 0.9845
4893.2803 0.9397
4894.407 0.9387
4895.5347 0.9708
4896.6616 0.9865
4897.7896 0.9868
4898.9175 0.9857
4900.0454 0.9765
4901.174 0.9864
4902.3027 0.9829
4903.4316 0.9659
4904.5605 0.9854
4905.69 0.9727
4906.82 0.9672
4907.9497 0.9765
4909.08 0.994
4910.2104 0.9963
4911.3413 0.9897
4912.472 0.9855
4913.6035 0.9646
4914.735 0.9703
4915.8667 0.9832
4916.999 0.9778
4918.1313 0.9667
4919.2637 0.9921
4920.3965 0.9961
4921.53 0.9551
4922.663 0.9347
4923.7970000000005 0.9402
4924.9307 0.9603
4926.0645 0.9467
4927.1990000000005 0.9273
4928.334 0.9471
4929.4688 0.9762
4930.604 0.9777
4931.7393 0.994
4932.875 1.0044
4934.0107 1.0365
4935.147 0.9808
4936.2837 0.9785
4937.4204 0.9558
4938.5576 0.9761
4939.695 0.9788
4940.8325 1.0185
4941.97 0.9891
4943.108 0.9741
4944.2466 1.0005
4945.3853 1.0004
4946.524 1.0033
4947.663 0.973
4948.8022 0.9921
4949.942 1.0
