3911.1252 1.0
3912.026 0.9538
3912.9268 0.6358
3913.828 0.742
3914.7292 1.2964
3915.6306 0.8879
3916.5325 1.0191
3917.4343 1.0209
3918.3364 0.4726
3919.2388 0.8264
3920.1414 1.1582
3921.0442 0.7786
3921.947 1.4723
3923.7537 0.7608
3924.6572 0.9752
3925.5609999999997 0.2199
3926.4648 0.2397
3927.3691 0.7118
3928.2734 0.7865
3929.1782 0.1973
3933.7043 0.3063
3934.6104 0.5425
3935.5164 0.4476
3936.4226 0.2147
3937.329 0.5128
3938.2358 0.7391
3939.1428 0.1717
3940.0498 0.5057
3940.9573 0.3455
3941.8647 0.687
3942.7725 0.6637
3943.6804 0.7404
3944.5886 0.8722
3945.4970000000003 0.7521
3946.4055 0.4794
3947.3145 0.5433
3948.2234 0.7991
3949.1326 0.2976
3950.9517 0.3946
3951.8616 0.5863
3952.7717 0.6654
3953.6820000000002 1.0987
3954.5923 0.7588
3955.5029999999997 0.7811
3956.4138 0.8376
3957.325 0.5344
3958.2363 0.9249
3959.1479999999997 0.7678
3960.0596 0.2375
3960.9717 0.3203
3961.8838 0.7071
3962.7961 0.3142
3963.7087 0.4418
3964.6213 0.5449
3965.5344 0.3398
3966.4475 0.2803
3967.361 0.2406
3968.2747 0.2292
3969.1885 0.349
3970.1025 0.2278
3971.0168 0.2312
3971.9312 0.4644
3972.8459999999995 0.1782
3973.7607 0.6164
3974.676 0.8316
3975.5913 0.5718
3976.5068 0.4085
3977.4224 0.6238
3978.3384 0.8525
3979.2546 0.7425
3980.171 0.6893
3981.0874 0.7829
3982.0044 0.8397
3982.9214 0.8581
3983.8384 1.1187
3984.7559 0.4208
3985.6736 0.8499
3986.5913 1.1587
3987.5095 0.9801
3988.4277 0.9115
3989.3462 1.0401
3990.265 1.2486
3991.1838 0.9397
3992.1028 0.8344
3993.0222 0.5723
3993.9417 0.3019
3994.8613 0.3302
3995.7815 0.5936
3996.7017 0.3701
3997.6220000000003 0.4599
3998.5425 1.0646
3999.4634 0.7793
4000.3843 0.4578
4001.3057 0.9453
4002.2270000000003 1.1181
4003.1487 0.878
4004.9927 0.5533
4005.915 1.485
4006.8374 0.7206
4007.7603 0.9493
4008.683 1.1147
4009.6062 0.8407
4010.5295 1.2032
4011.4531 0.815
4012.377 0.4702
4013.3008 0.8192
4014.225 0.4582
4015.1494 1.1342
4016.0742 1.208
4016.9990000000003 0.7796
4017.9240000000004 0.553
4018.8494 0.9124
4019.775 0.536
4020.7004 0.7104
4021.6265 1.0395
4022.5525 0.8431
4023.4788 0.3374
4024.4055 0.4491
4025.3320000000003 0.9289
4026.259 0.8347
4027.1863 0.7867
4028.1138 0.6024
4029.0413 0.5578
4029.9692 1.1249
4030.8972 0.1016
4031.8254 0.4865
4032.7540000000004 0.7335
4033.6826 0.5482
4034.6116 0.6264
4035.5405 0.796
4036.47 0.7613
4037.3994 1.0042
4038.3293 1.1799
4039.2593 0.9052
4040.1895 1.1199
4041.1199 0.9938
4042.0503 0.552
4042.9812 0.9976
4043.9124 0.9075
4044.8435 1.0176
4045.775 0.2291
4046.7065 0.479
4047.6387 0.9379
4048.5706 1.1498
4049.5029999999997 0.9384
4050.4355 0.643
4051.3684 1.2335
4052.3013 1.2975
4053.2344 0.5028
4054.1677 0.8742
4055.1016 0.8268
4056.0352 0.7665
4056.9692 1.2257
4057.9036 1.0444
4058.8381 0.9342
4059.7727 0.4877
4060.7075 0.6515
4061.6428 0.6848
4062.5781 0.7614
4063.5137 0.9279
4064.4495 0.6754
4065.3855 0.9731
4066.3215 1.0958
4067.258 0.5427
4068.1946 1.1167
4069.1316 0.8793
4070.0686 0.7764
4071.0059 1.1574
4071.9434 0.4977
4072.881 0.5946
4073.8188 0.5193
4074.757 0.6542
4075.6956 0.6267
4076.634 0.6167
4077.5728 0.594
4078.5117 0.6284
4079.4509999999996 0.6501
4080.3904 0.7669
4081.33 1.0624
4082.27 0.8844
4083.21 0.8473
4084.1504 1.1594
4085.0908 0.4782
4086.0317 0.8926
4086.9727 0.7359
4087.9138 1.1761
4088.8552 0.7991
4089.7966 1.083
4090.7385 0.6266
4091.6807 0.6481
4092.6228 0.7275
4093.5652 0.9055
4094.508 1.0283
4095.4509999999996 0.6193
4096.394 0.6781
4097.3374 0.8321
4098.281 0.6879
4099.2246 0.8977
4100.1685 0.3239
4101.113 0.2505
4102.057 0.5207
4103.002 0.3711
4103.947 0.8269
4104.892 0.403
4105.8374 0.3748
4106.7827 1.1109
4107.7285 0.6322
4108.6743 0.6209
4109.6206 0.7453
4110.567 0.78
4111.5137 0.9826
4112.4604 0.9709
4113.407 0.8747
4114.3545 1.1027
4115.3022 1.2351
4116.25 0.5656
4117.1978 0.4334
4118.146 1.1704
4119.094 0.7092
4120.043 0.4535
4120.9917 0.6636
4121.9404 0.855
4122.8896 1.2333
4123.8394 0.8305
4124.789000000001 1.0242
4125.7390000000005 0.7439
4126.689 0.3974
4127.639 0.3879
4128.59 0.6131
4129.5405 0.4885
4130.491 0.5348
4131.4424 0.9026
4132.394 0.8474
4133.3457 0.8331
4134.2974 1.1318
4135.2495 1.0976
4136.2017 0.993
4137.1543 1.2923
4138.107 0.7468
4139.06 0.8241
4140.013 1.1182
4140.9663 0.7957
4141.92 0.8533
4142.874 1.0034
4143.8279999999995 0.4864
4144.782 0.2937
4145.737 0.7581
4146.6914 1.0492
4147.6465 0.8178
4148.6016 0.933
4149.5566 1.0021
4150.5127 0.6082
4151.4683 0.7426
4152.4243 0.9538
4153.3804 0.7725
4154.337 1.0336
4155.2935 1.086
4156.2505 0.8548
4157.2075 0.9456
4158.165 0.6029
4159.1226 0.9707
4160.0806 1.4057
4161.0386 0.7252
4161.9966 1.1083
4162.955 0.7154
4163.9136 1.3066
4164.8726 0.7894
4165.8315 0.6203
4166.791 0.62
4167.7505 1.1954
4168.7104 1.0953
4169.6704 0.805
4170.6304 1.182
4171.590999999999 0.949
4172.552 0.6138
4173.5127 0.8181
4174.4736 1.1127
4175.435 0.7999
4176.3965 0.569
4177.3584 0.9771
4178.3203 0.6895
4179.282 0.6965
4180.245 1.2876
4181.2075 1.0586
4182.1704 0.9606
4183.1333 1.0607
4184.0967 0.3156
4185.0605 0.852
4186.024 0.9621
4186.9883 0.9444
4187.952 0.8801
4188.9165 0.2599
4189.8813 0.9361
4190.846 0.7326
4191.811 1.2211
4192.7764 0.967
4193.742 0.7855
4194.708 0.6201
4195.674 0.646
4196.64 0.8804
4197.6064 0.8497
4198.573 0.7974
4199.54 0.6944
4200.5073 0.499
4201.4746 0.9109
4202.442 1.246
4203.4097 0.9176
4204.3774 0.7397
4205.3457 0.5965
4206.3145 0.6988
4207.282999999999 1.0711
4208.252 0.9828
4209.2207 1.0143
4210.1904 1.0012
4211.1597 0.776
4212.1294 1.0195
4213.0996 1.0352
4214.07 0.9832
4215.04 0.9023
4216.0107 0.9684
4216.982 0.6037
4217.9526 0.8024
4218.9243 1.1682
4219.8955 0.8022
4220.8677 0.7891
4221.8394 0.7055
4222.812 0.8278
4223.784000000001 1.4712
4224.7570000000005 0.9241
4225.73 0.593
4226.7029999999995 0.5196
4227.6763 0.9384
4228.65 0.8592
4229.6235 0.7009
4230.5977 0.7641
4231.572 0.721
4232.5464 0.6835
4233.521 0.9914
4234.496 1.272
4235.471 0.9698
4236.4463 0.8762
4237.4220000000005 0.7741
4238.398 0.7366
4239.374 1.0229
4240.35 0.8661
4241.3267 1.0444
4242.303 0.9566
4243.2803 0.7538
4244.2573 0.9723
4245.235 0.7796
4246.2124 0.6342
4247.1904 0.7708
4248.1685 0.6126
4249.1465 0.9764
4250.125 0.3523
4251.104 1.051
4252.083 1.0163
4253.062 0.9904
4254.0415 1.285
4255.021 0.6338
4256.001 0.8119
4256.981 0.7372
4257.9614 1.1795
4258.942 0.6724
4259.923 0.9379
4260.904 0.6047
4261.885 0.7352
4262.866 0.3863
4263.848 0.6561
4264.83 0.8785
4265.812 0.9874
4266.7944 0.8338
4267.777 0.4749
4268.76 1.063
4269.7427 0.9394
4270.726 0.7472
4271.7095 0.6623
4272.6934 0.7268
4273.6772 0.7366
4274.6616 0.801
4275.646 0.8122
4276.6304 1.0227
4277.615 0.9221
4278.6 0.975
4279.5854 0.8801
4280.5713 0.8772
4281.557 0.6737
4282.543 0.7795
4283.5293 0.782
4284.5156 0.8692
4285.5024 0.9302
4286.4893 0.7658
4287.476 1.0139
4288.4634 1.0852
4289.451 0.7207
4290.439 0.8105
4291.427 1.054
4292.415 0.6232
4293.404 0.9336
4294.3926 0.9819
4295.3813 0.9244
4296.3706 0.9513
4297.36 0.5109
4298.3496 0.8367
4299.3394 0.8746
4300.3296 0.4692
4301.32 0.6636
4302.31 0.5243
4303.3009999999995 0.6347
4304.292 0.4798
4305.282999999999 0.7959
4306.2744 0.8411
4307.266 0.6378
4308.2583 0.7128
4309.2505 0.8412
4310.2427 0.6513
4311.2354 0.7173
4312.228 0.8345
4313.221 1.1491
4314.2144 0.691
4315.208 0.6199
4316.2017 1.2563
4317.196 1.2582
4318.19 0.6219
4319.184 0.3833
4320.1787 0.9973
4321.174 0.6249
4322.169 0.6754
4323.164000000001 0.7044
4324.1597 0.832
4325.1553 0.6221
4326.1514 0.8198
4327.148 0.8472
4328.144 0.68
4329.141 0.9582
4330.1377 1.2869
4331.135 0.6576
4332.1323 0.8532
4333.13 0.6204
4334.128 1.0602
4335.126 0.7424
4336.1245 0.5426
4337.123 0.7512
4338.1216 0.3901
4339.1206 0.8142
4340.1196 0.6719
4341.119000000001 0.6421
4342.119000000001 0.6932
4343.119000000001 0.8202
4344.119000000001 0.7907
4345.1196 0.8412
4346.12 0.7978
4347.121 0.6919
4348.122 1.076
4349.1235 0.8484
4350.125 0.8341
4351.1265 1.0416
4352.1284 0.9349
4353.130999999999 0.8899
4354.1333 0.7021
4355.1359999999995 0.634
4356.139 1.1367
4357.142 0.8815
4358.1455 1.0004
4359.149 1.0021
4360.153 0.7973
4361.157 0.3996
4362.161 0.7727
4363.166 0.6927
4364.1704 1.2111
4365.1759999999995 1.1703
4366.1807 0.8519
4367.1865 0.5923
4368.192 1.1416
4369.1978 0.8808
4370.204000000001 0.9032
4371.2104 0.5929
4372.2173 0.7538
4373.224 0.6989
4374.231 1.011
4375.2383 0.5854
4376.246 0.9064
4377.254 0.672
4378.2617 1.041
4379.27 0.6748
4380.2783 0.7187
4381.287 1.1119
4382.2964 0.8342
4383.305 0.8333
4384.315 0.7696
4385.3240000000005 0.9268
4386.3345 1.005
4387.344 0.8957
4388.3545 0.8695
4389.365 0.7965
4390.376 0.9225
4391.387 1.0147
4392.3984 0.9127
4393.4097 0.723
4394.4214 0.8803
4395.4336 0.8608
4396.446 0.925
4397.458 1.0524
4398.4707 1.1109
4399.484 1.0331
4400.497 0.7761
4401.5103 0.8359
4402.524 1.1552
4403.5376 1.0592
4404.552 0.7861
4405.566 0.7839
4406.5806 1.22
4407.595 0.9448
4408.6104 0.5747
4409.6255 0.9796
4410.641 1.0439
4411.6567 0.7818
4412.673 0.8018
4413.689 0.9443
4414.705 0.9602
4415.722 0.9683
4416.7390000000005 0.6856
4417.755999999999 0.8626
4418.7734 0.8591
4419.791 0.8556
4420.8086 0.7603
4421.8267 0.9752
4422.845 0.7291
4423.8633 1.2168
4424.8823 0.7404
4425.9014 0.867
4426.9204 0.983
4427.94 0.8395
4428.9595 1.0156
4429.9795 1.0517
4430.9995 0.7755
4432.02 1.2017
4433.0405 0.7816
4434.0615 0.967
4435.0825 0.6423
4436.104 0.6289
4437.1255 0.7033
4438.1475 0.8169
4439.1694 0.8719
4440.192 0.8571
4441.2144 1.0335
4442.237 0.7756
4443.26 0.9771
4444.282999999999 0.7576
4445.3066 0.8691
4446.33 1.0144
4447.354 1.0134
4448.3784 0.9319
4449.403 1.2388
4450.4272 1.0995
4451.452 0.6583
4452.4775 1.0397
4453.503 1.0461
4454.5283 0.9763
4455.554 0.9054
4456.58 0.9145
4457.6064 1.0271
4458.633 0.787
4459.6597 0.7128
4460.6865 0.6202
4461.714 0.56
4462.741 0.8137
4463.769 1.0546
4464.7970000000005 0.593
4465.825 0.9314
4466.8535 0.692
4467.8823 0.942
4468.911 1.2384
4469.9404 1.3519
4470.9697 0.6193
4471.9995 1.0456
4473.0293 0.923
4474.059 1.0843
4475.0894 0.9178
4476.12 0.9931
4477.151 1.0033
4478.1816 0.8398
4479.213 0.9676
4480.2446 0.9167
4481.2764 0.8428
4482.308 0.9862
4483.3403 1.0379
4484.373 1.0578
4485.406 0.9901
4486.4385 0.7788
4487.4717 1.0945
4488.505 0.9078
4489.5386 0.8877
4490.5728 1.1104
4491.6064 0.8986
4492.641 0.8629
4493.6759999999995 0.8018
4494.7104 0.967
4495.7456 0.7596
4496.781 1.0649
4497.8164 1.0968
4498.852 0.8499
4499.888 0.8928
4500.9243 0.8573
4501.960999999999 1.1279
4502.9976 0.8671
4504.0347 1.028
4505.072 0.9456
4506.1094 0.9163
4507.147 0.9664
4508.185 0.9142
4509.223 1.1468
4510.2609999999995 0.7454
4511.3003 0.9802
4512.339 0.5673
4513.3784 0.6342
4514.4175 0.9132
4515.457 0.7511
4516.497 0.9041
4517.537 0.881
4518.577 0.8723
4519.6177 0.6603
4520.6587 0.7306
4521.6997 0.8786
4522.741 0.9644
4523.7827 0.8936
4524.8240000000005 1.0294
4525.866 0.5874
4526.9087 0.9679
4527.951 0.6645
4528.9937 0.8373
4530.0366 0.9968
4531.08 1.0298
4532.1235 0.5433
4533.167 0.8517
4534.210999999999 0.9657
4535.255 0.8047
4536.2993 0.921
4537.344 1.0242
4538.389 0.7551
4539.434 0.8084
4540.4795 0.9662
4541.525 0.9254
4542.571 0.5605
4543.617 0.9711
4544.6636 0.9269
4545.71 0.821
4546.7570000000005 1.1931
4547.8037 0.9746
4548.851 0.9055
4549.8984 0.8045
4550.9463 0.7675
4551.9946 0.7696
4553.0425 0.9517
4554.0913 0.8851
4555.14 0.9889
4556.189 0.5475
4557.2383 0.9433
4558.2876 0.8697
4559.3374 0.762
4560.387 0.8562
4561.4375 0.9468
4562.488 0.6939
4563.5386 0.9816
4564.5894 1.0709
4565.6406 0.6885
4566.692 1.0336
4567.7437 0.7034
4568.7954 0.921
4569.8477 0.7029
4570.9 0.7957
4571.9526 0.9566
4573.0054 1.0268
4574.0586 0.9113
4575.112 0.8792
4576.1655 1.0082
4577.219 0.7953
4578.2734 0.977
4579.3276 0.8828
4580.3823 0.9975
4581.437 0.9022
4582.492 0.8585
4583.5474 0.9075
4584.603 0.9459
4585.6587 0.9023
4586.715 1.0965
4587.771 1.0013
4588.827 0.9367
4589.8843 0.9259
4590.941 1.1469
4591.9985 1.1
4593.0557 1.0144
4594.1133 0.9207
4595.1714 0.9616
4596.2295 0.772
4597.288 0.6889
4598.3467 1.0256
4599.406 0.9003
4600.465 0.9529
4601.5244 0.9656
4602.584 1.0146
4603.644 0.9655
4604.704000000001 1.011
4605.7646 1.0004
4606.825 1.0681
4607.8857 0.963
4608.9473 1.0226
4610.0083 0.9175
4611.07 0.5284
4612.1320000000005 1.0943
4613.194 0.5823
4618.5083 0.8108
4619.572 0.8085
4620.6357 0.6682
4621.6997 0.5185
4622.764 0.7808
4623.8286 1.0384
4624.8936 1.0269
4625.9585 0.6827
4627.0234 1.0213
4628.0894 0.8504
4629.155 1.0228
4630.221 0.8249
4631.287 0.8579
4632.354 0.7127
4633.4204 0.89
4634.4873 0.9148
4635.5547 1.0699
4636.6226 1.0397
4637.69 0.9543
4638.7583 0.9017
4639.826 0.9947
4640.8945 0.8082
4641.9634 1.2526
4643.0327 0.7369
4644.1016 0.9935
4645.1714 1.0337
4646.2407 0.8717
4647.311 1.0155
4648.380999999999 1.1134
4649.4517 0.8053
4650.522 0.8185
4651.5933 0.7221
4652.6646 0.6457
4653.736 1.1563
4654.8076 0.856
4655.8794 0.8432
4656.9517 0.8482
4658.024 1.1824
4659.0967 0.9726
4660.1694 1.0709
4661.2427 0.796
4662.3164 0.9852
4663.3896 1.0647
4664.464 0.8652
4665.538 0.8678
4666.6123 0.7877
4667.687 0.8529
4668.7617 0.9265
4669.837 0.9884
4670.9126 0.9768
4671.9883 0.6549
4673.064 1.0271
4674.14 0.9421
4675.2163 0.793
4676.293 0.9533
4677.37 0.7721
4678.4473 0.7699
4679.5244 0.8769
4680.602 0.7988
4681.6797 0.7065
4682.7583 0.8147
4683.8364 0.7377
4684.915 1.0885
4685.994000000001 0.9438
4687.073 0.9417
4688.1523 0.8551
4689.232 0.9053
4690.312 0.733
4691.392 1.0808
4692.472 0.9418
4693.5527 0.8158
4694.634 0.9697
4695.715 0.7496
4696.7964 0.9846
4697.878 0.7989
4698.96 0.978
4700.042 0.7767
4701.124 1.0788
4702.2065 0.8559
4703.2896 0.9147
4704.3726 0.7883
4705.456 0.724
4706.5396 0.8832
4707.6235 0.9301
4708.7075 0.9041
4709.792 0.6759
4710.8765 0.8592
4711.9614 0.832
4713.0464 0.8801
4714.1320000000005 1.0829
4715.2173 0.9946
4716.303 0.7995
4717.389 0.9449
4718.4756 1.1887
4719.562 1.0584
4720.649 0.8415
4721.7363 0.9319
4722.8237 0.9178
4723.911 0.9542
4724.999 1.0292
4726.087 1.0116
4727.1753 1.0769
4728.264 0.8439
4729.353 0.9381
4730.442 0.7964
4731.5312 1.0872
4732.621 1.0997
4733.710999999999 0.8492
4734.8009999999995 0.7144
4735.891 1.0069
4736.982 0.982
4738.0728 0.7117
4739.1636 1.0118
4740.2554 0.8876
4741.3467 0.9715
4742.4385 0.7964
4743.531 0.9553
4744.623 0.8407
4745.715999999999 0.8689
4746.8086 0.8862
4747.902 0.7495
4748.995 0.9888
4750.089 0.8047
4751.1826 0.9714
4752.277 0.9463
4753.371 0.8288
4754.465999999999 1.065
4755.5605 0.8684
4756.656 0.9344
4757.751 1.0894
4758.8467 0.6587
4759.943 0.9245
4761.039000000001 0.9237
4762.1353 0.8094
4763.232 0.9695
4764.3286 0.7966
4765.4259999999995 0.7164
4766.5234 1.0597
4767.621 0.7328
4768.7188 0.9982
4769.817 0.8372
4770.9155 0.8705
4772.014 0.9589
4773.113 0.7721
4774.2124 0.9853
4775.3115 0.8926
4776.411 0.9002
4777.5109999999995 0.8834
4778.6113 1.0479
4779.712 0.8901
4780.8125 0.7837
4781.9136 1.0417
4783.0146 0.7793
4784.116 0.9171
4785.218 0.7983
4786.32 0.9828
4787.4220000000005 1.0347
4788.5244 0.7499
4789.6274 0.8657
4790.7305 0.9029
4791.8335 0.9548
4792.937 1.0413
4794.0405 0.8495
4795.1445 0.9754
4796.249 0.935
4797.3535 1.0709
4798.458 0.9824
4799.5635 1.0049
4800.6685 0.9595
4801.774 0.8932
4802.88 0.9268
4803.986 0.9974
4805.0923 0.7445
4806.1987 1.1535
4807.3057 0.6745
4808.4126 1.0973
4809.52 1.168
4810.6274 0.7813
4811.7354 1.0115
4812.8433 0.9635
4813.9517 1.0157
4815.06 0.865
4816.169 0.9395
4817.2783 0.8245
4818.3877 0.8668
4819.497 1.0875
4820.607 0.9143
4821.717000000001 0.9913
4822.8276 0.7164
4823.938 0.9334
4825.049 1.0576
4826.16 0.9375
4827.2715 0.7405
4828.3833 0.789
4829.495 1.0745
4830.6074 1.0809
4831.7197 0.8738
4832.832 1.0217
4833.9453 0.935
4835.0586 0.9239
4836.1720000000005 1.0682
4837.2856 1.2112
4838.3994 0.8374
4839.5137 0.9667
4840.628 1.0427
4841.7427 0.6103
4842.858 0.8043
4843.973 0.8963
4845.0884 0.6304
4846.204000000001 1.0346
4847.3203 0.6778
4848.4365 0.9825
4849.553 0.9565
4850.67 0.8397
4851.787 0.9841
4852.9043 0.4205
4854.022 0.8536
4855.1396 0.7989
4856.258 0.85
4857.376 0.8388
4858.4946 0.8015
4859.6133 0.5999
4860.7324 0.5912
4861.852 0.59
4862.9717 0.7021
4864.0913 0.5938
4865.2114 0.4979
4866.332 0.7594
4867.4526 0.8689
4868.573 0.8328
4869.695 0.6847
4870.816 0.7245
4871.9375 0.7992
4873.0596 0.92
4874.1816 0.8739
4875.304 0.8154
4876.427 0.7021
4877.55 0.8191
4878.6733 0.9024
4879.7964 0.6647
4880.9204 1.0193
4882.0444 0.9421
4883.1685 1.1437
4884.293 1.0627
4885.418 0.9892
4886.543 0.8772
4887.6685 0.9008
4888.794 1.0127
4889.9194 0.7601
4891.045999999999 0.959
4892.1720000000005 0.9428
4893.299 0.7947
4894.4253 0.8568
4895.5527 1.0532
4896.68 0.9226
4897.8076 1.0518
4898.9355 0.7993
4900.0635 0.8204
4901.192 0.9706
4902.321 0.8202
4903.4497 0.9394
4904.5786 0.9381
4905.7085 0.8634
4906.838 1.0434
4907.968 0.8136
4909.098 0.9985
4910.2285 0.7538
4911.3594 0.9164
4912.4907 0.8345
4913.6216 0.8905
4914.7534 0.8274
4915.8853 0.6266
4917.017 1.0152
4918.1494 0.9264
4919.282 0.7153
4920.415 0.8204
4921.548 0.9146
4922.681 0.7441
4923.815 0.941
4924.9487 0.9126
4926.083 0.9007
4927.2173 0.7864
4928.352 0.9759
4929.487 0.8124
4930.622 0.8704
4931.758 0.9507
4932.893 0.788
4934.0293 1.0712
4935.1655 0.8017
4936.3022 0.6738
4937.4385 0.7266
4938.5757 0.9988
4939.713 0.7262
4940.8506 0.8303
4941.9883 0.828
4943.1265 0.9014
4944.2646 1.1146
4945.4033 0.8222
4946.5425 0.8944
4947.681 1.1477
4948.821 0.8579
4949.9604 1.0
