3911.1108 1.0
3912.0115 0.8965
3912.9124 1.025
3913.8135 0.9941
3914.7146 1.0732
3915.6162 0.8991
3916.5178 0.9258
3917.4197 0.8613
3918.3218 0.909
3919.224 0.8814
3920.1267 0.8817
3921.0295 0.946
3921.9324 0.8805
3922.8357 0.9499
3923.739 0.9021
3924.6426 0.8883
3925.5464 0.8403
3926.4504 0.8486
3927.3545 0.8682
3928.259 0.7275
3929.1636 0.5412
3930.0684 0.5109
3930.9734 0.4114
3931.8787 0.521
3932.7842 0.7081
3933.6897 0.6743
3934.5957 0.7851
3935.5017 0.9636
3936.408 0.8803
3937.3145 0.9612
3938.2212 0.9209
3939.1282 0.8996
3940.0354 0.9899
3940.9426 0.8837
3941.85 0.919
3942.7578 0.9127
3943.6658 0.9453
3944.574 0.9412
3945.4824 0.8997
3946.3909999999996 0.9852
3947.2998 0.9144
3948.2087 0.9115
3949.118 0.9168
3950.0273 0.9372
3950.937 0.8764
3951.847 0.8951
3952.7568 0.9148
3953.6672 0.9111
3954.5776 0.8392
3955.4883 0.8576
3956.3992 0.8059
3957.3103 0.8249
3958.2217 0.7603
3959.1333 0.7235
3960.045 0.707
3960.9568 0.6478
3961.869 0.6519
3962.7812 0.6327
3963.6938 0.4905
3964.6067 0.3601
3965.5198 0.2992
3966.4329 0.2589
3967.3462 0.2881
3968.26 0.2891
3969.1738 0.3753
3970.0879999999997 0.487
3971.002 0.5358
3971.9165 0.6494
3972.8313 0.7078
3973.7459999999996 0.7187
3974.6611 0.7458
3975.5764 0.7906
3976.492 0.8266
3977.4077 0.8312
3978.3237 0.8763
3979.2397 0.9112
3980.1562 0.9089
3981.0728 0.9282
3981.9895 0.9089
3982.9065 0.9016
3983.8237 0.9509
3984.7412 0.9472
3985.6587 1.0088
3986.5767 0.9729
3987.4946 0.9238
3988.4128 0.9554
3989.3313 1.025
3990.25 0.9257
3991.1690000000003 0.9368
3992.0881 1.0103
3993.0073 0.9268
3993.927 0.9687
3994.8467 0.8975
3995.7666 0.9981
3996.6868 0.9462
3997.6072 0.9519
3998.5278 0.9398
3999.4485 0.938
4000.3696 0.9541
4001.2908 0.9323
4002.2122 0.942
4003.1338 0.9149
4004.0557 0.9836
4004.9778 1.0081
4005.9001 1.0487
4006.8225 0.9896
4007.7454 0.9871
4008.6682 0.966
4009.5913 0.9689
4010.5146 0.9872
4011.4382 1.0039
4012.362 0.9534
4013.2861 0.9386
4014.2102 1.0165
4015.1345 0.9314
4016.0593 0.9924
4016.9841 1.0137
4017.9092 0.936
4018.8345 0.9388
4019.7598 0.9706
4020.6855 0.942
4021.6116 0.9841
4022.5376 0.9911
4023.4639 0.9367
4024.3904 0.9609
4025.3171 1.033
4026.2441 0.9677
4027.1714 0.9896
4028.0989 0.9321
4029.0264 0.9255
4029.954 0.9787
4030.8823 1.0631
4031.8105 0.9358
4032.739 1.0409
4033.6677 0.9887
4034.5964 0.9835
4035.5256 0.9533
4036.455 0.9612
4037.3845 1.0097
4038.3142 0.9405
4039.2441 0.9829
4040.1743 0.9653
4041.1047 0.9396
4042.0354 0.9319
4042.9663 0.925
4043.8972 0.9808
4044.8286 1.0054
4045.76 0.9951
4046.6917 1.0049
4047.6235 1.0282
4048.5557 1.0593
4049.488 1.004
4050.4204 0.9993
4051.3533 0.9994
4052.2861 0.9671
4053.2195 0.947
4054.1528 0.9785
4055.0864 0.9827
4056.0203 1.0033
4056.9543 0.9858
4057.8884 1.0005
4058.823 1.0368
4059.7576 0.9684
4060.6926 0.898
4061.6277 0.9039
4062.563 0.9973
4063.4985 0.9734
4064.4343 1.0037
4065.3704 0.9793
4066.3064 1.0118
4067.243 0.9837
4068.1794 0.9457
4069.1165 0.9513
4070.0535 0.9161
4070.9907 0.9195
4071.9282 1.0186
4072.866 0.9788
4073.8037 0.9132
4074.742 0.9139
4075.6804 0.9397
4076.619 0.9468
4077.5576 0.9404
4078.4966 0.9315
4079.4358 0.9296
4080.3752 0.968
4081.315 0.9033
4082.255 0.8844
4083.1948 0.904
4084.1353 0.9184
4085.0757 0.9211
4086.0164 0.8589
4086.9575 0.8705
4087.8987 0.8194
4088.8398 0.8236
4089.7815 0.7922
4090.7234 0.759
4091.6653 0.7119
4092.6077 0.7016
4093.55 0.7185
4094.4927 0.6323
4095.4358 0.6464
4096.379 0.5192
4097.3223 0.4328
4098.2656 0.3592
4099.2095 0.3493
4100.1533 0.4497
4101.0977 0.516
4102.042 0.6287
4102.987 0.6341
4103.9316 0.6828
4104.8765 0.734
4105.822 0.7869
4106.7676 0.7792
4107.7134 0.7914
4108.659000000001 0.9089
4109.6055 0.8507
4110.552 0.88
4111.498 0.9367
4112.4453 0.8562
4113.392 0.899
4114.3394 0.932
4115.2866 0.956
4116.2344 0.9093
4117.1826 0.9633
4118.1304 0.8655
4119.079000000001 0.9428
4120.0273 0.9441
4120.976 0.9901
4121.9253 0.937
4122.8745 0.9426
4123.8237 0.9695
4124.7734 0.9774
4125.7236 1.0352
4126.6733 1.0207
4127.624 0.9135
4128.5740000000005 0.9035
4129.525 0.9587
4130.476 0.8969
4131.4272 1.0203
4132.379 0.8823
4133.33 1.1279
4134.282 0.9714
4135.2344 0.966
4136.1865 1.0242
4137.139 0.9814
4138.092000000001 1.0257
4139.0444 1.0086
4139.998 1.0031
4140.951 0.9041
4141.905 0.9554
4142.8584 0.962
4143.8125 1.0136
4144.767 0.9839
4145.721 0.9576
4146.6763 0.976
4147.630999999999 1.0079
4148.585999999999 0.9919
4149.5415 1.029
4150.497 0.9596
4151.4526 0.9419
4152.4087 0.9962
4153.365 0.9615
4154.322 0.998
4155.2783 0.9936
4156.2354 0.9799
4157.1924 1.0124
4158.1494 0.9893
4159.107 0.93
4160.065 0.9481
4161.023 0.9761
4161.981 0.9228
4162.9395 0.9991
4163.8984 0.9122
4164.857 0.9856
4165.8164 1.0315
4166.7754 1.0176
4167.7354 0.96
4168.695 0.9547
4169.655 0.916
4170.615 0.9619
4171.5757 0.9555
4172.536 0.9119
4173.497 0.9581
4174.458 0.9514
4175.4194 0.9181
4176.380999999999 0.9747
4177.343 0.9939
4178.3047 0.9785
4179.267 0.9621
4180.2295 0.9644
4181.192 0.968
4182.155 0.9656
4183.1179999999995 0.9734
4184.081 0.9582
4185.045 0.9701
4186.009 0.9432
4186.9727 0.938
4187.9365 0.9881
4188.9014 0.976
4189.8657 0.9856
4190.8306 1.0036
4191.795999999999 0.9849
4192.7609999999995 0.9869
4193.7266 0.9896
4194.6924 0.9514
4195.657999999999 0.9574
4196.6245 0.9719
4197.590999999999 0.9782
4198.5576 1.0118
4199.5244 0.9822
4200.4917 0.9804
4201.459 0.9622
4202.4263 1.0203
4203.394 0.9453
4204.3623 0.9689
4205.33 1.042
4206.299 0.9986
4207.2676 0.9651
4208.2363 1.0185
4209.2056 1.0043
4210.175 1.0111
4211.144 0.9451
4212.1140000000005 0.9264
4213.084 0.9579
4214.054 0.9449
4215.0244 1.016
4215.995 1.0333
4216.9663 1.0322
4217.937 0.9622
4218.9087 0.9865
4219.88 0.9462
4220.852 0.9656
4221.8237 0.942
4222.795999999999 0.9252
4223.7686 0.9045
4224.741 0.9066
4225.714 0.9432
4226.687 1.0548
4227.6606 0.9437
4228.6343 0.9895
4229.608 0.9995
4230.582 0.9247
4231.556 0.8953
4232.531 0.9409
4233.5054 0.99
4234.4805 0.9614
4235.4556 1.0054
4236.4307 1.0183
4237.4062 0.9935
4238.3823 0.9507
4239.3584 0.9657
4240.3345 0.9488
4241.311 0.9824
4242.2876 0.9731
4243.2646 0.9521
4244.2417 0.9398
4245.219 0.9317
4246.197 0.9596
4247.175 0.9608
4248.153 0.9523
4249.130999999999 0.949
4250.1094 0.9729
4251.0884 0.9745
4252.067 0.9836
4253.0464 1.0142
4254.026 1.0484
4255.0054 0.9662
4255.9854 0.9747
4256.9653 0.9383
4257.946 1.0333
4258.9263 0.9882
4259.9067 0.9626
4260.8877 0.9809
4261.869000000001 1.0155
4262.8506 0.9961
4263.832 1.015
4264.814 0.9526
4265.7964 0.9889
4266.779 0.9917
4267.7609999999995 0.9399
4268.744000000001 0.9085
4269.727 0.9268
4270.7104 0.9582
4271.694 0.9724
4272.6772 1.0151
4273.6616 0.9774
4274.6455 0.9843
4275.63 0.9688
4276.6147 0.9734
4277.5996 0.9797
4278.5845 1.0105
4279.57 1.0131
4280.555 0.9784
4281.541 1.0025
4282.527 0.9649
4283.513 0.9765
4284.4995 0.9781
4285.4863 0.9275
4286.473 0.9297
4287.4604 0.9417
4288.4478 0.9818
4289.435 0.9677
4290.423 0.9345
4291.411 0.9538
4292.3994 0.9515
4293.3877 1.0162
4294.3765 1.0102
4295.365 0.9352
4296.3545 0.9425
4297.3438 0.9074
4298.3335 0.8679
4299.323 0.8829
4300.3135 0.9384
4301.3037 0.9569
4302.2944 0.973
4303.285 0.9858
4304.276 0.9434
4305.267 0.9651
4306.259 0.9365
4307.2505 0.9412
4308.242 0.9903
4309.2344 0.9463
4310.2266 0.8571
4311.219 0.8498
4312.212 0.8702
4313.205 0.8858
4314.198 0.9301
4315.192 0.9417
4316.1855 0.9542
4317.1797 0.9217
4318.174 0.9214
4319.168 0.9102
4320.1626 0.9323
4321.1577 0.9545
4322.153 0.8963
4323.148 0.8704
4324.1436 0.8743
4325.1396 0.9107
4326.1353 0.8762
4327.1320000000005 0.8876
4328.128 0.8264
4329.125 0.7832
4330.1216 0.7699
4331.119000000001 0.7738
4332.116 0.7642
4333.1140000000005 0.6668
4334.112 0.5937
4335.11 0.5262
4336.1084 0.3671
4337.107 0.305
4338.1055 0.3992
4339.1045 0.4679
4340.1035 0.5784
4341.103 0.6531
4342.103 0.6849
4343.103 0.7276
4344.103 0.7732
4345.1035 0.8206
4346.104 0.818
4347.105 0.8701
4348.106 0.8373
4349.1074 0.8008
4350.109 0.869
4351.1104 0.9214
4352.1123 0.8918
4353.1147 0.9243
4354.117 0.9484
4355.1196 0.9095
4356.1226 0.9484
4357.126 0.9796
4358.1294 0.9562
4359.133 1.0606
4360.1367 0.9679
4361.1406 1.0429
4362.145 0.9873
4363.15 0.9646
4364.1543 0.9782
4365.1597 0.9609
4366.1646 0.965
4367.17 0.9502
4368.1759999999995 0.9788
4369.1816 1.019
4370.188 0.992
4371.1943 0.9222
4372.2007 0.9583
4373.208 1.0039
4374.215 0.9643
4375.222 1.0108
4376.2295 0.9983
4377.2373 0.9839
4378.2456 0.9823
4379.254 0.99
4380.262 0.9649
4381.271 0.8853
4382.28 0.9018
4383.289000000001 0.9938
4384.2983 0.9447
4385.308 1.006
4386.318 1.0232
4387.3279999999995 1.0056
4388.3384 1.0306
4389.349 0.9943
4390.36 0.9736
4391.3706 0.9303
4392.3823 0.9318
4393.3936 0.948
4394.4053 0.9734
4395.4175 0.9684
4396.4297 0.8963
4397.442 0.8803
4398.4546 0.9657
4399.4673 0.981
4400.4805 0.9448
4401.494000000001 0.9161
4402.508 0.9815
4403.5215 0.9312
4404.5356 0.979
4405.55 1.0285
4406.5645 1.0247
4407.579000000001 0.9809
4408.594 0.9522
4409.6094 1.0032
4410.625 0.9751
4411.6406 0.9383
4412.6562 0.9167
4413.6724 0.9258
4414.689 0.9052
4415.7056 0.8925
4416.7227 0.9562
4417.7397 0.9697
4418.7570000000005 1.0019
4419.7744 0.9852
4420.7925 0.965
4421.8105 0.9904
4422.8286 0.9926
4423.847 1.0072
4424.8657 0.96
4425.885 0.9919
4426.9043 1.009
4427.9233 1.0064
4428.9434 0.9947
4429.963 0.9403
4430.9834 1.0024
4432.004 0.9899
4433.0244 1.0444
4434.045 0.9934
4435.0664 0.987
4436.0874 0.9876
4437.1094 1.0118
4438.130999999999 0.9905
4439.153 0.9332
4440.1753 0.9076
4441.1978 0.9205
4442.2207 1.0192
4443.2437 0.9818
4444.2666 0.9522
4445.29 1.016
4446.314 0.9949
4447.338 0.9574
4448.362 0.9643
4449.3859999999995 0.9726
4450.411 0.9446
4451.4355 0.9701
4452.460999999999 0.9301
4453.4863 0.9741
4454.5117 0.95
4455.5376 0.9705
4456.5635 0.9485
4457.59 0.9501
4458.616 0.9802
4459.643 0.9457
4460.67 0.9909
4461.6973 0.9793
4462.7246 0.9545
4463.7524 0.9514
4464.7803 0.9537
4465.8086 0.8767
4466.837 1.008
4467.8657 0.9257
4468.8945 0.9475
4469.924 1.0007
4470.9529999999995 0.94
4471.9824 1.0357
4473.0127 0.9737
4474.0425 0.9952
4475.0728 1.049
4476.1035 1.0078
4477.1343 0.9516
4478.165 0.8873
4479.1963 0.9446
4480.228 0.9478
4481.26 1.0022
4482.2915 0.9733
4483.3237 1.0086
4484.3564 0.9735
4485.389 0.961
4486.4220000000005 0.8998
4487.455 0.963
4488.4883 0.9924
4489.522 0.9447
4490.556 0.9474
4491.59 0.9736
4492.6245 0.9942
4493.659000000001 1.0178
4494.694 0.939
4495.729 0.942
4496.764 0.9305
4497.8 0.926
4498.8354 0.9848
4499.8716 0.947
4500.9077 0.936
4501.9443 0.9877
4502.981 0.9924
4504.018 0.9762
4505.055 0.9645
4506.093 0.9783
4507.1304 0.9713
4508.168 0.9757
4509.2065 0.9674
4510.2446 0.993
4511.282999999999 0.9912
4512.3223 0.9483
4513.3613 0.9703
4514.401 0.9576
4515.4404 0.9921
4516.48 0.9668
4517.5205 0.9351
4518.5605 0.9975
4519.601 0.957
4520.642 0.9499
4521.683 0.9516
4522.724 0.9834
4523.7656 1.0063
4524.8076 0.96
4525.8496 0.9417
4526.8916 0.9764
4527.934 0.9832
4528.977 0.9703
4530.02 0.9345
4531.063 0.9294
4532.1064 0.9758
4533.1504 0.9768
4534.1943 0.9799
4535.2383 0.9815
4536.2827 0.9646
4537.327 0.9836
4538.372 0.9877
4539.4175 0.99
4540.463 0.9916
4541.5083 0.9844
4542.554 1.031
4543.6 1.0117
4544.6465 0.9694
4545.693 0.9128
4546.7397 0.8808
4547.787 0.9149
4548.8345 1.0085
4549.8820000000005 0.9672
4550.9297 0.9228
4551.9775 0.9283
4553.026 0.9157
4554.0740000000005 0.9895
4555.123 0.965
4556.1720000000005 0.9632
4557.221 1.0114
4558.2705 0.9873
4559.3203 0.9362
4560.37 0.9791
4561.4204 0.9313
4562.4707 0.992
4563.5215 1.0124
4564.5728 0.9933
4565.6235 0.9998
4566.6753 0.9339
4567.7266 0.9629
4568.779 0.9274
4569.8306 0.9457
4570.8833 0.9629
4571.9355 1.0152
4572.9883 0.9979
4574.0415 0.9574
4575.0947 0.9757
4576.1484 0.9163
4577.202 0.9421
4578.2563 0.9664
4579.3105 0.945
4580.365 0.8859
4581.42 0.9236
4582.475 0.9005
4583.5303 1.0374
4584.585999999999 0.9487
4585.6416 0.9285
4586.6978 0.9884
4587.754 0.8861
4588.8105 0.9891
4589.867 0.9876
4590.9243 0.9128
4591.9814 1.0017
4593.0386 0.9749
4594.0967 0.9852
4595.1543 0.9884
4596.2124 0.9659
4597.271 0.9711
4598.3296 1.0072
4599.3887 1.0047
4600.4478 0.9819
4601.5073 0.9499
4602.567 1.0082
4603.627 0.985
4604.687 1.0141
4605.7476 1.0219
4606.808 0.9752
4607.8687 1.0284
4608.93 1.0246
4609.991 1.0027
4611.0527 0.9886
4612.1147 0.9709
4613.177 0.9755
4614.2393 0.9322
4615.302 0.9795
4616.3647 0.9579
4617.4277 0.9648
4618.491 1.0256
4619.5547 1.0064
4620.6187 0.9657
4621.6826 0.9596
4622.747 0.9682
4623.8115 0.9944
4624.876 0.9731
4625.9414 0.9656
4627.0063 0.944
4628.0723 0.941
4629.1377 0.985
4630.2036 0.9847
4631.27 0.9709
4632.3364 0.9961
4633.4033 0.9685
4634.47 0.9979
4635.5376 0.9585
4636.605 0.9796
4637.673 0.981
4638.7407 0.9539
4639.809 0.9802
4640.8774 0.9431
4641.9463 0.9659
4643.015 1.0198
4644.0845 0.9951
4645.154 0.9773
4646.2236 0.9802
4647.2935 0.9909
4648.3640000000005 0.9831
4649.434 0.9874
4650.505 0.9952
4651.5757 0.9901
4652.647 0.9762
4653.7188 0.975
4654.79 0.9762
4655.8623 0.9703
4656.934 0.9963
4658.0070000000005 0.9722
4659.0796 0.9594
4660.1523 1.0064
4661.2256 1.0272
4662.299 1.0016
4663.3726 0.9654
4664.4463 0.9475
4665.5205 0.9385
4666.595 1.0029
4667.6694 0.9941
4668.7446 0.9739
4669.82 1.0028
4670.895 0.9921
4671.9707 1.0037
4673.0464 1.0025
4674.1226 0.9947
4675.1990000000005 1.0024
4676.276 0.9663
4677.3525 1.019
4678.4297 0.9937
4679.5073 0.9598
4680.585 0.9931
4681.6626 1.0246
4682.7407 0.9594
4683.819 0.9984
4684.8975 0.9879
4685.9766 0.9846
4687.0557 0.979
4688.1353 0.9916
4689.215 0.9523
4690.2944 0.9636
4691.3745 0.991
4692.455 0.988
4693.5356 1.0045
4694.616 1.0094
4695.6973 0.9577
4696.779 0.9656
4697.8604 1.0101
4698.9424 0.9685
4700.0244 0.9128
4701.107 1.0092
4702.1895 0.9719
4703.272 0.9764
4704.3555 1.005
4705.4385 0.9614
4706.522 0.9624
4707.606 0.9629
4708.69 0.9746
4709.7744 1.0067
4710.859 0.9746
4711.944 0.9748
4713.029 1.0069
4714.1143 0.979
4715.1997 0.9907
4716.2856 0.9909
4717.372 0.9925
4718.458 1.0272
4719.545 0.9836
4720.6320000000005 0.9868
4721.7188 0.9665
4722.806 0.9924
4723.8936 0.9893
4724.9814 0.9695
4726.07 0.9661
4727.1577 0.9758
4728.2466 0.9495
4729.3354 0.9832
4730.4243 1.0103
4731.5137 1.0193
4732.6035 1.0132
4733.6934 0.9706
4734.782999999999 1.0389
4735.8735 1.0062
4736.9644 0.9817
4738.055 1.0183
4739.1465 0.9696
4740.238 1.0017
4741.329000000001 0.9878
4742.420999999999 1.0115
4743.513 0.9754
4744.6055 0.9729
4745.698 0.9322
4746.791 0.9846
4747.8843 1.0353
4748.9775 0.9537
4750.0713 0.9945
4751.165 1.0273
4752.2593 0.9512
4753.3535 0.9783
4754.448 0.9721
4755.543 1.0083
4756.638 1.01
4757.7334 0.9852
4758.829000000001 0.9977
4759.925 0.9588
4761.021 0.9637
4762.1177 0.9778
4763.2144 1.0161
4764.311 0.9911
4765.407999999999 0.9798
4766.505999999999 0.9663
4767.6035 0.9511
4768.701 1.0038
4769.7993 0.9734
4770.898 0.9662
4771.9966 0.9977
4773.095 0.9944
4774.1943 0.9981
4775.294 0.98
4776.3936 0.9634
4777.4937 0.9707
4778.5938 1.0039
4779.6943 0.9888
4780.795 0.9524
4781.896 0.9831
4782.997 0.9936
4784.0986 0.9816
4785.2 0.9951
4786.3022 1.0091
4787.4043 0.9834
4788.5070000000005 0.9677
4789.6094 0.9854
4790.7124 0.9952
4791.816 1.0148
4792.9194 0.9949
4794.023 0.9801
4795.127 0.9814
4796.2314 0.976
4797.335999999999 1.0128
4798.4404 1.0068
4799.5454 0.9605
4800.651 0.9646
4801.7563 0.9892
4802.862 0.9562
4803.9683 0.9659
4805.0740000000005 0.9631
4806.1807 0.9821
4807.2876 0.9729
4808.3945 0.9953
4809.502 0.9858
4810.6094 1.0124
4811.7173 0.9593
4812.8257 1.0049
4813.9336 0.9386
4815.0425 1.0096
4816.1514 0.9356
4817.2603 0.9483
4818.3696 0.9705
4819.479 0.9763
4820.589 0.9659
4821.6990000000005 0.9495
4822.8096 0.972
4823.92 0.973
4825.0312 0.9967
4826.142 0.9473
4827.2534 0.9785
4828.365 0.9588
4829.477 0.9534
4830.5894 0.9124
4831.7017 0.9641
4832.8145 0.9302
4833.9272 0.9617
4835.0405 0.9631
4836.154 0.9376
4837.2676 0.9655
4838.3813 0.9449
4839.4956 0.8904
4840.6104 0.9394
4841.725 0.9624
4842.84 0.8944
4843.955 0.8699
4845.071 0.9274
4846.1865 0.8727
4847.3022 0.8901
4848.4185 0.8336
4849.535 0.8193
4850.652 0.81
4851.769 0.7692
4852.8859999999995 0.7374
4854.004 0.6814
4855.1216 0.6425
4856.2397 0.4939
4857.358 0.3991
4858.4766 0.4001
4859.595 0.4929
4860.7144 0.6142
4861.834 0.6605
4862.9536 0.7408
4864.073 0.7715
4865.1934 0.8179
4866.314 0.8661
4867.4346 0.8331
4868.555 0.8683
4869.6763 0.8677
4870.798 0.8633
4871.9194 0.8897
4873.0415 0.9066
4874.1636 0.8806
4875.286 0.9012
4876.4087 0.9391
4877.5317 0.9496
4878.6553 0.9598
4879.7783 0.9715
4880.9023 0.9289
4882.0264 0.9638
4883.1504 0.9486
4884.275 0.9421
4885.4 0.9353
4886.525 0.9566
4887.65 0.9383
4888.776 0.9477
4889.9014 0.9473
4891.0273 0.9569
4892.154 1.0112
4893.2803 0.9503
4894.407 0.9491
4895.5347 0.9707
4896.6616 0.9759
4897.7896 0.997
4898.9175 0.9751
4900.0454 0.9754
4901.174 0.9795
4902.3027 0.9704
4903.4316 0.9442
4904.5605 0.9469
4905.69 0.9943
4906.82 0.983
4907.9497 0.9443
4909.08 0.9506
4910.2104 0.9879
4911.3413 0.9806
4912.472 0.954
4913.6035 0.9987
4914.735 1.0004
4915.8667 0.9296
4916.999 0.921
4918.1313 0.9347
4919.2637 0.9319
4920.3965 0.9184
4921.53 0.8975
4922.663 0.9197
4923.7970000000005 0.9846
4924.9307 1.0221
4926.0645 0.9667
4927.1990000000005 0.9454
4928.334 0.9865
4929.4688 0.954
4930.604 0.9577
4931.7393 0.9571
4932.875 0.9896
4934.0107 1.0072
4935.147 0.9406
4936.2837 0.97
4937.4204 0.9884
4938.5576 1.0106
4939.695 1.0146
4940.8325 0.9844
4941.97 0.9603
4943.108 0.9473
4944.2466 0.983
4945.3853 0.9702
4946.524 0.997
4947.663 1.023
4948.8022 0.9705
4949.942 1.0
