3911.1108 1.0
3912.0115 1.0605
3912.9124 0.8052
3913.8135 0.6964
3914.7146 0.5205
3915.6162 0.5257
3916.5178 1.0888
3917.4197 0.9593
3918.3218 0.429
3919.224 0.6891
3920.1267 0.7333
3921.0295 0.6558
3921.9324 0.7311
3922.8357 0.3828
3923.739 0.8744
3924.6426 0.7693
3925.5464 0.8776
3926.4504 0.8924
3927.3545 1.0276
3928.259 0.7904
3929.1636 1.2311
3930.0684 0.4379
3930.9734 0.5518
3931.8787 0.8924
3932.7842 0.9319
3933.6897 0.6179
3934.5957 1.0669
3935.5017 1.1482
3936.408 0.7507
3937.3145 0.7404
3938.2212 0.626
3939.1282 0.1047
3940.0354 0.8637
3940.9426 0.7852
3941.85 0.0882
3942.7578 1.2706
3943.6658 0.5548
3944.574 0.7557
3945.4824 1.0075
3946.3909999999996 0.9571
3947.2998 0.989
3948.2087 0.8788
3949.118 0.1953
3950.0273 0.7435
3950.937 0.6295
3951.847 0.7693
3952.7568 0.3923
3953.6672 0.7531
3954.5776 1.0622
3955.4883 0.2595
3956.3992 0.3306
3957.3103 0.5181
3958.2217 0.4068
3959.1333 0.6578
3960.045 0.9001
3960.9568 0.829
3961.869 0.4943
3962.7812 0.8123
3963.6938 0.8612
3964.6067 0.5306
3965.5198 0.7227
3966.4329 0.2028
3967.3462 0.4235
3968.26 0.5735
3969.1738 0.2675
3970.0879999999997 0.3824
3971.002 0.6671
3971.9165 0.8719
3972.8313 0.2041
3973.7459999999996 0.0866
3974.6611 0.0074
3975.5764 0.3641
3976.492 0.2665
3977.4077 0.5357
3978.3237 0.4452
3979.2397 0.4635
3980.1562 0.4506
3981.0728 0.5459
3981.9895 0.7995
3982.9065 0.701
3983.8237 0.7628
3984.7412 0.8717
3985.6587 0.534
3986.5767 0.8864
3987.4946 0.5216
3988.4128 0.7081
3989.3313 0.4535
3990.25 0.9162
3991.1690000000003 0.6354
3992.0881 0.9201
3993.0073 0.7495
3993.927 1.0087
3994.8467 0.6184
3995.7666 0.7245
3996.6868 0.7238
3997.6072 0.8185
3998.5278 0.8421
3999.4485 0.6052
4000.3696 0.7909
4001.2908 1.1607
4002.2122 0.8553
4003.1338 0.9086
4004.0557 0.8983
4004.9778 1.0281
4005.9001 1.4072
4006.8225 1.1725
4007.7454 0.9904
4008.6682 0.6887
4009.5913 0.3985
4010.5146 0.6732
4011.4382 0.9262
4012.362 0.9885
4013.2861 0.8036
4014.2102 0.8967
4015.1345 0.639
4016.0593 1.0779
4016.9841 1.2274
4017.9092 1.0266
4018.8345 0.8225
4019.7598 0.7788
4020.6855 0.8735
4021.6116 0.716
4022.5376 0.7332
4023.4639 0.7185
4024.3904 0.877
4025.3171 0.7059
4026.2441 0.8866
4027.1714 0.5059
4028.0989 0.7509
4029.0264 0.5375
4029.954 0.8704
4030.8823 0.6411
4031.8105 0.7853
4032.739 0.5673
4033.6677 0.8431
4034.5964 0.806
4035.5256 0.6831
4036.455 0.8739
4037.3845 0.9592
4038.3142 0.7515
4039.2441 0.5365
4040.1743 0.6106
4041.1047 0.7551
4042.0354 0.7261
4042.9663 0.9001
4043.8972 0.7097
4044.8286 0.8258
4045.76 0.4307
4046.6917 0.8926
4047.6235 0.8134
4048.5557 0.732
4049.488 1.062
4050.4204 0.8697
4051.3533 0.7331
4052.2861 1.0949
4053.2195 0.819
4054.1528 0.6999
4055.0864 0.9951
4056.0203 1.053
4056.9543 0.9015
4057.8884 0.6199
4058.823 0.7187
4059.7576 0.955
4060.6926 0.7608
4061.6277 0.7126
4062.563 0.9333
4063.4985 0.8547
4064.4343 0.7842
4065.3704 0.81
4066.3064 1.0426
4067.243 1.0346
4068.1794 0.8173
4069.1165 0.7782
4070.0535 1.0092
4070.9907 0.7452
4071.9282 0.5897
4072.866 0.6664
4073.8037 0.7148
4074.742 1.133
4075.6804 1.1596
4076.619 0.8733
4077.5576 0.6572
4078.4966 0.8487
4079.4358 0.9323
4080.3752 0.6832
4081.315 0.8915
4082.255 0.6729
4083.1948 0.8229
4084.1353 0.9679
4085.0757 0.8839
4086.0164 0.8142
4086.9575 0.5589
4087.8987 1.0802
4088.8398 0.5893
4089.7815 0.7885
4090.7234 0.7648
4091.6653 0.7706
4092.6077 0.797
4093.55 0.6843
4094.4927 0.6294
4095.4358 0.727
4096.379 0.7581
4097.3223 0.5909
4098.2656 0.6075
4099.2095 0.7273
4100.1533 0.622
4101.0977 0.4867
4102.042 0.4578
4102.987 0.5416
4103.9316 0.315
4104.8765 0.2475
4105.822 0.3863
4106.7676 0.3109
4107.7134 0.2879
4108.659000000001 0.3983
4109.6055 0.5306
4110.552 0.3586
4111.498 0.3024
4112.4453 0.5486
4113.392 0.388
4114.3394 0.4828
4115.2866 0.655
4116.2344 0.7751
4117.1826 0.8131
4118.1304 0.8527
4119.079000000001 0.7918
4120.0273 0.7161
4120.976 0.564
4121.9253 0.9572
4122.8745 0.6384
4123.8237 0.9237
4124.7734 1.0866
4125.7236 0.8704
4126.6733 0.5144
4127.624 0.8014
4128.5740000000005 0.6754
4129.525 0.7126
4130.476 0.7219
4131.4272 0.8046
4132.379 0.9987
4133.33 0.8302
4134.282 0.8932
4135.2344 0.7665
4136.1865 1.083
4137.139 0.6029
4138.092000000001 0.8571
4139.0444 0.8861
4139.998 0.957
4140.951 0.8402
4141.905 0.8843
4142.8584 0.8553
4143.8125 0.8716
4144.767 0.8738
4145.721 1.2059
4146.6763 0.8207
4147.630999999999 1.0519
4148.585999999999 0.7328
4149.5415 0.8368
4150.497 1.0376
4151.4526 0.8458
4152.4087 0.921
4153.365 0.9771
4154.322 0.9212
4155.2783 0.8643
4156.2354 0.7268
4157.1924 0.8744
4158.1494 0.9798
4159.107 0.9874
4160.065 0.8869
4161.023 0.6715
4161.981 0.9749
4162.9395 0.9333
4163.8984 0.6649
4164.857 0.7216
4165.8164 0.8421
4166.7754 0.8373
4167.7354 0.6481
4168.695 0.8826
4169.655 0.9415
4170.615 1.1285
4171.5757 0.7389
4172.536 0.9523
4173.497 1.0113
4174.458 0.9375
4175.4194 0.8332
4176.380999999999 1.0104
4177.343 1.2071
4178.3047 0.9113
4179.267 0.9255
4180.2295 1.1453
4181.192 0.8356
4182.155 1.0051
4183.1179999999995 0.7829
4184.081 0.8828
4185.045 0.7426
4186.009 0.9162
4186.9727 0.7913
4187.9365 0.8715
4188.9014 0.8166
4189.8657 1.2521
4190.8306 0.8738
4191.795999999999 0.9098
4192.7609999999995 0.9299
4193.7266 0.9901
4194.6924 0.6866
4195.657999999999 1.0509
4196.6245 0.9245
4197.590999999999 0.7926
4198.5576 0.9972
4199.5244 0.7229
4200.4917 0.9239
4201.459 0.8821
4202.4263 0.8917
4203.394 1.0852
4204.3623 0.8574
4205.33 0.8177
4206.299 0.9881
4207.2676 0.9228
4208.2363 0.9701
4209.2056 0.935
4210.175 0.8196
4211.144 0.8696
4212.1140000000005 0.8621
4213.084 0.9329
4214.054 0.9166
4215.0244 1.1122
4215.995 1.0887
4216.9663 0.6398
4217.937 1.122
4218.9087 0.8957
4219.88 0.8276
4220.852 0.9114
4221.8237 0.9422
4222.795999999999 0.6907
4223.7686 0.9254
4224.741 0.9241
4225.714 0.8796
4226.687 1.1184
4227.6606 0.903
4228.6343 0.7377
4229.608 0.701
4230.582 0.9936
4231.556 0.7627
4232.531 0.8902
4233.5054 0.9794
4234.4805 0.6421
4235.4556 0.9717
4236.4307 1.0383
4237.4062 0.8303
4238.3823 0.9602
4239.3584 0.9809
4240.3345 0.9376
4241.311 0.8539
4242.2876 0.8996
4243.2646 0.89
4244.2417 1.0395
4245.219 0.8233
4246.197 0.9842
4247.175 1.1246
4248.153 0.8821
4249.130999999999 0.8978
4250.1094 0.9597
4251.0884 1.0293
4252.067 1.1102
4253.0464 0.793
4254.026 0.745
4255.0054 0.9813
4255.9854 0.9213
4256.9653 0.8548
4257.946 1.0358
4258.9263 0.9983
4259.9067 0.7839
4260.8877 0.8809
4261.869000000001 0.9128
4262.8506 0.9259
4263.832 1.0755
4264.814 0.9221
4265.7964 0.9972
4266.779 0.9405
4267.7609999999995 0.6479
4268.744000000001 0.9487
4269.727 1.0045
4270.7104 1.0648
4271.694 1.0221
4272.6772 1.0839
4273.6616 0.7144
4274.6455 0.8103
4275.63 1.0435
4276.6147 0.6983
4277.5996 1.0008
4278.5845 0.8693
4279.57 1.049
4280.555 0.964
4281.541 0.7578
4282.527 1.1715
4283.513 0.899
4284.4995 0.9343
4285.4863 0.6884
4286.473 1.1135
4287.4604 1.043
4288.4478 1.0038
4289.435 0.8368
4290.423 1.0353
4291.411 1.0727
4292.3994 1.0262
4293.3877 0.7575
4294.3765 0.8045
4295.365 0.8957
4296.3545 0.9638
4297.3438 0.8827
4298.3335 0.9367
4299.323 0.7167
4300.3135 0.8884
4301.3037 0.9739
4302.2944 0.7598
4303.285 0.8945
4304.276 1.0165
4305.267 0.9699
4306.259 0.9638
4307.2505 0.9092
4308.242 0.9396
4309.2344 1.1745
4310.2266 1.101
4311.219 0.9758
4312.212 0.9734
4313.205 0.8926
4314.198 0.7064
4315.192 0.7423
4316.1855 0.9085
4317.1797 0.8598
4318.174 0.9993
4319.168 1.0012
4320.1626 0.8997
4321.1577 0.7808
4322.153 0.8169
4323.148 0.8501
4324.1436 0.8253
4325.1396 0.5314
4326.1353 0.7218
4327.1320000000005 0.8663
4328.128 0.79
4329.125 0.7986
4330.1216 0.7008
4331.119000000001 0.9274
4332.116 0.6468
4333.1140000000005 0.7453
4334.112 1.0023
4335.11 0.848
4336.1084 0.8016
4337.107 0.9459
4338.1055 0.826
4339.1045 0.6852
4340.1035 0.8072
4341.103 0.5986
4342.103 0.5268
4343.103 0.6892
4344.103 0.3752
4345.1035 0.397
4346.104 0.1825
4347.105 0.3417
4348.106 0.3719
4349.1074 0.6483
4350.109 0.6716
4351.1104 0.5389
4352.1123 0.559
4353.1147 0.7478
4354.117 0.6426
4355.1196 0.6543
4356.1226 0.5936
4357.126 0.5493
4358.1294 0.8908
4359.133 0.9654
4360.1367 0.7637
4361.1406 0.7382
4362.145 1.0721
4363.15 0.8897
4364.1543 0.7457
4365.1597 0.821
4366.1646 0.7089
4367.17 0.7286
4368.1759999999995 0.8592
4369.1816 0.9872
4370.188 0.8872
4371.1943 0.9118
4372.2007 0.9608
4373.208 0.8632
4374.215 1.0645
4375.222 0.8372
4376.2295 0.8462
4377.2373 0.9845
4378.2456 0.9065
4379.254 0.7656
4380.262 0.877
4381.271 0.961
4382.28 1.1152
4383.289000000001 1.078
4384.2983 0.764
4385.308 1.0593
4386.318 0.8858
4387.3279999999995 0.636
4388.3384 1.0753
4389.349 0.9291
4390.36 0.9246
4391.3706 1.0584
4392.3823 0.8984
4393.3936 1.0965
4394.4053 0.9299
4395.4175 1.1382
4396.4297 0.9458
4397.442 1.0003
4398.4546 0.917
4399.4673 1.0266
4400.4805 0.8239
4401.494000000001 1.024
4402.508 0.7866
4403.5215 1.0475
4404.5356 0.8616
4405.55 0.9112
4406.5645 0.8793
4407.579000000001 0.9026
4408.594 0.9554
4409.6094 0.9513
4410.625 1.1135
4411.6406 1.0358
4412.6562 1.0993
4413.6724 0.8707
4414.689 0.9065
4415.7056 0.9754
4416.7227 0.8463
4417.7397 0.9246
4418.7570000000005 1.069
4419.7744 0.9265
4420.7925 0.8648
4421.8105 0.8386
4422.8286 0.8384
4423.847 0.9395
4424.8657 0.835
4425.885 0.9237
4426.9043 0.8321
4427.9233 0.9513
4428.9434 0.8675
4429.963 0.8433
4430.9834 0.8921
4432.004 0.7858
4433.0244 0.8488
4434.045 0.9165
4435.0664 0.7789
4436.0874 0.9733
4437.1094 0.9428
4438.130999999999 0.8457
4439.153 0.696
4440.1753 0.8811
4441.1978 0.9677
4442.2207 0.9074
4443.2437 0.9003
4444.2666 1.1143
4445.29 1.0201
4446.314 0.7978
4447.338 0.9868
4448.362 0.6899
4449.3859999999995 0.7653
4450.411 1.0373
4451.4355 1.0897
4452.460999999999 0.773
4453.4863 1.0825
4454.5117 0.9599
4455.5376 0.8316
4456.5635 0.9341
4457.59 0.7902
4458.616 1.2091
4459.643 0.8406
4460.67 0.9686
4461.6973 0.9267
4462.7246 0.9242
4463.7524 0.9833
4464.7803 1.0209
4465.8086 0.9706
4466.837 0.9513
4467.8657 1.0755
4468.8945 0.9746
4469.924 0.9078
4470.9529999999995 0.9191
4471.9824 0.7752
4473.0127 0.8516
4474.0425 0.9324
4475.0728 0.8333
4476.1035 0.9809
4477.1343 0.9579
4478.165 0.776
4479.1963 0.9966
4480.228 1.0792
4481.26 0.917
4482.2915 0.8594
4483.3237 0.9118
4484.3564 0.9695
4485.389 0.9828
4486.4220000000005 0.977
4487.455 0.8882
4488.4883 0.7376
4489.522 0.998
4490.556 0.9043
4491.59 0.8554
4492.6245 0.9378
4493.659000000001 1.0161
4494.694 0.694
4495.729 1.0838
4496.764 0.9631
4497.8 0.9184
4498.8354 1.0127
4499.8716 0.9874
4500.9077 0.8676
4501.9443 0.8806
4502.981 1.0
4504.018 0.7934
4505.055 0.8372
4506.093 0.9579
4507.1304 0.8307
4508.168 0.835
4509.2065 0.9723
4510.2446 0.7468
4511.282999999999 0.9812
4512.3223 0.8854
4513.3613 0.8469
4514.401 0.9853
4515.4404 0.9098
4516.48 0.9711
4517.5205 0.9045
4518.5605 0.9386
4519.601 0.8561
4520.642 0.9032
4521.683 0.9372
4522.724 0.9057
4523.7656 0.8654
4524.8076 0.9065
4525.8496 0.8823
4526.8916 0.9368
4527.934 0.8422
4528.977 0.72
4530.02 0.9027
4531.063 1.0161
4532.1064 0.7812
4533.1504 0.7748
4534.1943 0.881
4535.2383 0.705
4536.2827 1.0573
4537.327 1.1579
4538.372 1.0568
4539.4175 0.9565
4540.463 0.8738
4541.5083 1.0345
4542.554 0.8065
4543.6 0.8166
4544.6465 0.9911
4545.693 0.9062
4546.7397 0.9676
4547.787 0.9706
4548.8345 0.861
4549.8820000000005 0.9668
4550.9297 1.0336
4551.9775 0.9513
4553.026 1.131
4554.0740000000005 1.0693
4555.123 1.0307
4556.1720000000005 0.7953
4557.221 0.9949
4558.2705 1.008
4559.3203 0.8402
4560.37 0.779
4561.4204 0.8608
4562.4707 0.9369
4563.5215 0.9835
4564.5728 0.8325
4565.6235 0.7696
4566.6753 0.9365
4567.7266 1.0086
4568.779 1.1945
4569.8306 0.7801
4570.8833 1.0416
4571.9355 0.9676
4572.9883 0.9303
4574.0415 0.8956
4575.0947 0.9015
4576.1484 0.9205
4577.202 0.8405
4578.2563 0.8345
4579.3105 0.8973
4580.365 0.9433
4581.42 0.9583
4582.475 1.0158
4583.5303 1.0233
4584.585999999999 0.9083
4585.6416 0.862
4586.6978 0.973
4587.754 0.947
4588.8105 0.9803
4589.867 0.995
4590.9243 0.7649
4591.9814 0.8848
4593.0386 1.0222
4594.0967 1.0506
4595.1543 0.7067
4596.2124 0.8446
4597.271 1.0538
4598.3296 0.9998
4599.3887 0.8861
4600.4478 0.9575
4601.5073 0.8204
4602.567 0.8213
4603.627 0.9471
4604.687 0.9603
4605.7476 0.9092
4606.808 0.8984
4607.8687 0.9685
4608.93 0.9038
4609.991 0.9961
4611.0527 1.0679
4612.1147 0.8682
4613.177 0.9597
4614.2393 0.9564
4615.302 0.9454
4616.3647 1.0982
4617.4277 0.9635
4618.491 0.8756
4619.5547 0.9079
4620.6187 0.9289
4621.6826 0.9949
4622.747 0.9879
4623.8115 0.9257
4624.876 0.8191
4625.9414 0.926
4627.0063 0.8317
4628.0723 0.9176
4629.1377 0.9899
4630.2036 0.9637
4631.27 0.9513
4632.3364 0.7434
4633.4033 0.9982
4634.47 0.933
4635.5376 1.0053
4636.605 0.9068
4637.673 0.855
4638.7407 0.9343
4639.809 0.9141
4640.8774 0.9159
4641.9463 0.8713
4643.015 0.9683
4644.0845 0.9785
4645.154 0.9211
4646.2236 0.9536
4647.2935 0.8367
4648.3640000000005 0.9533
4649.434 0.9716
4650.505 0.8816
4651.5757 0.9584
4652.647 0.9089
4653.7188 1.0592
4654.79 0.9818
4655.8623 0.9063
4656.934 1.0168
4658.0070000000005 0.9744
4659.0796 0.9117
4660.1523 0.901
4661.2256 0.9282
4662.299 0.9294
4663.3726 0.9708
4664.4463 1.0647
4665.5205 0.9778
4666.595 0.8432
4667.6694 0.9271
4668.7446 0.8758
4669.82 0.7392
4670.895 0.9251
4671.9707 0.9293
4673.0464 0.9321
4674.1226 0.9062
4675.1990000000005 0.9265
4676.276 0.9504
4677.3525 0.9028
4678.4297 0.9614
4679.5073 0.864
4680.585 0.8215
4681.6626 0.9792
4682.7407 0.8403
4683.819 0.986
4684.8975 0.9283
4685.9766 1.0106
4687.0557 1.0479
4688.1353 1.0176
4689.215 0.9923
4690.2944 0.9708
4691.3745 0.9305
4692.455 0.8199
4693.5356 0.951
4694.616 1.0331
4695.6973 0.9804
4696.779 1.0153
4697.8604 1.0601
4698.9424 0.8781
4700.0244 0.8748
4701.107 1.1043
4702.1895 0.9599
4703.272 0.9123
4704.3555 0.9852
4705.4385 0.8416
4706.522 0.9404
4707.606 0.9661
4708.69 0.9656
4709.7744 0.8803
4710.859 0.9045
4711.944 0.9205
4713.029 0.9415
4714.1143 0.9911
4715.1997 0.6883
4716.2856 1.0384
4717.372 0.9791
4718.458 1.0101
4719.545 0.955
4720.6320000000005 1.0444
4721.7188 0.9733
4722.806 1.0783
4723.8936 0.8458
4724.9814 0.9039
4726.07 0.8519
4727.1577 1.141
4728.2466 0.8766
4729.3354 0.9892
4730.4243 1.0869
4731.5137 0.8659
4732.6035 0.9433
4733.6934 0.8543
4734.782999999999 0.9444
4735.8735 0.9045
4736.9644 0.903
4738.055 0.9586
4739.1465 1.0305
4740.238 0.9931
4741.329000000001 0.894
4742.420999999999 0.8974
4743.513 0.8411
4744.6055 0.8911
4745.698 0.9115
4746.791 0.9287
4747.8843 0.9526
4748.9775 0.921
4750.0713 1.0025
4751.165 1.0044
4752.2593 0.9797
4753.3535 0.9856
4754.448 0.969
4755.543 0.9276
4756.638 0.935
4757.7334 0.9445
4758.829000000001 0.9115
4759.925 1.0164
4761.021 0.9716
4762.1177 0.8852
4763.2144 1.032
4764.311 1.0256
4765.407999999999 1.0175
4766.505999999999 0.8382
4767.6035 0.9828
4768.701 0.9369
4769.7993 0.9407
4770.898 1.0254
4771.9966 0.8959
4773.095 1.0613
4774.1943 0.8695
4775.294 1.0002
4776.3936 0.9752
4777.4937 0.9892
4778.5938 0.8538
4779.6943 0.9696
4780.795 0.9233
4781.896 0.862
4782.997 0.9822
4784.0986 0.9292
4785.2 1.0418
4786.3022 0.9842
4787.4043 1.0138
4788.5070000000005 0.9188
4789.6094 1.0223
4790.7124 0.8704
4791.816 0.8617
4792.9194 0.862
4794.023 0.9453
4795.127 0.9969
4796.2314 0.8838
4797.335999999999 0.9448
4798.4404 0.9896
4799.5454 1.046
4800.651 1.0013
4801.7563 0.9267
4802.862 0.9709
4803.9683 0.8752
4805.0740000000005 1.0133
4806.1807 1.0157
4807.2876 0.9435
4808.3945 0.9073
4809.502 1.0852
4810.6094 0.9507
4811.7173 0.8842
4812.8257 1.0362
4813.9336 1.0092
4815.0425 0.9718
4816.1514 0.8949
4817.2603 0.8529
4818.3696 0.8832
4819.479 0.9459
4820.589 1.0164
4821.6990000000005 0.8578
4822.8096 0.8183
4823.92 0.9235
4825.0312 0.9557
4826.142 0.8468
4827.2534 0.8507
4828.365 0.9503
4829.477 0.8902
4830.5894 0.8972
4831.7017 0.9186
4832.8145 0.9206
4833.9272 0.9945
4835.0405 0.9449
4836.154 0.9531
4837.2676 0.864
4838.3813 1.0648
4839.4956 1.063
4840.6104 1.061
4841.725 0.9418
4842.84 0.9568
4843.955 0.8848
4845.071 0.8375
4846.1865 0.8874
4847.3022 0.8114
4848.4185 1.0301
4849.535 0.911
4850.652 0.9092
4851.769 0.8853
4852.8859999999995 0.8612
4854.004 0.913
4855.1216 0.7565
4856.2397 0.8921
4857.358 0.7385
4858.4766 0.6793
4859.595 0.6763
4860.7144 0.6185
4861.834 0.7078
4862.9536 0.7452
4864.073 0.5929
4865.1934 0.5617
4866.314 0.5031
4867.4346 0.3552
4868.555 0.374
4869.6763 0.3848
4870.798 0.547
4871.9194 0.5758
4873.0415 0.6645
4874.1636 0.7146
4875.286 0.696
4876.4087 0.7162
4877.5317 0.7142
4878.6553 0.8144
4879.7783 0.666
4880.9023 0.7073
4882.0264 0.8983
4883.1504 0.8001
4884.275 0.7998
4885.4 0.832
4886.525 0.9465
4887.65 0.8225
4888.776 0.7714
4889.9014 0.9212
4891.0273 0.8758
4892.154 0.8805
4893.2803 0.9784
4894.407 0.9198
4895.5347 0.8884
4896.6616 1.0581
4897.7896 0.8998
4898.9175 0.9596
4900.0454 0.9576
4901.174 0.8796
4902.3027 0.883
4903.4316 0.9336
4904.5605 0.9615
4905.69 0.8652
4906.82 0.8891
4907.9497 0.8639
4909.08 1.0129
4910.2104 0.9663
4911.3413 0.8201
4912.472 0.8526
4913.6035 0.8824
4914.735 0.9166
4915.8667 0.9109
4916.999 0.8838
4918.1313 0.8143
4919.2637 0.9691
4920.3965 0.9216
4921.53 0.8589
4922.663 0.8714
4923.7970000000005 0.8353
4924.9307 0.8512
4926.0645 0.9485
4927.1990000000005 0.8341
4928.334 0.9363
4929.4688 0.9759
4930.604 0.822
4931.7393 0.9186
4932.875 1.0779
4934.0107 1.0434
4935.147 0.9971
4936.2837 0.9593
4937.4204 0.9606
4938.5576 1.0055
4939.695 0.97
4940.8325 1.0053
4941.97 0.9408
4943.108 0.8224
4944.2466 0.9771
4945.3853 1.015
4946.524 0.9988
4947.663 0.9901
4948.8022 1.0195
4949.942 1.0
