3911.1108 1.0
3912.0115 1.0157
3912.9124 0.9737
3913.8135 0.9662
3914.7146 0.9325
3915.6162 0.9606
3916.5178 0.9728
3917.4197 0.9681
3918.3218 0.9923
3919.224 0.957
3920.1267 0.969
3921.0295 0.9482
3921.9324 0.9292
3922.8357 0.9565
3923.739 0.9525
3924.6426 0.948
3925.5464 0.9541
3926.4504 0.9644
3927.3545 0.9114
3928.259 0.8591
3929.1636 0.8157
3930.0684 0.7985
3930.9734 0.7609
3931.8787 0.5976
3932.7842 0.422
3933.6897 0.3014
3934.5957 0.2613
3935.5017 0.4013
3936.408 0.6344
3937.3145 0.7287
3938.2212 0.8411
3939.1282 0.8916
3940.0354 0.9644
3940.9426 0.909
3941.85 0.9519
3942.7578 0.9855
3943.6658 0.9132
3944.574 0.9432
3945.4824 0.9589
3946.3909999999996 0.9364
3947.2998 0.9172
3948.2087 0.9502
3949.118 0.9528
3950.0273 0.9097
3950.937 0.955
3951.847 0.9686
3952.7568 0.9602
3953.6672 0.9814
3954.5776 0.9385
3955.4883 0.9411
3956.3992 0.9549
3957.3103 0.8795
3958.2217 0.8765
3959.1333 0.927
3960.045 0.9751
3960.9568 0.908
3961.869 0.864
3962.7812 0.8689
3963.6938 0.8502
3964.6067 0.7877
3965.5198 0.7443
3966.4329 0.6406
3967.3462 0.4932
3968.26 0.3564
3969.1738 0.2255
3970.0879999999997 0.2708
3971.002 0.3924
3971.9165 0.527
3972.8313 0.6537
3973.7459999999996 0.6991
3974.6611 0.7
3975.5764 0.7923
3976.492 0.8809
3977.4077 0.8508
3978.3237 0.881
3979.2397 0.9488
3980.1562 0.9438
3981.0728 0.9692
3981.9895 0.9578
3982.9065 0.8766
3983.8237 0.9055
3984.7412 0.966
3985.6587 0.9773
3986.5767 0.9552
3987.4946 0.9524
3988.4128 0.9974
3989.3313 0.9316
3990.25 0.9821
3991.1690000000003 0.998
3992.0881 1.0218
3993.0073 1.0183
3993.927 1.0211
3994.8467 1.0287
3995.7666 0.943
3996.6868 1.0002
3997.6072 1.0019
3998.5278 0.9855
3999.4485 0.9936
4000.3696 0.9738
4001.2908 1.028
4002.2122 0.9841
4003.1338 1.0063
4004.0557 1.0299
4004.9778 1.0114
4005.9001 0.9402
4006.8225 0.9228
4007.7454 0.9602
4008.6682 0.9935
4009.5913 0.9805
4010.5146 0.9942
4011.4382 0.9993
4012.362 1.0094
4013.2861 0.9892
4014.2102 0.9786
4015.1345 1.0029
4016.0593 0.9663
4016.9841 1.0316
4017.9092 1.0019
4018.8345 0.9867
4019.7598 1.0134
4020.6855 1.0085
4021.6116 1.0066
4022.5376 0.9797
4023.4639 1.0287
4024.3904 0.9755
4025.3171 0.9753
4026.2441 0.9293
4027.1714 0.9524
4028.0989 0.9799
4029.0264 1.0074
4029.954 0.9538
4030.8823 0.9379
4031.8105 0.962
4032.739 0.968
4033.6677 0.9611
4034.5964 0.8808
4035.5256 0.9288
4036.455 0.9705
4037.3845 0.9778
4038.3142 1.0392
4039.2441 1.0373
4040.1743 1.0537
4041.1047 1.0153
4042.0354 0.9867
4042.9663 0.9926
4043.8972 0.9789
4044.8286 0.9555
4045.76 0.8828
4046.6917 0.8869
4047.6235 0.9416
4048.5557 1.0153
4049.488 0.9944
4050.4204 1.0257
4051.3533 0.988
4052.2861 0.9837
4053.2195 1.0268
4054.1528 0.9765
4055.0864 0.9736
4056.0203 1.0157
4056.9543 1.0089
4057.8884 0.9886
4058.823 0.9741
4059.7576 0.9889
4060.6926 1.0129
4061.6277 1.0302
4062.563 0.9844
4063.4985 0.8812
4064.4343 0.9283
4065.3704 0.9073
4066.3064 0.9528
4067.243 0.9255
4068.1794 0.9917
4069.1165 0.9397
4070.0535 0.9355
4070.9907 0.9286
4071.9282 0.8835
4072.866 0.8978
4073.8037 0.9375
4074.742 0.9722
4075.6804 0.9783
4076.619 0.9458
4077.5576 0.8829
4078.4966 0.8633
4079.4358 0.8668
4080.3752 0.9695
4081.315 0.9662
4082.255 0.9561
4083.1948 0.9382
4084.1353 0.9331
4085.0757 0.9351
4086.0164 0.944
4086.9575 0.9533
4087.8987 0.9562
4088.8398 0.9536
4089.7815 0.9339
4090.7234 0.9401
4091.6653 0.9709
4092.6077 0.9386
4093.55 0.8604
4094.4927 0.9147
4095.4358 0.8829
4096.379 0.8639
4097.3223 0.8662
4098.2656 0.8077
4099.2095 0.8073
4100.1533 0.7116
4101.0977 0.5915
4102.042 0.5565
4102.987 0.5435
4103.9316 0.6448
4104.8765 0.7631
4105.822 0.7842
4106.7676 0.8568
4107.7134 0.867
4108.659000000001 0.8713
4109.6055 0.906
4110.552 0.8783
4111.498 0.9375
4112.4453 0.9536
4113.392 0.9573
4114.3394 0.9597
4115.2866 0.9395
4116.2344 0.9628
4117.1826 0.9952
4118.1304 0.9396
4119.079000000001 0.9328
4120.0273 0.9163
4120.976 0.935
4121.9253 0.9221
4122.8745 0.9403
4123.8237 0.9652
4124.7734 0.9258
4125.7236 0.9804
4126.6733 1.0085
4127.624 0.9669
4128.5740000000005 0.9856
4129.525 0.9465
4130.476 1.0252
4131.4272 0.9547
4132.379 0.9148
4133.33 0.8998
4134.282 0.9701
4135.2344 0.9563
4136.1865 0.9778
4137.139 1.003
4138.092000000001 0.9984
4139.0444 1.0169
4139.998 0.9803
4140.951 1.0234
4141.905 0.9569
4142.8584 0.9307
4143.8125 0.9166
4144.767 0.9177
4145.721 0.9906
4146.6763 1.0099
4147.630999999999 0.9759
4148.585999999999 0.9789
4149.5415 0.9682
4150.497 0.9501
4151.4526 0.965
4152.4087 0.9578
4153.365 0.9624
4154.322 0.9498
4155.2783 0.9331
4156.2354 0.9446
4157.1924 0.9657
4158.1494 0.963
4159.107 0.9621
4160.065 0.9665
4161.023 0.9791
4161.981 0.9718
4162.9395 0.9732
4163.8984 0.9843
4164.857 0.9988
4165.8164 1.0218
4166.7754 0.994
4167.7354 1.0127
4168.695 0.9725
4169.655 0.996
4170.615 1.0207
4171.5757 0.968
4172.536 0.9355
4173.497 0.8993
4174.458 0.9063
4175.4194 0.9531
4176.380999999999 0.954
4177.343 0.9402
4178.3047 0.9203
4179.267 0.955
4180.2295 1.0111
4181.192 0.981
4182.155 1.0286
4183.1179999999995 0.9806
4184.081 1.0218
4185.045 0.9708
4186.009 0.9927
4186.9727 0.9663
4187.9365 0.9776
4188.9014 0.959
4189.8657 0.9929
4190.8306 1.0055
4191.795999999999 0.9934
4192.7609999999995 0.9857
4193.7266 1.0169
4194.6924 1.0222
4195.657999999999 1.0021
4196.6245 1.0032
4197.590999999999 0.9919
4198.5576 0.9259
4199.5244 0.917
4200.4917 0.9427
4201.459 0.9399
4202.4263 0.9256
4203.394 0.9132
4204.3623 0.9681
4205.33 1.0003
4206.299 0.9739
4207.2676 1.0309
4208.2363 0.9786
4209.2056 1.0137
4210.175 1.014
4211.144 0.9732
4212.1140000000005 1.0067
4213.084 1.0416
4214.054 0.9984
4215.0244 0.9651
4215.995 0.8843
4216.9663 0.9036
4217.937 0.9797
4218.9087 0.9339
4219.88 0.9666
4220.852 1.0113
4221.8237 0.9777
4222.795999999999 0.9768
4223.7686 0.9649
4224.741 0.9474
4225.714 0.9194
4226.687 0.8763
4227.6606 0.849
4228.6343 0.8631
4229.608 0.9489
4230.582 1.0121
4231.556 1.0171
4232.531 0.9364
4233.5054 0.9147
4234.4805 0.9583
4235.4556 0.94
4236.4307 0.9302
4237.4062 0.9428
4238.3823 0.9842
4239.3584 0.9597
4240.3345 0.9439
4241.311 1.0017
4242.2876 0.9807
4243.2646 1.0581
4244.2417 1.0011
4245.219 1.0141
4246.197 1.0015
4247.175 0.9387
4248.153 0.9577
4249.130999999999 0.947
4250.1094 0.9481
4251.0884 0.9434
4252.067 0.9632
4253.0464 0.9827
4254.026 0.9975
4255.0054 0.9701
4255.9854 0.949
4256.9653 1.0113
4257.946 1.0083
4258.9263 0.9722
4259.9067 0.9474
4260.8877 0.8752
4261.869000000001 0.9422
4262.8506 0.9607
4263.832 1.0365
4264.814 1.0062
4265.7964 1.0333
4266.779 1.0138
4267.7609999999995 1.0087
4268.744000000001 0.995
4269.727 0.9752
4270.7104 0.9647
4271.694 0.8989
4272.6772 0.9078
4273.6616 0.9036
4274.6455 0.9221
4275.63 0.9347
4276.6147 0.9337
4277.5996 0.9851
4278.5845 1.0006
4279.57 0.9651
4280.555 0.9596
4281.541 0.9156
4282.527 0.9159
4283.513 0.9389
4284.4995 0.9492
4285.4863 0.979
4286.473 0.9571
4287.4604 0.9423
4288.4478 0.9323
4289.435 0.8744
4290.423 0.8314
4291.411 0.8627
4292.3994 0.9413
4293.3877 0.9459
4294.3765 0.9177
4295.365 0.9123
4296.3545 0.9369
4297.3438 0.9528
4298.3335 0.909
4299.323 0.8948
4300.3135 0.8396
4301.3037 0.8387
4302.2944 0.8306
4303.285 0.8471
4304.276 0.8521
4305.267 0.9503
4306.259 0.9278
4307.2505 0.9096
4308.242 0.8532
4309.2344 0.8701
4310.2266 0.8561
4311.219 0.871
4312.212 0.9161
4313.205 0.8802
4314.198 0.8289
4315.192 0.8434
4316.1855 0.8836
4317.1797 0.9434
4318.174 0.9441
4319.168 0.9447
4320.1626 0.9122
4321.1577 0.8896
4322.153 0.9328
4323.148 0.948
4324.1436 0.9396
4325.1396 0.8628
4326.1353 0.8444
4327.1320000000005 0.8424
4328.128 0.9382
4329.125 0.9609
4330.1216 0.9106
4331.119000000001 0.9235
4332.116 0.8884
4333.1140000000005 0.8867
4334.112 0.8999
4335.11 0.8509
4336.1084 0.86
4337.107 0.813
4338.1055 0.7619
4339.1045 0.6332
4340.1035 0.5518
4341.103 0.503
4342.103 0.5752
4343.103 0.6919
4344.103 0.8133
4345.1035 0.8321
4346.104 0.8451
4347.105 0.8819
4348.106 0.917
4349.1074 0.9165
4350.109 0.9038
4351.1104 0.8879
4352.1123 0.853
4353.1147 0.8702
4354.117 0.927
4355.1196 0.9442
4356.1226 0.9527
4357.126 0.9696
4358.1294 0.987
4359.133 0.9893
4360.1367 0.9574
4361.1406 0.9814
4362.145 0.993
4363.15 0.9895
4364.1543 1.0251
4365.1597 1.0029
4366.1646 0.9813
4367.17 0.9968
4368.1759999999995 0.9759
4369.1816 0.9563
4370.188 0.9633
4371.1943 0.9709
4372.2007 0.9911
4373.208 0.9875
4374.215 0.932
4375.222 0.9406
4376.2295 0.9477
4377.2373 0.9454
4378.2456 0.995
4379.254 0.9981
4380.262 1.0043
4381.271 1.0148
4382.28 1.0054
4383.289000000001 0.9294
4384.2983 0.8872
4385.308 0.8845
4386.318 0.9363
4387.3279999999995 0.9724
4388.3384 1.0046
4389.349 0.9782
4390.36 0.9711
4391.3706 0.9817
4392.3823 0.9876
4393.3936 0.9629
4394.4053 0.9598
4395.4175 0.9406
4396.4297 0.9277
4397.442 0.9837
4398.4546 0.9664
4399.4673 0.9937
4400.4805 0.9519
4401.494000000001 0.9175
4402.508 0.9842
4403.5215 1.0246
4404.5356 0.9818
4405.55 0.9533
4406.5645 0.9316
4407.579000000001 0.9783
4408.594 0.9979
4409.6094 0.959
4410.625 0.9856
4411.6406 1.0142
4412.6562 1.0125
4413.6724 1.0042
4414.689 0.9762
4415.7056 0.9347
4416.7227 0.9018
4417.7397 0.9003
4418.7570000000005 0.9352
4419.7744 0.9989
4420.7925 1.0058
4421.8105 0.9752
4422.8286 0.9706
4423.847 0.9692
4424.8657 1.0017
4425.885 0.9887
4426.9043 0.9545
4427.9233 0.9946
4428.9434 1.0208
4429.963 1.0074
4430.9834 0.9841
4432.004 0.9905
4433.0244 1.0164
4434.045 0.9841
4435.0664 0.968
4436.0874 0.952
4437.1094 0.9718
4438.130999999999 1.0271
4439.153 1.0004
4440.1753 1.0024
4441.1978 1.011
4442.2207 0.9704
4443.2437 0.9152
4444.2666 0.922
4445.29 0.9233
4446.314 0.9767
4447.338 0.9856
4448.362 1.0011
4449.3859999999995 0.9647
4450.411 0.9862
4451.4355 0.9846
4452.460999999999 0.9765
4453.4863 0.9553
4454.5117 0.9716
4455.5376 0.9352
4456.5635 0.9834
4457.59 0.9809
4458.616 0.9794
4459.643 0.9414
4460.67 0.9589
4461.6973 0.9559
4462.7246 0.9712
4463.7524 0.9889
4464.7803 0.9889
4465.8086 0.956
4466.837 0.9778
4467.8657 0.981
4468.8945 0.9348
4469.924 0.9254
4470.9529999999995 0.9558
4471.9824 0.9683
4473.0127 0.9974
4474.0425 1.0037
4475.0728 0.9826
4476.1035 0.9726
4477.1343 0.981
4478.165 0.998
4479.1963 1.0121
4480.228 0.9935
4481.26 0.9559
4482.2915 0.925
4483.3237 0.9336
4484.3564 0.9871
4485.389 1.0144
4486.4220000000005 1.0127
4487.455 1.026
4488.4883 1.0194
4489.522 0.9753
4490.556 0.9504
4491.59 0.9747
4492.6245 0.9873
4493.659000000001 0.9859
4494.694 0.9939
4495.729 0.9727
4496.764 0.9669
4497.8 0.9792
4498.8354 1.0276
4499.8716 0.9923
4500.9077 0.9899
4501.9443 0.9495
4502.981 0.9466
4504.018 1.009
4505.055 1.0294
4506.093 1.0458
4507.1304 0.9788
4508.168 1.0276
4509.2065 0.9834
4510.2446 1.0028
4511.282999999999 1.0103
4512.3223 1.0084
4513.3613 0.9785
4514.401 1.0056
4515.4404 0.9813
4516.48 0.9984
4517.5205 0.9946
4518.5605 0.9823
4519.601 0.9835
4520.642 1.0075
4521.683 0.9918
4522.724 0.9824
4523.7656 0.9646
4524.8076 0.976
4525.8496 1.0091
4526.8916 0.9893
4527.934 0.9611
4528.977 0.9424
4530.02 0.9458
4531.063 0.947
4532.1064 0.9522
4533.1504 0.9617
4534.1943 0.8836
4535.2383 0.8921
4536.2827 0.9289
4537.327 0.9528
4538.372 0.977
4539.4175 1.0139
4540.463 0.9915
4541.5083 0.9713
4542.554 0.9968
4543.6 1.0139
4544.6465 0.9838
4545.693 0.9848
4546.7397 0.9974
4547.787 0.986
4548.8345 0.9455
4549.8820000000005 0.9148
4550.9297 0.9241
4551.9775 0.945
4553.026 0.9547
4554.0740000000005 0.9223
4555.123 0.9228
4556.1720000000005 0.961
4557.221 0.9548
4558.2705 0.9702
4559.3203 0.9982
4560.37 0.9947
4561.4204 0.975
4562.4707 0.9788
4563.5215 1.0001
4564.5728 0.9409
4565.6235 0.9526
4566.6753 0.9912
4567.7266 0.9973
4568.779 0.9955
4569.8306 0.9908
4570.8833 0.9439
4571.9355 0.9381
4572.9883 0.943
4574.0415 0.962
4575.0947 0.9897
4576.1484 0.9753
4577.202 0.9847
4578.2563 0.9659
4579.3105 0.9751
4580.365 0.9885
4581.42 0.9765
4582.475 0.9552
4583.5303 0.9465
4584.585999999999 0.9575
4585.6416 0.9475
4586.6978 0.9713
4587.754 0.9804
4588.8105 0.9983
4589.867 0.9607
4590.9243 0.9883
4591.9814 0.9577
4593.0386 0.982
4594.0967 0.9871
4595.1543 0.9599
4596.2124 1.0068
4597.271 0.9914
4598.3296 0.9793
4599.3887 0.9743
4600.4478 1.0114
4601.5073 0.9723
4602.567 0.9928
4603.627 1.0035
4604.687 0.9659
4605.7476 0.9725
4606.808 0.9576
4607.8687 0.9814
4608.93 0.9978
4609.991 0.9948
4611.0527 0.9817
4612.1147 0.9908
4613.177 0.9886
4614.2393 0.9802
4615.302 0.9994
4616.3647 0.9826
4617.4277 0.994
4618.491 1.0062
4619.5547 0.9988
4620.6187 0.9839
4621.6826 0.9874
4622.747 1.0232
4623.8115 0.9992
4624.876 0.9784
4625.9414 1.001
4627.0063 0.9898
4628.0723 0.992
4629.1377 0.9961
4630.2036 0.9853
4631.27 0.9931
4632.3364 1.0089
4633.4033 1.0173
4634.47 0.9901
4635.5376 0.9899
4636.605 0.9988
4637.673 0.9855
4638.7407 0.9893
4639.809 0.9839
4640.8774 0.9535
4641.9463 1.0078
4643.015 1.0002
4644.0845 0.9984
4645.154 1.0082
4646.2236 1.0028
4647.2935 0.9676
4648.3640000000005 0.9854
4649.434 0.9581
4650.505 0.9938
4651.5757 0.9716
4652.647 1.0078
4653.7188 1.0214
4654.79 0.9877
4655.8623 0.9813
4656.934 1.0067
4658.0070000000005 0.9856
4659.0796 1.0052
4660.1523 1.0019
4661.2256 1.0231
4662.299 0.9951
4663.3726 0.9768
4664.4463 0.9788
4665.5205 1.0203
4666.595 0.9638
4667.6694 0.9587
4668.7446 0.9535
4669.82 0.9712
4670.895 0.9933
4671.9707 0.9709
4673.0464 0.969
4674.1226 0.9819
4675.1990000000005 0.9747
4676.276 1.0013
4677.3525 0.9927
4678.4297 1.0013
4679.5073 0.9969
4680.585 0.959
4681.6626 0.9766
4682.7407 0.9798
4683.819 0.9769
4684.8975 0.9688
4685.9766 0.9863
4687.0557 0.9838
4688.1353 1.0112
4689.215 1.0021
4690.2944 0.9784
4691.3745 0.9893
4692.455 0.9958
4693.5356 0.9974
4694.616 0.9996
4695.6973 0.9886
4696.779 0.9758
4697.8604 0.9791
4698.9424 0.9748
4700.0244 0.9838
4701.107 0.9662
4702.1895 0.9311
4703.272 0.9655
4704.3555 0.9473
4705.4385 0.9514
4706.522 0.9777
4707.606 0.9389
4708.69 0.9484
4709.7744 0.9252
4710.859 0.9822
4711.944 0.9887
4713.029 0.9745
4714.1143 0.9809
4715.1997 0.9794
4716.2856 0.9746
4717.372 0.9819
4718.458 1.0145
4719.545 0.988
4720.6320000000005 0.9996
4721.7188 1.0083
4722.806 0.9987
4723.8936 1.0137
4724.9814 0.9976
4726.07 1.0064
4727.1577 0.9943
4728.2466 1.0016
4729.3354 0.9479
4730.4243 0.9767
4731.5137 1.0186
4732.6035 0.9688
4733.6934 0.9887
4734.782999999999 1.0144
4735.8735 0.9733
4736.9644 0.9878
4738.055 0.9773
4739.1465 0.9941
4740.238 1.0107
4741.329000000001 0.9542
4742.420999999999 0.9878
4743.513 0.9897
4744.6055 0.9837
4745.698 0.9788
4746.791 0.9749
4747.8843 1.003
4748.9775 0.9997
4750.0713 1.0131
4751.165 1.0056
4752.2593 0.9751
4753.3535 0.9858
4754.448 0.9879
4755.543 0.9986
4756.638 0.9811
4757.7334 0.9881
4758.829000000001 0.9986
4759.925 0.9989
4761.021 0.9905
4762.1177 1.0003
4763.2144 0.9728
4764.311 0.9572
4765.407999999999 0.9526
4766.505999999999 0.9681
4767.6035 1.0029
4768.701 0.9791
4769.7993 0.9917
4770.898 1.0197
4771.9966 1.0126
4773.095 1.0044
4774.1943 0.9898
4775.294 0.9963
4776.3936 0.9944
4777.4937 0.9963
4778.5938 1.0101
4779.6943 0.9955
4780.795 0.9746
4781.896 0.9877
4782.997 0.9891
4784.0986 1.0018
4785.2 0.9692
4786.3022 0.9781
4787.4043 0.9766
4788.5070000000005 0.9708
4789.6094 0.9829
4790.7124 1.0123
4791.816 0.9909
4792.9194 0.9825
4794.023 0.9827
4795.127 1.0165
4796.2314 0.99
4797.335999999999 1.009
4798.4404 0.9997
4799.5454 0.9692
4800.651 0.9539
4801.7563 0.9818
4802.862 0.999
4803.9683 0.9921
4805.0740000000005 0.9889
4806.1807 0.9664
4807.2876 0.9903
4808.3945 0.9922
4809.502 0.9828
4810.6094 0.971
4811.7173 1.0126
4812.8257 0.9785
4813.9336 1.0146
4815.0425 0.9899
4816.1514 0.992
4817.2603 1.0108
4818.3696 0.9867
4819.479 1.018
4820.589 0.9864
4821.6990000000005 0.9867
4822.8096 0.9697
4823.92 0.9601
4825.0312 0.9588
4826.142 0.9541
4827.2534 0.96
4828.365 0.9685
4829.477 0.983
4830.5894 0.99
4831.7017 0.9741
4832.8145 0.9739
4833.9272 0.968
4835.0405 0.9623
4836.154 0.9685
4837.2676 0.9751
4838.3813 0.9582
4839.4956 0.9497
4840.6104 0.9558
4841.725 0.9325
4842.84 0.9428
4843.955 0.9503
4845.071 0.9372
4846.1865 0.9436
4847.3022 0.9273
4848.4185 0.9548
4849.535 0.9424
4850.652 0.9121
4851.769 0.9161
4852.8859999999995 0.932
4854.004 0.9272
4855.1216 0.9091
4856.2397 0.8741
4857.358 0.8539
4858.4766 0.8231
4859.595 0.7657
4860.7144 0.6252
4861.834 0.5467
4862.9536 0.6107
4864.073 0.7049
4865.1934 0.8224
4866.314 0.8558
4867.4346 0.8487
4868.555 0.8755
4869.6763 0.908
4870.798 0.8647
4871.9194 0.8633
4873.0415 0.8813
4874.1636 0.9049
4875.286 0.9583
4876.4087 0.9276
4877.5317 0.8931
4878.6553 0.9101
4879.7783 0.928
4880.9023 0.9218
4882.0264 0.9465
4883.1504 0.931
4884.275 0.9084
4885.4 0.9198
4886.525 0.9446
4887.65 0.9502
4888.776 0.9599
4889.9014 0.9348
4891.0273 0.8889
4892.154 0.9078
4893.2803 0.9039
4894.407 0.937
4895.5347 0.9774
4896.6616 0.9819
4897.7896 0.9505
4898.9175 0.9708
4900.0454 0.9891
4901.174 0.9623
4902.3027 0.9438
4903.4316 0.9832
4904.5605 0.9672
4905.69 0.9642
4906.82 0.981
4907.9497 0.9873
4909.08 0.9735
4910.2104 0.9719
4911.3413 0.955
4912.472 0.952
4913.6035 0.9874
4914.735 0.9962
4915.8667 0.9878
4916.999 0.9667
4918.1313 0.9452
4919.2637 0.9259
4920.3965 0.9059
4921.53 0.9009
4922.663 0.9317
4923.7970000000005 0.9268
4924.9307 0.9552
4926.0645 0.9492
4927.1990000000005 0.9672
4928.334 1.0115
4929.4688 1.0156
4930.604 1.0138
4931.7393 0.9828
4932.875 0.9768
4934.0107 0.9687
4935.147 0.9333
4936.2837 0.9663
4937.4204 1.0048
4938.5576 0.9783
4939.695 0.9647
4940.8325 0.9481
4941.97 0.9846
4943.108 0.9787
4944.2466 1.0097
4945.3853 0.9953
4946.524 0.9896
4947.663 0.9822
4948.8022 1.0035
4949.942 1.0
