3911.1108 1.0
3912.0115 0.9548
3912.9124 0.962
3913.8135 0.9104
3914.7146 0.9422
3915.6162 0.9328
3916.5178 0.8793
3917.4197 0.8755
3918.3218 0.9878
3919.224 0.8288
3920.1267 0.8561
3921.0295 1.0246
3921.9324 0.9903
3922.8357 0.9328
3923.739 0.9591
3924.6426 0.9673
3925.5464 0.981
3926.4504 0.9995
3927.3545 0.9565
3928.259 0.88
3929.1636 0.8359
3930.0684 0.6167
3930.9734 0.4536
3931.8787 0.3902
3932.7842 0.2961
3933.6897 0.3437
3934.5957 0.4276
3935.5017 0.5693
3936.408 0.684
3937.3145 0.787
3938.2212 0.9106
3939.1282 0.9525
3940.0354 0.998
3940.9426 0.9686
3941.85 1.0646
3942.7578 0.9332
3943.6658 0.9247
3944.574 0.9417
3945.4824 0.9619
3946.3909999999996 1.0353
3947.2998 0.9526
3948.2087 0.9044
3949.118 0.9941
3950.0273 1.0009
3950.937 0.8798
3951.847 1.0563
3952.7568 0.9975
3953.6672 1.0052
3954.5776 0.8835
3955.4883 0.9835
3956.3992 0.965
3957.3103 0.9278
3958.2217 0.9612
3959.1333 0.8681
3960.045 0.8664
3960.9568 0.8404
3961.869 0.841
3962.7812 0.7518
3963.6938 0.7983
3964.6067 0.7313
3965.5198 0.5624
3966.4329 0.4065
3967.3462 0.2898
3968.26 0.2179
3969.1738 0.227
3970.0879999999997 0.462
3971.002 0.5343
3971.9165 0.6029
3972.8313 0.7575
3973.7459999999996 0.803
3974.6611 0.8003
3975.5764 0.9197
3976.492 0.7996
3977.4077 0.8078
3978.3237 0.9405
3979.2397 0.8761
3980.1562 0.9458
3981.0728 0.8274
3981.9895 0.7508
3982.9065 0.9549
3983.8237 0.9834
3984.7412 0.9264
3985.6587 0.9344
3986.5767 0.9425
3987.4946 0.9281
3988.4128 0.9173
3989.3313 1.0207
3990.25 1.008
3991.1690000000003 0.9416
3992.0881 1.0036
3993.0073 0.9718
3993.927 0.9386
3994.8467 0.9243
3995.7666 1.0158
3996.6868 0.8945
3997.6072 0.7762
3998.5278 0.9495
3999.4485 0.9989
4000.3696 0.9575
4001.2908 1.0176
4002.2122 1.0132
4003.1338 0.942
4004.0557 0.8786
4004.9778 0.9256
4005.9001 1.0008
4006.8225 0.9612
4007.7454 0.9725
4008.6682 0.9797
4009.5913 0.9799
4010.5146 0.9494
4011.4382 0.9003
4012.362 0.9954
4013.2861 0.9829
4014.2102 0.8798
4015.1345 0.9635
4016.0593 0.9876
4016.9841 0.9743
4017.9092 0.964
4018.8345 0.9737
4019.7598 1.0105
4020.6855 0.9768
4021.6116 1.0138
4022.5376 0.9759
4023.4639 0.9817
4024.3904 1.0125
4025.3171 1.0048
4026.2441 0.8072
4027.1714 0.9047
4028.0989 0.8779
4029.0264 0.9506
4029.954 0.9656
4030.8823 0.9594
4031.8105 0.898
4032.739 0.8686
4033.6677 0.9089
4034.5964 1.0875
4035.5256 0.8619
4036.455 0.9775
4037.3845 1.0034
4038.3142 1.0018
4039.2441 1.0197
4040.1743 0.9927
4041.1047 1.0606
4042.0354 0.9315
4042.9663 0.9289
4043.8972 0.8695
4044.8286 0.8154
4045.76 0.8855
4046.6917 0.9037
4047.6235 1.1084
4048.5557 1.1147
4049.488 1.0631
4050.4204 0.9525
4051.3533 1.0388
4052.2861 0.9049
4053.2195 0.941
4054.1528 0.8533
4055.0864 0.8971
4056.0203 1.0273
4056.9543 1.0186
4057.8884 0.9849
4058.823 1.0314
4059.7576 1.0647
4060.6926 1.0012
4061.6277 0.9465
4062.563 0.8898
4063.4985 0.9084
4064.4343 1.0041
4065.3704 1.0748
4066.3064 0.9905
4067.243 0.9152
4068.1794 0.9587
4069.1165 0.9923
4070.0535 0.9658
4070.9907 0.895
4071.9282 0.8879
4072.866 0.9261
4073.8037 0.9549
4074.742 0.9783
4075.6804 0.9205
4076.619 0.8329
4077.5576 0.8247
4078.4966 0.8985
4079.4358 0.9521
4080.3752 1.0033
4081.315 0.9617
4082.255 0.9272
4083.1948 0.8905
4084.1353 0.8869
4085.0757 0.9223
4086.0164 0.9169
4086.9575 0.9773
4087.8987 0.9353
4088.8398 1.0558
4089.7815 0.8734
4090.7234 0.978
4091.6653 0.8324
4092.6077 0.783
4093.55 0.9072
4094.4927 0.7734
4095.4358 0.8127
4096.379 0.7688
4097.3223 0.7995
4098.2656 0.7317
4099.2095 0.5933
4100.1533 0.5062
4101.0977 0.5184
4102.042 0.471
4102.987 0.6424
4103.9316 0.6961
4104.8765 0.8106
4105.822 0.7933
4106.7676 0.9107
4107.7134 0.8826
4108.659000000001 0.8443
4109.6055 0.9301
4110.552 0.9466
4111.498 0.9189
4112.4453 0.9282
4113.392 0.981
4114.3394 0.9851
4115.2866 0.9711
4116.2344 0.9173
4117.1826 0.9229
4118.1304 0.9054
4119.079000000001 0.9703
4120.0273 0.7829
4120.976 0.8923
4121.9253 0.9284
4122.8745 0.8751
4123.8237 0.9735
4124.7734 0.8826
4125.7236 0.9559
4126.6733 0.92
4127.624 0.855
4128.5740000000005 0.9311
4129.525 0.872
4130.476 0.8818
4131.4272 0.8956
4132.379 0.9172
4133.33 0.9707
4134.282 0.9515
4135.2344 0.9882
4136.1865 0.947
4137.139 0.9509
4138.092000000001 0.9942
4139.0444 0.971
4139.998 0.9797
4140.951 0.9089
4141.905 0.9132
4142.8584 0.989
4143.8125 0.9697
4144.767 0.995
4145.721 0.9837
4146.6763 0.9517
4147.630999999999 0.9506
4148.585999999999 0.9059
4149.5415 0.9726
4150.497 1.0561
4151.4526 0.9529
4152.4087 0.963
4153.365 0.8959
4154.322 0.9365
4155.2783 0.9661
4156.2354 0.9678
4157.1924 0.9393
4158.1494 1.0352
4159.107 0.9769
4160.065 0.945
4161.023 0.8768
4161.981 0.9414
4162.9395 0.9769
4163.8984 0.9264
4164.857 1.0299
4165.8164 0.9346
4166.7754 0.9932
4167.7354 0.9518
4168.695 0.9934
4169.655 0.955
4170.615 0.9648
4171.5757 0.8552
4172.536 0.8705
4173.497 0.9197
4174.458 0.8567
4175.4194 0.9737
4176.380999999999 0.8926
4177.343 0.9484
4178.3047 0.874
4179.267 0.91
4180.2295 0.9145
4181.192 0.8879
4182.155 0.8955
4183.1179999999995 0.9445
4184.081 0.8792
4185.045 0.8277
4186.009 0.895
4186.9727 0.8728
4187.9365 0.9385
4188.9014 0.9912
4189.8657 0.98
4190.8306 0.9527
4191.795999999999 0.9417
4192.7609999999995 0.9911
4193.7266 0.925
4194.6924 0.9496
4195.657999999999 0.9318
4196.6245 0.9066
4197.590999999999 0.9625
4198.5576 0.9136
4199.5244 0.9743
4200.4917 0.9291
4201.459 0.9286
4202.4263 0.9736
4203.394 0.9682
4204.3623 0.9211
4205.33 0.9585
4206.299 1.0173
4207.2676 1.0135
4208.2363 1.0679
4209.2056 1.0063
4210.175 0.9622
4211.144 0.9688
4212.1140000000005 0.9512
4213.084 0.9624
4214.054 0.9838
4215.0244 0.9614
4215.995 0.9257
4216.9663 1.0523
4217.937 1.0908
4218.9087 1.0412
4219.88 1.0062
4220.852 0.9859
4221.8237 0.9668
4222.795999999999 0.9043
4223.7686 0.9713
4224.741 0.9336
4225.714 0.8969
4226.687 0.8342
4227.6606 0.9624
4228.6343 0.9787
4229.608 0.9501
4230.582 0.9786
4231.556 0.8772
4232.531 0.9591
4233.5054 0.8475
4234.4805 0.9142
4235.4556 0.9228
4236.4307 0.9266
4237.4062 0.8964
4238.3823 0.947
4239.3584 0.9467
4240.3345 0.9115
4241.311 0.9379
4242.2876 0.9703
4243.2646 0.9015
4244.2417 0.9792
4245.219 0.961
4246.197 0.8975
4247.175 0.9081
4248.153 0.9225
4249.130999999999 0.9293
4250.1094 0.8349
4251.0884 0.986
4252.067 0.9662
4253.0464 0.9188
4254.026 0.9929
4255.0054 0.98
4255.9854 0.9839
4256.9653 0.9919
4257.946 1.002
4258.9263 0.9028
4259.9067 0.9698
4260.8877 0.954
4261.869000000001 1.0116
4262.8506 0.9951
4263.832 0.9656
4264.814 1.0485
4265.7964 1.0326
4266.779 1.0058
4267.7609999999995 1.0127
4268.744000000001 0.9407
4269.727 1.0037
4270.7104 0.8786
4271.694 0.8045
4272.6772 0.9374
4273.6616 0.9068
4274.6455 0.9409
4275.63 0.9784
4276.6147 1.0212
4277.5996 0.9922
4278.5845 0.9256
4279.57 1.0091
4280.555 0.9705
4281.541 0.9457
4282.527 1.0149
4283.513 0.9368
4284.4995 0.938
4285.4863 0.9844
4286.473 0.9614
4287.4604 0.9202
4288.4478 0.8447
4289.435 0.8221
4290.423 0.8804
4291.411 0.9836
4292.3994 0.9218
4293.3877 0.9665
4294.3765 1.0134
4295.365 0.9617
4296.3545 1.0056
4297.3438 0.8903
4298.3335 0.8666
4299.323 0.8203
4300.3135 0.857
4301.3037 0.8863
4302.2944 0.862
4303.285 0.9109
4304.276 0.9921
4305.267 0.8942
4306.259 0.9058
4307.2505 0.8697
4308.242 0.9082
4309.2344 0.927
4310.2266 1.0155
4311.219 0.9594
4312.212 0.9255
4313.205 0.8454
4314.198 0.8738
4315.192 0.9004
4316.1855 0.9862
4317.1797 0.9651
4318.174 0.9114
4319.168 0.8568
4320.1626 0.9201
4321.1577 0.9523
4322.153 0.9647
4323.148 1.0131
4324.1436 0.8926
4325.1396 0.888
4326.1353 0.8924
4327.1320000000005 0.931
4328.128 0.9123
4329.125 0.9868
4330.1216 0.8865
4331.119000000001 0.9367
4332.116 0.8687
4333.1140000000005 0.9342
4334.112 0.9051
4335.11 0.8494
4336.1084 0.7437
4337.107 0.6085
4338.1055 0.5797
4339.1045 0.4742
4340.1035 0.4409
4341.103 0.5942
4342.103 0.6856
4343.103 0.7324
4344.103 0.7784
4345.1035 0.8066
4346.104 0.9019
4347.105 0.8918
4348.106 0.9245
4349.1074 0.8902
4350.109 0.8682
4351.1104 0.7979
4352.1123 0.8964
4353.1147 0.9261
4354.117 0.9351
4355.1196 0.9719
4356.1226 0.9286
4357.126 0.9068
4358.1294 0.897
4359.133 0.9066
4360.1367 0.9585
4361.1406 1.0165
4362.145 1.019
4363.15 0.9978
4364.1543 0.9938
4365.1597 1.0046
4366.1646 0.9856
4367.17 0.9789
4368.1759999999995 0.965
4369.1816 0.9871
4370.188 1.0266
4371.1943 0.9661
4372.2007 0.9673
4373.208 0.9386
4374.215 0.9371
4375.222 0.9527
4376.2295 0.8914
4377.2373 0.9566
4378.2456 1.0514
4379.254 0.9928
4380.262 0.9838
4381.271 0.9497
4382.28 0.9307
4383.289000000001 0.9547
4384.2983 0.9303
4385.308 0.9634
4386.318 1.0283
4387.3279999999995 0.9882
4388.3384 1.0178
4389.349 1.025
4390.36 1.0281
4391.3706 0.9961
4392.3823 0.9781
4393.3936 0.9271
4394.4053 0.8466
4395.4175 0.9381
4396.4297 0.9761
4397.442 1.0158
4398.4546 0.9005
4399.4673 0.8849
4400.4805 0.9843
4401.494000000001 0.9478
4402.508 0.9354
4403.5215 0.9469
4404.5356 0.9786
4405.55 0.9262
4406.5645 0.9799
4407.579000000001 0.9995
4408.594 0.9569
4409.6094 0.9568
4410.625 1.0111
4411.6406 0.9385
4412.6562 0.9978
4413.6724 0.8631
4414.689 0.8589
4415.7056 0.9082
4416.7227 0.8605
4417.7397 0.9412
4418.7570000000005 0.975
4419.7744 0.9162
4420.7925 0.9448
4421.8105 0.9326
4422.8286 0.9959
4423.847 1.0375
4424.8657 0.9469
4425.885 0.9479
4426.9043 0.9174
4427.9233 0.8636
4428.9434 0.9231
4429.963 0.914
4430.9834 0.9604
4432.004 1.0045
4433.0244 0.942
4434.045 0.9523
4435.0664 1.0296
4436.0874 1.0147
4437.1094 0.9762
4438.130999999999 1.0414
4439.153 1.0372
4440.1753 0.9881
4441.1978 0.9443
4442.2207 0.8957
4443.2437 0.8643
4444.2666 0.9617
4445.29 0.961
4446.314 0.944
4447.338 0.9319
4448.362 1.0473
4449.3859999999995 0.982
4450.411 0.9949
4451.4355 0.9522
4452.460999999999 0.9224
4453.4863 0.9557
4454.5117 0.9567
4455.5376 0.9663
4456.5635 1.0014
4457.59 0.9489
4458.616 0.9878
4459.643 0.9549
4460.67 0.9375
4461.6973 0.8875
4462.7246 0.917
4463.7524 0.885
4464.7803 0.9668
4465.8086 0.8951
4466.837 0.9697
4467.8657 0.8782
4468.8945 0.8777
4469.924 0.9452
4470.9529999999995 1.0003
4471.9824 1.0089
4473.0127 1.0239
4474.0425 0.9586
4475.0728 0.971
4476.1035 0.964
4477.1343 0.9941
4478.165 0.9768
4479.1963 0.9601
4480.228 0.9555
4481.26 0.87
4482.2915 0.9457
4483.3237 0.9346
4484.3564 0.9814
4485.389 0.956
4486.4220000000005 0.9701
4487.455 0.9727
4488.4883 0.9116
4489.522 0.9917
4490.556 0.9828
4491.59 0.9302
4492.6245 0.9257
4493.659000000001 0.9236
4494.694 0.9867
4495.729 1.0
4496.764 0.9511
4497.8 1.0145
4498.8354 0.9485
4499.8716 0.9683
4500.9077 0.8867
4501.9443 0.924
4502.981 0.9573
4504.018 0.9767
4505.055 1.0038
4506.093 0.9925
4507.1304 0.946
4508.168 0.9394
4509.2065 0.9606
4510.2446 0.9479
4511.282999999999 0.9981
4512.3223 0.9773
4513.3613 0.9594
4514.401 0.9768
4515.4404 0.9368
4516.48 0.9841
4517.5205 0.9903
4518.5605 1.0144
4519.601 0.9894
4520.642 0.898
4521.683 0.9562
4522.724 0.9404
4523.7656 0.9209
4524.8076 1.0135
4525.8496 0.9604
4526.8916 0.9875
4527.934 0.8591
4528.977 0.8883
4530.02 0.9922
4531.063 0.9913
4532.1064 0.9255
4533.1504 0.8947
4534.1943 0.929
4535.2383 0.9521
4536.2827 0.9694
4537.327 0.9788
4538.372 0.9164
4539.4175 0.9848
4540.463 0.9914
4541.5083 1.0372
4542.554 0.9487
4543.6 0.9992
4544.6465 0.9704
4545.693 1.0222
4546.7397 0.9974
4547.787 0.9033
4548.8345 0.8969
4549.8820000000005 0.8847
4550.9297 0.95
4551.9775 0.9156
4553.026 0.8485
4554.0740000000005 0.8987
4555.123 0.8918
4556.1720000000005 0.9332
4557.221 1.0313
4558.2705 0.9364
4559.3203 1.0278
4560.37 0.9733
4561.4204 0.9855
4562.4707 0.9417
4563.5215 0.8774
4564.5728 0.9694
4565.6235 1.0208
4566.6753 0.9951
4567.7266 0.9305
4568.779 0.9872
4569.8306 0.8935
4570.8833 0.9273
4571.9355 0.9044
4572.9883 0.975
4574.0415 0.9792
4575.0947 0.9683
4576.1484 0.9309
4577.202 0.9882
4578.2563 0.9931
4579.3105 0.9292
4580.365 1.0039
4581.42 0.9271
4582.475 0.8979
4583.5303 0.9147
4584.585999999999 0.9069
4585.6416 0.9784
4586.6978 0.9583
4587.754 0.9368
4588.8105 0.9567
4589.867 0.9839
4590.9243 0.9944
4591.9814 0.9485
4593.0386 0.9496
4594.0967 0.9784
4595.1543 1.0085
4596.2124 0.9596
4597.271 0.9819
4598.3296 1.0149
4599.3887 0.9599
4600.4478 1.0196
4601.5073 1.0219
4602.567 1.0224
4603.627 0.9722
4604.687 0.9929
4605.7476 1.0259
4606.808 0.959
4607.8687 1.0779
4608.93 0.965
4609.991 0.9547
4611.0527 1.0032
4612.1147 1.0123
4613.177 1.0119
4614.2393 0.9702
4615.302 0.9792
4616.3647 0.9618
4617.4277 0.8653
4618.491 0.9848
4619.5547 0.9758
4620.6187 1.0696
4621.6826 0.9936
4622.747 0.9497
4623.8115 0.9785
4624.876 0.9899
4625.9414 1.0264
4627.0063 1.0009
4628.0723 0.9545
4629.1377 0.9384
4630.2036 0.9116
4631.27 0.9605
4632.3364 0.9617
4633.4033 0.9762
4634.47 0.964
4635.5376 0.9365
4636.605 0.9767
4637.673 1.0124
4638.7407 1.0099
4639.809 0.9643
4640.8774 1.044
4641.9463 0.9708
4643.015 1.009
4644.0845 1.0042
4645.154 0.9605
4646.2236 0.9285
4647.2935 0.965
4648.3640000000005 0.9895
4649.434 0.9691
4650.505 0.8904
4651.5757 1.0008
4652.647 1.0259
4653.7188 0.9701
4654.79 1.0076
4655.8623 0.966
4656.934 0.9217
4658.0070000000005 1.0074
4659.0796 1.0186
4660.1523 1.0054
4661.2256 0.9687
4662.299 0.9447
4663.3726 0.9865
4664.4463 1.0016
4665.5205 0.9956
4666.595 0.9933
4667.6694 0.9764
4668.7446 0.9561
4669.82 0.9502
4670.895 0.9556
4671.9707 1.0018
4673.0464 1.0043
4674.1226 0.9635
4675.1990000000005 1.0108
4676.276 1.0015
4677.3525 0.9916
4678.4297 0.9984
4679.5073 0.9545
4680.585 0.9925
4681.6626 0.9437
4682.7407 0.984
4683.819 0.9821
4684.8975 0.9958
4685.9766 0.9838
4687.0557 0.9806
4688.1353 0.9762
4689.215 0.9756
4690.2944 0.99
4691.3745 0.9734
4692.455 1.0366
4693.5356 0.9762
4694.616 0.9968
4695.6973 0.9637
4696.779 0.9945
4697.8604 0.9967
4698.9424 1.0046
4700.0244 0.9629
4701.107 0.9858
4702.1895 0.8965
4703.272 1.0061
4704.3555 0.9685
4705.4385 0.8808
4706.522 0.9641
4707.606 0.961
4708.69 0.9642
4709.7744 1.0106
4710.859 0.9485
4711.944 0.9813
4713.029 1.0102
4714.1143 0.999
4715.1997 1.0301
4716.2856 0.9844
4717.372 0.9836
4718.458 0.9573
4719.545 0.95
4720.6320000000005 1.0107
4721.7188 1.0256
4722.806 0.9246
4723.8936 1.0275
4724.9814 0.9955
4726.07 0.9344
4727.1577 0.9906
4728.2466 0.9575
4729.3354 0.9767
4730.4243 1.0284
4731.5137 1.0159
4732.6035 0.9929
4733.6934 1.0296
4734.782999999999 1.0077
4735.8735 0.9468
4736.9644 0.9361
4738.055 0.9585
4739.1465 0.9738
4740.238 1.0261
4741.329000000001 0.9744
4742.420999999999 0.9576
4743.513 0.9514
4744.6055 0.9638
4745.698 0.9493
4746.791 0.9276
4747.8843 0.986
4748.9775 0.967
4750.0713 0.981
4751.165 1.0005
4752.2593 0.9306
4753.3535 0.925
4754.448 1.0149
4755.543 0.9964
4756.638 1.013
4757.7334 1.0188
4758.829000000001 0.9541
4759.925 0.9768
4761.021 0.9426
4762.1177 0.9686
4763.2144 0.9694
4764.311 0.9661
4765.407999999999 0.932
4766.505999999999 0.97
4767.6035 1.0371
4768.701 1.0307
4769.7993 0.9532
4770.898 0.9295
4771.9966 0.9698
4773.095 0.9474
4774.1943 0.958
4775.294 0.9909
4776.3936 0.9729
4777.4937 0.9905
4778.5938 0.9477
4779.6943 0.9942
4780.795 0.9626
4781.896 0.9701
4782.997 1.0361
4784.0986 1.0132
4785.2 0.9807
4786.3022 0.9416
4787.4043 0.999
4788.5070000000005 0.9836
4789.6094 0.9826
4790.7124 0.9633
4791.816 0.9324
4792.9194 1.003
4794.023 0.9997
4795.127 1.0128
4796.2314 0.9735
4797.335999999999 0.9914
4798.4404 0.9176
4799.5454 1.0348
4800.651 0.9775
4801.7563 1.0256
4802.862 1.0132
4803.9683 0.9636
4805.0740000000005 0.9566
4806.1807 0.9681
4807.2876 0.9623
4808.3945 0.9552
4809.502 0.9612
4810.6094 0.981
4811.7173 0.9563
4812.8257 1.0034
4813.9336 0.996
4815.0425 0.9834
4816.1514 0.9603
4817.2603 0.9722
4818.3696 0.9524
4819.479 0.9628
4820.589 0.9935
4821.6990000000005 0.9508
4822.8096 0.9597
4823.92 0.9888
4825.0312 1.0073
4826.142 1.0088
4827.2534 0.9622
4828.365 0.93
4829.477 0.9536
4830.5894 0.9646
4831.7017 0.9407
4832.8145 0.9796
4833.9272 1.044
4835.0405 1.0189
4836.154 0.9619
4837.2676 0.9615
4838.3813 0.9421
4839.4956 0.9579
4840.6104 0.934
4841.725 0.9925
4842.84 0.9835
4843.955 0.9723
4845.071 0.9614
4846.1865 0.9564
4847.3022 0.9102
4848.4185 0.9045
4849.535 0.9485
4850.652 0.9102
4851.769 0.8883
4852.8859999999995 0.8696
4854.004 0.8438
4855.1216 0.864
4856.2397 0.7977
4857.358 0.7966
4858.4766 0.6812
4859.595 0.5189
4860.7144 0.4583
4861.834 0.5877
4862.9536 0.7304
4864.073 0.8032
4865.1934 0.7922
4866.314 0.9088
4867.4346 0.8236
4868.555 0.9103
4869.6763 0.8435
4870.798 0.8327
4871.9194 0.867
4873.0415 0.9093
4874.1636 0.8658
4875.286 0.9863
4876.4087 0.9195
4877.5317 0.9485
4878.6553 0.9613
4879.7783 0.9105
4880.9023 0.9231
4882.0264 0.9348
4883.1504 0.9611
4884.275 0.9138
4885.4 0.9324
4886.525 0.977
4887.65 0.9582
4888.776 0.949
4889.9014 0.9367
4891.0273 0.8997
4892.154 0.9305
4893.2803 0.969
4894.407 0.9878
4895.5347 0.9969
4896.6616 0.9923
4897.7896 0.8971
4898.9175 0.9721
4900.0454 0.9262
4901.174 0.8969
4902.3027 0.8979
4903.4316 0.9289
4904.5605 0.9677
4905.69 0.97
4906.82 0.9526
4907.9497 0.9597
4909.08 0.9733
4910.2104 0.9705
4911.3413 0.9627
4912.472 0.9671
4913.6035 0.9832
4914.735 0.9659
4915.8667 0.9687
4916.999 0.9662
4918.1313 0.9505
4919.2637 0.9096
4920.3965 0.8889
4921.53 0.9728
4922.663 0.939
4923.7970000000005 0.9091
4924.9307 0.9489
4926.0645 0.9883
4927.1990000000005 0.9232
4928.334 0.9551
4929.4688 0.9791
4930.604 0.9173
4931.7393 0.9635
4932.875 0.9173
4934.0107 0.952
4935.147 0.9692
4936.2837 0.939
4937.4204 0.9739
4938.5576 0.9164
4939.695 0.938
4940.8325 0.9327
4941.97 0.931
4943.108 1.0157
4944.2466 0.9358
4945.3853 0.9451
4946.524 0.9851
4947.663 0.9349
4948.8022 0.9538
4949.942 1.0
