3911.1108 1.0
3912.0115 0.9767
3912.9124 1.0186
3913.8135 1.0013
3914.7146 0.9361
3915.6162 0.9444
3916.5178 0.9391
3917.4197 1.011
3918.3218 0.9969
3919.224 0.9454
3920.1267 1.0069
3921.0295 0.9951
3921.9324 0.9327
3922.8357 0.9517
3923.739 1.0041
3924.6426 1.0254
3925.5464 1.034
3926.4504 1.038
3927.3545 1.0041
3928.259 0.9919
3929.1636 0.9949
3930.0684 0.9613
3930.9734 0.9519
3931.8787 0.8742
3932.7842 0.8477
3933.6897 0.7684
3934.5957 0.6524
3935.5017 0.5162
3936.408 0.5663
3937.3145 0.6544
3938.2212 0.7867
3939.1282 0.9413
3940.0354 0.9929
3940.9426 1.0044
3941.85 1.0725
3942.7578 0.9025
3943.6658 0.9728
3944.574 0.9708
3945.4824 0.9793
3946.3909999999996 0.9702
3947.2998 0.9754
3948.2087 1.0034
3949.118 1.0175
3950.0273 0.9727
3950.937 1.0392
3951.847 0.952
3952.7568 0.9103
3953.6672 0.9326
3954.5776 0.9293
3955.4883 0.9323
3956.3992 0.9202
3957.3103 0.9538
3958.2217 0.9278
3959.1333 0.9173
3960.045 0.8312
3960.9568 0.8182
3961.869 0.7883
3962.7812 0.8549
3963.6938 0.7601
3964.6067 0.7719
3965.5198 0.733
3966.4329 0.6663
3967.3462 0.6481
3968.26 0.6209
3969.1738 0.5298
3970.0879999999997 0.451
3971.002 0.3048
3971.9165 0.326
3972.8313 0.314
3973.7459999999996 0.344
3974.6611 0.459
3975.5764 0.5488
3976.492 0.531
3977.4077 0.5553
3978.3237 0.6436
3979.2397 0.6919
3980.1562 0.7435
3981.0728 0.7905
3981.9895 0.7566
3982.9065 0.8218
3983.8237 0.8616
3984.7412 0.8479
3985.6587 0.8472
3986.5767 0.842
3987.4946 0.9048
3988.4128 0.8666
3989.3313 0.8208
3990.25 0.9038
3991.1690000000003 0.9291
3992.0881 0.8832
3993.0073 0.9184
3993.927 0.9934
3994.8467 0.9049
3995.7666 0.9521
3996.6868 0.994
3997.6072 0.9612
3998.5278 0.93
3999.4485 0.9121
4000.3696 0.9412
4001.2908 0.9596
4002.2122 0.9389
4003.1338 0.95
4004.0557 0.9897
4004.9778 0.9938
4005.9001 0.9426
4006.8225 1.0067
4007.7454 1.0014
4008.6682 0.8983
4009.5913 0.9288
4010.5146 0.932
4011.4382 0.9903
4012.362 1.0289
4013.2861 0.9164
4014.2102 0.9749
4015.1345 0.9775
4016.0593 0.9267
4016.9841 1.0014
4017.9092 1.0145
4018.8345 0.9558
4019.7598 0.9493
4020.6855 0.9904
4021.6116 0.976
4022.5376 0.9384
4023.4639 0.9984
4024.3904 1.0238
4025.3171 0.997
4026.2441 0.9385
4027.1714 1.0106
4028.0989 0.9909
4029.0264 0.9862
4029.954 0.9632
4030.8823 1.0113
4031.8105 0.9462
4032.739 0.9626
4033.6677 0.9571
4034.5964 0.9901
4035.5256 0.9362
4036.455 0.947
4037.3845 1.0044
4038.3142 1.0228
4039.2441 1.0394
4040.1743 0.9815
4041.1047 0.9747
4042.0354 0.9806
4042.9663 1.0036
4043.8972 0.9555
4044.8286 0.9456
4045.76 0.9876
4046.6917 0.9779
4047.6235 0.9424
4048.5557 0.9558
4049.488 0.9571
4050.4204 0.9238
4051.3533 0.9876
4052.2861 1.0051
4053.2195 0.961
4054.1528 0.978
4055.0864 0.9811
4056.0203 0.9806
4056.9543 0.9704
4057.8884 1.0032
4058.823 0.9892
4059.7576 0.9821
4060.6926 1.0158
4061.6277 0.965
4062.563 0.9874
4063.4985 1.0107
4064.4343 0.9872
4065.3704 0.9243
4066.3064 0.9628
4067.243 1.0154
4068.1794 0.9501
4069.1165 0.9728
4070.0535 1.0297
4070.9907 1.0211
4071.9282 0.9812
4072.866 0.9691
4073.8037 1.0243
4074.742 0.979
4075.6804 0.9281
4076.619 1.0415
4077.5576 0.9806
4078.4966 0.9546
4079.4358 0.9579
4080.3752 0.9125
4081.315 0.8856
4082.255 0.9512
4083.1948 0.9548
4084.1353 0.9272
4085.0757 0.8776
4086.0164 0.9574
4086.9575 0.8318
4087.8987 0.9296
4088.8398 0.8429
4089.7815 0.9071
4090.7234 0.8915
4091.6653 0.8643
4092.6077 0.823
4093.55 0.8564
4094.4927 0.8433
4095.4358 0.7502
4096.379 0.7288
4097.3223 0.7712
4098.2656 0.7495
4099.2095 0.6999
4100.1533 0.5657
4101.0977 0.6409
4102.042 0.5534
4102.987 0.4764
4103.9316 0.4033
4104.8765 0.3499
4105.822 0.379
4106.7676 0.4566
4107.7134 0.5195
4108.659000000001 0.6269
4109.6055 0.6362
4110.552 0.7107
4111.498 0.7115
4112.4453 0.7498
4113.392 0.8002
4114.3394 0.8137
4115.2866 0.8292
4116.2344 0.8648
4117.1826 0.8989
4118.1304 0.9239
4119.079000000001 0.8946
4120.0273 0.8461
4120.976 0.8943
4121.9253 0.9077
4122.8745 0.9334
4123.8237 0.9955
4124.7734 0.9796
4125.7236 0.9261
4126.6733 0.9217
4127.624 0.9154
4128.5740000000005 0.9593
4129.525 0.9131
4130.476 0.9387
4131.4272 0.9599
4132.379 0.9722
4133.33 0.9317
4134.282 0.9572
4135.2344 0.9727
4136.1865 0.9346
4137.139 0.9752
4138.092000000001 0.9255
4139.0444 0.9427
4139.998 1.0249
4140.951 0.9627
4141.905 0.9732
4142.8584 0.9814
4143.8125 0.9784
4144.767 0.9458
4145.721 0.9466
4146.6763 0.9156
4147.630999999999 0.9062
4148.585999999999 0.9313
4149.5415 0.9841
4150.497 0.9683
4151.4526 0.9929
4152.4087 1.0135
4153.365 0.9647
4154.322 1.0052
4155.2783 1.0214
4156.2354 0.9397
4157.1924 1.0243
4158.1494 0.98
4159.107 0.9551
4160.065 0.9365
4161.023 1.0029
4161.981 0.9734
4162.9395 0.9652
4163.8984 0.9691
4164.857 0.9523
4165.8164 0.9646
4166.7754 0.9446
4167.7354 0.9428
4168.695 0.9471
4169.655 0.9497
4170.615 0.9801
4171.5757 0.9832
4172.536 0.9904
4173.497 0.9679
4174.458 0.943
4175.4194 0.9847
4176.380999999999 0.9692
4177.343 0.9774
4178.3047 0.9984
4179.267 0.9968
4180.2295 1.0122
4181.192 1.0005
4182.155 0.9941
4183.1179999999995 1.0348
4184.081 1.0104
4185.045 0.9691
4186.009 0.9875
4186.9727 0.9822
4187.9365 0.9796
4188.9014 1.0008
4189.8657 0.9819
4190.8306 0.9636
4191.795999999999 0.9967
4192.7609999999995 1.0
4193.7266 0.9702
4194.6924 0.9796
4195.657999999999 1.0097
4196.6245 0.9999
4197.590999999999 0.9957
4198.5576 0.9937
4199.5244 0.9887
4200.4917 0.971
4201.459 0.9701
4202.4263 0.9014
4203.394 0.9892
4204.3623 0.9888
4205.33 0.9802
4206.299 0.9573
4207.2676 0.9493
4208.2363 1.0005
4209.2056 1.0152
4210.175 0.9919
4211.144 1.0109
4212.1140000000005 1.0091
4213.084 0.9979
4214.054 0.969
4215.0244 0.9339
4215.995 1.0196
4216.9663 0.9539
4217.937 0.9659
4218.9087 0.9735
4219.88 0.9963
4220.852 0.9642
4221.8237 1.0204
4222.795999999999 1.0189
4223.7686 0.9983
4224.741 0.985
4225.714 0.9861
4226.687 0.9812
4227.6606 0.9696
4228.6343 0.9684
4229.608 0.9273
4230.582 0.9408
4231.556 0.9396
4232.531 0.9827
4233.5054 1.0242
4234.4805 0.9949
4235.4556 1.007
4236.4307 0.9446
4237.4062 0.9175
4238.3823 0.9505
4239.3584 0.9942
4240.3345 1.0236
4241.311 0.9864
4242.2876 0.9657
4243.2646 0.9636
4244.2417 1.0031
4245.219 0.9725
4246.197 0.9601
4247.175 1.0034
4248.153 0.9795
4249.130999999999 0.9328
4250.1094 0.9518
4251.0884 0.9629
4252.067 0.9583
4253.0464 0.9937
4254.026 0.9862
4255.0054 0.9701
4255.9854 0.9831
4256.9653 0.9851
4257.946 1.0158
4258.9263 1.0139
4259.9067 0.9831
4260.8877 0.9795
4261.869000000001 0.9776
4262.8506 0.9866
4263.832 0.9938
4264.814 0.9604
4265.7964 1.0107
4266.779 0.9952
4267.7609999999995 1.004
4268.744000000001 1.0322
4269.727 1.0072
4270.7104 1.0054
4271.694 1.0163
4272.6772 1.0396
4273.6616 0.9396
4274.6455 0.9715
4275.63 0.9351
4276.6147 0.9635
4277.5996 0.9639
4278.5845 0.9989
4279.57 0.9838
4280.555 0.9981
4281.541 1.0144
4282.527 1.0052
4283.513 1.0256
4284.4995 1.0031
4285.4863 0.9677
4286.473 0.9835
4287.4604 0.99
4288.4478 0.9754
4289.435 0.9925
4290.423 0.9908
4291.411 0.9636
4292.3994 0.9702
4293.3877 0.9387
4294.3765 0.9307
4295.365 0.977
4296.3545 0.979
4297.3438 0.9458
4298.3335 0.9803
4299.323 0.9553
4300.3135 0.9551
4301.3037 0.9468
4302.2944 0.9275
4303.285 0.9027
4304.276 0.8948
4305.267 0.9301
4306.259 0.9459
4307.2505 0.9797
4308.242 0.9961
4309.2344 0.9528
4310.2266 0.9354
4311.219 0.9581
4312.212 0.972
4313.205 0.9988
4314.198 0.9731
4315.192 0.9601
4316.1855 0.9414
4317.1797 0.9444
4318.174 0.8894
4319.168 0.935
4320.1626 0.987
4321.1577 0.9624
4322.153 0.9535
4323.148 0.9206
4324.1436 0.9362
4325.1396 0.9475
4326.1353 0.9065
4327.1320000000005 0.9055
4328.128 0.89
4329.125 0.8503
4330.1216 0.8806
4331.119000000001 0.8845
4332.116 0.8417
4333.1140000000005 0.8738
4334.112 0.8532
4335.11 0.8173
4336.1084 0.7795
4337.107 0.7623
4338.1055 0.7281
4339.1045 0.6412
4340.1035 0.6187
4341.103 0.5699
4342.103 0.4735
4343.103 0.3757
4344.103 0.3798
4345.1035 0.404
4346.104 0.5609
4347.105 0.6088
4348.106 0.659
4349.1074 0.7097
4350.109 0.7398
4351.1104 0.7672
4352.1123 0.7992
4353.1147 0.8122
4354.117 0.8039
4355.1196 0.8439
4356.1226 0.8469
4357.126 0.8777
4358.1294 0.9642
4359.133 0.9362
4360.1367 1.0001
4361.1406 0.9481
4362.145 0.9804
4363.15 0.9541
4364.1543 0.9709
4365.1597 0.9702
4366.1646 0.9792
4367.17 0.931
4368.1759999999995 0.9718
4369.1816 0.9788
4370.188 0.9782
4371.1943 0.9932
4372.2007 0.9373
4373.208 1.0024
4374.215 0.9417
4375.222 1.0041
4376.2295 0.9745
4377.2373 0.9887
4378.2456 0.9665
4379.254 0.9983
4380.262 0.9964
4381.271 1.0045
4382.28 0.9928
4383.289000000001 0.9899
4384.2983 0.9967
4385.308 0.9897
4386.318 0.944
4387.3279999999995 0.9546
4388.3384 0.9627
4389.349 1.0016
4390.36 1.0074
4391.3706 1.0109
4392.3823 1.0225
4393.3936 0.9833
4394.4053 0.974
4395.4175 1.0038
4396.4297 1.0084
4397.442 0.944
4398.4546 0.9106
4399.4673 0.9603
4400.4805 0.9855
4401.494000000001 0.9708
4402.508 0.9776
4403.5215 0.9719
4404.5356 0.9597
4405.55 1.0196
4406.5645 0.9946
4407.579000000001 0.976
4408.594 0.9849
4409.6094 0.9542
4410.625 0.9934
4411.6406 1.0044
4412.6562 0.9881
4413.6724 0.9731
4414.689 0.9858
4415.7056 0.965
4416.7227 0.9749
4417.7397 0.9853
4418.7570000000005 0.9793
4419.7744 0.9344
4420.7925 0.977
4421.8105 0.9212
4422.8286 1.0022
4423.847 0.974
4424.8657 1.0003
4425.885 0.969
4426.9043 0.9837
4427.9233 0.9865
4428.9434 0.9861
4429.963 1.0081
4430.9834 0.9977
4432.004 0.9739
4433.0244 1.0061
4434.045 1.0232
4435.0664 1.0196
4436.0874 0.9855
4437.1094 0.9644
4438.130999999999 0.9699
4439.153 0.9972
4440.1753 0.9953
4441.1978 0.9982
4442.2207 1.0242
4443.2437 1.0095
4444.2666 0.9783
4445.29 0.979
4446.314 0.9698
4447.338 0.9387
4448.362 0.9517
4449.3859999999995 0.9894
4450.411 0.9856
4451.4355 0.9786
4452.460999999999 1.0009
4453.4863 0.9601
4454.5117 0.9729
4455.5376 1.0052
4456.5635 0.9806
4457.59 0.9458
4458.616 0.9868
4459.643 1.0094
4460.67 1.0069
4461.6973 0.9955
4462.7246 0.9936
4463.7524 0.9995
4464.7803 0.9761
4465.8086 0.9967
4466.837 0.9804
4467.8657 0.9505
4468.8945 1.0117
4469.924 1.0278
4470.9529999999995 0.9677
4471.9824 0.9294
4473.0127 0.9699
4474.0425 0.9872
4475.0728 0.9913
4476.1035 0.994
4477.1343 0.9691
4478.165 0.9802
4479.1963 0.9797
4480.228 1.0026
4481.26 0.9714
4482.2915 0.9882
4483.3237 0.9655
4484.3564 0.9532
4485.389 0.9742
4486.4220000000005 0.9425
4487.455 0.9778
4488.4883 0.9755
4489.522 0.9897
4490.556 0.9679
4491.59 0.9814
4492.6245 1.0106
4493.659000000001 0.998
4494.694 0.9575
4495.729 0.9694
4496.764 0.9893
4497.8 0.9977
4498.8354 0.9778
4499.8716 1.0109
4500.9077 0.9877
4501.9443 1.002
4502.981 0.9601
4504.018 0.9511
4505.055 0.929
4506.093 0.9678
4507.1304 0.997
4508.168 1.0079
4509.2065 0.9889
4510.2446 0.9755
4511.282999999999 0.9816
4512.3223 0.9665
4513.3613 0.971
4514.401 0.9849
4515.4404 0.991
4516.48 1.0002
4517.5205 1.0061
4518.5605 0.9648
4519.601 0.9611
4520.642 0.9903
4521.683 0.9808
4522.724 0.9975
4523.7656 0.9715
4524.8076 0.9999
4525.8496 0.9663
4526.8916 0.9739
4527.934 1.0116
4528.977 1.0272
4530.02 0.9951
4531.063 0.9999
4532.1064 0.9863
4533.1504 0.9806
4534.1943 1.0081
4535.2383 1.0014
4536.2827 0.9593
4537.327 0.961
4538.372 0.978
4539.4175 0.9665
4540.463 1.001
4541.5083 1.0013
4542.554 0.9975
4543.6 1.0097
4544.6465 0.975
4545.693 0.9989
4546.7397 0.9816
4547.787 0.9739
4548.8345 0.9664
4549.8820000000005 0.9693
4550.9297 0.9675
4551.9775 0.9424
4553.026 0.9304
4554.0740000000005 0.9294
4555.123 0.9431
4556.1720000000005 1.0139
4557.221 0.9752
4558.2705 0.9693
4559.3203 0.9702
4560.37 0.9841
4561.4204 0.9158
4562.4707 0.9741
4563.5215 0.9907
4564.5728 0.9576
4565.6235 0.9739
4566.6753 0.959
4567.7266 0.9504
4568.779 0.9532
4569.8306 0.9898
4570.8833 0.994
4571.9355 0.9768
4572.9883 0.9657
4574.0415 0.9609
4575.0947 0.9453
4576.1484 0.9559
4577.202 0.9833
4578.2563 0.9853
4579.3105 1.0134
4580.365 0.9824
4581.42 0.9973
4582.475 0.9907
4583.5303 0.9711
4584.585999999999 0.9811
4585.6416 0.9697
4586.6978 0.9742
4587.754 0.9581
4588.8105 0.9857
4589.867 0.9969
4590.9243 1.0086
4591.9814 0.9729
4593.0386 0.9717
4594.0967 0.9753
4595.1543 0.9711
4596.2124 1.004
4597.271 0.9646
4598.3296 0.9935
4599.3887 0.9872
4600.4478 0.9895
4601.5073 0.9951
4602.567 0.9812
4603.627 0.9948
4604.687 0.9931
4605.7476 1.0016
4606.808 0.9974
4607.8687 0.9829
4608.93 0.975
4609.991 0.9796
4611.0527 0.9812
4612.1147 0.9785
4613.177 0.9841
4614.2393 0.9699
4615.302 0.9571
4616.3647 0.9743
4617.4277 0.9715
4618.491 0.971
4619.5547 0.9976
4620.6187 0.9916
4621.6826 0.9748
4622.747 0.9529
4623.8115 0.953
4624.876 0.9923
4625.9414 1.0143
4627.0063 0.977
4628.0723 1.0044
4629.1377 0.9582
4630.2036 1.0138
4631.27 0.9848
4632.3364 0.9703
4633.4033 0.9499
4634.47 0.9909
4635.5376 0.9569
4636.605 0.9849
4637.673 0.9633
4638.7407 1.004
4639.809 0.9614
4640.8774 1.0052
4641.9463 1.0003
4643.015 0.98
4644.0845 0.9688
4645.154 0.9828
4646.2236 0.9651
4647.2935 0.9968
4648.3640000000005 0.9914
4649.434 0.9754
4650.505 0.9996
4651.5757 0.9951
4652.647 0.9738
4653.7188 0.9634
4654.79 0.975
4655.8623 0.9891
4656.934 1.0262
4658.0070000000005 0.9786
4659.0796 1.0023
4660.1523 1.0015
4661.2256 1.008
4662.299 0.9728
4663.3726 0.9893
4664.4463 0.9917
4665.5205 0.9761
4666.595 0.9593
4667.6694 0.9737
4668.7446 1.0001
4669.82 0.9683
4670.895 0.9765
4671.9707 0.9618
4673.0464 0.9836
4674.1226 0.9859
4675.1990000000005 0.9754
4676.276 1.008
4677.3525 0.9971
4678.4297 0.982
4679.5073 0.9489
4680.585 0.9818
4681.6626 0.9866
4682.7407 0.9685
4683.819 1.0023
4684.8975 0.9895
4685.9766 0.9608
4687.0557 0.9801
4688.1353 0.9835
4689.215 0.9741
4690.2944 0.9917
4691.3745 0.9869
4692.455 0.9804
4693.5356 0.9981
4694.616 0.9868
4695.6973 0.9987
4696.779 1.0191
4697.8604 1.0065
4698.9424 1.0096
4700.0244 1.0011
4701.107 0.9984
4702.1895 1.0002
4703.272 0.9869
4704.3555 0.9867
4705.4385 0.9762
4706.522 0.9524
4707.606 0.9926
4708.69 0.9894
4709.7744 0.9837
4710.859 1.0136
4711.944 0.9893
4713.029 1.0179
4714.1143 0.9482
4715.1997 0.9733
4716.2856 0.9996
4717.372 0.9676
4718.458 0.9845
4719.545 0.9614
4720.6320000000005 0.9997
4721.7188 0.9947
4722.806 0.9914
4723.8936 0.9882
4724.9814 1.0086
4726.07 0.9851
4727.1577 0.9588
4728.2466 0.9841
4729.3354 1.0068
4730.4243 1.0027
4731.5137 0.9815
4732.6035 1.0184
4733.6934 0.9985
4734.782999999999 1.0031
4735.8735 0.9852
4736.9644 1.005
4738.055 0.9838
4739.1465 1.009
4740.238 0.9713
4741.329000000001 0.9785
4742.420999999999 1.017
4743.513 0.9675
4744.6055 1.0212
4745.698 0.9834
4746.791 0.9919
4747.8843 1.0106
4748.9775 0.9774
4750.0713 0.9972
4751.165 0.9758
4752.2593 0.9972
4753.3535 1.0025
4754.448 0.9811
4755.543 0.9923
4756.638 1.0056
4757.7334 1.0028
4758.829000000001 0.9807
4759.925 0.9863
4761.021 0.9789
4762.1177 0.9921
4763.2144 0.9979
4764.311 0.9697
4765.407999999999 0.9822
4766.505999999999 0.9911
4767.6035 0.9816
4768.701 0.9827
4769.7993 0.9822
4770.898 0.9889
4771.9966 0.98
4773.095 0.9676
4774.1943 0.9922
4775.294 1.0024
4776.3936 0.9841
4777.4937 0.9912
4778.5938 0.9883
4779.6943 0.9825
4780.795 0.9949
4781.896 0.9885
4782.997 0.9879
4784.0986 1.0109
4785.2 1.0257
4786.3022 0.9927
4787.4043 0.9872
4788.5070000000005 0.9918
4789.6094 0.9801
4790.7124 1.0181
4791.816 1.0077
4792.9194 0.9896
4794.023 1.0105
4795.127 0.9689
4796.2314 0.9901
4797.335999999999 1.0012
4798.4404 1.0079
4799.5454 0.9748
4800.651 0.9802
4801.7563 0.9719
4802.862 0.9838
4803.9683 1.0138
4805.0740000000005 0.9577
4806.1807 0.9886
4807.2876 0.984
4808.3945 0.978
4809.502 0.9857
4810.6094 0.9932
4811.7173 0.9885
4812.8257 0.9957
4813.9336 0.9786
4815.0425 0.9821
4816.1514 0.9763
4817.2603 1.0112
4818.3696 1.0001
4819.479 1.004
4820.589 0.9645
4821.6990000000005 0.9604
4822.8096 1.0036
4823.92 0.9689
4825.0312 0.9562
4826.142 1.0082
4827.2534 0.9684
4828.365 0.9925
4829.477 0.9875
4830.5894 0.9757
4831.7017 0.9855
4832.8145 0.9722
4833.9272 0.9579
4835.0405 0.9569
4836.154 0.9724
4837.2676 0.9825
4838.3813 0.9692
4839.4956 0.9563
4840.6104 0.9656
4841.725 0.9491
4842.84 0.9532
4843.955 0.9251
4845.071 0.9099
4846.1865 0.9419
4847.3022 0.9116
4848.4185 0.9075
4849.535 0.9183
4850.652 0.922
4851.769 0.8991
4852.8859999999995 0.878
4854.004 0.869
4855.1216 0.8322
4856.2397 0.8389
4857.358 0.8007
4858.4766 0.7732
4859.595 0.7256
4860.7144 0.7009
4861.834 0.6325
4862.9536 0.5638
4864.073 0.4446
4865.1934 0.4126
4866.314 0.4673
4867.4346 0.5982
4868.555 0.6706
4869.6763 0.6876
4870.798 0.7599
4871.9194 0.7709
4873.0415 0.7938
4874.1636 0.8151
4875.286 0.7986
4876.4087 0.8542
4877.5317 0.8896
4878.6553 0.8787
4879.7783 0.8918
4880.9023 0.8607
4882.0264 0.9183
4883.1504 0.9227
4884.275 0.9076
4885.4 0.9254
4886.525 0.9393
4887.65 0.9555
4888.776 0.9549
4889.9014 0.9641
4891.0273 0.9455
4892.154 0.9877
4893.2803 0.9493
4894.407 0.9502
4895.5347 0.9565
4896.6616 0.958
4897.7896 1.0173
4898.9175 1.008
4900.0454 0.9781
4901.174 1.0139
4902.3027 0.9748
4903.4316 0.9792
4904.5605 1.0067
4905.69 0.9662
4906.82 0.981
4907.9497 0.9958
4909.08 0.9606
4910.2104 0.9861
4911.3413 0.9833
4912.472 0.9752
4913.6035 0.9885
4914.735 0.9884
4915.8667 0.9702
4916.999 0.9676
4918.1313 0.9853
4919.2637 0.9876
4920.3965 1.0059
4921.53 1.0015
4922.663 0.9724
4923.7970000000005 0.9701
4924.9307 0.9653
4926.0645 0.9558
4927.1990000000005 0.9502
4928.334 0.9578
4929.4688 0.9838
4930.604 0.9899
4931.7393 0.9734
4932.875 0.9814
4934.0107 0.987
4935.147 0.9795
4936.2837 0.9892
4937.4204 0.9851
4938.5576 0.9834
4939.695 0.9897
4940.8325 0.9839
4941.97 0.9915
4943.108 0.9899
4944.2466 0.9859
4945.3853 0.9735
4946.524 0.9797
4947.663 0.9819
4948.8022 1.0228
4949.942 1.0
