3911.1108 1.0
3912.0115 0.9844
3912.9124 0.9691
3913.8135 0.9804
3914.7146 1.0028
3915.6162 1.0532
3916.5178 1.0016
3917.4197 0.9367
3918.3218 0.8904
3919.224 1.0044
3920.1267 0.9858
3921.0295 0.9686
3921.9324 0.9812
3922.8357 0.9878
3923.739 0.929
3924.6426 1.0056
3925.5464 0.9278
3926.4504 0.9292
3927.3545 0.8927
3928.259 0.8969
3929.1636 0.8524
3930.0684 0.729
3930.9734 0.6244
3931.8787 0.5081
3932.7842 0.5434
3933.6897 0.6727
3934.5957 0.8277
3935.5017 0.8635
3936.408 0.9093
3937.3145 0.979
3938.2212 0.9566
3939.1282 0.9492
3940.0354 0.9874
3940.9426 0.919
3941.85 0.9182
3942.7578 0.9468
3943.6658 0.9429
3944.574 0.908
3945.4824 0.9598
3946.3909999999996 0.9894
3947.2998 0.9053
3948.2087 0.9308
3949.118 0.9705
3950.0273 0.9377
3950.937 0.9188
3951.847 0.9142
3952.7568 0.9565
3953.6672 0.8884
3954.5776 0.8749
3955.4883 0.8546
3956.3992 0.8891
3957.3103 0.8233
3958.2217 0.8122
3959.1333 0.7693
3960.045 0.6919
3960.9568 0.664
3961.869 0.6582
3962.7812 0.6464
3963.6938 0.5976
3964.6067 0.5268
3965.5198 0.3938
3966.4329 0.3093
3967.3462 0.2091
3968.26 0.2261
3969.1738 0.2531
3970.0879999999997 0.3753
3971.002 0.424
3971.9165 0.5291
3972.8313 0.5538
3973.7459999999996 0.6395
3974.6611 0.6634
3975.5764 0.6797
3976.492 0.7713
3977.4077 0.7973
3978.3237 0.8114
3979.2397 0.8553
3980.1562 0.8445
3981.0728 0.8454
3981.9895 0.8832
3982.9065 0.8958
3983.8237 0.9207
3984.7412 0.9106
3985.6587 0.8918
3986.5767 0.927
3987.4946 0.9442
3988.4128 0.9465
3989.3313 0.9764
3990.25 0.9551
3991.1690000000003 0.9591
3992.0881 1.0106
3993.0073 0.9858
3993.927 0.9652
3994.8467 0.9303
3995.7666 0.9569
3996.6868 0.986
3997.6072 0.9601
3998.5278 0.9537
3999.4485 1.0131
4000.3696 0.9596
4001.2908 0.988
4002.2122 0.9523
4003.1338 0.9391
4004.0557 0.9771
4004.9778 0.9418
4005.9001 1.0037
4006.8225 0.9933
4007.7454 0.9858
4008.6682 0.9372
4009.5913 0.9514
4010.5146 0.976
4011.4382 0.9908
4012.362 0.9657
4013.2861 1.0185
4014.2102 1.0345
4015.1345 1.0054
4016.0593 1.0206
4016.9841 1.0018
4017.9092 1.0042
4018.8345 0.9979
4019.7598 0.9825
4020.6855 1.0011
4021.6116 0.9657
4022.5376 0.9694
4023.4639 0.9399
4024.3904 0.974
4025.3171 0.9728
4026.2441 0.9642
4027.1714 0.9639
4028.0989 0.9701
4029.0264 0.9726
4029.954 0.9877
4030.8823 1.0112
4031.8105 1.0029
4032.739 0.9937
4033.6677 0.9823
4034.5964 0.9699
4035.5256 0.9432
4036.455 0.9823
4037.3845 1.0189
4038.3142 0.9747
4039.2441 0.989
4040.1743 0.9851
4041.1047 0.972
4042.0354 0.9953
4042.9663 0.9473
4043.8972 0.9294
4044.8286 0.9164
4045.76 0.95
4046.6917 0.9882
4047.6235 0.9514
4048.5557 0.9613
4049.488 0.9407
4050.4204 1.0054
4051.3533 0.9287
4052.2861 0.9498
4053.2195 1.0012
4054.1528 0.9435
4055.0864 0.97
4056.0203 0.9335
4056.9543 0.9656
4057.8884 0.9689
4058.823 1.0186
4059.7576 0.9623
4060.6926 0.9742
4061.6277 0.9296
4062.563 0.9306
4063.4985 0.9565
4064.4343 0.9502
4065.3704 0.9731
4066.3064 0.9604
4067.243 0.9618
4068.1794 0.9596
4069.1165 0.9636
4070.0535 0.9446
4070.9907 0.9514
4071.9282 0.9702
4072.866 0.9687
4073.8037 0.9443
4074.742 0.9072
4075.6804 0.9058
4076.619 0.8844
4077.5576 0.9345
4078.4966 0.9361
4079.4358 0.9438
4080.3752 0.9148
4081.315 0.9476
4082.255 0.9331
4083.1948 0.8992
4084.1353 0.8986
4085.0757 0.8807
4086.0164 0.8765
4086.9575 0.8823
4087.8987 0.8742
4088.8398 0.8383
4089.7815 0.8363
4090.7234 0.7583
4091.6653 0.7586
4092.6077 0.7074
4093.55 0.699
4094.4927 0.6371
4095.4358 0.5996
4096.379 0.5284
4097.3223 0.4589
4098.2656 0.366
4099.2095 0.3146
4100.1533 0.2822
4101.0977 0.3144
4102.042 0.3977
4102.987 0.4756
4103.9316 0.5574
4104.8765 0.5997
4105.822 0.6497
4106.7676 0.6941
4107.7134 0.7026
4108.659000000001 0.7494
4109.6055 0.7721
4110.552 0.8103
4111.498 0.8438
4112.4453 0.8642
4113.392 0.8925
4114.3394 0.8818
4115.2866 0.905
4116.2344 0.9153
4117.1826 0.8879
4118.1304 0.9438
4119.079000000001 0.9645
4120.0273 0.9514
4120.976 0.9578
4121.9253 0.9532
4122.8745 0.9625
4123.8237 0.9984
4124.7734 0.9394
4125.7236 0.9228
4126.6733 0.9434
4127.624 0.9466
4128.5740000000005 0.9655
4129.525 0.9335
4130.476 0.9685
4131.4272 0.9292
4132.379 0.951
4133.33 0.9822
4134.282 0.9953
4135.2344 0.9646
4136.1865 1.0051
4137.139 0.9802
4138.092000000001 1.0168
4139.0444 1.0164
4139.998 1.031
4140.951 0.9468
4141.905 0.9683
4142.8584 1.0022
4143.8125 0.9402
4144.767 0.981
4145.721 0.9812
4146.6763 0.9992
4147.630999999999 0.9724
4148.585999999999 0.9655
4149.5415 1.003
4150.497 1.0132
4151.4526 0.9815
4152.4087 0.9719
4153.365 1.0273
4154.322 1.0152
4155.2783 0.9755
4156.2354 0.9983
4157.1924 1.0047
4158.1494 1.0032
4159.107 0.9974
4160.065 0.9643
4161.023 0.9538
4161.981 0.9592
4162.9395 0.9857
4163.8984 0.9945
4164.857 0.9796
4165.8164 0.9877
4166.7754 0.9899
4167.7354 0.9867
4168.695 1.0139
4169.655 0.9335
4170.615 0.875
4171.5757 0.8938
4172.536 0.918
4173.497 0.9524
4174.458 0.9699
4175.4194 0.9451
4176.380999999999 0.9147
4177.343 0.9683
4178.3047 0.9759
4179.267 0.9701
4180.2295 0.9955
4181.192 1.0009
4182.155 1.005
4183.1179999999995 0.9533
4184.081 0.9656
4185.045 0.9635
4186.009 0.9731
4186.9727 0.9685
4187.9365 1.0127
4188.9014 0.973
4189.8657 0.9715
4190.8306 1.0174
4191.795999999999 1.0066
4192.7609999999995 0.9899
4193.7266 0.978
4194.6924 0.9862
4195.657999999999 0.9899
4196.6245 0.9789
4197.590999999999 0.9582
4198.5576 0.9825
4199.5244 1.0104
4200.4917 0.9765
4201.459 0.9639
4202.4263 0.9716
4203.394 0.9933
4204.3623 1.0167
4205.33 1.0074
4206.299 1.0333
4207.2676 0.9818
4208.2363 1.0055
4209.2056 1.004
4210.175 0.988
4211.144 1.0029
4212.1140000000005 0.9826
4213.084 0.9599
4214.054 0.9434
4215.0244 0.9354
4215.995 0.9697
4216.9663 0.9884
4217.937 0.9979
4218.9087 1.0022
4219.88 1.0117
4220.852 0.9964
4221.8237 1.0045
4222.795999999999 1.0137
4223.7686 0.9787
4224.741 0.9306
4225.714 0.932
4226.687 0.9617
4227.6606 0.9606
4228.6343 0.988
4229.608 0.9921
4230.582 0.9382
4231.556 0.9223
4232.531 0.9319
4233.5054 0.9704
4234.4805 0.9668
4235.4556 0.9942
4236.4307 0.9764
4237.4062 0.9966
4238.3823 0.9751
4239.3584 0.9888
4240.3345 0.9854
4241.311 0.9705
4242.2876 0.9991
4243.2646 0.9957
4244.2417 0.9783
4245.219 0.9539
4246.197 0.9446
4247.175 0.9621
4248.153 0.9537
4249.130999999999 0.9471
4250.1094 0.9529
4251.0884 0.9581
4252.067 1.0074
4253.0464 0.9906
4254.026 0.9846
4255.0054 1.012
4255.9854 0.9806
4256.9653 0.9896
4257.946 0.9238
4258.9263 0.9865
4259.9067 0.9538
4260.8877 0.9807
4261.869000000001 0.9994
4262.8506 1.0101
4263.832 1.01
4264.814 1.0111
4265.7964 0.9969
4266.779 0.9893
4267.7609999999995 0.9912
4268.744000000001 0.949
4269.727 0.951
4270.7104 0.9255
4271.694 0.9758
4272.6772 0.9725
4273.6616 0.9785
4274.6455 0.9514
4275.63 0.9789
4276.6147 1.0112
4277.5996 0.9767
4278.5845 1.0313
4279.57 1.0035
4280.555 1.0017
4281.541 1.0147
4282.527 0.9881
4283.513 0.9805
4284.4995 0.9979
4285.4863 0.9824
4286.473 0.9618
4287.4604 0.9448
4288.4478 0.9459
4289.435 0.9582
4290.423 0.9673
4291.411 0.9634
4292.3994 0.9156
4293.3877 0.9631
4294.3765 0.9643
4295.365 1.0088
4296.3545 0.9606
4297.3438 0.938
4298.3335 0.8719
4299.323 0.8837
4300.3135 0.8761
4301.3037 0.9012
4302.2944 0.9344
4303.285 0.9652
4304.276 0.9607
4305.267 0.9469
4306.259 0.9309
4307.2505 0.9037
4308.242 0.9462
4309.2344 0.9491
4310.2266 0.9464
4311.219 0.8989
4312.212 0.897
4313.205 0.896
4314.198 0.9223
4315.192 0.9249
4316.1855 0.9325
4317.1797 0.9261
4318.174 0.9485
4319.168 0.8813
4320.1626 0.9152
4321.1577 0.8977
4322.153 0.9111
4323.148 0.866
4324.1436 0.8486
4325.1396 0.8437
4326.1353 0.864
4327.1320000000005 0.8531
4328.128 0.8043
4329.125 0.7984
4330.1216 0.7811
4331.119000000001 0.7457
4332.116 0.7354
4333.1140000000005 0.6832
4334.112 0.6212
4335.11 0.5719
4336.1084 0.4681
4337.107 0.3734
4338.1055 0.307
4339.1045 0.33
4340.1035 0.3759
4341.103 0.4372
4342.103 0.5408
4343.103 0.6135
4344.103 0.6621
4345.1035 0.7021
4346.104 0.732
4347.105 0.7965
4348.106 0.793
4349.1074 0.8217
4350.109 0.8091
4351.1104 0.8476
4352.1123 0.8479
4353.1147 0.8936
4354.117 0.938
4355.1196 0.9216
4356.1226 0.9466
4357.126 0.9646
4358.1294 0.9762
4359.133 0.9825
4360.1367 0.972
4361.1406 0.966
4362.145 0.9782
4363.15 0.9706
4364.1543 0.9814
4365.1597 0.9978
4366.1646 0.9841
4367.17 0.996
4368.1759999999995 0.9983
4369.1816 0.9834
4370.188 0.9965
4371.1943 1.0185
4372.2007 0.9878
4373.208 0.9701
4374.215 0.9764
4375.222 0.9964
4376.2295 1.0022
4377.2373 0.981
4378.2456 0.9852
4379.254 0.98
4380.262 0.9737
4381.271 0.9463
4382.28 0.9006
4383.289000000001 0.9495
4384.2983 0.9536
4385.308 0.9698
4386.318 0.9835
4387.3279999999995 0.9978
4388.3384 1.0179
4389.349 0.9919
4390.36 0.9977
4391.3706 0.9727
4392.3823 0.9305
4393.3936 0.9298
4394.4053 0.9607
4395.4175 0.9724
4396.4297 0.995
4397.442 0.965
4398.4546 0.952
4399.4673 0.9918
4400.4805 0.9856
4401.494000000001 1.0203
4402.508 0.9684
4403.5215 0.9888
4404.5356 0.9815
4405.55 1.0111
4406.5645 0.9886
4407.579000000001 1.0125
4408.594 1.0243
4409.6094 1.0146
4410.625 1.0028
4411.6406 0.9713
4412.6562 0.9576
4413.6724 0.933
4414.689 0.925
4415.7056 0.9187
4416.7227 0.9419
4417.7397 0.9781
4418.7570000000005 0.9934
4419.7744 0.9982
4420.7925 1.0034
4421.8105 1.0113
4422.8286 0.9947
4423.847 0.9818
4424.8657 1.0067
4425.885 1.0082
4426.9043 0.9853
4427.9233 0.9988
4428.9434 1.0122
4429.963 0.9855
4430.9834 1.0226
4432.004 0.9887
4433.0244 0.9579
4434.045 0.9696
4435.0664 1.0205
4436.0874 0.984
4437.1094 0.9873
4438.130999999999 1.0027
4439.153 1.0093
4440.1753 0.972
4441.1978 0.936
4442.2207 0.8987
4443.2437 0.9592
4444.2666 0.967
4445.29 0.9809
4446.314 0.9756
4447.338 0.9838
4448.362 0.9667
4449.3859999999995 0.9669
4450.411 0.9749
4451.4355 0.9824
4452.460999999999 0.955
4453.4863 0.9581
4454.5117 0.9826
4455.5376 0.9788
4456.5635 0.983
4457.59 0.9824
4458.616 0.9701
4459.643 0.9978
4460.67 0.9959
4461.6973 0.9801
4462.7246 0.9837
4463.7524 0.9501
4464.7803 0.9648
4465.8086 0.9488
4466.837 0.9312
4467.8657 0.9442
4468.8945 0.951
4469.924 0.9956
4470.9529999999995 1.0078
4471.9824 1.0121
4473.0127 0.9755
4474.0425 0.9777
4475.0728 0.9989
4476.1035 1.0023
4477.1343 0.9788
4478.165 0.9422
4479.1963 0.8937
4480.228 0.907
4481.26 0.9655
4482.2915 0.9468
4483.3237 0.9958
4484.3564 0.9883
4485.389 0.9851
4486.4220000000005 0.9466
4487.455 0.9554
4488.4883 0.9755
4489.522 0.9771
4490.556 0.9518
4491.59 0.9788
4492.6245 0.9847
4493.659000000001 0.9581
4494.694 0.9732
4495.729 1.0087
4496.764 1.0023
4497.8 1.0056
4498.8354 0.9469
4499.8716 0.9205
4500.9077 0.9397
4501.9443 0.9845
4502.981 0.9945
4504.018 0.9936
4505.055 0.9468
4506.093 0.9494
4507.1304 0.9681
4508.168 0.9593
4509.2065 0.9748
4510.2446 1.0038
4511.282999999999 0.9647
4512.3223 0.9615
4513.3613 0.9613
4514.401 0.9561
4515.4404 0.9845
4516.48 0.9716
4517.5205 0.9885
4518.5605 0.9636
4519.601 0.9336
4520.642 0.9542
4521.683 0.9551
4522.724 0.9509
4523.7656 0.9813
4524.8076 1.0071
4525.8496 0.9815
4526.8916 0.9632
4527.934 0.9599
4528.977 0.9771
4530.02 0.9895
4531.063 0.9305
4532.1064 0.9299
4533.1504 0.9197
4534.1943 0.96
4535.2383 0.9715
4536.2827 1.0192
4537.327 0.9715
4538.372 1.005
4539.4175 1.0027
4540.463 0.9895
4541.5083 0.9681
4542.554 1.0014
4543.6 0.9849
4544.6465 1.0064
4545.693 0.9644
4546.7397 0.927
4547.787 0.8782
4548.8345 0.9249
4549.8820000000005 0.9391
4550.9297 0.9658
4551.9775 0.9702
4553.026 0.9332
4554.0740000000005 0.9385
4555.123 0.9403
4556.1720000000005 0.9602
4557.221 0.9705
4558.2705 0.9637
4559.3203 1.0036
4560.37 0.9809
4561.4204 0.9392
4562.4707 0.9497
4563.5215 0.9553
4564.5728 0.9841
4565.6235 0.9832
4566.6753 1.0026
4567.7266 0.9738
4568.779 0.952
4569.8306 0.9333
4570.8833 0.9297
4571.9355 0.9673
4572.9883 0.9546
4574.0415 0.9594
4575.0947 0.9703
4576.1484 0.9772
4577.202 0.9856
4578.2563 0.9411
4579.3105 0.9806
4580.365 0.9433
4581.42 0.9331
4582.475 0.9173
4583.5303 0.9633
4584.585999999999 0.9606
4585.6416 0.9989
4586.6978 0.9462
4587.754 0.926
4588.8105 0.9618
4589.867 0.9643
4590.9243 1.0133
4591.9814 0.9919
4593.0386 0.9578
4594.0967 0.9956
4595.1543 1.0235
4596.2124 1.0064
4597.271 0.9936
4598.3296 1.004
4599.3887 1.0073
4600.4478 1.0032
4601.5073 0.9958
4602.567 0.9747
4603.627 0.9867
4604.687 0.9974
4605.7476 0.9875
4606.808 1.0015
4607.8687 1.0131
4608.93 0.9932
4609.991 0.976
4611.0527 0.9958
4612.1147 1.0127
4613.177 0.9883
4614.2393 0.9937
4615.302 1.0027
4616.3647 0.9509
4617.4277 0.9492
4618.491 0.9603
4619.5547 0.984
4620.6187 0.9521
4621.6826 1.0091
4622.747 0.9828
4623.8115 0.9721
4624.876 0.9945
4625.9414 0.9767
4627.0063 0.9474
4628.0723 0.9505
4629.1377 0.9615
4630.2036 0.956
4631.27 0.984
4632.3364 0.9536
4633.4033 0.9551
4634.47 0.9616
4635.5376 0.9681
4636.605 0.9988
4637.673 0.9955
4638.7407 0.9949
4639.809 0.9948
4640.8774 0.9867
4641.9463 0.9922
4643.015 1.0031
4644.0845 0.9784
4645.154 0.9988
4646.2236 1.0028
4647.2935 0.9875
4648.3640000000005 0.9916
4649.434 0.9717
4650.505 0.9663
4651.5757 0.9749
4652.647 0.989
4653.7188 0.9801
4654.79 0.9794
4655.8623 0.9687
4656.934 0.9782
4658.0070000000005 1.0165
4659.0796 0.9809
4660.1523 0.9945
4661.2256 1.0021
4662.299 0.99
4663.3726 1.007
4664.4463 0.9508
4665.5205 0.9858
4666.595 1.001
4667.6694 0.9816
4668.7446 1.0065
4669.82 0.9715
4670.895 0.9794
4671.9707 0.9875
4673.0464 1.0071
4674.1226 1.0101
4675.1990000000005 0.9964
4676.276 0.995
4677.3525 1.0157
4678.4297 0.9999
4679.5073 0.9859
4680.585 1.0068
4681.6626 0.9731
4682.7407 0.9872
4683.819 0.9839
4684.8975 0.9911
4685.9766 0.978
4687.0557 1.0078
4688.1353 1.0159
4689.215 0.9804
4690.2944 1.0033
4691.3745 1.018
4692.455 1.0112
4693.5356 0.9972
4694.616 1.0014
4695.6973 0.9898
4696.779 0.9922
4697.8604 0.9742
4698.9424 0.9889
4700.0244 0.9866
4701.107 0.9698
4702.1895 0.9756
4703.272 0.9832
4704.3555 0.9941
4705.4385 1.0042
4706.522 0.9785
4707.606 0.947
4708.69 0.9841
4709.7744 0.9964
4710.859 0.9939
4711.944 0.9849
4713.029 1.0063
4714.1143 0.992
4715.1997 0.9971
4716.2856 1.0139
4717.372 1.0057
4718.458 0.9846
4719.545 1.0204
4720.6320000000005 1.0024
4721.7188 0.9852
4722.806 1.0214
4723.8936 0.9827
4724.9814 1.0078
4726.07 0.976
4727.1577 0.9839
4728.2466 0.9773
4729.3354 0.9772
4730.4243 0.9898
4731.5137 0.9971
4732.6035 0.9893
4733.6934 0.99
4734.782999999999 0.9815
4735.8735 0.9958
4736.9644 0.9944
4738.055 0.9728
4739.1465 0.9923
4740.238 0.9989
4741.329000000001 1.0103
4742.420999999999 0.992
4743.513 1.0005
4744.6055 0.9909
4745.698 0.9894
4746.791 1.0042
4747.8843 1.0122
4748.9775 0.9927
4750.0713 1.0088
4751.165 0.9782
4752.2593 0.9688
4753.3535 1.0196
4754.448 0.9872
4755.543 0.9839
4756.638 1.0
4757.7334 0.9832
4758.829000000001 0.9825
4759.925 0.988
4761.021 0.9595
4762.1177 0.9762
4763.2144 0.9649
4764.311 0.9783
4765.407999999999 0.9761
4766.505999999999 0.9758
4767.6035 0.994
4768.701 0.9781
4769.7993 0.9749
4770.898 0.993
4771.9966 0.9792
4773.095 1.0002
4774.1943 0.9873
4775.294 0.9805
4776.3936 0.9905
4777.4937 0.9659
4778.5938 0.9778
4779.6943 0.9595
4780.795 0.978
4781.896 0.9827
4782.997 0.986
4784.0986 0.9812
4785.2 0.9893
4786.3022 0.9794
4787.4043 1.0006
4788.5070000000005 0.974
4789.6094 0.9746
4790.7124 0.9837
4791.816 0.9829
4792.9194 0.9796
4794.023 0.9915
4795.127 0.9827
4796.2314 0.9916
4797.335999999999 0.9968
4798.4404 0.9717
4799.5454 0.9639
4800.651 0.9855
4801.7563 0.9575
4802.862 0.9408
4803.9683 0.9659
4805.0740000000005 0.9648
4806.1807 0.9823
4807.2876 0.9649
4808.3945 0.9737
4809.502 0.9706
4810.6094 0.9976
4811.7173 0.9854
4812.8257 0.9912
4813.9336 0.9701
4815.0425 0.996
4816.1514 0.9607
4817.2603 0.9759
4818.3696 1.0031
4819.479 0.9914
4820.589 0.9803
4821.6990000000005 0.9533
4822.8096 0.9531
4823.92 0.9421
4825.0312 0.9661
4826.142 0.947
4827.2534 0.9597
4828.365 0.9652
4829.477 0.965
4830.5894 0.9749
4831.7017 0.9925
4832.8145 0.9707
4833.9272 0.9764
4835.0405 0.9476
4836.154 0.9667
4837.2676 0.95
4838.3813 0.9407
4839.4956 0.9421
4840.6104 0.9191
4841.725 0.93
4842.84 0.9221
4843.955 0.8928
4845.071 0.8921
4846.1865 0.8769
4847.3022 0.854
4848.4185 0.8351
4849.535 0.8232
4850.652 0.8132
4851.769 0.7693
4852.8859999999995 0.7331
4854.004 0.7227
4855.1216 0.6595
4856.2397 0.5849
4857.358 0.5197
4858.4766 0.3899
4859.595 0.3474
4860.7144 0.3942
4861.834 0.503
4862.9536 0.5875
4864.073 0.6585
4865.1934 0.6962
4866.314 0.7474
4867.4346 0.7803
4868.555 0.7999
4869.6763 0.8273
4870.798 0.8629
4871.9194 0.8708
4873.0415 0.8771
4874.1636 0.8826
4875.286 0.9034
4876.4087 0.9045
4877.5317 0.9241
4878.6553 0.9438
4879.7783 0.9484
4880.9023 0.9565
4882.0264 0.9538
4883.1504 0.9858
4884.275 0.9763
4885.4 0.9752
4886.525 0.9596
4887.65 0.957
4888.776 0.9469
4889.9014 0.9607
4891.0273 0.9892
4892.154 1.015
4893.2803 0.9836
4894.407 0.9833
4895.5347 0.9856
4896.6616 0.9909
4897.7896 0.9875
4898.9175 0.9847
4900.0454 0.9748
4901.174 0.959
4902.3027 0.9831
4903.4316 0.9974
4904.5605 0.9897
4905.69 0.9905
4906.82 0.9975
4907.9497 0.9958
4909.08 0.9738
4910.2104 0.9891
4911.3413 0.9965
4912.472 1.0075
4913.6035 0.9858
4914.735 1.0124
4915.8667 0.9763
4916.999 0.9912
4918.1313 0.9597
4919.2637 1.0013
4920.3965 0.9579
4921.53 0.9493
4922.663 0.9104
4923.7970000000005 0.9585
4924.9307 0.9989
4926.0645 0.9984
4927.1990000000005 0.9894
4928.334 1.0154
4929.4688 0.9877
4930.604 1.007
4931.7393 0.9776
4932.875 1.0043
4934.0107 0.9958
4935.147 1.0142
4936.2837 0.9683
4937.4204 0.9997
4938.5576 0.9677
4939.695 0.9822
4940.8325 1.0022
4941.97 0.9832
4943.108 1.0012
4944.2466 0.9964
4945.3853 0.9922
4946.524 0.995
4947.663 0.9882
4948.8022 0.9883
4949.942 1.0
