3911.1108 1.0
3912.0115 1.0343
3912.9124 1.0038
3913.8135 1.0279
3914.7146 1.0113
3915.6162 0.8544
3916.5178 0.9379
3917.4197 0.9445
3918.3218 0.7902
3919.224 1.0443
3920.1267 0.985
3921.0295 0.8616
3921.9324 0.8944
3922.8357 0.8234
3923.739 0.9157
3924.6426 0.8541
3925.5464 0.8716
3926.4504 0.8636
3927.3545 0.8964
3928.259 0.9021
3929.1636 0.805
3930.0684 0.8999
3930.9734 0.811
3931.8787 0.7382
3932.7842 0.7193
3933.6897 0.5623
3934.5957 0.5334
3935.5017 0.313
3936.408 0.3599
3937.3145 0.3092
3938.2212 0.3282
3939.1282 0.6354
3940.0354 0.8829
3940.9426 0.7765
3941.85 0.9699
3942.7578 0.7508
3943.6658 0.9465
3944.574 0.8725
3945.4824 0.9121
3946.3909999999996 0.832
3947.2998 0.7917
3948.2087 0.8622
3949.118 0.7525
3950.0273 0.9966
3950.937 0.8121
3951.847 0.8702
3952.7568 0.9375
3953.6672 0.9618
3954.5776 0.8731
3955.4883 0.7653
3956.3992 0.9757
3957.3103 0.8095
3958.2217 0.9812
3959.1333 0.9604
3960.045 0.9976
3960.9568 0.9417
3961.869 0.9343
3962.7812 0.8915
3963.6938 0.8821
3964.6067 0.7247
3965.5198 0.7621
3966.4329 0.8491
3967.3462 0.8385
3968.26 0.6715
3969.1738 0.5167
3970.0879999999997 0.2948
3971.002 0.3195
3971.9165 0.1643
3972.8313 0.3762
3973.7459999999996 0.4198
3974.6611 0.4843
3975.5764 0.613
3976.492 0.8052
3977.4077 0.8943
3978.3237 0.7344
3979.2397 0.8223
3980.1562 0.8584
3981.0728 0.8355
3981.9895 0.8549
3982.9065 0.8895
3983.8237 1.0181
3984.7412 0.9348
3985.6587 0.8818
3986.5767 0.914
3987.4946 1.0359
3988.4128 0.9126
3989.3313 0.9719
3990.25 0.8892
3991.1690000000003 0.7197
3992.0881 0.8407
3993.0073 1.0398
3993.927 1.0643
3994.8467 1.0705
3995.7666 0.9667
3996.6868 0.8379
3997.6072 0.9533
3998.5278 0.9808
3999.4485 0.9654
4000.3696 0.9305
4001.2908 0.9645
4002.2122 0.9631
4003.1338 0.9907
4004.0557 1.0522
4004.9778 0.9936
4005.9001 1.0161
4006.8225 0.9187
4007.7454 0.9662
4008.6682 0.8981
4009.5913 0.9813
4010.5146 0.9674
4011.4382 1.0281
4012.362 1.0222
4013.2861 0.9106
4014.2102 0.9137
4015.1345 0.8743
4016.0593 0.9832
4016.9841 0.8829
4017.9092 1.0376
4018.8345 0.8888
4019.7598 1.0326
4020.6855 1.0145
4021.6116 1.0811
4022.5376 0.9306
4023.4639 0.9083
4024.3904 0.9101
4025.3171 1.0549
4026.2441 0.8734
4027.1714 0.9744
4028.0989 0.916
4029.0264 0.8981
4029.954 1.0233
4030.8823 1.0398
4031.8105 0.8829
4032.739 0.7737
4033.6677 0.9319
4034.5964 1.014
4035.5256 0.9411
4036.455 0.9389
4037.3845 0.9866
4038.3142 0.9355
4039.2441 1.0283
4040.1743 1.0191
4041.1047 0.8946
4042.0354 1.0321
4042.9663 0.8933
4043.8972 0.9669
4044.8286 0.9459
4045.76 0.9174
4046.6917 0.7983
4047.6235 0.8984
4048.5557 0.975
4049.488 0.9147
4050.4204 0.9271
4051.3533 1.0068
4052.2861 0.9897
4053.2195 1.0007
4054.1528 1.0714
4055.0864 0.9998
4056.0203 0.9057
4056.9543 1.0499
4057.8884 1.0551
4058.823 0.9536
4059.7576 0.8535
4060.6926 0.9406
4061.6277 1.1137
4062.563 0.9882
4063.4985 0.9149
4064.4343 1.0323
4065.3704 0.9593
4066.3064 0.961
4067.243 1.0233
4068.1794 1.0039
4069.1165 0.9807
4070.0535 1.011
4070.9907 1.0147
4071.9282 0.9176
4072.866 0.8697
4073.8037 0.9317
4074.742 0.8985
4075.6804 1.0286
4076.619 0.9896
4077.5576 1.0514
4078.4966 0.9836
4079.4358 0.9513
4080.3752 0.8665
4081.315 0.9112
4082.255 0.8779
4083.1948 0.9754
4084.1353 0.9409
4085.0757 1.0205
4086.0164 0.9746
4086.9575 0.9357
4087.8987 0.9453
4088.8398 0.9478
4089.7815 0.9487
4090.7234 0.9845
4091.6653 0.9619
4092.6077 0.9471
4093.55 1.0027
4094.4927 0.927
4095.4358 0.8967
4096.379 0.9111
4097.3223 0.8875
4098.2656 0.8563
4099.2095 0.7838
4100.1533 0.821
4101.0977 0.706
4102.042 0.6482
4102.987 0.6649
4103.9316 0.4756
4104.8765 0.5141
4105.822 0.5575
4106.7676 0.738
4107.7134 0.7049
4108.659000000001 0.7183
4109.6055 0.8161
4110.552 0.7951
4111.498 0.8619
4112.4453 0.9018
4113.392 0.8436
4114.3394 0.8635
4115.2866 0.9613
4116.2344 0.9611
4117.1826 0.9631
4118.1304 1.0244
4119.079000000001 0.9361
4120.0273 0.9439
4120.976 0.9558
4121.9253 0.8598
4122.8745 0.8835
4123.8237 0.9033
4124.7734 0.9544
4125.7236 0.9209
4126.6733 1.012
4127.624 0.9643
4128.5740000000005 0.9833
4129.525 0.935
4130.476 0.9382
4131.4272 0.8559
4132.379 0.9465
4133.33 0.966
4134.282 0.9773
4135.2344 0.9247
4136.1865 0.9169
4137.139 1.0019
4138.092000000001 0.963
4139.0444 0.939
4139.998 0.9016
4140.951 1.0591
4141.905 0.9129
4142.8584 0.9468
4143.8125 0.9144
4144.767 0.9643
4145.721 0.9482
4146.6763 0.9316
4147.630999999999 0.9343
4148.585999999999 0.9112
4149.5415 0.9977
4150.497 0.9657
4151.4526 1.0023
4152.4087 1.0794
4153.365 1.0125
4154.322 0.9579
4155.2783 0.9895
4156.2354 0.9499
4157.1924 0.9041
4158.1494 0.9575
4159.107 1.0136
4160.065 0.9883
4161.023 0.9366
4161.981 1.0179
4162.9395 0.9668
4163.8984 1.0028
4164.857 0.9111
4165.8164 0.9921
4166.7754 0.965
4167.7354 0.9501
4168.695 0.9669
4169.655 0.9578
4170.615 0.9435
4171.5757 1.0396
4172.536 1.058
4173.497 0.8836
4174.458 1.0263
4175.4194 0.8259
4176.380999999999 0.9445
4177.343 0.8993
4178.3047 1.016
4179.267 0.8957
4180.2295 0.951
4181.192 0.9131
4182.155 0.9096
4183.1179999999995 0.9807
4184.081 0.9736
4185.045 0.9478
4186.009 0.8624
4186.9727 0.8635
4187.9365 0.9618
4188.9014 0.9282
4189.8657 0.9771
4190.8306 0.9954
4191.795999999999 0.947
4192.7609999999995 0.9782
4193.7266 0.9124
4194.6924 0.9146
4195.657999999999 0.8829
4196.6245 1.0286
4197.590999999999 0.92
4198.5576 1.054
4199.5244 1.0658
4200.4917 1.0083
4201.459 0.9611
4202.4263 0.9209
4203.394 0.906
4204.3623 0.9176
4205.33 0.902
4206.299 0.9624
4207.2676 0.9583
4208.2363 1.0475
4209.2056 1.0551
4210.175 0.9214
4211.144 0.9431
4212.1140000000005 1.0038
4213.084 0.9197
4214.054 0.9788
4215.0244 0.9561
4215.995 0.9595
4216.9663 1.0401
4217.937 0.8571
4218.9087 0.7848
4219.88 0.8534
4220.852 0.9256
4221.8237 0.9457
4222.795999999999 0.9301
4223.7686 0.991
4224.741 0.9584
4225.714 0.9914
4226.687 0.9971
4227.6606 0.8753
4228.6343 0.9127
4229.608 0.903
4230.582 0.9014
4231.556 0.8461
4232.531 0.823
4233.5054 1.0524
4234.4805 1.0236
4235.4556 0.9312
4236.4307 0.8371
4237.4062 0.935
4238.3823 0.9497
4239.3584 1.0166
4240.3345 0.9445
4241.311 1.0064
4242.2876 1.0391
4243.2646 0.9765
4244.2417 1.0585
4245.219 0.93
4246.197 0.9393
4247.175 1.0039
4248.153 0.8906
4249.130999999999 0.9453
4250.1094 0.9794
4251.0884 0.9346
4252.067 1.0528
4253.0464 0.9847
4254.026 0.9149
4255.0054 0.8851
4255.9854 0.9778
4256.9653 1.0307
4257.946 0.912
4258.9263 0.923
4259.9067 0.9688
4260.8877 0.9665
4261.869000000001 0.9916
4262.8506 0.8967
4263.832 0.9829
4264.814 0.9144
4265.7964 0.9434
4266.779 0.9374
4267.7609999999995 0.9328
4268.744000000001 0.9658
4269.727 0.9781
4270.7104 1.0219
4271.694 0.9359
4272.6772 0.9027
4273.6616 0.8366
4274.6455 0.8588
4275.63 0.8723
4276.6147 0.9205
4277.5996 0.9354
4278.5845 0.9051
4279.57 1.0185
4280.555 0.9473
4281.541 0.9493
4282.527 1.0173
4283.513 0.9828
4284.4995 1.0004
4285.4863 0.9625
4286.473 0.9764
4287.4604 0.9551
4288.4478 1.0014
4289.435 0.9786
4290.423 1.0472
4291.411 0.8663
4292.3994 0.776
4293.3877 0.883
4294.3765 0.8534
4295.365 1.0129
4296.3545 0.9965
4297.3438 0.9277
4298.3335 1.0204
4299.323 0.9245
4300.3135 0.9934
4301.3037 0.8958
4302.2944 0.957
4303.285 0.8588
4304.276 0.7997
4305.267 0.875
4306.259 1.0007
4307.2505 0.9114
4308.242 1.0526
4309.2344 0.8961
4310.2266 0.9461
4311.219 0.8353
4312.212 1.0329
4313.205 0.948
4314.198 0.9719
4315.192 0.989
4316.1855 0.9432
4317.1797 0.8528
4318.174 0.832
4319.168 1.0532
4320.1626 0.9083
4321.1577 0.9341
4322.153 0.9858
4323.148 0.8787
4324.1436 0.9505
4325.1396 0.9841
4326.1353 1.0236
4327.1320000000005 0.8966
4328.128 0.9007
4329.125 0.909
4330.1216 0.8979
4331.119000000001 0.9631
4332.116 0.928
4333.1140000000005 0.991
4334.112 0.9532
4335.11 0.8686
4336.1084 0.954
4337.107 0.9424
4338.1055 0.8882
4339.1045 0.8701
4340.1035 0.7794
4341.103 0.6666
4342.103 0.5593
4343.103 0.4376
4344.103 0.4781
4345.1035 0.61
4346.104 0.6706
4347.105 0.8223
4348.106 0.8077
4349.1074 0.8597
4350.109 0.8691
4351.1104 0.9131
4352.1123 0.8671
4353.1147 0.9233
4354.117 0.9184
4355.1196 0.8508
4356.1226 0.8345
4357.126 0.9146
4358.1294 0.9167
4359.133 0.9113
4360.1367 0.969
4361.1406 0.9965
4362.145 1.0936
4363.15 0.981
4364.1543 1.0068
4365.1597 0.9664
4366.1646 1.0375
4367.17 0.8911
4368.1759999999995 0.9176
4369.1816 1.0375
4370.188 1.0109
4371.1943 0.882
4372.2007 0.9512
4373.208 0.9683
4374.215 1.0591
4375.222 1.0438
4376.2295 0.9759
4377.2373 0.9979
4378.2456 0.9007
4379.254 0.8562
4380.262 0.974
4381.271 0.9074
4382.28 0.9934
4383.289000000001 0.9394
4384.2983 1.0056
4385.308 0.8715
4386.318 0.9293
4387.3279999999995 0.9359
4388.3384 0.8769
4389.349 0.9039
4390.36 0.8951
4391.3706 1.0358
4392.3823 1.0124
4393.3936 0.9042
4394.4053 0.9885
4395.4175 0.9384
4396.4297 0.9077
4397.442 0.9216
4398.4546 0.8474
4399.4673 0.8324
4400.4805 0.9671
4401.494000000001 0.9952
4402.508 0.8833
4403.5215 0.9444
4404.5356 0.9632
4405.55 0.9608
4406.5645 1.0074
4407.579000000001 0.9381
4408.594 0.9852
4409.6094 0.9343
4410.625 0.9267
4411.6406 0.9647
4412.6562 0.9931
4413.6724 0.9853
4414.689 0.8951
4415.7056 0.9892
4416.7227 1.0655
4417.7397 0.8795
4418.7570000000005 0.948
4419.7744 0.8655
4420.7925 0.9431
4421.8105 0.8633
4422.8286 0.9864
4423.847 0.8704
4424.8657 1.0703
4425.885 0.8673
4426.9043 1.0145
4427.9233 1.0093
4428.9434 0.989
4429.963 0.9558
4430.9834 0.963
4432.004 1.0216
4433.0244 1.057
4434.045 0.9768
4435.0664 0.9969
4436.0874 1.0315
4437.1094 1.0224
4438.130999999999 0.8893
4439.153 1.015
4440.1753 0.9914
4441.1978 0.9897
4442.2207 0.8605
4443.2437 0.9251
4444.2666 0.8921
4445.29 0.9753
4446.314 0.8317
4447.338 0.7916
4448.362 0.907
4449.3859999999995 0.9671
4450.411 0.9881
4451.4355 0.9306
4452.460999999999 0.8606
4453.4863 0.9159
4454.5117 0.9615
4455.5376 0.9576
4456.5635 0.9839
4457.59 0.9309
4458.616 0.9017
4459.643 0.9275
4460.67 0.9715
4461.6973 0.9404
4462.7246 0.8997
4463.7524 0.9503
4464.7803 0.9839
4465.8086 0.9378
4466.837 0.8914
4467.8657 0.9306
4468.8945 0.9324
4469.924 0.8839
4470.9529999999995 0.9318
4471.9824 0.9562
4473.0127 0.9356
4474.0425 0.9604
4475.0728 1.0048
4476.1035 0.9862
4477.1343 0.9307
4478.165 0.9512
4479.1963 0.9551
4480.228 0.9951
4481.26 0.8971
4482.2915 0.9846
4483.3237 0.8947
4484.3564 0.9913
4485.389 0.9307
4486.4220000000005 0.9871
4487.455 1.0124
4488.4883 1.0468
4489.522 1.0049
4490.556 0.9691
4491.59 1.0594
4492.6245 0.9289
4493.659000000001 0.9629
4494.694 0.9742
4495.729 0.8994
4496.764 0.9227
4497.8 0.9127
4498.8354 0.9936
4499.8716 0.9786
4500.9077 0.9252
4501.9443 0.8889
4502.981 0.9449
4504.018 0.9129
4505.055 0.9376
4506.093 0.9447
4507.1304 0.9403
4508.168 0.9247
4509.2065 0.9324
4510.2446 1.0113
4511.282999999999 0.8266
4512.3223 0.9354
4513.3613 1.0483
4514.401 1.0125
4515.4404 0.9993
4516.48 1.0701
4517.5205 0.9545
4518.5605 0.922
4519.601 0.9555
4520.642 0.9693
4521.683 0.9759
4522.724 0.9174
4523.7656 0.9281
4524.8076 0.9244
4525.8496 0.9092
4526.8916 0.9533
4527.934 0.9168
4528.977 0.9742
4530.02 1.0147
4531.063 0.9176
4532.1064 0.8847
4533.1504 0.9137
4534.1943 0.934
4535.2383 0.893
4536.2827 0.8812
4537.327 0.9336
4538.372 0.9221
4539.4175 0.9342
4540.463 0.9847
4541.5083 1.0128
4542.554 1.0034
4543.6 0.9876
4544.6465 1.0558
4545.693 0.9811
4546.7397 0.9689
4547.787 0.9115
4548.8345 0.9399
4549.8820000000005 0.9943
4550.9297 0.9367
4551.9775 0.8769
4553.026 0.9976
4554.0740000000005 0.8933
4555.123 1.0359
4556.1720000000005 0.9664
4557.221 0.9263
4558.2705 0.8937
4559.3203 0.9263
4560.37 0.9891
4561.4204 1.0233
4562.4707 0.959
4563.5215 1.0188
4564.5728 0.9189
4565.6235 0.9228
4566.6753 0.8496
4567.7266 0.9611
4568.779 0.9783
4569.8306 0.9977
4570.8833 0.93
4571.9355 1.0871
4572.9883 1.0605
4574.0415 0.9612
4575.0947 0.9519
4576.1484 0.8448
4577.202 0.9273
4578.2563 1.1036
4579.3105 0.9539
4580.365 0.8859
4581.42 0.9178
4582.475 0.9049
4583.5303 1.0334
4584.585999999999 0.9887
4585.6416 0.8941
4586.6978 0.8792
4587.754 0.8765
4588.8105 0.9574
4589.867 0.9648
4590.9243 0.9023
4591.9814 1.0062
4593.0386 0.9636
4594.0967 0.9386
4595.1543 0.9598
4596.2124 0.9077
4597.271 0.931
4598.3296 0.9719
4599.3887 0.9825
4600.4478 1.0475
4601.5073 1.0268
4602.567 0.9117
4603.627 0.9378
4604.687 0.9749
4605.7476 0.9706
4606.808 0.9294
4607.8687 0.98
4608.93 1.0035
4609.991 0.9546
4611.0527 0.9952
4612.1147 0.9809
4613.177 0.9969
4614.2393 0.9655
4615.302 1.0178
4616.3647 0.9475
4617.4277 1.0459
4618.491 1.0708
4619.5547 0.9389
4620.6187 0.9503
4621.6826 0.955
4622.747 0.9347
4623.8115 0.9879
4624.876 1.0392
4625.9414 1.0243
4627.0063 0.9638
4628.0723 0.9985
4629.1377 0.9913
4630.2036 1.0061
4631.27 0.9938
4632.3364 0.9432
4633.4033 0.9649
4634.47 0.9599
4635.5376 0.9342
4636.605 1.0143
4637.673 1.0218
4638.7407 0.9972
4639.809 0.9666
4640.8774 1.0064
4641.9463 0.9804
4643.015 0.9558
4644.0845 0.995
4645.154 1.0136
4646.2236 0.9112
4647.2935 0.9526
4648.3640000000005 0.9301
4649.434 0.981
4650.505 0.9299
4651.5757 0.9798
4652.647 0.9901
4653.7188 0.9834
4654.79 0.9541
4655.8623 1.0214
4656.934 0.9263
4658.0070000000005 0.9765
4659.0796 0.983
4660.1523 0.9358
4661.2256 0.9705
4662.299 1.0048
4663.3726 0.9864
4664.4463 0.937
4665.5205 1.0194
4666.595 1.0248
4667.6694 0.9619
4668.7446 0.99
4669.82 0.9843
4670.895 0.9682
4671.9707 0.9516
4673.0464 0.9899
4674.1226 0.9067
4675.1990000000005 0.9284
4676.276 0.9612
4677.3525 0.9532
4678.4297 0.9939
4679.5073 1.0093
4680.585 0.9633
4681.6626 0.9822
4682.7407 0.9849
4683.819 0.956
4684.8975 0.9991
4685.9766 0.9543
4687.0557 1.01
4688.1353 0.9682
4689.215 1.0452
4690.2944 0.9934
4691.3745 0.9141
4692.455 1.0742
4693.5356 0.989
4694.616 0.9583
4695.6973 0.9979
4696.779 0.926
4697.8604 0.9951
4698.9424 0.9777
4700.0244 0.9358
4701.107 0.9582
4702.1895 0.9693
4703.272 0.9219
4704.3555 0.9628
4705.4385 0.9464
4706.522 0.9711
4707.606 0.9662
4708.69 0.9895
4709.7744 0.9846
4710.859 0.8856
4711.944 0.9799
4713.029 0.9696
4714.1143 0.9682
4715.1997 1.0085
4716.2856 0.9429
4717.372 0.9151
4718.458 0.9599
4719.545 0.9697
4720.6320000000005 0.9458
4721.7188 1.0033
4722.806 0.9957
4723.8936 0.9282
4724.9814 0.9416
4726.07 1.0146
4727.1577 1.0343
4728.2466 0.9923
4729.3354 0.9121
4730.4243 0.978
4731.5137 1.0414
4732.6035 0.9409
4733.6934 0.9305
4734.782999999999 0.9053
4735.8735 0.8931
4736.9644 0.9602
4738.055 0.9142
4739.1465 0.9608
4740.238 0.9971
4741.329000000001 0.9885
4742.420999999999 0.9571
4743.513 0.902
4744.6055 0.9899
4745.698 0.9051
4746.791 0.9966
4747.8843 0.9739
4748.9775 0.9792
4750.0713 0.9807
4751.165 0.9849
4752.2593 0.962
4753.3535 0.9755
4754.448 1.0308
4755.543 1.0169
4756.638 0.9348
4757.7334 1.0107
4758.829000000001 0.9638
4759.925 1.0275
4761.021 0.9851
4762.1177 1.0016
4763.2144 0.9817
4764.311 0.9912
4765.407999999999 0.9301
4766.505999999999 1.0054
4767.6035 0.9278
4768.701 0.9754
4769.7993 0.9752
4770.898 0.968
4771.9966 0.9931
4773.095 0.9345
4774.1943 0.9986
4775.294 0.972
4776.3936 0.9668
4777.4937 0.9255
4778.5938 0.9702
4779.6943 0.9567
4780.795 0.959
4781.896 0.9585
4782.997 0.978
4784.0986 0.9135
4785.2 0.9929
4786.3022 0.9601
4787.4043 0.9824
4788.5070000000005 0.9635
4789.6094 1.0009
4790.7124 0.913
4791.816 0.9846
4792.9194 1.0265
4794.023 0.9669
4795.127 0.9474
4796.2314 1.0013
4797.335999999999 0.9982
4798.4404 0.9845
4799.5454 0.9756
4800.651 0.8928
4801.7563 0.947
4802.862 0.9737
4803.9683 0.9518
4805.0740000000005 0.9783
4806.1807 0.935
4807.2876 0.9501
4808.3945 0.9524
4809.502 0.9721
4810.6094 0.972
4811.7173 1.0126
4812.8257 0.9707
4813.9336 0.9924
4815.0425 1.0237
4816.1514 0.9803
4817.2603 1.0242
4818.3696 0.953
4819.479 1.0006
4820.589 1.0272
4821.6990000000005 0.8949
4822.8096 1.0207
4823.92 0.963
4825.0312 1.0075
4826.142 0.9234
4827.2534 0.9762
4828.365 0.8969
4829.477 0.9786
4830.5894 1.0134
4831.7017 0.9872
4832.8145 1.0242
4833.9272 0.9051
4835.0405 1.0265
4836.154 0.9689
4837.2676 0.9541
4838.3813 0.936
4839.4956 0.9757
4840.6104 0.9857
4841.725 0.9775
4842.84 1.0083
4843.955 0.9709
4845.071 0.9637
4846.1865 0.9358
4847.3022 0.9845
4848.4185 0.9556
4849.535 0.9373
4850.652 0.9004
4851.769 0.9598
4852.8859999999995 0.893
4854.004 0.8806
4855.1216 0.9288
4856.2397 0.9305
4857.358 0.8536
4858.4766 0.9226
4859.595 0.8622
4860.7144 0.8483
4861.834 0.7431
4862.9536 0.6307
4864.073 0.5328
4865.1934 0.512
4866.314 0.5535
4867.4346 0.7083
4868.555 0.8631
4869.6763 0.8904
4870.798 0.8786
4871.9194 0.8521
4873.0415 0.878
4874.1636 0.8976
4875.286 0.8784
4876.4087 0.8923
4877.5317 0.9131
4878.6553 0.921
4879.7783 0.9185
4880.9023 0.9484
4882.0264 0.8686
4883.1504 0.931
4884.275 0.9659
4885.4 0.9007
4886.525 0.9007
4887.65 0.9268
4888.776 0.8901
4889.9014 0.9559
4891.0273 0.922
4892.154 0.9022
4893.2803 0.9143
4894.407 0.93
4895.5347 0.9074
4896.6616 0.897
4897.7896 0.9473
4898.9175 0.9879
4900.0454 0.9597
4901.174 0.9677
4902.3027 0.9425
4903.4316 0.9255
4904.5605 0.8626
4905.69 0.987
4906.82 0.9346
4907.9497 0.9756
4909.08 0.8836
4910.2104 0.9508
4911.3413 0.9641
4912.472 0.9254
4913.6035 0.9525
4914.735 1.0045
4915.8667 0.983
4916.999 0.9482
4918.1313 0.9569
4919.2637 0.9914
4920.3965 0.9186
4921.53 0.8996
4922.663 0.9249
4923.7970000000005 0.8845
4924.9307 0.9285
4926.0645 0.8983
4927.1990000000005 0.9562
4928.334 0.9615
4929.4688 1.0238
4930.604 1.0394
4931.7393 0.9769
4932.875 1.0326
4934.0107 0.9906
4935.147 0.9552
4936.2837 0.9416
4937.4204 0.9036
4938.5576 0.9203
4939.695 0.947
4940.8325 1.0301
4941.97 1.0034
4943.108 0.9312
4944.2466 0.9648
4945.3853 0.9829
4946.524 0.9832
4947.663 0.9838
4948.8022 0.9787
4949.942 1.0
