3911.1108 1.0
3912.0115 1.004
3912.9124 1.0162
3913.8135 1.0284
3914.7146 0.9573
3915.6162 0.9877
3916.5178 0.9881
3917.4197 0.977
3918.3218 0.9499
3919.224 0.9493
3920.1267 0.9495
3921.0295 0.9637
3921.9324 1.056
3922.8357 0.9675
3923.739 1.0297
3924.6426 0.9156
3925.5464 0.9769
3926.4504 0.9504
3927.3545 1.007
3928.259 0.9787
3929.1636 1.0115
3930.0684 0.9439
3930.9734 0.9943
3931.8787 0.9841
3932.7842 0.9182
3933.6897 0.8982
3934.5957 0.8663
3935.5017 0.8146
3936.408 0.7169
3937.3145 0.6537
3938.2212 0.5987
3939.1282 0.6376
3940.0354 0.7602
3940.9426 0.926
3941.85 0.9836
3942.7578 0.9673
3943.6658 0.9626
3944.574 0.9718
3945.4824 0.9687
3946.3909999999996 1.0007
3947.2998 1.0235
3948.2087 0.9889
3949.118 0.9901
3950.0273 0.9929
3950.937 0.9441
3951.847 0.9217
3952.7568 0.9656
3953.6672 0.9376
3954.5776 0.964
3955.4883 0.9796
3956.3992 0.9267
3957.3103 0.9374
3958.2217 0.9069
3959.1333 0.8726
3960.045 0.9187
3960.9568 0.8983
3961.869 0.8738
3962.7812 0.8329
3963.6938 0.837
3964.6067 0.7961
3965.5198 0.7533
3966.4329 0.7761
3967.3462 0.7295
3968.26 0.6598
3969.1738 0.604
3970.0879999999997 0.5491
3971.002 0.4834
3971.9165 0.3942
3972.8313 0.2899
3973.7459999999996 0.2297
3974.6611 0.2688
3975.5764 0.3216
3976.492 0.387
3977.4077 0.4975
3978.3237 0.5721
3979.2397 0.5894
3980.1562 0.6097
3981.0728 0.6887
3981.9895 0.7219
3982.9065 0.7497
3983.8237 0.7559
3984.7412 0.7786
3985.6587 0.8293
3986.5767 0.8447
3987.4946 0.8868
3988.4128 0.8807
3989.3313 0.9021
3990.25 0.9289
3991.1690000000003 0.9323
3992.0881 0.8906
3993.0073 0.9433
3993.927 0.9119
3994.8467 0.9336
3995.7666 0.9604
3996.6868 0.9248
3997.6072 0.9355
3998.5278 1.0163
3999.4485 0.9527
4000.3696 0.9902
4001.2908 0.9575
4002.2122 0.9395
4003.1338 0.939
4004.0557 0.9333
4004.9778 0.9462
4005.9001 0.9624
4006.8225 0.9671
4007.7454 0.9838
4008.6682 0.9412
4009.5913 0.9369
4010.5146 0.9041
4011.4382 1.0276
4012.362 0.9671
4013.2861 0.9957
4014.2102 0.9842
4015.1345 0.9167
4016.0593 0.9474
4016.9841 0.9682
4017.9092 0.9448
4018.8345 0.9707
4019.7598 0.9807
4020.6855 1.0013
4021.6116 0.9425
4022.5376 1.0373
4023.4639 1.0077
4024.3904 0.993
4025.3171 0.9865
4026.2441 1.0086
4027.1714 0.9629
4028.0989 0.9732
4029.0264 0.9454
4029.954 0.9661
4030.8823 0.9499
4031.8105 0.9753
4032.739 0.9867
4033.6677 0.957
4034.5964 0.9563
4035.5256 0.9438
4036.455 0.9567
4037.3845 0.9509
4038.3142 1.0115
4039.2441 1.0076
4040.1743 0.9549
4041.1047 0.9701
4042.0354 0.9946
4042.9663 0.9825
4043.8972 0.9967
4044.8286 0.9963
4045.76 1.0135
4046.6917 1.014
4047.6235 1.003
4048.5557 0.9841
4049.488 0.9958
4050.4204 0.9781
4051.3533 0.9694
4052.2861 0.9742
4053.2195 0.9813
4054.1528 0.9987
4055.0864 0.9801
4056.0203 0.982
4056.9543 0.9695
4057.8884 0.9613
4058.823 0.9675
4059.7576 1.0066
4060.6926 1.002
4061.6277 0.9639
4062.563 0.9644
4063.4985 0.9922
4064.4343 0.9901
4065.3704 0.9796
4066.3064 0.9974
4067.243 0.9873
4068.1794 0.9668
4069.1165 0.9921
4070.0535 0.9602
4070.9907 0.9329
4071.9282 0.9878
4072.866 0.9893
4073.8037 0.9721
4074.742 0.9706
4075.6804 0.9237
4076.619 0.9164
4077.5576 0.9627
4078.4966 0.9372
4079.4358 0.9584
4080.3752 0.971
4081.315 0.9473
4082.255 0.94
4083.1948 0.9138
4084.1353 0.9357
4085.0757 0.9344
4086.0164 0.9581
4086.9575 0.9439
4087.8987 0.9279
4088.8398 0.9174
4089.7815 0.9415
4090.7234 0.9046
4091.6653 0.8971
4092.6077 0.9311
4093.55 0.8959
4094.4927 0.8632
4095.4358 0.8579
4096.379 0.8445
4097.3223 0.8087
4098.2656 0.7489
4099.2095 0.7518
4100.1533 0.7006
4101.0977 0.6674
4102.042 0.6336
4102.987 0.5286
4103.9316 0.4428
4104.8765 0.3871
4105.822 0.3
4106.7676 0.29
4107.7134 0.3535
4108.659000000001 0.4088
4109.6055 0.498
4110.552 0.5485
4111.498 0.665
4112.4453 0.7208
4113.392 0.7311
4114.3394 0.7838
4115.2866 0.8292
4116.2344 0.8317
4117.1826 0.8193
4118.1304 0.9008
4119.079000000001 0.8747
4120.0273 0.9055
4120.976 0.9045
4121.9253 0.9342
4122.8745 0.9011
4123.8237 0.9346
4124.7734 0.9534
4125.7236 0.9328
4126.6733 0.9796
4127.624 0.9837
4128.5740000000005 0.9535
4129.525 0.9583
4130.476 0.9832
4131.4272 0.9519
4132.379 0.9739
4133.33 0.9778
4134.282 0.9478
4135.2344 0.9283
4136.1865 0.9211
4137.139 0.9653
4138.092000000001 0.9818
4139.0444 1.011
4139.998 1.0313
4140.951 0.9397
4141.905 0.9877
4142.8584 0.9762
4143.8125 0.9794
4144.767 0.9783
4145.721 0.9921
4146.6763 0.9755
4147.630999999999 0.9511
4148.585999999999 0.9395
4149.5415 0.9747
4150.497 0.9777
4151.4526 0.969
4152.4087 0.9854
4153.365 0.9785
4154.322 0.9645
4155.2783 1.0285
4156.2354 1.015
4157.1924 1.0
4158.1494 1.0273
4159.107 1.0047
4160.065 0.9762
4161.023 1.019
4161.981 1.0167
4162.9395 0.9719
4163.8984 0.9957
4164.857 1.0164
4165.8164 0.9983
4166.7754 0.9739
4167.7354 0.9525
4168.695 0.9504
4169.655 0.9799
4170.615 0.9853
4171.5757 0.9494
4172.536 0.9609
4173.497 0.9902
4174.458 0.9909
4175.4194 0.9865
4176.380999999999 0.9403
4177.343 0.9198
4178.3047 0.9374
4179.267 0.9295
4180.2295 0.9791
4181.192 0.9995
4182.155 0.947
4183.1179999999995 0.928
4184.081 0.9403
4185.045 0.9698
4186.009 0.973
4186.9727 0.9627
4187.9365 0.9734
4188.9014 0.9804
4189.8657 0.9686
4190.8306 0.9457
4191.795999999999 0.959
4192.7609999999995 0.9443
4193.7266 0.9479
4194.6924 0.9631
4195.657999999999 0.9951
4196.6245 0.9589
4197.590999999999 0.9755
4198.5576 0.9817
4199.5244 0.9887
4200.4917 0.9816
4201.459 0.9792
4202.4263 0.9703
4203.394 0.9508
4204.3623 0.9517
4205.33 0.9357
4206.299 0.9582
4207.2676 0.9294
4208.2363 0.9975
4209.2056 0.9727
4210.175 0.9857
4211.144 1.0092
4212.1140000000005 0.9583
4213.084 0.9795
4214.054 1.0179
4215.0244 0.9929
4215.995 0.9872
4216.9663 0.9995
4217.937 0.9911
4218.9087 0.9506
4219.88 0.9422
4220.852 0.9298
4221.8237 0.9927
4222.795999999999 0.9749
4223.7686 0.9853
4224.741 0.964
4225.714 1.0102
4226.687 0.967
4227.6606 0.9747
4228.6343 0.9871
4229.608 0.9751
4230.582 0.9321
4231.556 0.9101
4232.531 0.9215
4233.5054 0.9444
4234.4805 0.9964
4235.4556 0.974
4236.4307 0.9766
4237.4062 0.9315
4238.3823 0.9498
4239.3584 0.9154
4240.3345 0.9357
4241.311 0.9727
4242.2876 0.9751
4243.2646 0.9981
4244.2417 0.9746
4245.219 0.9662
4246.197 0.968
4247.175 0.9691
4248.153 0.9916
4249.130999999999 0.9804
4250.1094 0.9885
4251.0884 0.9163
4252.067 0.9402
4253.0464 0.9238
4254.026 0.963
4255.0054 0.9231
4255.9854 0.9683
4256.9653 0.9452
4257.946 0.9904
4258.9263 0.9661
4259.9067 0.9848
4260.8877 0.9921
4261.869000000001 1.0117
4262.8506 1.0181
4263.832 0.9746
4264.814 0.9478
4265.7964 0.946
4266.779 0.9758
4267.7609999999995 0.9828
4268.744000000001 1.0118
4269.727 1.0264
4270.7104 1.0133
4271.694 1.0146
4272.6772 0.997
4273.6616 0.9955
4274.6455 0.9596
4275.63 0.9427
4276.6147 0.9428
4277.5996 0.9177
4278.5845 0.9633
4279.57 0.9937
4280.555 0.9974
4281.541 0.9963
4282.527 1.0094
4283.513 1.0225
4284.4995 0.9936
4285.4863 1.003
4286.473 0.9839
4287.4604 0.9718
4288.4478 0.9775
4289.435 1.0106
4290.423 1.0308
4291.411 0.9829
4292.3994 0.9669
4293.3877 1.0158
4294.3765 0.9107
4295.365 0.9457
4296.3545 0.9915
4297.3438 0.9693
4298.3335 0.9584
4299.323 0.972
4300.3135 0.9587
4301.3037 0.9854
4302.2944 0.9832
4303.285 0.964
4304.276 0.9332
4305.267 0.9273
4306.259 0.9335
4307.2505 0.9128
4308.242 0.9517
4309.2344 0.9536
4310.2266 0.9881
4311.219 1.0086
4312.212 0.9514
4313.205 0.9493
4314.198 0.9643
4315.192 0.9797
4316.1855 0.9866
4317.1797 0.9994
4318.174 0.9422
4319.168 0.895
4320.1626 0.9247
4321.1577 0.9535
4322.153 0.9937
4323.148 0.9608
4324.1436 0.9622
4325.1396 0.915
4326.1353 0.9641
4327.1320000000005 0.9259
4328.128 0.9628
4329.125 0.8941
4330.1216 0.8646
4331.119000000001 0.8733
4332.116 0.8898
4333.1140000000005 0.8839
4334.112 0.8916
4335.11 0.8507
4336.1084 0.8234
4337.107 0.8339
4338.1055 0.7436
4339.1045 0.7434
4340.1035 0.6979
4341.103 0.6584
4342.103 0.5485
4343.103 0.5012
4344.103 0.3827
4345.1035 0.3317
4346.104 0.3236
4347.105 0.4117
4348.106 0.498
4349.1074 0.6002
4350.109 0.6377
4351.1104 0.7121
4352.1123 0.7227
4353.1147 0.777
4354.117 0.8026
4355.1196 0.8353
4356.1226 0.8122
4357.126 0.8352
4358.1294 0.87
4359.133 0.9171
4360.1367 0.9094
4361.1406 0.9369
4362.145 0.9628
4363.15 0.957
4364.1543 0.9395
4365.1597 0.9599
4366.1646 0.9648
4367.17 0.9996
4368.1759999999995 0.9891
4369.1816 0.9904
4370.188 0.9754
4371.1943 1.0019
4372.2007 0.9716
4373.208 0.9699
4374.215 0.9977
4375.222 0.9897
4376.2295 0.9675
4377.2373 0.9765
4378.2456 0.9883
4379.254 0.9817
4380.262 0.9683
4381.271 0.9893
4382.28 0.9964
4383.289000000001 0.9938
4384.2983 1.0035
4385.308 0.9938
4386.318 1.0111
4387.3279999999995 0.9831
4388.3384 0.9449
4389.349 0.9348
4390.36 0.9405
4391.3706 0.9922
4392.3823 0.989
4393.3936 0.9723
4394.4053 0.9886
4395.4175 0.9948
4396.4297 1.0023
4397.442 0.9806
4398.4546 0.9472
4399.4673 0.9572
4400.4805 0.9162
4401.494000000001 0.9721
4402.508 0.9891
4403.5215 0.976
4404.5356 0.9856
4405.55 0.9568
4406.5645 0.9692
4407.579000000001 1.0029
4408.594 0.9947
4409.6094 0.962
4410.625 0.9826
4411.6406 0.9957
4412.6562 0.986
4413.6724 1.031
4414.689 0.9747
4415.7056 0.9891
4416.7227 0.9934
4417.7397 0.9974
4418.7570000000005 0.9746
4419.7744 0.9921
4420.7925 0.9395
4421.8105 0.9282
4422.8286 0.9359
4423.847 0.9497
4424.8657 0.9787
4425.885 1.0001
4426.9043 0.9694
4427.9233 0.9967
4428.9434 0.9779
4429.963 1.0155
4430.9834 1.0153
4432.004 0.9989
4433.0244 0.9998
4434.045 1.0214
4435.0664 0.9817
4436.0874 0.9896
4437.1094 0.9931
4438.130999999999 0.998
4439.153 0.9953
4440.1753 0.9924
4441.1978 0.9835
4442.2207 1.0112
4443.2437 1.0024
4444.2666 0.9757
4445.29 1.0077
4446.314 1.0053
4447.338 0.9893
4448.362 0.9383
4449.3859999999995 0.9223
4450.411 0.9648
4451.4355 1.0061
4452.460999999999 0.9768
4453.4863 1.0265
4454.5117 0.9897
4455.5376 0.9547
4456.5635 1.002
4457.59 1.0118
4458.616 0.9926
4459.643 0.988
4460.67 0.9877
4461.6973 0.9943
4462.7246 0.9987
4463.7524 0.9941
4464.7803 1.0136
4465.8086 0.9914
4466.837 0.9688
4467.8657 0.9831
4468.8945 0.9896
4469.924 0.9871
4470.9529999999995 0.9978
4471.9824 0.9742
4473.0127 0.9383
4474.0425 0.9233
4475.0728 0.9509
4476.1035 0.9612
4477.1343 0.9801
4478.165 0.9911
4479.1963 0.9644
4480.228 1.0068
4481.26 0.995
4482.2915 0.987
4483.3237 0.9971
4484.3564 0.9552
4485.389 0.9168
4486.4220000000005 0.9112
4487.455 0.9358
4488.4883 0.9669
4489.522 1.0051
4490.556 1.0097
4491.59 0.9856
4492.6245 0.9601
4493.659000000001 0.964
4494.694 0.9728
4495.729 0.9744
4496.764 0.9899
4497.8 0.9766
4498.8354 0.9983
4499.8716 1.0134
4500.9077 0.9906
4501.9443 0.9784
4502.981 0.9905
4504.018 1.0172
4505.055 0.9849
4506.093 0.9514
4507.1304 0.956
4508.168 0.9843
4509.2065 0.996
4510.2446 1.0144
4511.282999999999 1.0105
4512.3223 0.9737
4513.3613 0.9715
4514.401 0.9782
4515.4404 0.9925
4516.48 0.9875
4517.5205 0.9865
4518.5605 0.9898
4519.601 0.9847
4520.642 0.994
4521.683 0.9935
4522.724 1.0031
4523.7656 0.9879
4524.8076 0.9661
4525.8496 0.9794
4526.8916 0.9391
4527.934 0.9556
4528.977 0.9403
4530.02 1.0041
4531.063 0.9692
4532.1064 0.9728
4533.1504 0.9619
4534.1943 0.9672
4535.2383 0.9686
4536.2827 1.0054
4537.327 0.9453
4538.372 0.9358
4539.4175 0.9356
4540.463 0.954
4541.5083 1.0023
4542.554 0.9849
4543.6 0.979
4544.6465 0.9995
4545.693 0.9973
4546.7397 0.9632
4547.787 0.9893
4548.8345 0.978
4549.8820000000005 1.0056
4550.9297 0.9816
4551.9775 0.9517
4553.026 0.9538
4554.0740000000005 0.8888
4555.123 0.884
4556.1720000000005 0.9228
4557.221 0.9783
4558.2705 0.9843
4559.3203 0.9616
4560.37 0.9328
4561.4204 0.9714
4562.4707 0.9704
4563.5215 0.9755
4564.5728 0.9736
4565.6235 0.9786
4566.6753 1.0071
4567.7266 0.9592
4568.779 0.9303
4569.8306 0.9385
4570.8833 0.9548
4571.9355 1.0235
4572.9883 0.9992
4574.0415 1.0143
4575.0947 0.9898
4576.1484 0.9538
4577.202 0.9431
4578.2563 0.9455
4579.3105 0.9801
4580.365 0.9825
4581.42 0.9906
4582.475 0.9774
4583.5303 1.0079
4584.585999999999 0.9856
4585.6416 0.9994
4586.6978 0.9921
4587.754 0.9785
4588.8105 0.936
4589.867 0.9241
4590.9243 0.9789
4591.9814 0.9948
4593.0386 0.9635
4594.0967 0.9501
4595.1543 0.9483
4596.2124 0.996
4597.271 0.9847
4598.3296 0.993
4599.3887 1.0009
4600.4478 0.9825
4601.5073 0.9748
4602.567 0.9868
4603.627 1.0021
4604.687 0.9877
4605.7476 1.0024
4606.808 0.992
4607.8687 0.986
4608.93 1.0029
4609.991 0.9957
4611.0527 1.0009
4612.1147 0.9924
4613.177 0.9954
4614.2393 0.998
4615.302 0.9981
4616.3647 1.0059
4617.4277 1.0096
4618.491 0.9857
4619.5547 0.9911
4620.6187 0.9936
4621.6826 0.9946
4622.747 0.9921
4623.8115 0.9732
4624.876 0.967
4625.9414 0.9703
4627.0063 0.9961
4628.0723 0.974
4629.1377 0.9813
4630.2036 1.0024
4631.27 0.9945
4632.3364 0.994
4633.4033 0.9812
4634.47 0.9708
4635.5376 0.961
4636.605 0.9736
4637.673 1.0044
4638.7407 0.9776
4639.809 0.982
4640.8774 1.0045
4641.9463 1.0157
4643.015 0.9956
4644.0845 0.9949
4645.154 0.9802
4646.2236 1.0046
4647.2935 1.0092
4648.3640000000005 1.0003
4649.434 0.9839
4650.505 0.9841
4651.5757 0.9685
4652.647 0.9837
4653.7188 0.9827
4654.79 0.9811
4655.8623 1.0074
4656.934 0.9804
4658.0070000000005 1.0224
4659.0796 0.9738
4660.1523 0.9992
4661.2256 0.9711
4662.299 0.9756
4663.3726 0.985
4664.4463 0.9727
4665.5205 0.9866
4666.595 1.012
4667.6694 0.9998
4668.7446 0.9798
4669.82 0.9708
4670.895 1.0041
4671.9707 0.9815
4673.0464 0.9786
4674.1226 1.0025
4675.1990000000005 0.988
4676.276 0.9985
4677.3525 0.9691
4678.4297 1.0009
4679.5073 1.0045
4680.585 0.9717
4681.6626 0.9939
4682.7407 1.0027
4683.819 1.0057
4684.8975 1.0042
4685.9766 0.9793
4687.0557 0.9894
4688.1353 0.9953
4689.215 1.0
4690.2944 0.9934
4691.3745 0.9927
4692.455 1.0093
4693.5356 0.971
4694.616 0.9918
4695.6973 1.0024
4696.779 1.0204
4697.8604 1.0197
4698.9424 0.9966
4700.0244 0.9934
4701.107 0.9912
4702.1895 1.0016
4703.272 1.0057
4704.3555 0.9727
4705.4385 1.0084
4706.522 1.0008
4707.606 0.9793
4708.69 0.9784
4709.7744 0.9788
4710.859 0.9916
4711.944 1.0054
4713.029 0.9875
4714.1143 0.9873
4715.1997 0.9734
4716.2856 0.9736
4717.372 0.9982
4718.458 0.999
4719.545 1.007
4720.6320000000005 0.9976
4721.7188 1.0052
4722.806 1.013
4723.8936 0.9868
4724.9814 1.0049
4726.07 1.0094
4727.1577 0.9794
4728.2466 0.9932
4729.3354 1.0094
4730.4243 1.0027
4731.5137 0.9919
4732.6035 0.9825
4733.6934 0.9845
4734.782999999999 0.9792
4735.8735 0.9841
4736.9644 0.9669
4738.055 0.985
4739.1465 0.9955
4740.238 1.0025
4741.329000000001 0.9789
4742.420999999999 0.9937
4743.513 0.9813
4744.6055 0.9936
4745.698 1.0056
4746.791 0.9895
4747.8843 0.993
4748.9775 0.9773
4750.0713 0.9877
4751.165 0.9616
4752.2593 0.9757
4753.3535 0.9993
4754.448 0.9877
4755.543 0.9859
4756.638 0.9818
4757.7334 0.9953
4758.829000000001 0.9714
4759.925 1.0019
4761.021 0.9937
4762.1177 0.9915
4763.2144 0.9893
4764.311 0.9804
4765.407999999999 0.9918
4766.505999999999 1.0066
4767.6035 0.9889
4768.701 0.9814
4769.7993 0.9869
4770.898 0.9753
4771.9966 1.0076
4773.095 0.96
4774.1943 0.9854
4775.294 0.9794
4776.3936 1.0001
4777.4937 0.9944
4778.5938 0.9913
4779.6943 0.9766
4780.795 0.9853
4781.896 0.9937
4782.997 0.989
4784.0986 0.9766
4785.2 0.982
4786.3022 0.9815
4787.4043 0.9771
4788.5070000000005 0.9709
4789.6094 1.0068
4790.7124 0.9843
4791.816 0.9969
4792.9194 1.0186
4794.023 0.9574
4795.127 0.9834
4796.2314 0.9863
4797.335999999999 0.9851
4798.4404 0.9734
4799.5454 1.006
4800.651 0.9717
4801.7563 0.9889
4802.862 0.9688
4803.9683 0.9849
4805.0740000000005 1.0075
4806.1807 0.989
4807.2876 0.9744
4808.3945 0.9643
4809.502 0.964
4810.6094 0.9644
4811.7173 0.9695
4812.8257 0.9754
4813.9336 0.9908
4815.0425 0.9817
4816.1514 0.9966
4817.2603 1.0014
4818.3696 0.9969
4819.479 0.9928
4820.589 1.007
4821.6990000000005 0.9863
4822.8096 0.9982
4823.92 0.9902
4825.0312 0.9926
4826.142 0.9955
4827.2534 0.989
4828.365 0.9731
4829.477 0.9704
4830.5894 0.9683
4831.7017 0.9751
4832.8145 0.9883
4833.9272 0.9965
4835.0405 0.9876
4836.154 0.9836
4837.2676 0.996
4838.3813 0.9772
4839.4956 0.9704
4840.6104 0.982
4841.725 0.9679
4842.84 0.9673
4843.955 0.9744
4845.071 0.9764
4846.1865 0.9624
4847.3022 0.9386
4848.4185 0.952
4849.535 0.9473
4850.652 0.9309
4851.769 0.9213
4852.8859999999995 0.8971
4854.004 0.8995
4855.1216 0.8748
4856.2397 0.862
4857.358 0.8616
4858.4766 0.813
4859.595 0.7943
4860.7144 0.7501
4861.834 0.7001
4862.9536 0.6538
4864.073 0.5863
4865.1934 0.4783
4866.314 0.3623
4867.4346 0.3514
4868.555 0.4586
4869.6763 0.5592
4870.798 0.6377
4871.9194 0.684
4873.0415 0.7383
4874.1636 0.7793
4875.286 0.8086
4876.4087 0.8326
4877.5317 0.8532
4878.6553 0.8847
4879.7783 0.875
4880.9023 0.9023
4882.0264 0.9098
4883.1504 0.918
4884.275 0.9154
4885.4 0.9569
4886.525 0.9603
4887.65 0.9422
4888.776 0.9421
4889.9014 0.957
4891.0273 0.9558
4892.154 0.9652
4893.2803 0.9555
4894.407 0.9816
4895.5347 0.9521
4896.6616 0.9465
4897.7896 0.9553
4898.9175 0.9784
4900.0454 0.9754
4901.174 0.9899
4902.3027 0.9797
4903.4316 0.9994
4904.5605 0.9925
4905.69 0.9908
4906.82 0.9841
4907.9497 0.9894
4909.08 0.9843
4910.2104 0.9791
4911.3413 0.9944
4912.472 0.9846
4913.6035 0.9855
4914.735 0.9774
4915.8667 0.9865
4916.999 0.9545
4918.1313 0.9719
4919.2637 1.004
4920.3965 1.0034
4921.53 0.9804
4922.663 0.9963
4923.7970000000005 0.9697
4924.9307 0.971
4926.0645 0.9565
4927.1990000000005 0.9842
4928.334 0.9228
4929.4688 0.9249
4930.604 0.9436
4931.7393 0.97
4932.875 0.983
4934.0107 1.007
4935.147 0.9833
4936.2837 0.9823
4937.4204 0.9806
4938.5576 0.9956
4939.695 0.9764
4940.8325 0.9754
4941.97 0.9894
4943.108 1.0002
4944.2466 0.9856
4945.3853 1.011
4946.524 1.0029
4947.663 0.9987
4948.8022 0.9992
4949.942 1.0
