3911.1108 1.0
3912.0115 0.8383
3912.9124 1.128
3913.8135 1.0014
3914.7146 0.7798
3915.6162 0.8735
3916.5178 0.8868
3917.4197 1.0121
3918.3218 1.0802
3919.224 1.0099
3920.1267 0.8688
3921.0295 0.8675
3921.9324 0.8047
3922.8357 0.7942
3923.739 0.973
3924.6426 0.9687
3925.5464 1.0113
3926.4504 0.9347
3927.3545 0.9079
3928.259 0.9849
3929.1636 0.8875
3930.0684 0.8495
3930.9734 0.8884
3931.8787 0.9146
3932.7842 0.8122
3933.6897 0.5759
3934.5957 0.6525
3935.5017 0.5389
3936.408 0.3287
3937.3145 0.3251
3938.2212 0.5269
3939.1282 0.6476
3940.0354 0.6642
3940.9426 0.7181
3941.85 0.7987
3942.7578 0.787
3943.6658 0.929
3944.574 0.9332
3945.4824 0.8479
3946.3909999999996 0.9464
3947.2998 0.9604
3948.2087 0.7873
3949.118 0.8942
3950.0273 1.0634
3950.937 0.8733
3951.847 0.8384
3952.7568 0.8341
3953.6672 0.8668
3954.5776 0.8928
3955.4883 0.8594
3956.3992 0.9316
3957.3103 0.8665
3958.2217 0.8836
3959.1333 0.8748
3960.045 0.958
3960.9568 0.9924
3961.869 0.8183
3962.7812 0.912
3963.6938 0.8638
3964.6067 0.7412
3965.5198 0.8286
3966.4329 0.6327
3967.3462 0.5911
3968.26 0.7168
3969.1738 0.5939
3970.0879999999997 0.3868
3971.002 0.3174
3971.9165 0.2251
3972.8313 0.2295
3973.7459999999996 0.3347
3974.6611 0.2304
3975.5764 0.4975
3976.492 0.4727
3977.4077 0.5038
3978.3237 0.574
3979.2397 0.6451
3980.1562 0.736
3981.0728 0.7428
3981.9895 0.6643
3982.9065 0.8763
3983.8237 0.9357
3984.7412 0.6931
3985.6587 0.9486
3986.5767 0.8315
3987.4946 0.9186
3988.4128 0.7658
3989.3313 0.7971
3990.25 0.8963
3991.1690000000003 0.8315
3992.0881 0.842
3993.0073 0.894
3993.927 0.9727
3994.8467 0.9405
3995.7666 1.01
3996.6868 0.9848
3997.6072 1.0743
3998.5278 1.083
3999.4485 0.8592
4000.3696 1.058
4001.2908 0.8286
4002.2122 1.0424
4003.1338 0.8641
4004.0557 0.9643
4004.9778 0.9688
4005.9001 0.9887
4006.8225 0.9762
4007.7454 0.8317
4008.6682 0.9659
4009.5913 0.8038
4010.5146 0.9743
4011.4382 0.8768
4012.362 0.8189
4013.2861 0.9466
4014.2102 0.899
4015.1345 0.8949
4016.0593 0.8249
4016.9841 0.7569
4017.9092 0.9205
4018.8345 0.9591
4019.7598 0.9076
4020.6855 0.9995
4021.6116 0.8397
4022.5376 0.9475
4023.4639 0.8276
4024.3904 1.1014
4025.3171 0.9681
4026.2441 0.977
4027.1714 0.9484
4028.0989 0.9815
4029.0264 1.0186
4029.954 1.0076
4030.8823 0.9502
4031.8105 0.9562
4032.739 1.0493
4033.6677 0.9315
4034.5964 0.8974
4035.5256 0.9618
4036.455 0.8866
4037.3845 0.735
4038.3142 0.8753
4039.2441 1.055
4040.1743 1.0148
4041.1047 0.9706
4042.0354 0.9286
4042.9663 0.7621
4043.8972 0.9421
4044.8286 0.9699
4045.76 0.9165
4046.6917 0.9737
4047.6235 0.9639
4048.5557 0.9784
4049.488 0.9561
4050.4204 1.0212
4051.3533 0.8981
4052.2861 0.9841
4053.2195 1.0249
4054.1528 1.0135
4055.0864 0.9666
4056.0203 0.8264
4056.9543 0.8504
4057.8884 0.9259
4058.823 0.9112
4059.7576 0.8412
4060.6926 0.9697
4061.6277 0.9643
4062.563 0.8913
4063.4985 0.8119
4064.4343 0.9686
4065.3704 0.8195
4066.3064 0.7756
4067.243 0.9249
4068.1794 0.9912
4069.1165 0.8193
4070.0535 0.8357
4070.9907 0.9573
4071.9282 0.9139
4072.866 0.9575
4073.8037 1.0211
4074.742 0.9829
4075.6804 0.9018
4076.619 0.9078
4077.5576 1.0001
4078.4966 0.9295
4079.4358 0.9391
4080.3752 1.03
4081.315 0.856
4082.255 0.7662
4083.1948 0.8977
4084.1353 0.8829
4085.0757 1.1613
4086.0164 0.8212
4086.9575 0.8847
4087.8987 1.0176
4088.8398 0.933
4089.7815 0.9992
4090.7234 0.8473
4091.6653 0.9522
4092.6077 0.8541
4093.55 0.9136
4094.4927 0.9323
4095.4358 0.8333
4096.379 0.8396
4097.3223 0.7423
4098.2656 0.8141
4099.2095 0.7394
4100.1533 0.6637
4101.0977 0.7009
4102.042 0.6965
4102.987 0.6363
4103.9316 0.4122
4104.8765 0.3324
4105.822 0.3487
4106.7676 0.3523
4107.7134 0.4287
4108.659000000001 0.5789
4109.6055 0.5999
4110.552 0.8072
4111.498 0.5965
4112.4453 0.8785
4113.392 0.6816
4114.3394 0.6986
4115.2866 0.7677
4116.2344 0.8109
4117.1826 0.8626
4118.1304 0.8356
4119.079000000001 0.7244
4120.0273 0.8492
4120.976 0.8195
4121.9253 0.828
4122.8745 0.8677
4123.8237 0.8091
4124.7734 0.9809
4125.7236 0.9506
4126.6733 0.791
4127.624 1.0035
4128.5740000000005 0.8672
4129.525 0.9828
4130.476 1.0127
4131.4272 0.9317
4132.379 0.8782
4133.33 0.8375
4134.282 0.9726
4135.2344 0.8312
4136.1865 1.4754
4137.139 0.9688
4138.092000000001 0.8003
4139.0444 0.9833
4139.998 0.8913
4140.951 0.9327
4141.905 0.9033
4142.8584 0.9888
4143.8125 1.0324
4144.767 0.9323
4145.721 0.95
4146.6763 0.9186
4147.630999999999 0.8669
4148.585999999999 0.8729
4149.5415 0.9001
4150.497 0.9788
4151.4526 0.9366
4152.4087 0.9015
4153.365 0.9424
4154.322 0.9671
4155.2783 0.9691
4156.2354 0.9789
4157.1924 1.0254
4158.1494 0.8888
4159.107 0.8606
4160.065 0.8965
4161.023 0.9305
4161.981 0.9815
4162.9395 0.9258
4163.8984 0.9783
4164.857 0.8669
4165.8164 0.9283
4166.7754 0.9123
4167.7354 0.919
4168.695 0.9498
4169.655 1.0056
4170.615 0.9859
4171.5757 0.925
4172.536 0.9392
4173.497 0.9409
4174.458 0.951
4175.4194 0.9077
4176.380999999999 0.9256
4177.343 0.8911
4178.3047 0.8689
4179.267 0.9882
4180.2295 0.9619
4181.192 0.8354
4182.155 0.8749
4183.1179999999995 0.9338
4184.081 0.9196
4185.045 0.9823
4186.009 0.9871
4186.9727 0.9182
4187.9365 1.0321
4188.9014 0.8799
4189.8657 0.8519
4190.8306 0.9442
4191.795999999999 0.9652
4192.7609999999995 0.8979
4193.7266 0.8765
4194.6924 0.89
4195.657999999999 1.017
4196.6245 1.032
4197.590999999999 0.9714
4198.5576 0.9908
4199.5244 0.9191
4200.4917 0.9286
4201.459 0.9424
4202.4263 0.8646
4203.394 0.8151
4204.3623 0.9496
4205.33 0.9396
4206.299 0.975
4207.2676 0.7959
4208.2363 0.9764
4209.2056 0.9434
4210.175 0.8484
4211.144 0.9078
4212.1140000000005 0.9402
4213.084 0.8888
4214.054 0.9913
4215.0244 0.9626
4215.995 0.9222
4216.9663 1.0741
4217.937 0.9289
4218.9087 0.9198
4219.88 0.9471
4220.852 0.8154
4221.8237 0.964
4222.795999999999 0.9504
4223.7686 0.9461
4224.741 0.928
4225.714 1.0907
4226.687 1.018
4227.6606 0.9716
4228.6343 0.8706
4229.608 0.8597
4230.582 0.8601
4231.556 0.9349
4232.531 0.7856
4233.5054 1.0399
4234.4805 0.9756
4235.4556 1.0795
4236.4307 0.9267
4237.4062 0.9368
4238.3823 0.8969
4239.3584 0.8377
4240.3345 0.9865
4241.311 0.843
4242.2876 1.0257
4243.2646 0.9646
4244.2417 0.7964
4245.219 1.0894
4246.197 0.9097
4247.175 1.0531
4248.153 0.9765
4249.130999999999 1.0048
4250.1094 0.934
4251.0884 0.8906
4252.067 0.8425
4253.0464 0.9068
4254.026 0.9648
4255.0054 0.9322
4255.9854 0.9585
4256.9653 0.8855
4257.946 0.8944
4258.9263 0.9837
4259.9067 0.92
4260.8877 0.9253
4261.869000000001 0.9646
4262.8506 0.741
4263.832 0.9338
4264.814 0.9775
4265.7964 0.8385
4266.779 1.0074
4267.7609999999995 0.9454
4268.744000000001 1.0379
4269.727 0.8745
4270.7104 1.0276
4271.694 0.9931
4272.6772 0.9875
4273.6616 1.1229
4274.6455 0.9105
4275.63 0.9533
4276.6147 0.844
4277.5996 0.8771
4278.5845 0.8834
4279.57 0.8784
4280.555 0.8816
4281.541 0.9966
4282.527 0.993
4283.513 0.9582
4284.4995 0.9079
4285.4863 0.9278
4286.473 0.9569
4287.4604 0.9764
4288.4478 1.0031
4289.435 0.9481
4290.423 0.9907
4291.411 0.9424
4292.3994 0.902
4293.3877 0.8548
4294.3765 0.7963
4295.365 0.9011
4296.3545 0.9095
4297.3438 0.8777
4298.3335 0.9693
4299.323 0.9479
4300.3135 1.0138
4301.3037 1.0391
4302.2944 0.9868
4303.285 0.8582
4304.276 0.7842
4305.267 0.866
4306.259 0.8641
4307.2505 0.8779
4308.242 0.9925
4309.2344 0.9137
4310.2266 0.8297
4311.219 0.9514
4312.212 0.9382
4313.205 0.9234
4314.198 1.0052
4315.192 0.9963
4316.1855 0.9534
4317.1797 0.9145
4318.174 0.8652
4319.168 0.8919
4320.1626 0.8205
4321.1577 0.7909
4322.153 0.9508
4323.148 0.922
4324.1436 0.942
4325.1396 0.969
4326.1353 0.8982
4327.1320000000005 0.9219
4328.128 0.8543
4329.125 0.9502
4330.1216 0.728
4331.119000000001 0.8289
4332.116 0.8014
4333.1140000000005 0.9446
4334.112 0.8807
4335.11 0.8599
4336.1084 0.6984
4337.107 0.8181
4338.1055 0.8191
4339.1045 0.7657
4340.1035 0.7144
4341.103 0.6027
4342.103 0.5358
4343.103 0.4968
4344.103 0.3906
4345.1035 0.3399
4346.104 0.4618
4347.105 0.6295
4348.106 0.6217
4349.1074 0.6633
4350.109 0.7977
4351.1104 0.9106
4352.1123 0.8044
4353.1147 0.8869
4354.117 0.8065
4355.1196 0.8376
4356.1226 0.8469
4357.126 0.8179
4358.1294 0.8279
4359.133 1.111
4360.1367 0.984
4361.1406 0.9528
4362.145 0.9366
4363.15 0.9317
4364.1543 0.9411
4365.1597 0.8824
4366.1646 0.8376
4367.17 0.9746
4368.1759999999995 0.963
4369.1816 1.0135
4370.188 1.0129
4371.1943 0.8453
4372.2007 0.8941
4373.208 1.0166
4374.215 1.0126
4375.222 0.9814
4376.2295 0.8702
4377.2373 1.0694
4378.2456 0.9762
4379.254 0.8917
4380.262 1.1872
4381.271 1.0603
4382.28 0.88
4383.289000000001 1.0138
4384.2983 1.0295
4385.308 0.9122
4386.318 0.9233
4387.3279999999995 0.9865
4388.3384 0.9944
4389.349 0.9643
4390.36 0.9291
4391.3706 1.0287
4392.3823 0.829
4393.3936 0.9392
4394.4053 0.9091
4395.4175 1.0132
4396.4297 0.9909
4397.442 1.0001
4398.4546 0.8078
4399.4673 0.8843
4400.4805 0.8963
4401.494000000001 0.9849
4402.508 0.9805
4403.5215 1.0514
4404.5356 0.987
4405.55 0.9623
4406.5645 0.9023
4407.579000000001 1.0331
4408.594 0.9642
4409.6094 0.9168
4410.625 0.9117
4411.6406 1.0051
4412.6562 0.9857
4413.6724 0.9977
4414.689 0.873
4415.7056 0.9793
4416.7227 0.9252
4417.7397 0.979
4418.7570000000005 0.9548
4419.7744 0.8978
4420.7925 0.8773
4421.8105 0.9451
4422.8286 0.9379
4423.847 0.9915
4424.8657 1.0973
4425.885 0.9238
4426.9043 0.9396
4427.9233 0.9932
4428.9434 0.9999
4429.963 0.9453
4430.9834 0.971
4432.004 1.0229
4433.0244 1.0166
4434.045 1.0124
4435.0664 0.9634
4436.0874 0.9684
4437.1094 0.8881
4438.130999999999 0.9191
4439.153 0.8872
4440.1753 0.8487
4441.1978 0.9243
4442.2207 0.9996
4443.2437 1.0181
4444.2666 0.9182
4445.29 0.9085
4446.314 0.9088
4447.338 0.8203
4448.362 0.7951
4449.3859999999995 0.9668
4450.411 0.9865
4451.4355 0.9167
4452.460999999999 0.9488
4453.4863 0.8673
4454.5117 0.9504
4455.5376 0.9136
4456.5635 0.9181
4457.59 0.9375
4458.616 0.8044
4459.643 0.945
4460.67 1.0266
4461.6973 0.9929
4462.7246 0.9973
4463.7524 0.9805
4464.7803 1.0068
4465.8086 1.0006
4466.837 0.9598
4467.8657 0.9872
4468.8945 0.9999
4469.924 0.9883
4470.9529999999995 0.8308
4471.9824 0.9625
4473.0127 0.8238
4474.0425 0.8888
4475.0728 0.9767
4476.1035 0.9124
4477.1343 0.9313
4478.165 0.9686
4479.1963 0.9669
4480.228 0.9461
4481.26 1.0073
4482.2915 1.0392
4483.3237 1.0046
4484.3564 1.0085
4485.389 0.8752
4486.4220000000005 0.8927
4487.455 0.8928
4488.4883 0.9635
4489.522 0.9711
4490.556 0.9948
4491.59 1.0007
4492.6245 0.8025
4493.659000000001 0.8803
4494.694 1.0261
4495.729 0.8842
4496.764 0.9166
4497.8 1.0063
4498.8354 0.9226
4499.8716 0.9859
4500.9077 0.9812
4501.9443 0.9907
4502.981 0.9921
4504.018 0.9967
4505.055 0.9214
4506.093 0.8604
4507.1304 0.9803
4508.168 1.0001
4509.2065 0.9442
4510.2446 0.8985
4511.282999999999 0.9123
4512.3223 0.8803
4513.3613 1.0144
4514.401 0.9191
4515.4404 0.9963
4516.48 1.051
4517.5205 0.9324
4518.5605 1.0363
4519.601 0.8545
4520.642 1.0663
4521.683 1.0022
4522.724 1.0856
4523.7656 0.9347
4524.8076 0.9435
4525.8496 0.9025
4526.8916 0.9328
4527.934 0.9448
4528.977 1.0843
4530.02 0.9301
4531.063 0.916
4532.1064 0.819
4533.1504 0.9811
4534.1943 0.833
4535.2383 0.9588
4536.2827 1.009
4537.327 0.8867
4538.372 0.7986
4539.4175 0.8126
4540.463 0.9124
4541.5083 1.0126
4542.554 1.0326
4543.6 0.9345
4544.6465 0.9824
4545.693 0.9189
4546.7397 1.0054
4547.787 0.88
4548.8345 0.8934
4549.8820000000005 0.9383
4550.9297 0.9119
4551.9775 0.8893
4553.026 0.9167
4554.0740000000005 0.8584
4555.123 0.8776
4556.1720000000005 0.9716
4557.221 0.941
4558.2705 0.9041
4559.3203 0.89
4560.37 0.9188
4561.4204 0.8557
4562.4707 0.947
4563.5215 0.9006
4564.5728 0.9917
4565.6235 0.8873
4566.6753 0.9664
4567.7266 0.9897
4568.779 0.9479
4569.8306 0.9695
4570.8833 1.0732
4571.9355 0.9377
4572.9883 0.9459
4574.0415 0.9712
4575.0947 0.8934
4576.1484 0.9048
4577.202 1.0045
4578.2563 0.9169
4579.3105 0.883
4580.365 0.9854
4581.42 1.07
4582.475 0.9748
4583.5303 0.9206
4584.585999999999 0.8962
4585.6416 0.9507
4586.6978 0.9776
4587.754 0.8983
4588.8105 0.878
4589.867 0.9936
4590.9243 1.0234
4591.9814 0.9052
4593.0386 0.9477
4594.0967 0.9737
4595.1543 0.9994
4596.2124 0.8925
4597.271 0.9044
4598.3296 1.0067
4599.3887 1.0428
4600.4478 0.9134
4601.5073 0.9382
4602.567 0.9768
4603.627 0.9193
4604.687 0.9541
4605.7476 0.9939
4606.808 0.9606
4607.8687 1.0012
4608.93 0.9423
4609.991 0.9707
4611.0527 1.0663
4612.1147 1.0328
4613.177 0.9523
4614.2393 0.8997
4615.302 0.9563
4616.3647 0.9343
4617.4277 1.0288
4618.491 0.9503
4619.5547 0.9165
4620.6187 0.9382
4621.6826 0.9632
4622.747 0.9209
4623.8115 0.9577
4624.876 0.9241
4625.9414 0.9095
4627.0063 0.9512
4628.0723 1.0435
4629.1377 0.8981
4630.2036 1.0573
4631.27 0.9312
4632.3364 0.9658
4633.4033 0.8671
4634.47 0.8772
4635.5376 0.8935
4636.605 0.8878
4637.673 0.9609
4638.7407 0.9467
4639.809 1.0069
4640.8774 0.9702
4641.9463 1.034
4643.015 0.9659
4644.0845 1.1136
4645.154 0.9078
4646.2236 1.0422
4647.2935 0.9969
4648.3640000000005 0.9634
4649.434 0.9265
4650.505 0.9981
4651.5757 0.9671
4652.647 0.9184
4653.7188 0.9608
4654.79 0.8739
4655.8623 1.0521
4656.934 0.8816
4658.0070000000005 0.9868
4659.0796 0.9206
4660.1523 0.9381
4661.2256 0.8991
4662.299 1.0367
4663.3726 1.0454
4664.4463 0.9147
4665.5205 1.0004
4666.595 0.9003
4667.6694 0.9052
4668.7446 0.8779
4669.82 0.9233
4670.895 0.9554
4671.9707 0.8913
4673.0464 0.8403
4674.1226 0.9693
4675.1990000000005 0.9453
4676.276 0.9059
4677.3525 0.8992
4678.4297 0.9116
4679.5073 0.9585
4680.585 0.8928
4681.6626 0.9467
4682.7407 1.0091
4683.819 0.9427
4684.8975 1.0146
4685.9766 0.9806
4687.0557 1.0535
4688.1353 0.8776
4689.215 0.9516
4690.2944 1.0163
4691.3745 0.9413
4692.455 0.9617
4693.5356 1.0256
4694.616 1.0439
4695.6973 1.0316
4696.779 1.0085
4697.8604 0.9655
4698.9424 0.9922
4700.0244 1.0371
4701.107 0.9407
4702.1895 0.9237
4703.272 0.9585
4704.3555 0.9542
4705.4385 0.9224
4706.522 0.9598
4707.606 0.8198
4708.69 0.9321
4709.7744 0.9454
4710.859 0.9721
4711.944 0.938
4713.029 0.9684
4714.1143 0.9541
4715.1997 0.9611
4716.2856 1.0373
4717.372 1.0007
4718.458 0.9476
4719.545 0.9256
4720.6320000000005 1.0017
4721.7188 1.0168
4722.806 0.9969
4723.8936 1.0136
4724.9814 1.0095
4726.07 0.9788
4727.1577 1.0156
4728.2466 1.0091
4729.3354 0.9754
4730.4243 0.9626
4731.5137 0.9783
4732.6035 1.0043
4733.6934 0.9177
4734.782999999999 0.9049
4735.8735 0.9635
4736.9644 0.953
4738.055 0.9751
4739.1465 0.9271
4740.238 0.8809
4741.329000000001 0.9145
4742.420999999999 0.9622
4743.513 0.9816
4744.6055 0.9538
4745.698 0.9979
4746.791 0.9245
4747.8843 0.9726
4748.9775 0.9557
4750.0713 0.9083
4751.165 0.9247
4752.2593 0.9427
4753.3535 0.9718
4754.448 0.9986
4755.543 0.9511
4756.638 0.9792
4757.7334 0.917
4758.829000000001 0.94
4759.925 0.9014
4761.021 0.9237
4762.1177 0.9336
4763.2144 1.0558
4764.311 0.991
4765.407999999999 0.8938
4766.505999999999 0.9581
4767.6035 0.9188
4768.701 0.8361
4769.7993 0.9771
4770.898 0.9457
4771.9966 0.8897
4773.095 1.0451
4774.1943 0.9287
4775.294 0.9123
4776.3936 0.9592
4777.4937 0.9435
4778.5938 0.9209
4779.6943 0.9757
4780.795 1.0147
4781.896 0.9229
4782.997 0.9343
4784.0986 0.9074
4785.2 0.9301
4786.3022 0.9512
4787.4043 0.8737
4788.5070000000005 0.9322
4789.6094 0.8688
4790.7124 0.9722
4791.816 0.9282
4792.9194 0.9991
4794.023 1.05
4795.127 0.9691
4796.2314 0.9885
4797.335999999999 0.8987
4798.4404 0.9013
4799.5454 0.9468
4800.651 0.9124
4801.7563 0.9968
4802.862 0.8907
4803.9683 0.9284
4805.0740000000005 0.9067
4806.1807 0.9376
4807.2876 0.9271
4808.3945 0.9125
4809.502 0.9376
4810.6094 0.8859
4811.7173 0.9565
4812.8257 1.0082
4813.9336 0.9133
4815.0425 0.9941
4816.1514 0.8965
4817.2603 0.9116
4818.3696 1.0002
4819.479 0.8672
4820.589 0.974
4821.6990000000005 0.9352
4822.8096 0.9403
4823.92 0.958
4825.0312 1.0271
4826.142 0.9326
4827.2534 0.8597
4828.365 0.9739
4829.477 0.8942
4830.5894 0.9367
4831.7017 0.9441
4832.8145 0.961
4833.9272 0.8363
4835.0405 0.8707
4836.154 0.9641
4837.2676 0.9904
4838.3813 0.9566
4839.4956 0.9121
4840.6104 0.8955
4841.725 0.8872
4842.84 0.9869
4843.955 0.9667
4845.071 1.3035
4846.1865 1.0038
4847.3022 0.9251
4848.4185 0.9107
4849.535 0.9144
4850.652 0.8817
4851.769 0.9237
4852.8859999999995 0.8308
4854.004 0.833
4855.1216 0.8232
4856.2397 0.8581
4857.358 0.8507
4858.4766 0.7671
4859.595 0.8246
4860.7144 0.7424
4861.834 0.7033
4862.9536 0.6985
4864.073 0.6033
4865.1934 0.4103
4866.314 0.4052
4867.4346 0.4877
4868.555 0.6137
4869.6763 0.7276
4870.798 0.7479
4871.9194 0.7885
4873.0415 0.7871
4874.1636 0.8557
4875.286 0.8018
4876.4087 0.7861
4877.5317 0.885
4878.6553 0.873
4879.7783 0.8617
4880.9023 0.8645
4882.0264 0.9089
4883.1504 0.8972
4884.275 0.9044
4885.4 0.9147
4886.525 0.8641
4887.65 0.838
4888.776 0.8808
4889.9014 0.8838
4891.0273 0.9746
4892.154 1.0086
4893.2803 0.8425
4894.407 0.9284
4895.5347 0.8976
4896.6616 0.9426
4897.7896 0.877
4898.9175 0.9247
4900.0454 1.0637
4901.174 0.9546
4902.3027 0.8925
4903.4316 0.9475
4904.5605 0.9117
4905.69 0.9407
4906.82 0.9628
4907.9497 1.0258
4909.08 0.9829
4910.2104 0.8829
4911.3413 0.8893
4912.472 0.9768
4913.6035 0.9052
4914.735 1.0256
4915.8667 0.8971
4916.999 0.9551
4918.1313 0.9542
4919.2637 0.8963
4920.3965 0.9426
4921.53 0.9384
4922.663 0.9735
4923.7970000000005 0.8522
4924.9307 0.9568
4926.0645 0.9403
4927.1990000000005 0.9099
4928.334 0.9433
4929.4688 0.8165
4930.604 0.892
4931.7393 1.0496
4932.875 0.9562
4934.0107 1.0095
4935.147 0.9655
4936.2837 0.903
4937.4204 0.9881
4938.5576 0.9068
4939.695 0.9406
4940.8325 0.9751
4941.97 0.9888
4943.108 0.9855
4944.2466 1.0309
4945.3853 1.0058
4946.524 0.9204
4947.663 0.9819
4948.8022 0.9837
4949.942 1.0
