3911.1108 1.0
3912.0115 1.0128
3912.9124 0.6889
3913.8135 1.0108
3914.7146 1.232
3915.6162 0.9
3916.5178 0.941
3917.4197 0.91
3918.3218 0.7448
3919.224 0.8252
3920.1267 0.8883
3921.0295 0.8639
3921.9324 0.9879
3922.8357 1.0966
3923.739 0.5758
3924.6426 1.0032
3925.5464 0.8411
3926.4504 0.559
3927.3545 0.8072
3928.259 0.4702
3929.1636 0.9583
3930.0684 0.2465
3930.9734 0.6222
3931.8787 0.2047
3932.7842 0.4715
3933.6897 0.8524
3934.5957 0.3391
3935.5017 0.7218
3936.408 0.7794
3937.3145 0.8718
3938.2212 1.0207
3939.1282 0.5003
3940.0354 1.0358
3940.9426 0.4862
3941.85 1.2518
3942.7578 0.8205
3943.6658 0.686
3944.574 0.8434
3945.4824 0.8512
3946.3909999999996 1.0303
3947.2998 1.0114
3948.2087 1.0048
3949.118 0.4209
3950.0273 0.8637
3950.937 0.4939
3951.847 0.8696
3952.7568 0.7049
3953.6672 0.7904
3954.5776 0.7313
3955.4883 0.6959
3956.3992 0.9578
3957.3103 0.6529
3958.2217 0.9911
3959.1333 0.6651
3960.045 0.3667
3960.9568 0.7848
3961.869 0.6013
3962.7812 0.3323
3963.6938 0.6217
3964.6067 0.7293
3965.5198 0.4397
3966.4329 0.3217
3968.26 0.021
3969.1738 0.1814
3970.0879999999997 0.3379
3971.002 0.5595
3971.9165 0.4143
3972.8313 0.2663
3973.7459999999996 0.5381
3974.6611 0.6264
3975.5764 0.6375
3976.492 0.8304
3977.4077 0.7754
3978.3237 0.4924
3979.2397 0.4486
3980.1562 0.7839
3981.0728 0.9554
3981.9895 0.9174
3982.9065 0.4169
3983.8237 0.7581
3984.7412 0.8553
3985.6587 0.7852
3986.5767 0.8243
3987.4946 0.8194
3988.4128 1.0342
3989.3313 0.8516
3990.25 0.9379
3991.1690000000003 0.5962
3992.0881 0.6521
3993.0073 0.6959
3993.927 1.1401
3994.8467 1.1149
3995.7666 0.8799
3996.6868 0.6629
3997.6072 0.9349
3998.5278 0.9143
3999.4485 1.0122
4000.3696 0.7737
4001.2908 1.0012
4002.2122 0.7901
4003.1338 0.4818
4004.0557 0.7069
4004.9778 0.5588
4005.9001 1.3284
4006.8225 1.1966
4007.7454 0.7896
4008.6682 0.6866
4009.5913 0.694
4010.5146 0.7049
4011.4382 0.7881
4012.362 0.6281
4013.2861 0.6632
4014.2102 0.7985
4015.1345 0.4979
4016.0593 1.0212
4016.9841 0.7578
4017.9092 0.8642
4018.8345 1.3383
4019.7598 0.9996
4020.6855 1.1022
4021.6116 0.6134
4022.5376 0.7238
4023.4639 1.1183
4024.3904 0.8948
4025.3171 0.9769
4026.2441 1.0162
4027.1714 0.4305
4028.0989 0.915
4029.0264 0.6171
4029.954 1.0312
4030.8823 0.3964
4031.8105 0.6394
4032.739 0.7224
4033.6677 0.9736
4034.5964 0.8629
4035.5256 0.8867
4036.455 1.0681
4037.3845 0.7755
4038.3142 0.5022
4039.2441 0.7757
4040.1743 0.8123
4041.1047 0.7335
4042.0354 0.7494
4042.9663 0.7766
4043.8972 0.8881
4044.8286 0.8766
4045.76 0.9995
4046.6917 0.9047
4047.6235 1.2557
4048.5557 1.4553
4049.488 0.8924
4050.4204 0.8277
4051.3533 0.613
4052.2861 0.6576
4053.2195 0.7877
4054.1528 0.5144
4055.0864 0.7826
4056.0203 0.7653
4056.9543 0.938
4057.8884 0.9064
4058.823 0.811
4059.7576 0.856
4060.6926 0.967
4061.6277 1.3643
4062.563 0.9516
4063.4985 0.9222
4064.4343 0.5103
4065.3704 0.7561
4066.3064 0.6725
4067.243 0.8453
4068.1794 0.9385
4069.1165 0.8737
4070.0535 1.0653
4070.9907 0.7009
4071.9282 0.9694
4072.866 1.0125
4073.8037 0.5282
4074.742 0.9755
4075.6804 0.8504
4076.619 0.746
4077.5576 0.8011
4078.4966 0.5438
4079.4358 0.8061
4080.3752 0.4583
4081.315 0.8175
4082.255 0.583
4083.1948 0.6891
4084.1353 0.5269
4085.0757 0.6441
4086.0164 0.6956
4086.9575 0.6838
4087.8987 0.5858
4088.8398 0.9345
4089.7815 0.6605
4090.7234 0.6829
4091.6653 1.1344
4092.6077 0.7474
4093.55 0.4974
4094.4927 0.702
4095.4358 0.7521
4096.379 0.3084
4097.3223 0.4424
4098.2656 0.1423
4099.2095 0.1978
4100.1533 0.179
4101.0977 0.2247
4102.042 0.3211
4102.987 0.6283
4103.9316 0.4946
4104.8765 0.5033
4105.822 0.7247
4106.7676 0.5541
4107.7134 0.7146
4108.659000000001 0.7782
4109.6055 0.5633
4110.552 0.8727
4111.498 0.6262
4112.4453 0.6289
4113.392 0.8185
4114.3394 0.8835
4115.2866 0.8453
4116.2344 0.6956
4117.1826 0.9096
4118.1304 0.9479
4119.079000000001 0.8306
4120.0273 0.9765
4120.976 0.8236
4121.9253 0.8168
4122.8745 0.8973
4123.8237 0.8337
4124.7734 1.0674
4125.7236 1.0212
4126.6733 1.0513
4127.624 1.0918
4128.5740000000005 0.6536
4129.525 0.7192
4130.476 0.9688
4131.4272 0.9162
4132.379 0.7189
4133.33 0.7944
4134.282 0.9742
4135.2344 0.8657
4136.1865 0.9683
4137.139 1.0292
4138.092000000001 0.7569
4139.0444 1.1884
4139.998 0.8967
4140.951 0.8241
4141.905 0.9293
4142.8584 1.0826
4143.8125 0.5203
4144.767 0.9342
4145.721 0.9144
4146.6763 0.9634
4147.630999999999 1.0741
4148.585999999999 0.6353
4149.5415 0.8224
4150.497 1.1903
4151.4526 1.1434
4152.4087 0.8728
4153.365 0.7395
4154.322 0.765
4155.2783 0.7072
4156.2354 0.9819
4157.1924 0.7314
4158.1494 1.0805
4159.107 0.8181
4160.065 0.6618
4161.023 0.8638
4161.981 0.7599
4162.9395 0.9451
4163.8984 0.9494
4164.857 1.0554
4165.8164 0.9348
4166.7754 0.968
4167.7354 1.1881
4168.695 0.6378
4169.655 0.8357
4170.615 0.9637
4171.5757 0.6299
4172.536 1.1397
4173.497 0.4586
4174.458 1.0077
4175.4194 0.7706
4176.380999999999 0.6593
4177.343 1.248
4178.3047 0.7262
4179.267 0.6453
4180.2295 0.6674
4181.192 1.0461
4182.155 0.8606
4183.1179999999995 1.0711
4184.081 0.7325
4185.045 1.1548
4186.009 0.8004
4186.9727 0.7812
4187.9365 0.9051
4188.9014 0.9433
4189.8657 0.9628
4190.8306 0.7159
4191.795999999999 0.7501
4192.7609999999995 0.8339
4193.7266 0.8873
4194.6924 0.8141
4195.657999999999 0.9523
4196.6245 1.0003
4197.590999999999 0.8585
4198.5576 0.9697
4199.5244 1.1735
4200.4917 1.0333
4201.459 0.9503
4202.4263 0.8793
4203.394 0.8552
4204.3623 0.9571
4205.33 0.8482
4206.299 1.0779
4207.2676 1.0024
4208.2363 0.9349
4209.2056 0.9183
4210.175 1.154
4211.144 0.903
4212.1140000000005 0.6928
4213.084 0.7736
4214.054 1.0298
4215.0244 0.8972
4215.995 0.6702
4216.9663 0.9093
4217.937 0.7305
4218.9087 0.8362
4219.88 0.86
4220.852 0.9153
4221.8237 0.8555
4222.795999999999 0.7123
4223.7686 0.6956
4224.741 0.9748
4225.714 1.0332
4226.687 0.9664
4227.6606 0.8067
4228.6343 0.9989
4229.608 0.9993
4230.582 1.0895
4231.556 0.716
4232.531 0.7216
4233.5054 0.7256
4234.4805 0.7833
4235.4556 0.8227
4236.4307 0.9147
4237.4062 0.8822
4238.3823 0.7958
4239.3584 0.9307
4240.3345 1.058
4241.311 0.5354
4242.2876 0.8843
4243.2646 1.1077
4244.2417 0.7458
4245.219 1.1775
4246.197 0.8729
4247.175 1.0546
4248.153 1.1095
4249.130999999999 0.5804
4250.1094 0.8852
4251.0884 0.8167
4252.067 0.8831
4253.0464 0.9853
4254.026 1.0354
4255.0054 0.7287
4255.9854 0.9645
4256.9653 1.1096
4257.946 1.2775
4258.9263 0.9612
4259.9067 0.8032
4260.8877 1.0683
4261.869000000001 0.7627
4262.8506 0.7956
4263.832 0.9666
4264.814 0.9621
4265.7964 0.8114
4266.779 1.0657
4267.7609999999995 1.1583
4268.744000000001 0.6852
4269.727 0.7004
4270.7104 0.8471
4271.694 1.183
4272.6772 0.9289
4273.6616 0.9864
4274.6455 0.9619
4275.63 0.642
4276.6147 1.0589
4277.5996 0.9062
4278.5845 0.7419
4279.57 1.1099
4280.555 1.0111
4281.541 0.9479
4282.527 0.8556
4283.513 0.9029
4284.4995 1.0113
4285.4863 0.7022
4286.473 0.8323
4287.4604 0.8455
4288.4478 0.8504
4289.435 0.8744
4290.423 0.7347
4291.411 0.9804
4292.3994 0.8586
4293.3877 0.7996
4294.3765 1.0286
4295.365 0.9016
4296.3545 1.1708
4297.3438 0.852
4298.3335 0.8657
4299.323 0.9838
4300.3135 0.8616
4301.3037 0.9342
4302.2944 0.7316
4303.285 1.0327
4304.276 1.0099
4305.267 0.9822
4306.259 0.7073
4307.2505 1.0585
4308.242 0.6616
4309.2344 1.0029
4310.2266 0.8917
4311.219 0.7523
4312.212 0.9102
4313.205 0.8852
4314.198 0.8225
4315.192 0.6859
4316.1855 0.7415
4317.1797 0.9898
4318.174 0.7229
4319.168 0.4945
4320.1626 1.0808
4321.1577 0.9088
4322.153 1.0288
4323.148 0.8654
4324.1436 0.604
4325.1396 0.7269
4326.1353 0.8781
4327.1320000000005 0.8804
4328.128 0.716
4329.125 0.6993
4330.1216 0.8397
4331.119000000001 0.513
4332.116 0.6816
4333.1140000000005 0.857
4334.112 0.761
4335.11 0.765
4336.1084 0.4034
4337.107 0.3175
4338.1055 0.3791
4339.1045 0.1147
4340.1035 0.4775
4341.103 0.5856
4342.103 0.5207
4343.103 0.6486
4344.103 0.8534
4345.1035 0.6678
4346.104 1.0234
4347.105 0.8529
4348.106 0.8053
4349.1074 0.6969
4350.109 0.7878
4351.1104 0.7528
4352.1123 0.7402
4353.1147 0.6351
4354.117 0.9196
4355.1196 1.0478
4356.1226 0.8454
4357.126 1.2298
4358.1294 0.9703
4359.133 1.055
4360.1367 1.2103
4361.1406 0.65
4362.145 0.7626
4363.15 0.7898
4364.1543 0.8821
4365.1597 0.8208
4366.1646 0.8882
4367.17 0.7939
4368.1759999999995 1.0378
4369.1816 1.0298
4370.188 1.0828
4371.1943 0.9521
4372.2007 0.9107
4373.208 1.0023
4374.215 0.9583
4375.222 0.8704
4376.2295 1.1314
4377.2373 1.1231
4378.2456 1.1114
4379.254 0.9408
4380.262 0.9197
4381.271 0.8762
4382.28 0.6758
4383.289000000001 0.91
4384.2983 0.8241
4385.308 0.904
4386.318 0.7412
4387.3279999999995 0.971
4388.3384 0.7891
4389.349 0.9624
4390.36 0.9537
4391.3706 0.9675
4392.3823 0.8245
4393.3936 0.7899
4394.4053 0.7127
4395.4175 0.8956
4396.4297 1.0552
4397.442 0.9253
4398.4546 1.1011
4399.4673 0.7206
4400.4805 0.7544
4401.494000000001 0.9243
4402.508 0.7427
4403.5215 1.0123
4404.5356 1.01
4405.55 0.9037
4406.5645 0.9895
4407.579000000001 1.0429
4408.594 0.8889
4409.6094 0.8805
4410.625 0.7963
4411.6406 1.1516
4412.6562 0.8239
4413.6724 0.9963
4414.689 0.9858
4415.7056 0.8431
4416.7227 0.9892
4417.7397 0.8378
4418.7570000000005 0.9016
4419.7744 0.7173
4420.7925 1.0659
4421.8105 0.955
4422.8286 0.9688
4423.847 0.8613
4424.8657 0.6123
4425.885 0.9817
4426.9043 1.0054
4427.9233 0.7875
4428.9434 0.8346
4429.963 0.9447
4430.9834 0.9063
4432.004 0.9249
4433.0244 0.8176
4434.045 0.9059
4435.0664 0.7331
4436.0874 0.7765
4437.1094 1.0112
4438.130999999999 0.8229
4439.153 0.7682
4440.1753 0.7208
4441.1978 0.7308
4442.2207 0.8722
4443.2437 0.8916
4444.2666 0.9205
4445.29 0.9566
4446.314 0.9271
4447.338 0.9525
4448.362 0.827
4449.3859999999995 0.9142
4450.411 0.9902
4451.4355 0.6798
4452.460999999999 0.7537
4453.4863 0.8816
4454.5117 0.6929
4455.5376 0.8445
4456.5635 0.8437
4457.59 1.0808
4458.616 0.8559
4459.643 1.087
4460.67 0.9291
4461.6973 0.8571
4462.7246 0.9675
4463.7524 0.7387
4464.7803 0.8853
4465.8086 0.7896
4466.837 0.7707
4467.8657 0.8121
4468.8945 0.8873
4469.924 0.8531
4470.9529999999995 1.0023
4471.9824 0.778
4473.0127 1.0678
4474.0425 1.0176
4475.0728 0.9747
4476.1035 1.0337
4477.1343 0.799
4478.165 1.0928
4479.1963 0.7127
4480.228 0.8741
4481.26 0.9025
4482.2915 0.9538
4483.3237 0.8188
4484.3564 1.185
4485.389 0.9261
4486.4220000000005 0.9266
4487.455 0.8234
4488.4883 0.8437
4489.522 0.9045
4490.556 0.9046
4491.59 0.794
4492.6245 0.8785
4493.659000000001 0.8415
4494.694 0.9963
4495.729 0.5454
4496.764 1.0327
4497.8 0.6972
4498.8354 1.0214
4499.8716 0.7737
4500.9077 1.0005
4501.9443 0.9942
4502.981 0.9155
4504.018 0.8996
4505.055 0.7695
4506.093 0.8969
4507.1304 1.1827
4508.168 1.2663
4509.2065 0.9268
4510.2446 0.9603
4511.282999999999 0.9203
4512.3223 0.765
4513.3613 0.7635
4514.401 0.8635
4515.4404 0.7677
4516.48 0.7606
4517.5205 0.8326
4518.5605 0.7787
4519.601 0.8715
4520.642 0.8496
4521.683 0.9728
4522.724 1.0216
4523.7656 0.8061
4524.8076 0.8528
4525.8496 0.8469
4526.8916 0.8333
4527.934 0.788
4528.977 0.9913
4530.02 1.0142
4531.063 0.8282
4532.1064 1.0565
4533.1504 0.8553
4534.1943 0.8364
4535.2383 0.984
4536.2827 0.8939
4537.327 0.929
4538.372 0.8937
4539.4175 0.904
4540.463 1.1077
4541.5083 0.9601
4542.554 0.7709
4543.6 0.8357
4544.6465 0.7645
4545.693 0.709
4546.7397 0.9446
4547.787 0.9319
4548.8345 0.9249
4549.8820000000005 0.7972
4550.9297 1.1819
4551.9775 0.8854
4553.026 0.9803
4554.0740000000005 0.7045
4555.123 1.0658
4556.1720000000005 0.7788
4557.221 0.9747
4558.2705 0.9839
4559.3203 0.829
4560.37 0.7328
4561.4204 0.9277
4562.4707 0.8349
4563.5215 1.0657
4564.5728 1.0618
4565.6235 0.9698
4566.6753 1.1059
4567.7266 0.9029
4568.779 0.8703
4569.8306 0.8601
4570.8833 0.748
4571.9355 0.7704
4572.9883 0.7138
4574.0415 0.8762
4575.0947 0.6535
4576.1484 0.9667
4577.202 0.7942
4578.2563 0.8689
4579.3105 0.9485
4580.365 0.7793
4581.42 0.9959
4582.475 1.014
4583.5303 0.9608
4584.585999999999 0.8286
4585.6416 1.0069
4586.6978 1.078
4587.754 0.9145
4588.8105 1.0096
4589.867 0.9336
4590.9243 0.9402
4591.9814 0.8583
4593.0386 0.9214
4594.0967 0.9623
4595.1543 0.94
4596.2124 0.9925
4597.271 0.8957
4598.3296 0.8966
4599.3887 0.9563
4600.4478 0.8429
4601.5073 1.0031
4602.567 0.9785
4603.627 0.8466
4604.687 0.935
4605.7476 0.9439
4606.808 1.0396
4607.8687 0.9796
4608.93 0.8675
4609.991 0.9629
4611.0527 1.0646
4612.1147 1.0026
4613.177 0.8761
4614.2393 0.9007
4615.302 0.9006
4616.3647 1.0698
4617.4277 1.0091
4618.491 0.9146
4619.5547 0.7976
4620.6187 1.0332
4621.6826 0.886
4622.747 1.0214
4623.8115 0.7655
4624.876 1.0311
4625.9414 0.9103
4627.0063 0.8664
4628.0723 0.8541
4629.1377 0.7137
4630.2036 0.9816
4631.27 0.7508
4632.3364 0.9656
4633.4033 0.9799
4634.47 1.025
4635.5376 0.9946
4636.605 0.8959
4637.673 0.9501
4638.7407 0.9196
4639.809 1.0214
4640.8774 0.7455
4641.9463 1.1131
4643.015 1.0066
4644.0845 0.782
4645.154 0.766
4646.2236 0.9758
4647.2935 0.9625
4648.3640000000005 0.7459
4649.434 1.0095
4650.505 0.9849
4651.5757 0.7716
4652.647 1.0487
4653.7188 0.8717
4654.79 0.9325
4655.8623 0.8759
4656.934 0.8575
4658.0070000000005 1.054
4659.0796 0.8503
4660.1523 0.9212
4661.2256 0.8089
4662.299 0.9938
4663.3726 0.7598
4664.4463 0.9032
4665.5205 1.0222
4666.595 0.897
4667.6694 0.8091
4668.7446 0.9354
4669.82 1.0541
4670.895 0.862
4671.9707 0.9386
4673.0464 0.8767
4674.1226 0.92
4675.1990000000005 0.8534
4676.276 0.9741
4677.3525 0.9382
4678.4297 1.0828
4679.5073 1.0158
4680.585 0.8351
4681.6626 0.8537
4682.7407 0.8045
4683.819 0.9199
4684.8975 0.8087
4685.9766 0.8664
4687.0557 1.0587
4688.1353 0.9649
4689.215 1.0531
4690.2944 1.1202
4691.3745 1.0466
4692.455 0.9568
4693.5356 0.9075
4694.616 0.8365
4695.6973 0.7461
4696.779 0.9438
4697.8604 1.1232
4698.9424 1.096
4700.0244 0.9164
4701.107 0.9048
4702.1895 0.7666
4703.272 0.938
4704.3555 0.9764
4705.4385 0.8482
4706.522 0.9028
4707.606 1.0459
4708.69 0.8407
4709.7744 1.0418
4710.859 0.9023
4711.944 0.7774
4713.029 1.0536
4714.1143 1.0119
4715.1997 0.964
4716.2856 0.7594
4717.372 0.9389
4718.458 0.9483
4719.545 0.9795
4720.6320000000005 0.9623
4721.7188 1.0911
4722.806 0.9242
4723.8936 0.9233
4724.9814 0.9822
4726.07 0.9687
4727.1577 0.9206
4728.2466 0.9324
4729.3354 0.8613
4730.4243 0.7643
4731.5137 0.8041
4732.6035 0.6831
4733.6934 0.8304
4734.782999999999 1.0073
4735.8735 0.9605
4736.9644 1.1231
4738.055 0.9197
4739.1465 0.811
4740.238 0.9042
4741.329000000001 0.7799
4742.420999999999 0.8468
4743.513 1.1179
4744.6055 0.9642
4745.698 1.0247
4746.791 0.6767
4747.8843 1.0244
4748.9775 0.8339
4750.0713 0.9133
4751.165 0.9725
4752.2593 1.0587
4753.3535 0.8466
4754.448 0.9456
4755.543 1.1045
4756.638 0.855
4757.7334 0.7814
4758.829000000001 0.939
4759.925 0.8706
4761.021 0.8505
4762.1177 0.9789
4763.2144 0.9461
4764.311 0.8066
4765.407999999999 0.7431
4766.505999999999 0.9475
4767.6035 0.946
4768.701 0.9693
4769.7993 0.9631
4770.898 0.796
4771.9966 0.748
4773.095 0.9109
4774.1943 0.8534
4775.294 1.0232
4776.3936 0.9896
4777.4937 0.8263
4778.5938 1.0057
4779.6943 0.9061
4780.795 0.8412
4781.896 0.9001
4782.997 0.9493
4784.0986 0.836
4785.2 0.76
4786.3022 0.8674
4787.4043 0.9652
4788.5070000000005 0.8806
4789.6094 0.9227
4790.7124 0.9327
4791.816 0.9955
4792.9194 0.9728
4794.023 0.8373
4795.127 1.0737
4796.2314 0.8586
4797.335999999999 0.9331
4798.4404 0.9204
4799.5454 1.0427
4800.651 1.0936
4801.7563 0.9497
4802.862 0.8857
4803.9683 0.8353
4805.0740000000005 0.7495
4806.1807 0.944
4807.2876 0.9461
4808.3945 0.8932
4809.502 0.8948
4810.6094 0.9556
4811.7173 0.9523
4812.8257 1.0193
4813.9336 1.0098
4815.0425 0.8736
4816.1514 1.0373
4817.2603 1.1054
4818.3696 0.8396
4819.479 1.0122
4820.589 0.9687
4821.6990000000005 0.9723
4822.8096 0.7529
4823.92 1.0947
4825.0312 0.8951
4826.142 0.9573
4827.2534 1.0625
4828.365 0.8513
4829.477 1.1907
4830.5894 0.722
4831.7017 0.8573
4832.8145 0.8413
4833.9272 0.7948
4835.0405 0.821
4836.154 1.0582
4837.2676 0.7794
4838.3813 0.9015
4839.4956 0.8249
4840.6104 0.8807
4841.725 0.9151
4842.84 0.8612
4843.955 0.8432
4845.071 0.8771
4846.1865 0.9289
4847.3022 0.8765
4848.4185 0.7426
4849.535 0.8511
4850.652 0.6082
4851.769 0.5825
4852.8859999999995 0.6633
4854.004 0.6429
4855.1216 0.5774
4856.2397 0.648
4857.358 0.6358
4858.4766 0.4449
4859.595 0.469
4860.7144 0.5594
4861.834 0.5675
4862.9536 0.6056
4864.073 0.7969
4865.1934 0.9442
4866.314 0.9666
4867.4346 0.8374
4868.555 0.5975
4869.6763 0.7611
4870.798 0.8323
4871.9194 0.776
4873.0415 0.8969
4874.1636 0.748
4875.286 0.8061
4876.4087 0.7596
4877.5317 0.8879
4878.6553 0.7879
4879.7783 0.544
4880.9023 1.0187
4882.0264 0.9467
4883.1504 0.9453
4884.275 0.9771
4885.4 0.9253
4886.525 0.5143
4887.65 1.0325
4888.776 0.7902
4889.9014 0.8608
4891.0273 0.9031
4892.154 1.0052
4893.2803 0.9027
4894.407 0.796
4895.5347 0.9325
4896.6616 0.725
4897.7896 0.8947
4898.9175 0.9383
4900.0454 0.9493
4901.174 0.9092
4902.3027 0.986
4903.4316 0.8731
4904.5605 0.8184
4905.69 0.7704
4906.82 1.0007
4907.9497 0.7596
4909.08 0.9225
4910.2104 0.8977
4911.3413 0.6342
4912.472 0.8842
4913.6035 0.9312
4914.735 0.8641
4915.8667 0.7916
4916.999 0.7324
4918.1313 0.8759
4919.2637 0.7898
4920.3965 0.8294
4921.53 0.8118
4922.663 0.7944
4923.7970000000005 0.8645
4924.9307 0.852
4926.0645 0.6783
4927.1990000000005 0.7766
4928.334 0.749
4929.4688 0.8666
4930.604 1.0885
4931.7393 1.0326
4932.875 0.7358
4934.0107 1.0205
4935.147 0.907
4936.2837 1.0285
4937.4204 0.8821
4938.5576 0.8301
4939.695 0.7432
4940.8325 0.9015
4941.97 0.9109
4943.108 1.0402
4944.2466 0.9938
4945.3853 0.8835
4946.524 0.9549
4947.663 1.1024
4948.8022 1.0008
4949.942 1.0
