3911.1108 1.0
3912.0115 1.0494
3912.9124 0.964
3913.8135 0.9628
3914.7146 0.9786
3915.6162 0.9954
3916.5178 0.8802
3917.4197 0.9192
3918.3218 0.8751
3919.224 0.9737
3920.1267 0.8828
3921.0295 0.9327
3921.9324 0.9444
3922.8357 0.8786
3923.739 0.8764
3924.6426 0.9851
3925.5464 0.8783
3926.4504 1.1736
3927.3545 0.9763
3928.259 0.8549
3929.1636 0.96
3930.0684 0.919
3930.9734 0.9488
3931.8787 0.8972
3932.7842 0.9313
3933.6897 0.7821
3934.5957 0.7053
3935.5017 0.5478
3936.408 0.5172
3937.3145 0.4847
3938.2212 0.6393
3939.1282 0.7106
3940.0354 0.7278
3940.9426 1.0094
3941.85 0.921
3942.7578 1.0455
3943.6658 0.9002
3944.574 0.9719
3945.4824 0.9843
3946.3909999999996 0.9139
3947.2998 0.9393
3948.2087 0.9344
3949.118 0.8298
3950.0273 0.9978
3950.937 0.9536
3951.847 0.8743
3952.7568 0.8419
3953.6672 1.0267
3954.5776 0.9497
3955.4883 0.9542
3956.3992 0.9316
3957.3103 0.8775
3958.2217 1.0079
3959.1333 0.9002
3960.045 0.881
3960.9568 0.9156
3961.869 0.8599
3962.7812 0.7837
3963.6938 0.8499
3964.6067 0.8033
3965.5198 0.6792
3966.4329 0.5742
3967.3462 0.7434
3968.26 0.6253
3969.1738 0.5962
3970.0879999999997 0.5561
3971.002 0.459
3971.9165 0.2779
3972.8313 0.2911
3973.7459999999996 0.2305
3974.6611 0.3214
3975.5764 0.435
3976.492 0.5662
3977.4077 0.5992
3978.3237 0.655
3979.2397 0.6998
3980.1562 0.7592
3981.0728 0.7784
3981.9895 0.6851
3982.9065 0.8745
3983.8237 0.8223
3984.7412 0.8327
3985.6587 0.6649
3986.5767 0.7446
3987.4946 0.9482
3988.4128 0.7554
3989.3313 0.8682
3990.25 0.892
3991.1690000000003 0.847
3992.0881 0.7432
3993.0073 0.8786
3993.927 0.8723
3994.8467 0.8387
3995.7666 0.9182
3996.6868 0.9211
3997.6072 0.9558
3998.5278 0.9934
3999.4485 0.989
4000.3696 0.874
4001.2908 0.8818
4002.2122 0.9172
4003.1338 0.9638
4004.0557 0.9344
4004.9778 0.8564
4005.9001 0.886
4006.8225 0.8979
4007.7454 0.8998
4008.6682 0.9551
4009.5913 0.9286
4010.5146 0.9267
4011.4382 0.9876
4012.362 0.9186
4013.2861 0.9282
4014.2102 0.9954
4015.1345 1.0135
4016.0593 1.0058
4016.9841 0.9397
4017.9092 0.9045
4018.8345 0.9241
4019.7598 0.9429
4020.6855 0.9752
4021.6116 0.9479
4022.5376 0.908
4023.4639 0.9666
4024.3904 0.9131
4025.3171 0.9496
4026.2441 1.0192
4027.1714 0.9144
4028.0989 0.9466
4029.0264 0.9445
4029.954 0.9209
4030.8823 1.0698
4031.8105 0.9965
4032.739 0.9315
4033.6677 0.8798
4034.5964 1.0614
4035.5256 0.9369
4036.455 1.0121
4037.3845 0.9937
4038.3142 0.9655
4039.2441 1.0901
4040.1743 1.0693
4041.1047 1.0171
4042.0354 0.8798
4042.9663 0.9442
4043.8972 0.9058
4044.8286 0.9961
4045.76 0.9598
4046.6917 0.9076
4047.6235 1.0642
4048.5557 0.8313
4049.488 0.7783
4050.4204 0.9085
4051.3533 0.8927
4052.2861 1.0766
4053.2195 0.9372
4054.1528 0.9905
4055.0864 0.9926
4056.0203 0.9603
4056.9543 0.976
4057.8884 0.9977
4058.823 0.9774
4059.7576 0.904
4060.6926 0.9882
4061.6277 0.985
4062.563 0.923
4063.4985 0.9019
4064.4343 1.0336
4065.3704 1.0078
4066.3064 0.9479
4067.243 0.8908
4068.1794 0.9825
4069.1165 1.0149
4070.0535 0.9833
4070.9907 0.9601
4071.9282 0.9214
4072.866 1.016
4073.8037 1.0012
4074.742 1.0124
4075.6804 0.8658
4076.619 0.9408
4077.5576 0.9699
4078.4966 0.9325
4079.4358 1.0589
4080.3752 0.9102
4081.315 0.9357
4082.255 0.8815
4083.1948 0.9129
4084.1353 0.9327
4085.0757 0.9717
4086.0164 0.8991
4086.9575 0.8339
4087.8987 0.8638
4088.8398 0.8792
4089.7815 0.7232
4090.7234 0.8756
4091.6653 0.9215
4092.6077 0.8355
4093.55 0.9009
4094.4927 0.8434
4095.4358 0.9308
4096.379 0.8575
4097.3223 0.7043
4098.2656 0.7725
4099.2095 0.7079
4100.1533 0.6308
4101.0977 0.6726
4102.042 0.5934
4102.987 0.5184
4103.9316 0.4803
4104.8765 0.4394
4105.822 0.4417
4106.7676 0.5408
4107.7134 0.5376
4108.659000000001 0.4734
4109.6055 0.6059
4110.552 0.7116
4111.498 0.6971
4112.4453 0.7581
4113.392 0.7748
4114.3394 0.7693
4115.2866 0.8077
4116.2344 0.895
4117.1826 0.8185
4118.1304 0.8868
4119.079000000001 0.9004
4120.0273 0.8852
4120.976 0.8022
4121.9253 0.8865
4122.8745 0.9443
4123.8237 0.8772
4124.7734 0.9029
4125.7236 0.9182
4126.6733 0.9504
4127.624 0.906
4128.5740000000005 1.0654
4129.525 0.8769
4130.476 0.9313
4131.4272 0.9911
4132.379 0.9028
4133.33 0.9755
4134.282 0.8823
4135.2344 0.9538
4136.1865 0.921
4137.139 0.9747
4138.092000000001 0.9852
4139.0444 0.9655
4139.998 1.0027
4140.951 1.0364
4141.905 0.8429
4142.8584 1.0268
4143.8125 1.1055
4144.767 1.0446
4145.721 0.9353
4146.6763 0.9577
4147.630999999999 0.9145
4148.585999999999 0.961
4149.5415 0.9281
4150.497 0.9916
4151.4526 0.9614
4152.4087 0.9454
4153.365 1.0067
4154.322 0.9971
4155.2783 0.9804
4156.2354 0.9764
4157.1924 1.0046
4158.1494 0.9849
4159.107 0.9985
4160.065 0.9995
4161.023 0.9352
4161.981 0.8597
4162.9395 0.9501
4163.8984 0.9462
4164.857 0.9213
4165.8164 0.9498
4166.7754 0.9423
4167.7354 0.9862
4168.695 0.9968
4169.655 1.0548
4170.615 0.9315
4171.5757 0.9053
4172.536 0.9721
4173.497 1.0445
4174.458 0.9411
4175.4194 1.0206
4176.380999999999 0.9447
4177.343 0.9726
4178.3047 0.9949
4179.267 0.9678
4180.2295 0.9224
4181.192 0.9525
4182.155 1.0093
4183.1179999999995 0.9258
4184.081 0.9211
4185.045 0.9609
4186.009 1.0749
4186.9727 0.9652
4187.9365 1.0244
4188.9014 0.9925
4189.8657 0.8979
4190.8306 0.92
4191.795999999999 0.9472
4192.7609999999995 0.9956
4193.7266 0.9248
4194.6924 0.9135
4195.657999999999 0.8952
4196.6245 0.9622
4197.590999999999 1.0004
4198.5576 1.0239
4199.5244 1.017
4200.4917 0.9876
4201.459 0.8799
4202.4263 0.9064
4203.394 0.9608
4204.3623 0.9296
4205.33 0.8621
4206.299 0.8859
4207.2676 0.9176
4208.2363 0.9497
4209.2056 0.9249
4210.175 1.0183
4211.144 0.9996
4212.1140000000005 0.9904
4213.084 1.0308
4214.054 0.9774
4215.0244 1.0233
4215.995 1.0056
4216.9663 0.9912
4217.937 0.9643
4218.9087 0.931
4219.88 0.8947
4220.852 0.8944
4221.8237 1.0095
4222.795999999999 0.9999
4223.7686 0.9998
4224.741 1.0807
4225.714 0.9955
4226.687 0.9247
4227.6606 0.9299
4228.6343 0.9755
4229.608 0.9038
4230.582 0.8553
4231.556 0.9057
4232.531 0.8959
4233.5054 0.889
4234.4805 0.9324
4235.4556 0.9439
4236.4307 0.8739
4237.4062 0.9687
4238.3823 1.008
4239.3584 0.9127
4240.3345 0.9818
4241.311 0.9574
4242.2876 0.9826
4243.2646 0.9559
4244.2417 0.934
4245.219 0.9076
4246.197 0.9039
4247.175 0.9977
4248.153 0.9658
4249.130999999999 0.9279
4250.1094 1.005
4251.0884 0.8712
4252.067 0.8932
4253.0464 0.9382
4254.026 0.9157
4255.0054 0.9338
4255.9854 0.9328
4256.9653 0.9288
4257.946 0.8956
4258.9263 0.9519
4259.9067 1.0038
4260.8877 0.9228
4261.869000000001 1.0148
4262.8506 0.9932
4263.832 0.971
4264.814 1.0583
4265.7964 0.977
4266.779 0.9831
4267.7609999999995 0.994
4268.744000000001 1.0514
4269.727 1.0211
4270.7104 1.08
4271.694 0.9673
4272.6772 0.929
4273.6616 0.8912
4274.6455 0.9123
4275.63 0.9347
4276.6147 0.9729
4277.5996 0.9309
4278.5845 1.0166
4279.57 0.877
4280.555 0.9254
4281.541 0.9535
4282.527 0.9784
4283.513 0.9331
4284.4995 0.9406
4285.4863 0.9305
4286.473 0.9004
4287.4604 0.9328
4288.4478 1.0158
4289.435 0.9595
4290.423 0.9731
4291.411 0.9617
4292.3994 1.0245
4293.3877 0.7966
4294.3765 0.945
4295.365 0.9163
4296.3545 1.0001
4297.3438 0.8999
4298.3335 0.9769
4299.323 0.9095
4300.3135 0.9833
4301.3037 1.0046
4302.2944 0.8508
4303.285 0.9463
4304.276 0.8606
4305.267 0.8511
4306.259 0.9833
4307.2505 0.8741
4308.242 0.8794
4309.2344 0.9421
4310.2266 0.989
4311.219 0.8705
4312.212 0.9597
4313.205 0.9418
4314.198 1.0506
4315.192 1.0385
4316.1855 0.9324
4317.1797 0.9106
4318.174 0.8857
4319.168 0.954
4320.1626 0.9439
4321.1577 0.9576
4322.153 0.9257
4323.148 0.939
4324.1436 0.8614
4325.1396 0.8501
4326.1353 0.8227
4327.1320000000005 0.8578
4328.128 0.8693
4329.125 0.8552
4330.1216 0.8652
4331.119000000001 0.7795
4332.116 0.9009
4333.1140000000005 0.93
4334.112 0.8313
4335.11 0.9214
4336.1084 0.7774
4337.107 0.8101
4338.1055 0.7341
4339.1045 0.6826
4340.1035 0.7142
4341.103 0.5821
4342.103 0.5746
4343.103 0.5423
4344.103 0.3775
4345.1035 0.487
4346.104 0.5378
4347.105 0.6436
4348.106 0.7448
4349.1074 0.6792
4350.109 0.7591
4351.1104 0.7764
4352.1123 0.821
4353.1147 0.8198
4354.117 0.8367
4355.1196 0.8022
4356.1226 0.7343
4357.126 0.8846
4358.1294 0.8264
4359.133 0.8631
4360.1367 0.774
4361.1406 0.8812
4362.145 0.9322
4363.15 0.8982
4364.1543 0.8724
4365.1597 0.9558
4366.1646 0.9527
4367.17 0.9387
4368.1759999999995 0.9369
4369.1816 0.9345
4370.188 0.9293
4371.1943 0.8989
4372.2007 1.0208
4373.208 0.9761
4374.215 1.0702
4375.222 0.9475
4376.2295 1.0375
4377.2373 0.9655
4378.2456 0.9135
4379.254 0.9667
4380.262 0.9478
4381.271 0.9952
4382.28 0.9004
4383.289000000001 0.9333
4384.2983 0.8905
4385.308 1.077
4386.318 0.9743
4387.3279999999995 0.9149
4388.3384 0.9148
4389.349 0.9309
4390.36 0.9458
4391.3706 0.9822
4392.3823 0.9487
4393.3936 0.9501
4394.4053 0.988
4395.4175 0.9685
4396.4297 0.8837
4397.442 0.8785
4398.4546 0.8849
4399.4673 1.0326
4400.4805 0.9304
4401.494000000001 0.9638
4402.508 1.0336
4403.5215 0.966
4404.5356 0.9437
4405.55 0.993
4406.5645 0.9946
4407.579000000001 0.9482
4408.594 0.9211
4409.6094 1.0009
4410.625 1.0191
4411.6406 0.9646
4412.6562 0.9721
4413.6724 0.9637
4414.689 1.016
4415.7056 0.9556
4416.7227 1.0536
4417.7397 1.0051
4418.7570000000005 0.9575
4419.7744 0.9566
4420.7925 0.9195
4421.8105 0.9378
4422.8286 0.9106
4423.847 0.8921
4424.8657 0.947
4425.885 0.9481
4426.9043 0.9425
4427.9233 1.0205
4428.9434 1.0076
4429.963 0.9614
4430.9834 0.9738
4432.004 0.9382
4433.0244 0.9488
4434.045 0.9712
4435.0664 0.9242
4436.0874 0.9763
4437.1094 0.942
4438.130999999999 0.8605
4439.153 0.9393
4440.1753 0.9685
4441.1978 0.9934
4442.2207 0.9992
4443.2437 0.9412
4444.2666 0.9879
4445.29 1.0177
4446.314 0.9295
4447.338 0.9304
4448.362 0.9275
4449.3859999999995 0.8469
4450.411 0.9828
4451.4355 1.006
4452.460999999999 1.0207
4453.4863 1.0041
4454.5117 1.002
4455.5376 0.9692
4456.5635 0.9156
4457.59 0.9612
4458.616 1.0315
4459.643 0.9706
4460.67 0.961
4461.6973 0.9498
4462.7246 0.9828
4463.7524 0.9247
4464.7803 0.8814
4465.8086 0.9605
4466.837 1.0088
4467.8657 0.8769
4468.8945 0.9244
4469.924 0.9685
4470.9529999999995 0.9946
4471.9824 0.9267
4473.0127 0.9214
4474.0425 0.9487
4475.0728 0.9648
4476.1035 0.9822
4477.1343 0.9952
4478.165 1.0391
4479.1963 0.9627
4480.228 0.9798
4481.26 0.9241
4482.2915 1.0066
4483.3237 0.8746
4484.3564 0.9033
4485.389 0.9073
4486.4220000000005 0.8879
4487.455 0.9476
4488.4883 0.9566
4489.522 0.9473
4490.556 0.972
4491.59 1.0596
4492.6245 0.9906
4493.659000000001 0.9474
4494.694 0.994
4495.729 0.9728
4496.764 1.0395
4497.8 1.0063
4498.8354 0.9864
4499.8716 0.9316
4500.9077 0.9538
4501.9443 0.9693
4502.981 1.0222
4504.018 0.9691
4505.055 0.963
4506.093 0.8644
4507.1304 0.9801
4508.168 0.9389
4509.2065 1.0559
4510.2446 1.0276
4511.282999999999 0.9882
4512.3223 0.9612
4513.3613 0.9063
4514.401 0.9782
4515.4404 0.9627
4516.48 0.9943
4517.5205 1.1033
4518.5605 0.9607
4519.601 0.9982
4520.642 0.9636
4521.683 0.9444
4522.724 0.9564
4523.7656 0.9288
4524.8076 0.8838
4525.8496 0.9255
4526.8916 0.9395
4527.934 0.9645
4528.977 0.9837
4530.02 1.0503
4531.063 1.0225
4532.1064 0.9627
4533.1504 0.923
4534.1943 0.9119
4535.2383 0.9534
4536.2827 0.944
4537.327 0.853
4538.372 1.0587
4539.4175 0.8723
4540.463 0.9651
4541.5083 0.9974
4542.554 0.9143
4543.6 1.0238
4544.6465 0.9767
4545.693 1.0014
4546.7397 0.9909
4547.787 1.0088
4548.8345 0.9656
4549.8820000000005 0.9747
4550.9297 0.9305
4551.9775 1.0037
4553.026 1.0274
4554.0740000000005 0.8234
4555.123 0.8833
4556.1720000000005 0.9823
4557.221 0.9312
4558.2705 0.8166
4559.3203 0.953
4560.37 0.9413
4561.4204 0.9737
4562.4707 0.9022
4563.5215 0.9631
4564.5728 0.9616
4565.6235 0.9985
4566.6753 0.9499
4567.7266 0.9727
4568.779 0.9455
4569.8306 0.9662
4570.8833 0.926
4571.9355 0.9956
4572.9883 1.0137
4574.0415 0.9178
4575.0947 0.9832
4576.1484 0.9598
4577.202 0.9039
4578.2563 0.9363
4579.3105 0.899
4580.365 0.9544
4581.42 0.9879
4582.475 0.9498
4583.5303 0.9732
4584.585999999999 0.9626
4585.6416 0.9861
4586.6978 0.9179
4587.754 0.9348
4588.8105 0.953
4589.867 0.9987
4590.9243 0.9585
4591.9814 0.9933
4593.0386 1.022
4594.0967 1.0162
4595.1543 0.9135
4596.2124 0.9417
4597.271 0.8875
4598.3296 1.004
4599.3887 0.9551
4600.4478 1.002
4601.5073 0.9683
4602.567 0.9426
4603.627 0.9005
4604.687 0.9624
4605.7476 0.952
4606.808 0.9718
4607.8687 0.9672
4608.93 0.9711
4609.991 1.0105
4611.0527 0.9934
4612.1147 1.0408
4613.177 0.9625
4614.2393 0.9854
4615.302 0.9582
4616.3647 1.0248
4617.4277 0.9828
4618.491 0.9674
4619.5547 0.9312
4620.6187 0.914
4621.6826 1.0184
4622.747 0.9493
4623.8115 0.9874
4624.876 1.0174
4625.9414 1.0006
4627.0063 0.9841
4628.0723 1.0176
4629.1377 0.9298
4630.2036 0.9606
4631.27 0.944
4632.3364 0.9579
4633.4033 1.0001
4634.47 1.0206
4635.5376 0.997
4636.605 0.9459
4637.673 0.906
4638.7407 0.9497
4639.809 0.9998
4640.8774 0.9535
4641.9463 0.995
4643.015 0.9487
4644.0845 0.9242
4645.154 0.9667
4646.2236 0.9475
4647.2935 0.8852
4648.3640000000005 0.9315
4649.434 1.0124
4650.505 0.9401
4651.5757 0.9206
4652.647 1.0043
4653.7188 1.016
4654.79 0.9499
4655.8623 0.9904
4656.934 1.0285
4658.0070000000005 0.9841
4659.0796 0.9922
4660.1523 1.0036
4661.2256 0.9657
4662.299 0.9615
4663.3726 0.9665
4664.4463 0.9541
4665.5205 0.9243
4666.595 0.9204
4667.6694 0.9826
4668.7446 0.9476
4669.82 1.0046
4670.895 1.0132
4671.9707 0.9374
4673.0464 0.9766
4674.1226 0.9427
4675.1990000000005 0.9695
4676.276 0.9678
4677.3525 0.9491
4678.4297 0.9784
4679.5073 0.9345
4680.585 0.9765
4681.6626 1.0043
4682.7407 0.9665
4683.819 0.8973
4684.8975 0.9838
4685.9766 1.0687
4687.0557 1.0172
4688.1353 0.8931
4689.215 0.9098
4690.2944 0.9957
4691.3745 1.006
4692.455 0.9871
4693.5356 0.9508
4694.616 0.9819
4695.6973 0.9422
4696.779 0.9627
4697.8604 0.9343
4698.9424 0.9853
4700.0244 0.9798
4701.107 0.9911
4702.1895 0.9759
4703.272 0.9493
4704.3555 0.9813
4705.4385 0.9401
4706.522 1.0052
4707.606 0.9366
4708.69 0.9339
4709.7744 1.0104
4710.859 0.9694
4711.944 0.9398
4713.029 0.9376
4714.1143 1.0364
4715.1997 0.9512
4716.2856 0.9471
4717.372 0.9755
4718.458 0.9627
4719.545 0.9506
4720.6320000000005 0.9239
4721.7188 1.0034
4722.806 0.9948
4723.8936 0.9786
4724.9814 0.9661
4726.07 0.9435
4727.1577 0.9554
4728.2466 0.9867
4729.3354 1.0103
4730.4243 0.9923
4731.5137 0.9699
4732.6035 0.8821
4733.6934 0.9592
4734.782999999999 0.9106
4735.8735 1.0108
4736.9644 0.951
4738.055 0.9931
4739.1465 1.0081
4740.238 0.9344
4741.329000000001 1.0268
4742.420999999999 0.9663
4743.513 0.9622
4744.6055 0.9762
4745.698 0.9374
4746.791 0.9515
4747.8843 1.1842
4748.9775 1.0453
4750.0713 0.9358
4751.165 0.9737
4752.2593 0.9791
4753.3535 0.964
4754.448 0.9337
4755.543 0.8785
4756.638 0.9482
4757.7334 0.9917
4758.829000000001 0.9263
4759.925 0.9782
4761.021 0.9967
4762.1177 0.9511
4763.2144 0.9535
4764.311 0.9429
4765.407999999999 0.945
4766.505999999999 0.9528
4767.6035 0.9977
4768.701 0.9976
4769.7993 1.0083
4770.898 0.9628
4771.9966 0.9454
4773.095 0.9135
4774.1943 0.9577
4775.294 0.9839
4776.3936 1.0176
4777.4937 0.9574
4778.5938 1.0121
4779.6943 0.9659
4780.795 0.9711
4781.896 0.9871
4782.997 0.9993
4784.0986 0.9874
4785.2 0.9377
4786.3022 0.9876
4787.4043 0.9011
4788.5070000000005 1.0171
4789.6094 1.0039
4790.7124 0.9275
4791.816 1.0133
4792.9194 0.9177
4794.023 0.9866
4795.127 1.0314
4796.2314 0.9633
4797.335999999999 0.9831
4798.4404 0.9688
4799.5454 0.9472
4800.651 0.9396
4801.7563 0.9447
4802.862 0.9833
4803.9683 0.9243
4805.0740000000005 1.0414
4806.1807 0.9487
4807.2876 1.0708
4808.3945 0.9334
4809.502 1.0451
4810.6094 0.9659
4811.7173 0.9799
4812.8257 0.9375
4813.9336 0.9447
4815.0425 0.9439
4816.1514 0.9724
4817.2603 0.9934
4818.3696 0.9269
4819.479 0.9447
4820.589 1.0742
4821.6990000000005 0.9248
4822.8096 0.9608
4823.92 1.0171
4825.0312 0.9703
4826.142 0.9667
4827.2534 1.0194
4828.365 0.9732
4829.477 0.9571
4830.5894 0.9746
4831.7017 0.9321
4832.8145 0.9829
4833.9272 0.9892
4835.0405 0.9975
4836.154 0.9598
4837.2676 0.9419
4838.3813 0.9309
4839.4956 0.8936
4840.6104 0.9652
4841.725 0.8894
4842.84 0.9227
4843.955 0.9645
4845.071 0.9327
4846.1865 0.9412
4847.3022 0.9558
4848.4185 0.9369
4849.535 0.8685
4850.652 0.8905
4851.769 0.8521
4852.8859999999995 0.8798
4854.004 0.8501
4855.1216 0.8751
4856.2397 0.8371
4857.358 0.8384
4858.4766 0.8593
4859.595 0.7903
4860.7144 0.7359
4861.834 0.7203
4862.9536 0.6293
4864.073 0.5638
4865.1934 0.5241
4866.314 0.4761
4867.4346 0.4965
4868.555 0.6861
4869.6763 0.6861
4870.798 0.7396
4871.9194 0.7391
4873.0415 0.7259
4874.1636 0.7779
4875.286 0.7821
4876.4087 0.8138
4877.5317 0.895
4878.6553 0.93
4879.7783 0.838
4880.9023 0.8565
4882.0264 0.8999
4883.1504 0.8721
4884.275 0.9005
4885.4 0.893
4886.525 0.8579
4887.65 0.8605
4888.776 0.9101
4889.9014 0.8789
4891.0273 0.9236
4892.154 0.9235
4893.2803 0.8732
4894.407 0.9373
4895.5347 0.9167
4896.6616 0.9753
4897.7896 0.985
4898.9175 0.9865
4900.0454 0.9611
4901.174 0.8749
4902.3027 0.9541
4903.4316 0.9817
4904.5605 0.9671
4905.69 0.969
4906.82 1.006
4907.9497 0.9731
4909.08 0.9069
4910.2104 0.9601
4911.3413 1.0536
4912.472 1.0226
4913.6035 0.9315
4914.735 0.9665
4915.8667 0.9569
4916.999 0.9258
4918.1313 0.9921
4919.2637 0.9326
4920.3965 0.9053
4921.53 0.9574
4922.663 0.9378
4923.7970000000005 0.8936
4924.9307 0.9581
4926.0645 0.9678
4927.1990000000005 0.9683
4928.334 0.9114
4929.4688 0.9112
4930.604 0.9253
4931.7393 0.8834
4932.875 0.9139
4934.0107 0.9865
4935.147 0.9594
4936.2837 0.9011
4937.4204 0.9965
4938.5576 0.9108
4939.695 0.9211
4940.8325 0.9946
4941.97 1.013
4943.108 0.9623
4944.2466 1.0169
4945.3853 1.0045
4946.524 0.9584
4947.663 1.0112
4948.8022 0.9759
4949.942 1.0
