3911.1108 1.0
3912.0115 0.9755
3912.9124 1.0157
3913.8135 1.0385
3914.7146 0.9431
3915.6162 0.9061
3916.5178 0.8818
3917.4197 0.8717
3918.3218 0.8566
3919.224 0.89
3920.1267 0.8324
3921.0295 0.872
3921.9324 0.8531
3922.8357 0.9003
3923.739 0.9105
3924.6426 0.9344
3925.5464 0.9468
3926.4504 0.918
3927.3545 0.9514
3928.259 0.9217
3929.1636 0.8355
3930.0684 0.8439
3930.9734 0.7439
3931.8787 0.6643
3932.7842 0.58
3933.6897 0.3977
3934.5957 0.3154
3935.5017 0.2167
3936.408 0.2259
3937.3145 0.2785
3938.2212 0.3994
3939.1282 0.5121
3940.0354 0.6748
3940.9426 0.7705
3941.85 0.8326
3942.7578 0.8863
3943.6658 0.9025
3944.574 0.8784
3945.4824 0.8402
3946.3909999999996 0.903
3947.2998 0.9111
3948.2087 0.9209
3949.118 0.9135
3950.0273 0.8902
3950.937 0.8636
3951.847 0.8897
3952.7568 0.8894
3953.6672 0.8698
3954.5776 0.8904
3955.4883 0.9204
3956.3992 0.947
3957.3103 0.9428
3958.2217 0.8901
3959.1333 0.8682
3960.045 0.8898
3960.9568 0.9159
3961.869 0.9217
3962.7812 0.8792
3963.6938 0.8603
3964.6067 0.7869
3965.5198 0.7921
3966.4329 0.7002
3967.3462 0.6586
3968.26 0.534
3969.1738 0.3957
3970.0879999999997 0.2884
3971.002 0.2578
3971.9165 0.2443
3972.8313 0.3376
3973.7459999999996 0.4311
3974.6611 0.5188
3975.5764 0.6215
3976.492 0.6842
3977.4077 0.7225
3978.3237 0.8084
3979.2397 0.8091
3980.1562 0.8589
3981.0728 0.8906
3981.9895 0.9046
3982.9065 0.9047
3983.8237 0.9511
3984.7412 0.8833
3985.6587 0.8672
3986.5767 0.9411
3987.4946 0.9039
3988.4128 0.907
3989.3313 0.9253
3990.25 0.9284
3991.1690000000003 0.9779
3992.0881 0.9379
3993.0073 0.98
3993.927 1.0027
3994.8467 1.0072
3995.7666 1.0049
3996.6868 0.9944
3997.6072 0.9576
3998.5278 0.9257
3999.4485 0.8565
4000.3696 0.8756
4001.2908 0.8897
4002.2122 0.9657
4003.1338 0.9877
4004.0557 0.9758
4004.9778 0.9886
4005.9001 0.9697
4006.8225 0.9379
4007.7454 0.8855
4008.6682 0.8547
4009.5913 0.9213
4010.5146 0.9833
4011.4382 0.9829
4012.362 1.0103
4013.2861 0.996
4014.2102 1.005
4015.1345 0.9842
4016.0593 0.9656
4016.9841 1.0163
4017.9092 0.9837
4018.8345 0.9948
4019.7598 1.0024
4020.6855 1.0169
4021.6116 1.01
4022.5376 1.0209
4023.4639 1.0249
4024.3904 1.0033
4025.3171 0.9518
4026.2441 0.9178
4027.1714 0.9474
4028.0989 0.9774
4029.0264 1.0316
4029.954 1.0215
4030.8823 0.9589
4031.8105 0.9616
4032.739 0.9162
4033.6677 0.868
4034.5964 0.8647
4035.5256 0.9012
4036.455 0.8961
4037.3845 0.9291
4038.3142 0.9788
4039.2441 1.0071
4040.1743 1.046
4041.1047 1.0501
4042.0354 1.0057
4042.9663 1.0191
4043.8972 1.0048
4044.8286 1.007
4045.76 0.9991
4046.6917 0.9266
4047.6235 0.897
4048.5557 0.889
4049.488 0.9494
4050.4204 0.9953
4051.3533 1.01
4052.2861 1.012
4053.2195 1.0212
4054.1528 1.0195
4055.0864 0.9667
4056.0203 0.9386
4056.9543 0.9281
4057.8884 0.9238
4058.823 0.9426
4059.7576 0.9387
4060.6926 0.9434
4061.6277 0.9681
4062.563 0.9844
4063.4985 0.9863
4064.4343 0.9529
4065.3704 0.9146
4066.3064 0.901
4067.243 0.9359
4068.1794 0.9687
4069.1165 0.9217
4070.0535 0.9379
4070.9907 0.9517
4071.9282 0.9852
4072.866 0.9806
4073.8037 0.9195
4074.742 0.9362
4075.6804 0.9118
4076.619 0.9455
4077.5576 0.9606
4078.4966 0.8974
4079.4358 0.8389
4080.3752 0.8396
4081.315 0.85
4082.255 0.9208
4083.1948 0.9375
4084.1353 0.9769
4085.0757 0.9779
4086.0164 0.9265
4086.9575 0.8793
4087.8987 0.9076
4088.8398 0.9091
4089.7815 0.964
4090.7234 0.9493
4091.6653 0.9503
4092.6077 0.968
4093.55 0.9522
4094.4927 0.9408
4095.4358 0.9114
4096.379 0.9041
4097.3223 0.8931
4098.2656 0.8679
4099.2095 0.8247
4100.1533 0.7884
4101.0977 0.7474
4102.042 0.6921
4102.987 0.5726
4103.9316 0.5108
4104.8765 0.5067
4105.822 0.5792
4106.7676 0.6983
4107.7134 0.7521
4108.659000000001 0.7901
4109.6055 0.8312
4110.552 0.8324
4111.498 0.8438
4112.4453 0.8527
4113.392 0.87
4114.3394 0.9109
4115.2866 0.9147
4116.2344 0.9331
4117.1826 0.9534
4118.1304 0.9815
4119.079000000001 0.9796
4120.0273 0.9497
4120.976 0.9363
4121.9253 0.9334
4122.8745 0.901
4123.8237 0.9165
4124.7734 0.921
4125.7236 0.9414
4126.6733 0.9623
4127.624 0.9672
4128.5740000000005 0.9856
4129.525 0.9213
4130.476 0.9138
4131.4272 0.9132
4132.379 0.9401
4133.33 0.9322
4134.282 0.9255
4135.2344 0.9038
4136.1865 0.9007
4137.139 0.9486
4138.092000000001 0.9485
4139.0444 1.0147
4139.998 0.9772
4140.951 1.0327
4141.905 1.0298
4142.8584 1.0566
4143.8125 1.0287
4144.767 0.9798
4145.721 0.9388
4146.6763 0.9127
4147.630999999999 0.945
4148.585999999999 0.9818
4149.5415 0.9978
4150.497 0.98
4151.4526 0.9798
4152.4087 0.9844
4153.365 0.9995
4154.322 0.9962
4155.2783 0.9518
4156.2354 0.9573
4157.1924 0.9173
4158.1494 0.8926
4159.107 0.9185
4160.065 0.9366
4161.023 0.9622
4161.981 0.9651
4162.9395 0.9748
4163.8984 0.9908
4164.857 0.969
4165.8164 0.9687
4166.7754 0.9895
4167.7354 0.99
4168.695 0.9873
4169.655 0.9806
4170.615 0.9699
4171.5757 0.9949
4172.536 0.9746
4173.497 0.9136
4174.458 0.8497
4175.4194 0.7995
4176.380999999999 0.8296
4177.343 0.8586
4178.3047 0.8767
4179.267 0.8791
4180.2295 0.8924
4181.192 0.8706
4182.155 0.9456
4183.1179999999995 0.9493
4184.081 0.9374
4185.045 0.9192
4186.009 0.8927
4186.9727 0.949
4187.9365 0.9353
4188.9014 0.8999
4189.8657 0.8935
4190.8306 0.8983
4191.795999999999 0.9472
4192.7609999999995 0.9628
4193.7266 0.9549
4194.6924 0.9754
4195.657999999999 1.007
4196.6245 1.016
4197.590999999999 0.9816
4198.5576 0.9935
4199.5244 0.9263
4200.4917 0.8891
4201.459 0.8734
4202.4263 0.8959
4203.394 0.9299
4204.3623 0.9169
4205.33 0.8985
4206.299 0.9206
4207.2676 0.9483
4208.2363 0.9689
4209.2056 0.964
4210.175 0.9735
4211.144 0.9789
4212.1140000000005 0.9701
4213.084 0.9757
4214.054 0.9989
4215.0244 1.0178
4215.995 1.0091
4216.9663 0.9545
4217.937 0.8987
4218.9087 0.8776
4219.88 0.9268
4220.852 0.9725
4221.8237 0.9362
4222.795999999999 0.9679
4223.7686 0.9745
4224.741 0.9636
4225.714 0.9484
4226.687 0.9293
4227.6606 0.8711
4228.6343 0.8034
4229.608 0.8064
4230.582 0.8624
4231.556 0.9674
4232.531 1.0103
4233.5054 1.0154
4234.4805 0.9598
4235.4556 0.9252
4236.4307 0.9041
4237.4062 0.8795
4238.3823 0.9529
4239.3584 0.9286
4240.3345 0.9587
4241.311 0.9267
4242.2876 0.9549
4243.2646 0.9537
4244.2417 0.9981
4245.219 1.0008
4246.197 0.9831
4247.175 0.9851
4248.153 0.9238
4249.130999999999 0.891
4250.1094 0.8939
4251.0884 0.8997
4252.067 0.9121
4253.0464 0.8844
4254.026 0.8922
4255.0054 0.9681
4255.9854 0.9644
4256.9653 0.9607
4257.946 0.9796
4258.9263 1.0051
4259.9067 1.0012
4260.8877 0.9751
4261.869000000001 0.9222
4262.8506 0.9219
4263.832 0.9272
4264.814 0.9639
4265.7964 1.0148
4266.779 1.0453
4267.7609999999995 1.0398
4268.744000000001 1.0185
4269.727 1.0026
4270.7104 0.9973
4271.694 0.9737
4272.6772 0.9426
4273.6616 0.9065
4274.6455 0.855
4275.63 0.8723
4276.6147 0.9071
4277.5996 0.9377
4278.5845 0.951
4279.57 0.9922
4280.555 1.0244
4281.541 1.0182
4282.527 1.0124
4283.513 0.9847
4284.4995 0.953
4285.4863 0.9233
4286.473 0.9193
4287.4604 0.9634
4288.4478 0.9877
4289.435 0.9264
4290.423 0.9252
4291.411 0.8062
4292.3994 0.7977
4293.3877 0.8155
4294.3765 0.9257
4295.365 0.9403
4296.3545 0.9345
4297.3438 0.9034
4298.3335 0.9
4299.323 0.936
4300.3135 0.8823
4301.3037 0.8356
4302.2944 0.7747
4303.285 0.7449
4304.276 0.7461
4305.267 0.7884
4306.259 0.8104
4307.2505 0.8839
4308.242 0.9041
4309.2344 0.8462
4310.2266 0.8337
4311.219 0.8375
4312.212 0.8881
4313.205 0.9318
4314.198 0.9476
4315.192 0.8906
4316.1855 0.8276
4317.1797 0.8191
4318.174 0.8621
4319.168 0.9447
4320.1626 0.9757
4321.1577 0.9916
4322.153 0.9391
4323.148 0.9022
4324.1436 0.9219
4325.1396 0.9544
4326.1353 0.9383
4327.1320000000005 0.8696
4328.128 0.8436
4329.125 0.8457
4330.1216 0.9134
4331.119000000001 0.9445
4332.116 0.9193
4333.1140000000005 0.8857
4334.112 0.889
4335.11 0.9209
4336.1084 0.9012
4337.107 0.9074
4338.1055 0.8577
4339.1045 0.7744
4340.1035 0.7073
4341.103 0.612
4342.103 0.5363
4343.103 0.5059
4344.103 0.5342
4345.1035 0.633
4346.104 0.7285
4347.105 0.7611
4348.106 0.8224
4349.1074 0.8725
4350.109 0.9019
4351.1104 0.9244
4352.1123 0.9275
4353.1147 0.8636
4354.117 0.8028
4355.1196 0.8288
4356.1226 0.8883
4357.126 0.9243
4358.1294 0.9746
4359.133 0.9923
4360.1367 1.0036
4361.1406 0.9558
4362.145 0.9947
4363.15 1.0064
4364.1543 0.9944
4365.1597 1.0274
4366.1646 1.0244
4367.17 1.0307
4368.1759999999995 1.0299
4369.1816 0.9875
4370.188 0.9576
4371.1943 0.9363
4372.2007 0.9444
4373.208 0.9549
4374.215 0.9948
4375.222 0.9889
4376.2295 0.9404
4377.2373 0.8838
4378.2456 0.8761
4379.254 0.9423
4380.262 1.0094
4381.271 1.0168
4382.28 1.0187
4383.289000000001 1.0332
4384.2983 0.9962
4385.308 0.9398
4386.318 0.8547
4387.3279999999995 0.8111
4388.3384 0.8676
4389.349 0.9307
4390.36 0.9678
4391.3706 0.9537
4392.3823 0.9607
4393.3936 0.965
4394.4053 0.9852
4395.4175 0.9648
4396.4297 0.9157
4397.442 0.8712
4398.4546 0.8641
4399.4673 0.9411
4400.4805 0.9916
4401.494000000001 0.9323
4402.508 0.8934
4403.5215 0.8836
4404.5356 0.9359
4405.55 0.9756
4406.5645 0.9513
4407.579000000001 0.9413
4408.594 0.9514
4409.6094 0.9738
4410.625 0.9561
4411.6406 0.9268
4412.6562 0.9388
4413.6724 0.9838
4414.689 0.9849
4415.7056 0.991
4416.7227 0.9268
4417.7397 0.8959
4418.7570000000005 0.8254
4419.7744 0.8418
4420.7925 0.8691
4421.8105 0.9321
4422.8286 1.0037
4423.847 0.9973
4424.8657 0.9642
4425.885 0.9439
4426.9043 0.9942
4427.9233 0.9859
4428.9434 0.9481
4429.963 0.9582
4430.9834 0.9621
4432.004 0.975
4433.0244 0.9633
4434.045 0.9644
4435.0664 0.9725
4436.0874 0.9498
4437.1094 0.9329
4438.130999999999 0.9165
4439.153 0.9345
4440.1753 0.9892
4441.1978 1.0246
4442.2207 1.014
4443.2437 0.9763
4444.2666 0.9444
4445.29 0.858
4446.314 0.815
4447.338 0.8719
4448.362 0.94
4449.3859999999995 0.9726
4450.411 0.9651
4451.4355 0.9519
4452.460999999999 0.9488
4453.4863 0.9335
4454.5117 0.955
4455.5376 0.9668
4456.5635 0.9194
4457.59 0.8776
4458.616 0.8822
4459.643 0.9206
4460.67 0.9307
4461.6973 0.9373
4462.7246 0.9345
4463.7524 0.9112
4464.7803 0.9234
4465.8086 0.938
4466.837 0.9493
4467.8657 0.9388
4468.8945 0.9404
4469.924 0.9003
4470.9529999999995 0.8696
4471.9824 0.8438
4473.0127 0.8915
4474.0425 0.9378
4475.0728 0.9735
4476.1035 0.9825
4477.1343 0.9829
4478.165 0.9828
4479.1963 0.9788
4480.228 0.9904
4481.26 0.988
4482.2915 0.9693
4483.3237 0.8937
4484.3564 0.8506
4485.389 0.8732
4486.4220000000005 0.9395
4487.455 0.9884
4488.4883 1.007
4489.522 1.0122
4490.556 0.9656
4491.59 0.92
4492.6245 0.9063
4493.659000000001 0.9177
4494.694 0.9501
4495.729 0.9562
4496.764 0.9511
4497.8 0.9475
4498.8354 0.9657
4499.8716 0.9947
4500.9077 0.9973
4501.9443 1.0005
4502.981 0.9448
4504.018 0.9336
4505.055 0.937
4506.093 1.0096
4507.1304 1.0442
4508.168 1.0332
4509.2065 1.0262
4510.2446 0.9652
4511.282999999999 0.9533
4512.3223 0.9748
4513.3613 1.0264
4514.401 1.0081
4515.4404 1.0052
4516.48 1.0019
4517.5205 0.9579
4518.5605 0.9752
4519.601 0.9631
4520.642 0.9764
4521.683 0.9433
4522.724 0.955
4523.7656 0.9576
4524.8076 0.9417
4525.8496 0.9384
4526.8916 0.9473
4527.934 0.9653
4528.977 0.9561
4530.02 0.9363
4531.063 0.9127
4532.1064 0.8936
4533.1504 0.9084
4534.1943 0.9505
4535.2383 0.8962
4536.2827 0.8806
4537.327 0.8415
4538.372 0.8886
4539.4175 0.9475
4540.463 1.0154
4541.5083 1.0182
4542.554 1.0056
4543.6 0.9861
4544.6465 0.9716
4545.693 0.9847
4546.7397 0.9835
4547.787 0.9567
4548.8345 0.9567
4549.8820000000005 0.9588
4550.9297 0.9112
4551.9775 0.8589
4553.026 0.8592
4554.0740000000005 0.9211
4555.123 0.9562
4556.1720000000005 0.9175
4557.221 0.8783
4558.2705 0.8714
4559.3203 0.9193
4560.37 0.9451
4561.4204 0.9797
4562.4707 0.9852
4563.5215 1.0078
4564.5728 1.0252
4565.6235 0.9379
4566.6753 0.9163
4567.7266 0.9216
4568.779 0.9675
4569.8306 1.0118
4570.8833 1.0068
4571.9355 0.9931
4572.9883 0.9731
4574.0415 0.92
4575.0947 0.9211
4576.1484 0.9427
4577.202 0.9802
4578.2563 0.9913
4579.3105 0.9663
4580.365 0.9719
4581.42 0.979
4582.475 0.9723
4583.5303 0.9507
4584.585999999999 0.9231
4585.6416 0.8668
4586.6978 0.8707
4587.754 0.9128
4588.8105 0.96
4589.867 0.951
4590.9243 0.939
4591.9814 0.93
4593.0386 0.9322
4594.0967 0.9346
4595.1543 0.9338
4596.2124 0.9614
4597.271 0.9862
4598.3296 0.9931
4599.3887 0.9731
4600.4478 0.9838
4601.5073 0.981
4602.567 0.9651
4603.627 0.9674
4604.687 0.9569
4605.7476 0.9537
4606.808 0.9658
4607.8687 0.978
4608.93 0.9816
4609.991 0.9966
4611.0527 1.0095
4612.1147 0.9959
4613.177 0.9913
4614.2393 0.9837
4615.302 0.9876
4616.3647 1.0045
4617.4277 0.9896
4618.491 0.9795
4619.5547 0.9842
4620.6187 0.9786
4621.6826 0.9418
4622.747 0.9294
4623.8115 0.9603
4624.876 0.9978
4625.9414 1.0148
4627.0063 1.0015
4628.0723 0.9833
4629.1377 0.9832
4630.2036 0.9915
4631.27 0.9533
4632.3364 0.9609
4633.4033 0.9477
4634.47 0.9874
4635.5376 0.9966
4636.605 0.9496
4637.673 0.9578
4638.7407 0.9688
4639.809 0.9621
4640.8774 0.9779
4641.9463 0.9839
4643.015 0.9929
4644.0845 1.0038
4645.154 0.995
4646.2236 1.0082
4647.2935 0.9998
4648.3640000000005 0.9753
4649.434 0.976
4650.505 0.9391
4651.5757 0.9665
4652.647 0.9797
4653.7188 0.9945
4654.79 0.9774
4655.8623 0.9871
4656.934 0.9754
4658.0070000000005 0.9761
4659.0796 0.9541
4660.1523 0.9546
4661.2256 0.9659
4662.299 0.9994
4663.3726 1.0107
4664.4463 1.002
4665.5205 0.9943
4666.595 0.9746
4667.6694 0.986
4668.7446 0.9675
4669.82 0.9207
4670.895 0.9145
4671.9707 0.9259
4673.0464 0.9501
4674.1226 0.9678
4675.1990000000005 0.9849
4676.276 0.9886
4677.3525 1.0113
4678.4297 1.0021
4679.5073 1.0104
4680.585 0.9915
4681.6626 0.9662
4682.7407 0.9924
4683.819 0.9897
4684.8975 0.9887
4685.9766 0.988
4687.0557 1.0072
4688.1353 1.0064
4689.215 1.0164
4690.2944 1.0028
4691.3745 1.0036
4692.455 1.0026
4693.5356 0.9928
4694.616 0.977
4695.6973 0.9909
4696.779 0.9845
4697.8604 0.9999
4698.9424 1.0107
4700.0244 1.0073
4701.107 1.0008
4702.1895 0.9773
4703.272 0.9917
4704.3555 0.9625
4705.4385 0.9342
4706.522 0.929
4707.606 0.959
4708.69 0.9708
4709.7744 0.9617
4710.859 0.9391
4711.944 0.9378
4713.029 0.9503
4714.1143 0.9851
4715.1997 0.9853
4716.2856 0.9814
4717.372 0.9673
4718.458 0.9685
4719.545 0.9956
4720.6320000000005 1.0002
4721.7188 1.0084
4722.806 1.0029
4723.8936 0.9956
4724.9814 0.997
4726.07 0.996
4727.1577 1.0084
4728.2466 1.0014
4729.3354 0.9834
4730.4243 0.9977
4731.5137 0.9985
4732.6035 0.9744
4733.6934 0.957
4734.782999999999 0.9397
4735.8735 0.9511
4736.9644 0.9827
4738.055 0.9818
4739.1465 0.9577
4740.238 0.9618
4741.329000000001 0.9754
4742.420999999999 1.013
4743.513 0.9937
4744.6055 0.9952
4745.698 0.9924
4746.791 0.9976
4747.8843 1.0004
4748.9775 0.9986
4750.0713 0.9976
4751.165 1.0041
4752.2593 0.9866
4753.3535 1.0054
4754.448 0.9926
4755.543 0.9803
4756.638 0.9795
4757.7334 0.9735
4758.829000000001 0.9579
4759.925 0.9779
4761.021 0.9781
4762.1177 0.9887
4763.2144 0.9901
4764.311 0.9752
4765.407999999999 0.9366
4766.505999999999 0.9216
4767.6035 0.9375
4768.701 0.9571
4769.7993 0.9653
4770.898 0.9788
4771.9966 0.9801
4773.095 0.9831
4774.1943 0.9763
4775.294 0.9732
4776.3936 0.982
4777.4937 1.005
4778.5938 1.0126
4779.6943 1.0
4780.795 0.9935
4781.896 0.9713
4782.997 0.9629
4784.0986 0.9774
4785.2 0.9879
4786.3022 0.9844
4787.4043 0.9838
4788.5070000000005 0.9855
4789.6094 0.9658
4790.7124 0.9593
4791.816 0.9697
4792.9194 0.9776
4794.023 0.986
4795.127 0.9812
4796.2314 1.0
4797.335999999999 1.0128
4798.4404 1.014
4799.5454 1.0066
4800.651 0.9957
4801.7563 0.971
4802.862 0.9694
4803.9683 0.9815
4805.0740000000005 1.0022
4806.1807 0.9943
4807.2876 0.9759
4808.3945 0.9409
4809.502 0.9531
4810.6094 0.9961
4811.7173 1.0134
4812.8257 0.9884
4813.9336 0.9832
4815.0425 0.9587
4816.1514 0.9884
4817.2603 0.9978
4818.3696 1.0043
4819.479 1.0073
4820.589 0.9872
4821.6990000000005 0.9919
4822.8096 0.9947
4823.92 1.0127
4825.0312 0.9781
4826.142 0.9454
4827.2534 0.9242
4828.365 0.9747
4829.477 0.993
4830.5894 0.997
4831.7017 0.9758
4832.8145 0.9826
4833.9272 0.99
4835.0405 0.9881
4836.154 0.9909
4837.2676 0.9937
4838.3813 0.9952
4839.4956 0.9869
4840.6104 0.9867
4841.725 0.9675
4842.84 0.9594
4843.955 0.9714
4845.071 0.9665
4846.1865 0.9655
4847.3022 0.9606
4848.4185 0.9629
4849.535 0.9544
4850.652 0.929
4851.769 0.9107
4852.8859999999995 0.9234
4854.004 0.9372
4855.1216 0.9107
4856.2397 0.9006
4857.358 0.8705
4858.4766 0.8483
4859.595 0.8161
4860.7144 0.8093
4861.834 0.7556
4862.9536 0.6356
4864.073 0.52
4865.1934 0.527
4866.314 0.6482
4867.4346 0.7472
4868.555 0.7919
4869.6763 0.8384
4870.798 0.8724
4871.9194 0.9025
4873.0415 0.9004
4874.1636 0.8406
4875.286 0.8351
4876.4087 0.8648
4877.5317 0.93
4878.6553 0.9198
4879.7783 0.9246
4880.9023 0.9034
4882.0264 0.9292
4883.1504 0.9323
4884.275 0.9796
4885.4 0.9595
4886.525 0.9675
4887.65 0.9451
4888.776 0.9241
4889.9014 0.9513
4891.0273 0.9576
4892.154 0.9416
4893.2803 0.9085
4894.407 0.8889
4895.5347 0.9125
4896.6616 0.9665
4897.7896 0.9982
4898.9175 1.0173
4900.0454 1.0143
4901.174 0.9967
4902.3027 0.9953
4903.4316 0.9845
4904.5605 0.9684
4905.69 0.9602
4906.82 0.9591
4907.9497 0.9762
4909.08 1.0
4910.2104 1.0168
4911.3413 1.0001
4912.472 0.9561
4913.6035 0.9388
4914.735 0.9444
4915.8667 0.9713
4916.999 1.0015
4918.1313 1.0027
4919.2637 1.0082
4920.3965 0.9742
4921.53 0.9158
4922.663 0.8875
4923.7970000000005 0.9022
4924.9307 0.9207
4926.0645 0.9316
4927.1990000000005 0.9031
4928.334 0.9198
4929.4688 0.9766
4930.604 1.0049
4931.7393 0.9973
4932.875 1.0117
4934.0107 0.9987
4935.147 0.9804
4936.2837 0.9312
4937.4204 0.924
4938.5576 0.9598
4939.695 0.9653
4940.8325 0.9407
4941.97 0.9242
4943.108 0.9405
4944.2466 0.9868
4945.3853 1.0046
4946.524 1.0044
4947.663 1.0045
4948.8022 0.9907
4949.942 1.0
