3911.1108 1.0
3912.0115 0.9827
3912.9124 1.0676
3913.8135 1.0947
3914.7146 1.047
3915.6162 0.7461
3916.5178 0.6124
3917.4197 0.7326
3918.3218 0.8657
3919.224 1.0147
3920.1267 0.903
3921.0295 0.8243
3921.9324 0.6554
3922.8357 0.7833
3923.739 0.6779
3924.6426 1.0163
3925.5464 1.017
3926.4504 0.7887
3927.3545 1.1745
3928.259 1.0882
3929.1636 0.7106
3930.0684 0.7368
3930.9734 0.4546
3931.8787 0.588
3932.7842 0.2829
3933.6897 0.7057
3934.5957 0.6133
3935.5017 0.5645
3936.408 0.6265
3937.3145 0.6686
3938.2212 1.0604
3939.1282 0.8975
3940.0354 0.7496
3940.9426 0.9593
3941.85 0.806
3942.7578 0.9951
3943.6658 0.9726
3944.574 0.7486
3945.4824 0.905
3946.3909999999996 0.7605
3947.2998 1.0574
3948.2087 0.7605
3949.118 0.755
3950.0273 0.9068
3950.937 0.7576
3951.847 0.6845
3952.7568 0.9111
3953.6672 1.0835
3954.5776 0.5348
3955.4883 0.8216
3956.3992 0.8302
3957.3103 0.7212
3958.2217 1.062
3959.1333 0.6603
3960.045 0.5674
3960.9568 0.9931
3961.869 0.8534
3962.7812 0.663
3963.6938 0.8532
3964.6067 0.7032
3965.5198 0.5913
3966.4329 0.7481
3967.3462 0.3686
3968.26 0.396
3969.1738 0.4892
3970.0879999999997 0.3672
3971.002 0.6454
3971.9165 0.5726
3972.8313 0.6763
3973.7459999999996 0.7327
3974.6611 0.5707
3975.5764 0.6772
3976.492 0.9127
3977.4077 0.93
3978.3237 0.9309
3979.2397 0.748
3980.1562 0.8907
3981.0728 0.5083
3981.9895 0.8282
3982.9065 0.7099
3983.8237 0.9639
3984.7412 0.9112
3985.6587 1.0384
3986.5767 0.7273
3987.4946 1.0443
3988.4128 0.6764
3989.3313 1.0765
3990.25 0.9273
3991.1690000000003 0.8376
3992.0881 0.9953
3993.0073 0.9512
3993.927 1.0373
3994.8467 0.9072
3995.7666 0.8619
3996.6868 0.8225
3997.6072 1.0566
3998.5278 0.9163
3999.4485 1.0122
4000.3696 1.1473
4001.2908 1.0104
4002.2122 1.0189
4003.1338 0.809
4004.0557 1.0163
4004.9778 0.6199
4005.9001 0.9646
4006.8225 1.1383
4007.7454 0.7663
4008.6682 0.9386
4009.5913 0.9348
4010.5146 0.9573
4011.4382 0.9027
4012.362 0.7912
4013.2861 0.8032
4014.2102 0.7291
4015.1345 0.9952
4016.0593 0.8552
4016.9841 0.7369
4017.9092 1.0398
4018.8345 0.9596
4019.7598 0.7695
4020.6855 0.6629
4021.6116 0.7798
4022.5376 1.0289
4023.4639 0.9495
4024.3904 0.8176
4025.3171 0.842
4026.2441 0.8104
4027.1714 0.8795
4028.0989 0.9217
4029.0264 0.9232
4029.954 0.9021
4030.8823 0.816
4031.8105 0.8463
4032.739 0.7485
4033.6677 0.9281
4034.5964 0.9012
4035.5256 0.9227
4036.455 0.9194
4037.3845 0.8403
4038.3142 0.8828
4039.2441 0.9514
4040.1743 1.0031
4041.1047 1.0285
4042.0354 0.9991
4042.9663 0.8633
4043.8972 0.783
4044.8286 0.8921
4045.76 0.613
4046.6917 0.8152
4047.6235 0.7781
4048.5557 1.0303
4049.488 1.1051
4050.4204 1.1834
4051.3533 0.7797
4052.2861 1.1045
4053.2195 0.7976
4054.1528 0.8949
4055.0864 0.8634
4056.0203 0.959
4056.9543 1.1703
4057.8884 0.8875
4058.823 1.1641
4059.7576 0.8253
4060.6926 0.8252
4061.6277 0.8908
4062.563 0.8797
4063.4985 0.8462
4064.4343 0.9289
4065.3704 0.9462
4066.3064 0.8669
4067.243 0.8459
4068.1794 0.9996
4069.1165 0.8956
4070.0535 0.858
4070.9907 0.8738
4071.9282 0.8665
4072.866 0.722
4073.8037 1.0838
4074.742 1.004
4075.6804 0.8824
4076.619 0.9939
4077.5576 0.7192
4078.4966 0.7841
4079.4358 0.794
4080.3752 0.8769
4081.315 1.2677
4082.255 0.8585
4083.1948 0.8463
4084.1353 1.0434
4085.0757 0.9697
4086.0164 1.0739
4086.9575 0.9649
4087.8987 0.9763
4088.8398 0.8525
4089.7815 0.8721
4090.7234 0.9981
4091.6653 1.036
4092.6077 0.8556
4093.55 0.8622
4094.4927 0.8591
4095.4358 0.858
4096.379 0.6403
4097.3223 0.8647
4098.2656 0.9264
4099.2095 0.7919
4100.1533 0.4773
4101.0977 0.6056
4102.042 0.4094
4102.987 0.8242
4103.9316 0.5995
4104.8765 0.8485
4105.822 0.931
4106.7676 0.6208
4107.7134 0.7529
4108.659000000001 0.8136
4109.6055 0.9174
4110.552 0.8799
4111.498 0.6027
4112.4453 0.8835
4113.392 0.9499
4114.3394 0.9471
4115.2866 0.9166
4116.2344 1.0493
4117.1826 0.7645
4118.1304 0.9738
4119.079000000001 0.76
4120.0273 1.0264
4120.976 0.7837
4121.9253 0.8643
4122.8745 0.7434
4123.8237 0.9885
4124.7734 0.8667
4125.7236 0.7782
4126.6733 0.9923
4127.624 0.9998
4128.5740000000005 0.9805
4129.525 0.9732
4130.476 0.8851
4131.4272 0.9533
4132.379 1.0898
4133.33 0.9182
4134.282 0.997
4135.2344 0.9043
4136.1865 0.8742
4137.139 0.8737
4138.092000000001 0.9
4139.0444 0.9027
4139.998 0.6584
4140.951 0.7365
4141.905 0.8367
4142.8584 0.7418
4143.8125 0.8417
4144.767 0.9256
4145.721 0.9311
4146.6763 0.8149
4147.630999999999 0.8942
4148.585999999999 1.0512
4149.5415 0.796
4150.497 0.8761
4151.4526 0.9926
4152.4087 0.9136
4153.365 0.8947
4154.322 0.931
4155.2783 0.9407
4156.2354 0.972
4157.1924 1.1004
4158.1494 1.106
4159.107 0.7654
4160.065 1.0596
4161.023 1.0322
4161.981 0.9153
4162.9395 0.8755
4163.8984 1.0085
4164.857 0.967
4165.8164 0.952
4166.7754 0.9927
4167.7354 0.9273
4168.695 0.9471
4169.655 1.0298
4170.615 0.8528
4171.5757 1.0793
4172.536 0.8316
4173.497 0.9062
4174.458 0.9209
4175.4194 0.796
4176.380999999999 1.0136
4177.343 1.0725
4178.3047 0.6708
4179.267 1.0228
4180.2295 0.9233
4181.192 0.9016
4182.155 1.0521
4183.1179999999995 0.9922
4184.081 0.87
4185.045 0.7136
4186.009 1.0421
4186.9727 0.9318
4187.9365 0.7546
4188.9014 0.8362
4189.8657 1.0219
4190.8306 0.981
4191.795999999999 0.8932
4192.7609999999995 0.8037
4193.7266 1.1137
4194.6924 1.1245
4195.657999999999 0.9542
4196.6245 0.8852
4197.590999999999 0.9072
4198.5576 0.9041
4199.5244 0.8365
4200.4917 0.7964
4201.459 0.7759
4202.4263 0.8072
4203.394 0.936
4204.3623 0.9709
4205.33 0.9351
4206.299 0.9508
4207.2676 0.9377
4208.2363 0.9054
4209.2056 0.9586
4210.175 0.9755
4211.144 0.8822
4212.1140000000005 0.9285
4213.084 0.7799
4214.054 0.9165
4215.0244 0.9086
4215.995 0.9037
4216.9663 0.99
4217.937 1.0359
4218.9087 0.9237
4219.88 0.9239
4220.852 0.8707
4221.8237 1.1727
4222.795999999999 1.0087
4223.7686 0.9987
4224.741 0.9383
4225.714 0.8625
4226.687 0.7583
4227.6606 0.9711
4228.6343 0.9531
4229.608 0.7319
4230.582 1.0539
4231.556 0.8942
4232.531 1.0014
4233.5054 0.7266
4234.4805 0.9271
4235.4556 0.9815
4236.4307 1.0249
4237.4062 0.6139
4238.3823 0.9568
4239.3584 0.8013
4240.3345 0.8258
4241.311 0.9344
4242.2876 0.9456
4243.2646 1.0047
4244.2417 0.979
4245.219 0.9307
4246.197 0.801
4247.175 0.8319
4248.153 1.1743
4249.130999999999 0.8786
4250.1094 0.7773
4251.0884 0.76
4252.067 0.8545
4253.0464 0.9551
4254.026 0.8417
4255.0054 0.899
4255.9854 0.9912
4256.9653 0.8895
4257.946 0.9007
4258.9263 0.9369
4259.9067 0.9631
4260.8877 0.8915
4261.869000000001 0.8496
4262.8506 0.9577
4263.832 0.9677
4264.814 0.8883
4265.7964 1.0401
4266.779 1.0789
4267.7609999999995 0.8667
4268.744000000001 0.8971
4269.727 0.9497
4270.7104 0.8874
4271.694 0.7844
4272.6772 0.8684
4273.6616 0.9769
4274.6455 0.901
4275.63 1.0885
4276.6147 0.9491
4277.5996 0.9107
4278.5845 0.9339
4279.57 1.0358
4280.555 1.0192
4281.541 0.9574
4282.527 1.0389
4283.513 0.8317
4284.4995 0.8583
4285.4863 0.9386
4286.473 0.9574
4287.4604 0.986
4288.4478 0.9573
4289.435 0.7874
4290.423 0.9745
4291.411 0.8653
4292.3994 0.9661
4293.3877 0.9571
4294.3765 0.9531
4295.365 0.8451
4296.3545 0.9549
4297.3438 0.8556
4298.3335 0.7764
4299.323 0.8719
4300.3135 0.9893
4301.3037 0.7228
4302.2944 0.9803
4303.285 0.9103
4304.276 0.9417
4305.267 0.7314
4306.259 0.8733
4307.2505 0.8389
4308.242 1.0428
4309.2344 0.9945
4310.2266 0.8103
4311.219 0.8452
4312.212 0.9965
4313.205 0.92
4314.198 0.707
4315.192 0.7314
4316.1855 0.9024
4317.1797 0.8788
4318.174 0.9678
4319.168 1.1041
4320.1626 0.9865
4321.1577 0.9514
4322.153 1.0478
4323.148 1.053
4324.1436 1.0961
4325.1396 0.972
4326.1353 0.7757
4327.1320000000005 0.8075
4328.128 0.9025
4329.125 1.0008
4330.1216 0.9772
4331.119000000001 0.8079
4332.116 0.8499
4333.1140000000005 0.8683
4334.112 0.7961
4335.11 0.9816
4336.1084 0.8001
4337.107 0.7356
4338.1055 0.6792
4339.1045 0.6693
4340.1035 0.4511
4341.103 0.4526
4342.103 0.556
4343.103 0.689
4344.103 0.8391
4345.1035 0.9406
4346.104 0.7804
4347.105 0.7591
4348.106 0.8668
4349.1074 0.8798
4350.109 0.8317
4351.1104 0.9504
4352.1123 0.8383
4353.1147 0.7679
4354.117 0.8349
4355.1196 0.9149
4356.1226 0.8109
4357.126 0.8509
4358.1294 0.9233
4359.133 0.8193
4360.1367 0.9425
4361.1406 0.9204
4362.145 1.0528
4363.15 0.9793
4364.1543 1.1641
4365.1597 0.8472
4366.1646 1.0331
4367.17 0.9922
4368.1759999999995 1.0045
4369.1816 0.9996
4370.188 0.9247
4371.1943 0.9949
4372.2007 1.079
4373.208 0.8903
4374.215 0.7814
4375.222 0.8544
4376.2295 0.9226
4377.2373 0.9476
4378.2456 0.9099
4379.254 0.7963
4380.262 1.039
4381.271 1.0349
4382.28 0.908
4383.289000000001 0.9515
4384.2983 0.9438
4385.308 0.9903
4386.318 0.9713
4387.3279999999995 0.9789
4388.3384 0.9749
4389.349 0.931
4390.36 0.8961
4391.3706 0.8739
4392.3823 0.9399
4393.3936 0.8677
4394.4053 0.8863
4395.4175 0.9509
4396.4297 0.9273
4397.442 0.957
4398.4546 0.8294
4399.4673 0.9556
4400.4805 0.9539
4401.494000000001 0.9692
4402.508 0.977
4403.5215 0.9906
4404.5356 0.9494
4405.55 0.9529
4406.5645 0.8511
4407.579000000001 1.0022
4408.594 0.9831
4409.6094 0.9651
4410.625 1.1087
4411.6406 0.9598
4412.6562 1.0214
4413.6724 1.0476
4414.689 0.7904
4415.7056 1.032
4416.7227 0.9565
4417.7397 0.8393
4418.7570000000005 0.9706
4419.7744 0.7396
4420.7925 1.0501
4421.8105 1.0304
4422.8286 0.8394
4423.847 0.9702
4424.8657 1.0317
4425.885 0.8884
4426.9043 0.8511
4427.9233 0.9411
4428.9434 0.8462
4429.963 1.127
4430.9834 0.9791
4432.004 0.9773
4433.0244 0.9859
4434.045 0.8508
4435.0664 0.7909
4436.0874 0.984
4437.1094 1.0214
4438.130999999999 0.9513
4439.153 0.9116
4440.1753 0.892
4441.1978 0.9584
4442.2207 0.8211
4443.2437 0.7647
4444.2666 0.8863
4445.29 0.9454
4446.314 0.8907
4447.338 0.8817
4448.362 0.8783
4449.3859999999995 0.9266
4450.411 1.0282
4451.4355 1.0385
4452.460999999999 1.0524
4453.4863 1.0133
4454.5117 1.0001
4455.5376 0.8811
4456.5635 0.7929
4457.59 0.952
4458.616 0.9368
4459.643 0.9537
4460.67 0.9231
4461.6973 0.9817
4462.7246 0.898
4463.7524 0.9553
4464.7803 0.8844
4465.8086 0.981
4466.837 0.9735
4467.8657 0.8743
4468.8945 1.0514
4469.924 0.8376
4470.9529999999995 0.8906
4471.9824 0.9361
4473.0127 0.7989
4474.0425 0.8597
4475.0728 0.9029
4476.1035 0.9711
4477.1343 0.973
4478.165 0.9427
4479.1963 1.0637
4480.228 0.8962
4481.26 0.9486
4482.2915 1.0263
4483.3237 0.9615
4484.3564 0.854
4485.389 1.0627
4486.4220000000005 0.9253
4487.455 0.8637
4488.4883 0.9098
4489.522 1.0459
4490.556 0.7469
4491.59 0.9342
4492.6245 0.9194
4493.659000000001 0.8876
4494.694 0.9719
4495.729 0.7638
4496.764 1.1355
4497.8 0.9138
4498.8354 0.8708
4499.8716 0.7926
4500.9077 0.9148
4501.9443 0.9034
4502.981 0.9476
4504.018 0.9981
4505.055 0.9878
4506.093 0.8348
4507.1304 0.8771
4508.168 1.0299
4509.2065 1.0267
4510.2446 0.9086
4511.282999999999 1.0352
4512.3223 1.0587
4513.3613 1.0766
4514.401 0.8591
4515.4404 0.9256
4516.48 0.9634
4517.5205 0.9526
4518.5605 0.9913
4519.601 0.8153
4520.642 1.0102
4521.683 1.0118
4522.724 0.9716
4523.7656 0.9828
4524.8076 0.8577
4525.8496 0.9049
4526.8916 0.8894
4527.934 0.894
4528.977 0.8573
4530.02 0.7999
4531.063 0.7355
4532.1064 1.0257
4533.1504 0.9375
4534.1943 0.8839
4535.2383 0.941
4536.2827 0.9087
4537.327 0.8388
4538.372 1.0795
4539.4175 0.9832
4540.463 0.8885
4541.5083 0.9141
4542.554 1.0369
4543.6 0.9864
4544.6465 0.8957
4545.693 0.831
4546.7397 0.9186
4547.787 0.8692
4548.8345 0.9773
4549.8820000000005 0.9744
4550.9297 0.919
4551.9775 1.0587
4553.026 0.9047
4554.0740000000005 0.923
4555.123 0.9744
4556.1720000000005 1.0563
4557.221 0.9845
4558.2705 1.0416
4559.3203 0.9264
4560.37 0.9972
4561.4204 0.8809
4562.4707 0.8844
4563.5215 0.9357
4564.5728 0.9097
4565.6235 0.9444
4566.6753 0.9342
4567.7266 1.0456
4568.779 0.9742
4569.8306 0.939
4570.8833 0.9366
4571.9355 0.8232
4572.9883 0.9565
4574.0415 1.012
4575.0947 1.0193
4576.1484 0.9541
4577.202 0.9973
4578.2563 0.9997
4579.3105 0.9697
4580.365 0.9708
4581.42 0.9152
4582.475 0.9306
4583.5303 0.8348
4584.585999999999 0.8082
4585.6416 0.9102
4586.6978 0.8856
4587.754 0.9091
4588.8105 0.9361
4589.867 1.0204
4590.9243 0.9174
4591.9814 0.835
4593.0386 1.0044
4594.0967 0.8735
4595.1543 0.8685
4596.2124 0.9238
4597.271 1.0121
4598.3296 0.8884
4599.3887 0.9037
4600.4478 1.03
4601.5073 0.8698
4602.567 1.0288
4603.627 0.8749
4604.687 0.9948
4605.7476 0.9977
4606.808 0.9688
4607.8687 0.8841
4608.93 0.9875
4609.991 0.9071
4611.0527 0.9278
4612.1147 0.9711
4613.177 0.8812
4614.2393 0.9456
4615.302 0.9308
4616.3647 0.8791
4617.4277 0.888
4618.491 0.9882
4619.5547 0.884
4620.6187 0.8775
4621.6826 1.0403
4622.747 0.9341
4623.8115 0.9252
4624.876 0.9229
4625.9414 0.9956
4627.0063 0.9272
4628.0723 0.8174
4629.1377 0.971
4630.2036 0.9471
4631.27 0.9518
4632.3364 0.9956
4633.4033 0.9686
4634.47 0.9669
4635.5376 0.9208
4636.605 1.0354
4637.673 0.9201
4638.7407 0.8976
4639.809 1.0102
4640.8774 1.0978
4641.9463 1.0283
4643.015 1.0022
4644.0845 0.9316
4645.154 1.0162
4646.2236 1.0297
4647.2935 0.9461
4648.3640000000005 0.9152
4649.434 0.9593
4650.505 0.9962
4651.5757 0.9488
4652.647 1.0299
4653.7188 1.0442
4654.79 0.9644
4655.8623 0.9502
4656.934 0.9588
4658.0070000000005 0.9702
4659.0796 0.9964
4660.1523 0.9929
4661.2256 0.9136
4662.299 0.7932
4663.3726 1.0629
4664.4463 0.955
4665.5205 0.9632
4666.595 0.9685
4667.6694 1.0414
4668.7446 1.0176
4669.82 0.9867
4670.895 0.9084
4671.9707 1.0057
4673.0464 0.947
4674.1226 1.0031
4675.1990000000005 0.9063
4676.276 0.9303
4677.3525 0.9701
4678.4297 0.9663
4679.5073 0.8954
4680.585 0.9698
4681.6626 0.8854
4682.7407 1.0286
4683.819 0.9312
4684.8975 1.0205
4685.9766 0.9694
4687.0557 0.9565
4688.1353 0.8667
4689.215 1.0324
4690.2944 0.9761
4691.3745 0.8652
4692.455 0.9481
4693.5356 0.9545
4694.616 0.9261
4695.6973 1.0239
4696.779 0.9777
4697.8604 0.9918
4698.9424 1.046
4700.0244 1.059
4701.107 1.0485
4702.1895 0.8595
4703.272 0.961
4704.3555 0.94
4705.4385 0.9447
4706.522 0.8745
4707.606 0.9102
4708.69 0.9241
4709.7744 0.9549
4710.859 1.0681
4711.944 0.9835
4713.029 0.9743
4714.1143 0.926
4715.1997 0.9048
4716.2856 0.942
4717.372 0.9867
4718.458 0.9971
4719.545 0.9667
4720.6320000000005 0.971
4721.7188 0.8923
4722.806 0.9933
4723.8936 1.007
4724.9814 1.021
4726.07 1.0083
4727.1577 0.8751
4728.2466 0.93
4729.3354 1.0145
4730.4243 0.9024
4731.5137 0.9311
4732.6035 0.9725
4733.6934 1.001
4734.782999999999 0.9698
4735.8735 0.9359
4736.9644 0.9477
4738.055 0.9007
4739.1465 0.8888
4740.238 1.0283
4741.329000000001 0.9523
4742.420999999999 0.9961
4743.513 0.9685
4744.6055 0.9943
4745.698 0.9773
4746.791 0.9924
4747.8843 0.9863
4748.9775 1.0383
4750.0713 0.847
4751.165 1.0017
4752.2593 1.0323
4753.3535 0.8877
4754.448 1.0099
4755.543 0.9206
4756.638 0.9296
4757.7334 0.9657
4758.829000000001 1.0242
4759.925 0.921
4761.021 0.9495
4762.1177 0.9202
4763.2144 0.9882
4764.311 1.0651
4765.407999999999 0.8973
4766.505999999999 0.9603
4767.6035 0.93
4768.701 0.9558
4769.7993 0.9869
4770.898 0.8977
4771.9966 0.9343
4773.095 0.9381
4774.1943 1.0224
4775.294 1.0257
4776.3936 0.9079
4777.4937 0.9477
4778.5938 0.9682
4779.6943 0.9713
4780.795 0.9634
4781.896 0.9564
4782.997 1.0025
4784.0986 1.005
4785.2 0.9645
4786.3022 0.9451
4787.4043 0.9281
4788.5070000000005 0.9752
4789.6094 1.012
4790.7124 0.939
4791.816 0.9406
4792.9194 0.9671
4794.023 0.9584
4795.127 0.9686
4796.2314 1.0152
4797.335999999999 0.9669
4798.4404 0.9871
4799.5454 0.9527
4800.651 0.9989
4801.7563 0.9146
4802.862 0.9564
4803.9683 0.9141
4805.0740000000005 0.9259
4806.1807 0.9248
4807.2876 0.9357
4808.3945 0.8916
4809.502 1.0902
4810.6094 1.0071
4811.7173 1.0394
4812.8257 1.0112
4813.9336 0.8341
4815.0425 0.9843
4816.1514 0.9982
4817.2603 0.9018
4818.3696 0.9063
4819.479 0.9376
4820.589 1.0
4821.6990000000005 1.0144
4822.8096 0.9798
4823.92 1.0149
4825.0312 0.9249
4826.142 0.9877
4827.2534 1.006
4828.365 0.8862
4829.477 0.9516
4830.5894 0.8727
4831.7017 0.955
4832.8145 0.859
4833.9272 0.9264
4835.0405 0.9573
4836.154 1.0117
4837.2676 0.9918
4838.3813 0.9238
4839.4956 0.8482
4840.6104 0.9028
4841.725 0.9188
4842.84 0.8776
4843.955 0.9768
4845.071 0.9455
4846.1865 0.9033
4847.3022 0.935
4848.4185 0.8781
4849.535 0.8837
4850.652 0.9656
4851.769 0.9236
4852.8859999999995 0.8274
4854.004 0.8392
4855.1216 0.8536
4856.2397 0.8352
4857.358 0.8447
4858.4766 0.767
4859.595 0.6965
4860.7144 0.6544
4861.834 0.5854
4862.9536 0.6799
4864.073 0.7649
4865.1934 0.8264
4866.314 0.9114
4867.4346 0.9359
4868.555 0.8549
4869.6763 0.8951
4870.798 0.8943
4871.9194 1.0022
4873.0415 0.9168
4874.1636 0.9106
4875.286 0.8913
4876.4087 0.9952
4877.5317 0.9389
4878.6553 1.0382
4879.7783 0.9108
4880.9023 0.9395
4882.0264 0.9058
4883.1504 1.0449
4884.275 0.988
4885.4 0.9518
4886.525 0.8022
4887.65 0.8745
4888.776 0.976
4889.9014 0.9919
4891.0273 0.9348
4892.154 0.9596
4893.2803 0.8791
4894.407 0.9037
4895.5347 0.8244
4896.6616 1.0028
4897.7896 0.8726
4898.9175 0.9808
4900.0454 0.9087
4901.174 0.9221
4902.3027 1.0521
4903.4316 0.9568
4904.5605 0.9383
4905.69 0.9075
4906.82 0.9795
4907.9497 0.9889
4909.08 1.0717
4910.2104 0.9912
4911.3413 0.8581
4912.472 0.9595
4913.6035 1.0014
4914.735 0.966
4915.8667 1.0013
4916.999 0.8791
4918.1313 0.8654
4919.2637 0.9187
4920.3965 0.8882
4921.53 0.8374
4922.663 0.8519
4923.7970000000005 0.9364
4924.9307 0.8948
4926.0645 0.9916
4927.1990000000005 0.9734
4928.334 0.7918
4929.4688 0.9098
4930.604 0.9128
4931.7393 0.9455
4932.875 0.9336
4934.0107 0.8469
4935.147 0.958
4936.2837 0.9705
4937.4204 0.877
4938.5576 0.9213
4939.695 0.9664
4940.8325 0.8688
4941.97 0.9802
4943.108 1.0057
4944.2466 0.8383
4945.3853 0.9274
4946.524 0.901
4947.663 0.8955
4948.8022 1.0684
4949.942 1.0
