3911.1108 1.0
3912.0115 0.9989
3912.9124 0.9949
3913.8135 1.0846
3914.7146 0.852
3915.6162 0.7685
3916.5178 0.7225
3917.4197 0.7663
3918.3218 0.8891
3919.224 0.864
3920.1267 0.8571
3921.0295 0.883
3921.9324 0.752
3922.8357 0.3737
3923.739 1.0191
3924.6426 0.7251
3925.5464 0.6955
3926.4504 0.8805
3927.3545 0.9408
3928.259 0.9934
3929.1636 0.7994
3930.0684 0.9224
3930.9734 0.5733
3931.8787 0.9481
3932.7842 0.4283
3933.6897 0.3675
3934.5957 0.4028
3935.5017 0.1892
3936.408 0.4327
3937.3145 0.306
3938.2212 0.3983
3939.1282 0.8552
3940.0354 0.7123
3940.9426 0.6169
3941.85 0.9435
3942.7578 0.996
3943.6658 0.8238
3944.574 0.8902
3945.4824 0.8874
3946.3909999999996 0.9219
3947.2998 0.8627
3948.2087 0.6765
3949.118 1.0292
3950.0273 1.1814
3950.937 0.8356
3951.847 0.5943
3952.7568 0.6686
3953.6672 0.8886
3954.5776 0.8655
3955.4883 0.9725
3956.3992 0.9053
3957.3103 0.7416
3958.2217 0.9656
3959.1333 0.8776
3960.045 0.8498
3960.9568 0.9742
3961.869 0.6716
3962.7812 0.7233
3963.6938 0.8668
3964.6067 0.7591
3965.5198 0.9784
3966.4329 0.7328
3967.3462 0.4691
3968.26 0.4404
3969.1738 0.254
3970.0879999999997 0.4443
3971.002 0.2901
3971.9165 0.466
3972.8313 0.5108
3973.7459999999996 0.5402
3974.6611 0.6823
3975.5764 0.6729
3976.492 0.448
3977.4077 0.8502
3978.3237 0.7799
3979.2397 0.7167
3980.1562 0.837
3981.0728 0.7565
3981.9895 0.8435
3982.9065 0.8734
3983.8237 0.9652
3984.7412 1.1566
3985.6587 0.7821
3986.5767 1.0807
3987.4946 0.7421
3988.4128 1.0663
3989.3313 0.8021
3990.25 0.9296
3991.1690000000003 0.9997
3992.0881 0.9339
3993.0073 0.9366
3993.927 0.9855
3994.8467 1.0771
3995.7666 0.849
3996.6868 0.7809
3997.6072 0.9189
3998.5278 0.9466
3999.4485 0.8567
4000.3696 0.9988
4001.2908 0.9281
4002.2122 0.9561
4003.1338 1.016
4004.0557 1.0651
4004.9778 1.0426
4005.9001 0.8538
4006.8225 0.8611
4007.7454 0.8222
4008.6682 0.9479
4009.5913 0.9695
4010.5146 0.8266
4011.4382 0.7643
4012.362 0.842
4013.2861 0.9879
4014.2102 0.857
4015.1345 0.8268
4016.0593 0.8039
4016.9841 0.7539
4017.9092 1.0015
4018.8345 1.0506
4019.7598 0.9311
4020.6855 0.8978
4021.6116 0.8877
4022.5376 1.0848
4023.4639 1.0344
4024.3904 1.0438
4025.3171 0.966
4026.2441 0.9934
4027.1714 0.977
4028.0989 0.8116
4029.0264 0.9362
4029.954 0.7721
4030.8823 0.8821
4031.8105 0.8502
4032.739 0.7882
4033.6677 0.8306
4034.5964 0.7681
4035.5256 0.8929
4036.455 0.8375
4037.3845 0.8507
4038.3142 0.8178
4039.2441 1.0863
4040.1743 1.0284
4041.1047 1.1229
4042.0354 0.976
4042.9663 1.0819
4043.8972 0.8938
4044.8286 0.9171
4045.76 1.0178
4046.6917 1.1342
4047.6235 0.8769
4048.5557 1.0864
4049.488 0.9854
4050.4204 0.9964
4051.3533 0.996
4052.2861 0.9526
4053.2195 0.9396
4054.1528 0.9515
4055.0864 0.8782
4056.0203 1.0242
4056.9543 0.8891
4057.8884 0.9866
4058.823 0.786
4059.7576 0.8275
4060.6926 1.0439
4061.6277 1.0363
4062.563 1.0098
4063.4985 0.9697
4064.4343 1.0052
4065.3704 0.8362
4066.3064 0.8682
4067.243 0.9209
4068.1794 0.7508
4069.1165 0.9032
4070.0535 0.7968
4070.9907 0.9324
4071.9282 1.0534
4072.866 1.0504
4073.8037 0.866
4074.742 0.764
4075.6804 0.8893
4076.619 1.0194
4077.5576 0.9567
4078.4966 0.9029
4079.4358 0.7519
4080.3752 0.6368
4081.315 0.7064
4082.255 0.7779
4083.1948 0.9382
4084.1353 0.887
4085.0757 0.9846
4086.0164 0.9439
4086.9575 0.8204
4087.8987 0.8572
4088.8398 0.9111
4089.7815 0.7914
4090.7234 0.8284
4091.6653 0.7987
4092.6077 0.8524
4093.55 0.9364
4094.4927 0.9313
4095.4358 0.8609
4096.379 0.9964
4097.3223 0.881
4098.2656 0.901
4099.2095 0.6842
4100.1533 0.6833
4101.0977 0.8227
4102.042 0.7029
4102.987 0.6125
4103.9316 0.5624
4104.8765 0.6511
4105.822 0.6917
4106.7676 0.9673
4107.7134 0.9655
4108.659000000001 0.8736
4109.6055 0.755
4110.552 0.9114
4111.498 0.7897
4112.4453 0.7463
4113.392 0.8263
4114.3394 0.9884
4115.2866 0.7852
4116.2344 0.8775
4117.1826 0.7589
4118.1304 0.8668
4119.079000000001 1.1398
4120.0273 0.8649
4120.976 0.8647
4121.9253 0.9429
4122.8745 0.9211
4123.8237 0.8221
4124.7734 0.934
4125.7236 0.9552
4126.6733 0.9858
4127.624 0.8924
4128.5740000000005 1.0483
4129.525 0.9839
4130.476 0.9473
4131.4272 0.9486
4132.379 0.8054
4133.33 0.8975
4134.282 0.9867
4135.2344 0.9873
4136.1865 0.8356
4137.139 0.8899
4138.092000000001 1.0502
4139.0444 0.9324
4139.998 0.9686
4140.951 0.872
4141.905 0.9495
4142.8584 0.9671
4143.8125 0.8086
4144.767 0.7862
4145.721 0.8752
4146.6763 0.9206
4147.630999999999 0.8642
4148.585999999999 0.8859
4149.5415 1.0199
4150.497 1.2055
4151.4526 1.1056
4152.4087 0.8557
4153.365 0.8255
4154.322 0.8544
4155.2783 0.9221
4156.2354 0.8666
4157.1924 0.8754
4158.1494 0.8992
4159.107 0.7351
4160.065 0.9458
4161.023 0.7972
4161.981 1.1122
4162.9395 0.9095
4163.8984 0.7816
4164.857 1.0908
4165.8164 1.0308
4166.7754 0.8621
4167.7354 0.9742
4168.695 0.8926
4169.655 1.0802
4170.615 0.9773
4171.5757 0.9101
4172.536 0.9309
4173.497 0.8223
4174.458 0.8051
4175.4194 1.0632
4176.380999999999 0.9285
4177.343 0.9927
4178.3047 0.9058
4179.267 0.7638
4180.2295 0.7731
4181.192 0.9765
4182.155 0.8589
4183.1179999999995 1.1383
4184.081 0.9731
4185.045 1.0168
4186.009 0.9645
4186.9727 0.8088
4187.9365 0.9763
4188.9014 0.942
4189.8657 0.7904
4190.8306 0.8321
4191.795999999999 0.8884
4192.7609999999995 0.8904
4193.7266 0.856
4194.6924 0.9211
4195.657999999999 1.1236
4196.6245 0.8113
4197.590999999999 0.8923
4198.5576 0.9609
4199.5244 0.8942
4200.4917 0.9243
4201.459 0.778
4202.4263 0.924
4203.394 0.7383
4204.3623 0.8806
4205.33 1.0482
4206.299 0.9075
4207.2676 1.0479
4208.2363 0.9381
4209.2056 0.9862
4210.175 0.9185
4211.144 1.0021
4212.1140000000005 1.0145
4213.084 0.902
4214.054 0.9625
4215.0244 0.9236
4215.995 0.8307
4216.9663 0.901
4217.937 0.8985
4218.9087 0.851
4219.88 0.9696
4220.852 0.9777
4221.8237 1.0298
4222.795999999999 0.9778
4223.7686 0.9437
4224.741 0.9822
4225.714 0.8511
4226.687 0.9988
4227.6606 1.0077
4228.6343 0.7722
4229.608 0.8501
4230.582 0.9265
4231.556 0.9685
4232.531 1.0246
4233.5054 0.8922
4234.4805 0.9311
4235.4556 0.8849
4236.4307 0.8324
4237.4062 0.9291
4238.3823 1.0864
4239.3584 0.856
4240.3345 0.9468
4241.311 0.8825
4242.2876 0.9907
4243.2646 0.9903
4244.2417 0.9947
4245.219 1.11
4246.197 0.9529
4247.175 0.933
4248.153 0.9643
4249.130999999999 0.7718
4250.1094 1.0576
4251.0884 0.8511
4252.067 1.0185
4253.0464 0.9417
4254.026 0.9608
4255.0054 0.9966
4255.9854 1.0563
4256.9653 0.9731
4257.946 0.9557
4258.9263 0.9255
4259.9067 1.0253
4260.8877 1.0151
4261.869000000001 0.8793
4262.8506 0.9756
4263.832 0.8763
4264.814 0.7898
4265.7964 1.0436
4266.779 0.9952
4267.7609999999995 1.0869
4268.744000000001 0.973
4269.727 0.9289
4270.7104 1.0513
4271.694 1.0182
4272.6772 0.9639
4273.6616 0.862
4274.6455 0.9446
4275.63 0.9317
4276.6147 0.9541
4277.5996 0.8485
4278.5845 0.9088
4279.57 1.0617
4280.555 1.0043
4281.541 1.0156
4282.527 0.9907
4283.513 0.9052
4284.4995 0.9247
4285.4863 1.0796
4286.473 1.058
4287.4604 0.8824
4288.4478 0.916
4289.435 0.9733
4290.423 0.9744
4291.411 0.9567
4292.3994 0.9456
4293.3877 0.8548
4294.3765 0.8749
4295.365 1.0983
4296.3545 0.93
4297.3438 0.964
4298.3335 0.9789
4299.323 1.0464
4300.3135 0.9595
4301.3037 0.8505
4302.2944 0.8938
4303.285 0.8633
4304.276 0.8614
4305.267 0.6853
4306.259 0.9413
4307.2505 0.9209
4308.242 1.0464
4309.2344 0.9005
4310.2266 0.7805
4311.219 0.8361
4312.212 0.9328
4313.205 0.838
4314.198 0.8493
4315.192 0.8894
4316.1855 0.915
4317.1797 0.8043
4318.174 0.8187
4319.168 0.8585
4320.1626 0.9428
4321.1577 1.0688
4322.153 0.8451
4323.148 0.8495
4324.1436 0.9136
4325.1396 0.8463
4326.1353 0.911
4327.1320000000005 0.9128
4328.128 0.8081
4329.125 0.9117
4330.1216 0.9261
4331.119000000001 0.9997
4332.116 0.8114
4333.1140000000005 0.9752
4334.112 0.8307
4335.11 1.0109
4336.1084 0.9392
4337.107 0.9134
4338.1055 0.7782
4339.1045 0.8669
4340.1035 0.8559
4341.103 0.8449
4342.103 0.6079
4343.103 0.5163
4344.103 0.5792
4345.1035 0.6257
4346.104 0.6788
4347.105 0.8167
4348.106 0.7787
4349.1074 0.9804
4350.109 1.0126
4351.1104 0.8862
4352.1123 0.7585
4353.1147 1.0382
4354.117 0.9517
4355.1196 0.8024
4356.1226 0.9666
4357.126 0.9646
4358.1294 0.929
4359.133 0.8488
4360.1367 0.8619
4361.1406 0.9229
4362.145 0.9903
4363.15 1.0859
4364.1543 0.9771
4365.1597 0.8888
4366.1646 0.9283
4367.17 0.9143
4368.1759999999995 0.9642
4369.1816 1.0596
4370.188 1.0678
4371.1943 1.0329
4372.2007 0.8854
4373.208 0.9646
4374.215 0.9229
4375.222 1.0864
4376.2295 0.9932
4377.2373 0.9127
4378.2456 0.8561
4379.254 0.9008
4380.262 0.9511
4381.271 0.9597
4382.28 1.0691
4383.289000000001 0.9494
4384.2983 0.8894
4385.308 1.0367
4386.318 0.9722
4387.3279999999995 0.9658
4388.3384 0.9247
4389.349 0.9124
4390.36 0.9077
4391.3706 0.8444
4392.3823 0.9427
4393.3936 0.9377
4394.4053 0.9145
4395.4175 1.0534
4396.4297 0.8497
4397.442 0.8489
4398.4546 0.8987
4399.4673 1.0401
4400.4805 0.9711
4401.494000000001 0.9471
4402.508 0.8618
4403.5215 0.8863
4404.5356 1.0742
4405.55 0.8638
4406.5645 0.9441
4407.579000000001 0.9998
4408.594 0.9928
4409.6094 0.8811
4410.625 0.8995
4411.6406 0.9339
4412.6562 0.9637
4413.6724 0.8064
4414.689 0.9847
4415.7056 1.0352
4416.7227 0.8358
4417.7397 0.9259
4418.7570000000005 0.9439
4419.7744 0.7878
4420.7925 0.9749
4421.8105 0.9729
4422.8286 1.1238
4423.847 1.104
4424.8657 0.9284
4425.885 0.9254
4426.9043 1.0326
4427.9233 0.9856
4428.9434 0.8692
4429.963 0.8448
4430.9834 0.9324
4432.004 1.0067
4433.0244 0.9744
4434.045 0.9086
4435.0664 0.9695
4436.0874 1.026
4437.1094 0.8685
4438.130999999999 0.8901
4439.153 0.893
4440.1753 0.9935
4441.1978 0.9953
4442.2207 1.0022
4443.2437 0.8113
4444.2666 1.0077
4445.29 0.9307
4446.314 0.8603
4447.338 0.8604
4448.362 0.9446
4449.3859999999995 0.9233
4450.411 0.8322
4451.4355 1.0559
4452.460999999999 0.8358
4453.4863 0.9303
4454.5117 1.0081
4455.5376 0.9232
4456.5635 0.8562
4457.59 0.924
4458.616 0.7906
4459.643 0.9336
4460.67 0.8774
4461.6973 0.8922
4462.7246 0.8807
4463.7524 0.8763
4464.7803 0.9577
4465.8086 0.8728
4466.837 1.0366
4467.8657 0.9308
4468.8945 1.0103
4469.924 0.8793
4470.9529999999995 0.9926
4471.9824 0.8927
4473.0127 0.9545
4474.0425 0.8577
4475.0728 0.9748
4476.1035 0.8164
4477.1343 0.8566
4478.165 1.0572
4479.1963 0.9863
4480.228 0.8713
4481.26 1.0989
4482.2915 1.0415
4483.3237 0.9322
4484.3564 0.8913
4485.389 0.9034
4486.4220000000005 1.0705
4487.455 0.9414
4488.4883 0.9545
4489.522 0.929
4490.556 1.0757
4491.59 0.9581
4492.6245 0.9387
4493.659000000001 1.0033
4494.694 0.9318
4495.729 0.8972
4496.764 0.915
4497.8 1.0243
4498.8354 1.0165
4499.8716 0.8488
4500.9077 0.9319
4501.9443 0.9244
4502.981 0.876
4504.018 0.8761
4505.055 0.9002
4506.093 0.9967
4507.1304 0.9449
4508.168 0.9777
4509.2065 0.9338
4510.2446 0.8644
4511.282999999999 0.8757
4512.3223 0.8351
4513.3613 1.0303
4514.401 0.9616
4515.4404 0.8974
4516.48 0.9339
4517.5205 0.942
4518.5605 0.9926
4519.601 0.9782
4520.642 1.0258
4521.683 1.095
4522.724 0.9124
4523.7656 0.9296
4524.8076 0.8953
4525.8496 0.9598
4526.8916 0.9322
4527.934 0.8922
4528.977 0.9184
4530.02 0.8922
4531.063 0.9953
4532.1064 0.8486
4533.1504 1.0211
4534.1943 0.925
4535.2383 0.9317
4536.2827 0.8229
4537.327 0.8975
4538.372 0.9171
4539.4175 0.9157
4540.463 1.0584
4541.5083 0.9633
4542.554 0.985
4543.6 0.9543
4544.6465 0.9687
4545.693 1.0155
4546.7397 0.9555
4547.787 0.9529
4548.8345 1.0377
4549.8820000000005 0.8969
4550.9297 0.9549
4551.9775 0.8852
4553.026 0.9326
4554.0740000000005 0.9446
4555.123 0.9425
4556.1720000000005 0.9565
4557.221 0.9069
4558.2705 0.7893
4559.3203 0.9392
4560.37 0.9441
4561.4204 0.9706
4562.4707 0.895
4563.5215 0.9644
4564.5728 1.0661
4565.6235 0.9449
4566.6753 0.9616
4567.7266 0.8655
4568.779 0.9173
4569.8306 0.9224
4570.8833 0.9316
4571.9355 0.9506
4572.9883 1.0826
4574.0415 0.9656
4575.0947 0.8723
4576.1484 0.9359
4577.202 1.0032
4578.2563 1.0074
4579.3105 0.9478
4580.365 0.8906
4581.42 0.8647
4582.475 0.9375
4583.5303 0.9063
4584.585999999999 0.8814
4585.6416 0.9204
4586.6978 0.9288
4587.754 0.9848
4588.8105 0.9077
4589.867 0.8996
4590.9243 0.9219
4591.9814 0.9584
4593.0386 1.0159
4594.0967 1.015
4595.1543 0.8522
4596.2124 0.9046
4597.271 0.8968
4598.3296 0.9456
4599.3887 0.9351
4600.4478 1.0364
4601.5073 0.9214
4602.567 0.8789
4603.627 0.9455
4604.687 0.9627
4605.7476 0.9944
4606.808 0.9294
4607.8687 0.9269
4608.93 0.9182
4609.991 1.0291
4611.0527 0.9828
4612.1147 0.9894
4613.177 1.0063
4614.2393 1.0508
4615.302 0.9263
4616.3647 1.0236
4617.4277 0.9852
4618.491 0.9469
4619.5547 1.0453
4620.6187 0.9591
4621.6826 1.0624
4622.747 0.9294
4623.8115 0.9175
4624.876 0.9367
4625.9414 0.9859
4627.0063 0.9574
4628.0723 1.0038
4629.1377 1.0369
4630.2036 0.9585
4631.27 0.865
4632.3364 0.9531
4633.4033 0.8426
4634.47 0.9953
4635.5376 0.9941
4636.605 0.8396
4637.673 0.9786
4638.7407 0.9281
4639.809 0.9637
4640.8774 0.9036
4641.9463 0.9813
4643.015 0.9863
4644.0845 0.8672
4645.154 0.9736
4646.2236 0.998
4647.2935 1.0045
4648.3640000000005 0.9885
4649.434 1.0076
4650.505 1.0578
4651.5757 0.9965
4652.647 0.9389
4653.7188 0.9565
4654.79 0.9573
4655.8623 0.9667
4656.934 0.95
4658.0070000000005 0.8848
4659.0796 0.9328
4660.1523 1.0126
4661.2256 1.0279
4662.299 0.9674
4663.3726 0.922
4664.4463 1.0183
4665.5205 0.9931
4666.595 1.0183
4667.6694 0.9864
4668.7446 0.8946
4669.82 0.982
4670.895 0.8638
4671.9707 0.9117
4673.0464 0.9424
4674.1226 0.9557
4675.1990000000005 0.8953
4676.276 0.9386
4677.3525 0.9628
4678.4297 0.9618
4679.5073 0.953
4680.585 1.0729
4681.6626 0.959
4682.7407 0.9343
4683.819 1.0551
4684.8975 0.9908
4685.9766 0.9694
4687.0557 0.9498
4688.1353 0.947
4689.215 0.918
4690.2944 0.9604
4691.3745 1.0044
4692.455 0.9366
4693.5356 0.981
4694.616 1.0736
4695.6973 0.939
4696.779 0.9719
4697.8604 0.9994
4698.9424 0.9495
4700.0244 0.8928
4701.107 1.0182
4702.1895 0.9151
4703.272 1.0328
4704.3555 0.963
4705.4385 0.8756
4706.522 0.9371
4707.606 1.0173
4708.69 1.0219
4709.7744 0.9168
4710.859 0.9342
4711.944 0.9875
4713.029 1.0406
4714.1143 0.9442
4715.1997 0.9245
4716.2856 0.8574
4717.372 1.0128
4718.458 0.9738
4719.545 0.9136
4720.6320000000005 0.9931
4721.7188 0.9953
4722.806 1.0283
4723.8936 0.9589
4724.9814 0.9685
4726.07 0.9804
4727.1577 0.9581
4728.2466 0.9408
4729.3354 0.9373
4730.4243 0.9451
4731.5137 0.985
4732.6035 1.0101
4733.6934 0.9499
4734.782999999999 0.9645
4735.8735 0.9419
4736.9644 0.92
4738.055 1.0155
4739.1465 0.93
4740.238 0.8809
4741.329000000001 0.9634
4742.420999999999 0.981
4743.513 1.0027
4744.6055 0.9756
4745.698 0.9492
4746.791 0.9566
4747.8843 1.0463
4748.9775 0.9186
4750.0713 0.9694
4751.165 1.0344
4752.2593 1.0294
4753.3535 0.9705
4754.448 1.0192
4755.543 0.9427
4756.638 1.0389
4757.7334 1.0348
4758.829000000001 0.9671
4759.925 0.938
4761.021 0.9648
4762.1177 0.9685
4763.2144 0.8716
4764.311 1.1304
4765.407999999999 0.9471
4766.505999999999 0.9884
4767.6035 0.9432
4768.701 0.9241
4769.7993 0.8953
4770.898 1.0207
4771.9966 0.9703
4773.095 0.9826
4774.1943 1.0442
4775.294 1.0507
4776.3936 0.9118
4777.4937 0.9113
4778.5938 0.8877
4779.6943 0.9529
4780.795 0.9943
4781.896 0.9968
4782.997 1.0204
4784.0986 0.9606
4785.2 0.9697
4786.3022 1.0144
4787.4043 0.9917
4788.5070000000005 0.9672
4789.6094 0.9709
4790.7124 0.9848
4791.816 1.0259
4792.9194 0.9924
4794.023 0.904
4795.127 0.9182
4796.2314 0.89
4797.335999999999 0.9285
4798.4404 1.0124
4799.5454 0.9562
4800.651 0.8929
4801.7563 0.9464
4802.862 1.0297
4803.9683 0.9902
4805.0740000000005 0.9789
4806.1807 1.0113
4807.2876 0.9978
4808.3945 0.9554
4809.502 1.0069
4810.6094 1.066
4811.7173 0.9843
4812.8257 0.9912
4813.9336 0.9203
4815.0425 0.9059
4816.1514 1.0008
4817.2603 0.9798
4818.3696 1.0079
4819.479 0.9211
4820.589 0.9166
4821.6990000000005 0.9352
4822.8096 0.9766
4823.92 0.9768
4825.0312 0.9618
4826.142 0.9007
4827.2534 0.9755
4828.365 1.0013
4829.477 0.8759
4830.5894 0.967
4831.7017 0.981
4832.8145 0.944
4833.9272 1.0625
4835.0405 0.92
4836.154 0.9935
4837.2676 0.9408
4838.3813 1.0257
4839.4956 0.9932
4840.6104 0.9771
4841.725 0.9608
4842.84 0.9567
4843.955 0.8593
4845.071 1.0444
4846.1865 0.9795
4847.3022 0.9431
4848.4185 0.9241
4849.535 0.9431
4850.652 0.9612
4851.769 0.8866
4852.8859999999995 0.9855
4854.004 0.9307
4855.1216 1.0296
4856.2397 0.9132
4857.358 0.9691
4858.4766 0.9206
4859.595 0.828
4860.7144 0.7727
4861.834 0.7618
4862.9536 0.6389
4864.073 0.5746
4865.1934 0.5094
4866.314 0.716
4867.4346 0.8252
4868.555 0.7788
4869.6763 0.7921
4870.798 0.9017
4871.9194 0.8828
4873.0415 0.9425
4874.1636 0.8432
4875.286 0.9206
4876.4087 0.9277
4877.5317 0.8822
4878.6553 0.9531
4879.7783 0.8567
4880.9023 0.8941
4882.0264 0.8882
4883.1504 0.9755
4884.275 0.9221
4885.4 0.8792
4886.525 0.9157
4887.65 0.9617
4888.776 0.9621
4889.9014 0.9591
4891.0273 0.9747
4892.154 0.9724
4893.2803 0.9205
4894.407 0.8795
4895.5347 0.8649
4896.6616 0.9414
4897.7896 1.014
4898.9175 0.9546
4900.0454 0.9904
4901.174 0.976
4902.3027 0.9369
4903.4316 0.9557
4904.5605 0.9881
4905.69 0.8999
4906.82 0.8981
4907.9497 0.938
4909.08 0.979
4910.2104 0.9763
4911.3413 0.9704
4912.472 1.0078
4913.6035 0.9591
4914.735 0.9516
4915.8667 1.0155
4916.999 0.9948
4918.1313 0.9417
4919.2637 0.936
4920.3965 0.9845
4921.53 0.9161
4922.663 0.9415
4923.7970000000005 0.9426
4924.9307 0.9107
4926.0645 1.025
4927.1990000000005 0.9127
4928.334 0.9746
4929.4688 1.0215
4930.604 0.9483
4931.7393 0.9816
4932.875 0.8954
4934.0107 1.0218
4935.147 0.8848
4936.2837 1.0185
4937.4204 0.9411
4938.5576 0.8944
4939.695 0.9955
4940.8325 0.9922
4941.97 0.9879
4943.108 0.8735
4944.2466 0.9973
4945.3853 0.9747
4946.524 0.8702
4947.663 0.9363
4948.8022 1.0247
4949.942 1.0
