3911.1108 1.0
3912.0115 0.593
3912.9124 1.2592
3913.8135 0.9918
3914.7146 0.8757
3915.6162 0.794
3916.5178 0.8717
3917.4197 0.5158
3918.3218 0.7099
3919.224 0.4113
3920.1267 0.732
3921.0295 0.927
3921.9324 0.5921
3922.8357 0.978
3923.739 0.834
3924.6426 0.7946
3925.5464 1.0354
3926.4504 1.1248
3927.3545 0.7435
3928.259 0.5066
3929.1636 0.8252
3930.0684 0.3221
3930.9734 0.8078
3931.8787 0.4259
3932.7842 0.9254
3933.6897 1.1884
3934.5957 0.0736
3935.5017 0.1484
3937.3145 0.2331
3938.2212 0.2174
3939.1282 0.5692
3940.0354 0.398
3940.9426 0.7316
3941.85 0.5654
3942.7578 0.6688
3943.6658 0.7356
3944.574 0.5175
3945.4824 0.4894
3946.3909999999996 0.6521
3947.2998 0.3351
3948.2087 0.4486
3949.118 0.922
3950.0273 0.7508
3950.937 0.4575
3951.847 0.7323
3952.7568 0.699
3953.6672 0.6358
3954.5776 0.8676
3955.4883 0.9157
3956.3992 0.6344
3957.3103 0.5851
3958.2217 0.9951
3959.1333 0.7047
3960.045 0.5247
3960.9568 0.6383
3961.869 0.6837
3962.7812 0.5512
3963.6938 0.7746
3964.6067 0.6794
3965.5198 0.8657
3966.4329 0.8062
3967.3462 0.5429
3968.26 0.4411
3969.1738 0.1913
3971.002 0.0824
3971.9165 0.2329
3972.8313 0.2066
3974.6611 0.7571
3975.5764 0.2052
3976.492 0.5959
3977.4077 0.6855
3978.3237 1.0285
3979.2397 0.573
3980.1562 0.539
3981.0728 0.7433
3981.9895 0.9985
3982.9065 0.9494
3983.8237 0.9838
3984.7412 0.5319
3985.6587 0.6446
3986.5767 0.6601
3987.4946 0.8379
3988.4128 0.7393
3989.3313 0.7462
3990.25 1.1553
3991.1690000000003 0.8089
3992.0881 0.6785
3993.0073 0.7258
3993.927 0.7146
3994.8467 0.8218
3995.7666 0.4146
3996.6868 0.5683
3997.6072 1.0613
3998.5278 1.0727
3999.4485 0.8358
4000.3696 0.8098
4001.2908 0.7588
4002.2122 0.9704
4003.1338 0.9032
4004.0557 0.9903
4004.9778 0.7282
4005.9001 0.8531
4006.8225 1.208
4007.7454 0.7238
4008.6682 1.0323
4009.5913 1.0195
4010.5146 0.8948
4011.4382 0.987
4012.362 1.0346
4013.2861 1.0599
4014.2102 0.7697
4015.1345 0.8965
4016.0593 0.9213
4016.9841 0.8108
4017.9092 0.6649
4018.8345 0.8729
4019.7598 1.1296
4020.6855 0.9784
4021.6116 1.0745
4022.5376 0.9264
4023.4639 0.8331
4024.3904 0.8181
4025.3171 1.0458
4026.2441 0.7699
4027.1714 0.9245
4028.0989 0.7196
4029.0264 0.63
4029.954 0.5511
4030.8823 0.8416
4031.8105 0.8324
4032.739 0.7388
4033.6677 0.9729
4034.5964 1.0422
4035.5256 0.6141
4036.455 0.774
4037.3845 0.4982
4038.3142 0.6343
4039.2441 0.7002
4040.1743 0.6979
4041.1047 0.6238
4042.0354 0.6141
4042.9663 0.7981
4043.8972 1.1034
4044.8286 0.6649
4045.76 0.9368
4046.6917 0.8631
4047.6235 0.6877
4048.5557 0.9863
4049.488 1.1998
4050.4204 0.7521
4051.3533 0.7034
4052.2861 1.0482
4053.2195 1.2025
4054.1528 1.0415
4055.0864 0.7212
4056.0203 0.8437
4056.9543 1.0422
4057.8884 1.1492
4058.823 0.9026
4059.7576 1.3412
4060.6926 0.7498
4061.6277 0.7031
4062.563 1.2528
4063.4985 0.7724
4064.4343 0.7995
4065.3704 0.9454
4066.3064 0.8833
4067.243 0.8643
4068.1794 1.0015
4069.1165 0.9688
4070.0535 0.7059
4070.9907 0.7096
4071.9282 0.9305
4072.866 1.1308
4073.8037 0.9081
4074.742 0.9725
4075.6804 0.8149
4076.619 0.9106
4077.5576 0.8901
4078.4966 0.9879
4079.4358 0.888
4080.3752 0.72
4081.315 0.671
4082.255 0.6518
4083.1948 1.0298
4084.1353 0.9459
4085.0757 0.9779
4086.0164 1.0769
4086.9575 0.4763
4087.8987 0.796
4088.8398 1.0084
4089.7815 0.6158
4090.7234 0.954
4091.6653 0.8461
4092.6077 0.6219
4093.55 0.7213
4094.4927 0.7893
4095.4358 0.7835
4096.379 1.0965
4097.3223 0.9093
4098.2656 0.5157
4099.2095 0.666
4100.1533 0.9337
4101.0977 0.6755
4102.042 0.5986
4102.987 0.4224
4103.9316 0.3886
4104.8765 0.4827
4105.822 0.5403
4106.7676 0.669
4107.7134 0.6491
4108.659000000001 0.8151
4109.6055 0.797
4110.552 0.79
4111.498 0.6993
4112.4453 0.7193
4113.392 0.8083
4114.3394 0.8608
4115.2866 1.2233
4116.2344 0.6344
4117.1826 1.0464
4118.1304 0.8711
4119.079000000001 1.0899
4120.0273 0.5822
4120.976 0.5799
4121.9253 0.7787
4122.8745 1.0089
4123.8237 0.7808
4124.7734 1.1032
4125.7236 0.9545
4126.6733 1.0427
4127.624 0.5398
4128.5740000000005 0.8085
4129.525 0.5877
4130.476 1.3084
4131.4272 0.9832
4132.379 0.8768
4133.33 0.9104
4134.282 0.8658
4135.2344 0.9819
4136.1865 0.7407
4137.139 0.8125
4138.092000000001 1.0096
4139.0444 1.0156
4139.998 0.9527
4140.951 0.8276
4141.905 0.9932
4142.8584 0.6877
4143.8125 0.6744
4144.767 1.0392
4145.721 0.9562
4146.6763 0.9827
4147.630999999999 0.8781
4148.585999999999 0.9213
4149.5415 1.0977
4150.497 1.0086
4151.4526 1.0365
4152.4087 0.9115
4153.365 0.7916
4154.322 0.8981
4155.2783 0.7427
4156.2354 0.5812
4157.1924 0.9454
4158.1494 0.9239
4159.107 0.6697
4160.065 0.6639
4161.023 0.8773
4161.981 0.6883
4162.9395 0.8385
4163.8984 1.0769
4164.857 0.6344
4165.8164 0.5195
4166.7754 0.7982
4167.7354 1.0472
4168.695 0.8473
4169.655 0.9549
4170.615 0.6797
4171.5757 1.0889
4172.536 0.7985
4173.497 0.9966
4174.458 0.9275
4175.4194 0.9984
4176.380999999999 0.4774
4177.343 0.8363
4178.3047 0.9755
4179.267 1.2795
4180.2295 0.7382
4181.192 0.8104
4182.155 0.5141
4183.1179999999995 0.7864
4184.081 0.8742
4185.045 0.9467
4186.009 0.9721
4186.9727 0.7901
4187.9365 1.0405
4188.9014 0.8724
4189.8657 0.6174
4190.8306 0.6648
4191.795999999999 1.1734
4192.7609999999995 0.8241
4193.7266 1.0113
4194.6924 1.0557
4195.657999999999 0.8804
4196.6245 0.8897
4197.590999999999 0.6896
4198.5576 1.0622
4199.5244 1.0143
4200.4917 0.6907
4201.459 0.8918
4202.4263 0.7797
4203.394 0.9303
4204.3623 0.9184
4205.33 0.7627
4206.299 0.9411
4207.2676 1.1571
4208.2363 0.8483
4209.2056 0.7802
4210.175 0.7295
4211.144 1.0026
4212.1140000000005 0.8753
4213.084 0.9332
4214.054 0.7717
4215.0244 0.6381
4215.995 1.0552
4216.9663 1.1266
4217.937 1.1715
4218.9087 0.9465
4219.88 0.7754
4220.852 0.8386
4221.8237 0.8508
4222.795999999999 1.0489
4223.7686 0.8774
4224.741 0.8415
4225.714 0.9509
4226.687 1.2009
4227.6606 0.7481
4228.6343 0.9123
4229.608 0.5444
4230.582 0.9648
4231.556 0.7991
4232.531 1.0338
4233.5054 1.2185
4234.4805 0.9601
4235.4556 1.211
4236.4307 0.5563
4237.4062 0.9377
4238.3823 0.9449
4239.3584 0.9523
4240.3345 0.8684
4241.311 0.9777
4242.2876 0.7554
4243.2646 0.969
4244.2417 0.8391
4245.219 0.9215
4246.197 0.8067
4247.175 0.9567
4248.153 0.904
4249.130999999999 0.4984
4250.1094 0.7118
4251.0884 0.5653
4252.067 0.7978
4253.0464 0.772
4254.026 0.9144
4255.0054 0.635
4255.9854 0.9057
4256.9653 0.7284
4257.946 1.0516
4258.9263 0.6745
4259.9067 0.8252
4260.8877 0.9198
4261.869000000001 1.0237
4262.8506 0.7705
4263.832 0.9454
4264.814 1.0416
4265.7964 0.7745
4266.779 0.9606
4267.7609999999995 0.823
4268.744000000001 0.8554
4269.727 0.8542
4270.7104 1.0051
4271.694 0.9902
4272.6772 0.9548
4273.6616 1.0735
4274.6455 0.7648
4275.63 0.7638
4276.6147 0.7744
4277.5996 0.8713
4278.5845 0.9947
4279.57 0.8455
4280.555 0.8443
4281.541 0.9957
4282.527 0.8575
4283.513 0.9226
4284.4995 0.9893
4285.4863 0.8931
4286.473 0.9019
4287.4604 0.7882
4288.4478 0.9946
4289.435 0.9196
4290.423 0.6468
4291.411 0.8599
4292.3994 0.745
4293.3877 0.815
4294.3765 0.8422
4295.365 0.977
4296.3545 0.838
4297.3438 1.0131
4298.3335 1.0691
4299.323 0.8933
4300.3135 0.9629
4301.3037 0.9173
4302.2944 0.8842
4303.285 0.7437
4304.276 0.7166
4305.267 0.534
4306.259 1.2403
4307.2505 0.8298
4308.242 1.1067
4309.2344 1.1609
4310.2266 0.8585
4311.219 0.7179
4312.212 0.9451
4313.205 0.8969
4314.198 0.8771
4315.192 0.858
4316.1855 0.9127
4317.1797 0.7403
4318.174 0.6
4319.168 0.8773
4320.1626 0.9459
4321.1577 1.0936
4322.153 0.9259
4323.148 1.0431
4324.1436 0.8216
4325.1396 1.0654
4326.1353 0.5865
4327.1320000000005 1.0667
4328.128 0.7326
4329.125 0.8638
4330.1216 0.8068
4331.119000000001 0.9825
4332.116 0.694
4333.1140000000005 0.8865
4334.112 0.7819
4335.11 1.0268
4336.1084 0.9403
4337.107 0.6999
4338.1055 0.6778
4339.1045 0.6691
4340.1035 0.6866
4341.103 0.4946
4342.103 0.3902
4343.103 0.3078
4344.103 0.388
4345.1035 0.4424
4346.104 0.7308
4347.105 0.5042
4348.106 0.6709
4349.1074 0.9119
4350.109 0.8868
4351.1104 0.9476
4352.1123 0.8998
4353.1147 1.0038
4354.117 0.9195
4355.1196 0.8951
4356.1226 0.9047
4357.126 0.6921
4358.1294 0.8213
4359.133 1.0127
4360.1367 1.0077
4361.1406 0.8407
4362.145 0.9239
4363.15 1.1504
4364.1543 1.0685
4365.1597 0.7308
4366.1646 0.749
4367.17 0.9417
4368.1759999999995 0.8598
4369.1816 0.7626
4370.188 1.0301
4371.1943 0.9589
4372.2007 1.114
4373.208 0.9171
4374.215 0.8031
4375.222 0.9963
4376.2295 0.8468
4377.2373 1.0978
4378.2456 0.9226
4379.254 0.9158
4380.262 0.9608
4381.271 0.5901
4382.28 1.0764
4383.289000000001 1.2589
4384.2983 0.9475
4385.308 1.0818
4386.318 0.7754
4387.3279999999995 1.0435
4388.3384 0.8429
4389.349 0.7204
4390.36 0.9483
4391.3706 0.9942
4392.3823 0.9926
4393.3936 1.0413
4394.4053 0.8854
4395.4175 0.6838
4396.4297 0.9437
4397.442 0.9928
4398.4546 0.6067
4399.4673 1.062
4400.4805 0.7674
4401.494000000001 0.8452
4402.508 0.6244
4403.5215 0.9284
4404.5356 0.783
4405.55 0.9543
4406.5645 0.9229
4407.579000000001 0.9763
4408.594 1.0058
4409.6094 0.9902
4410.625 0.862
4411.6406 0.9608
4412.6562 1.0425
4413.6724 1.0024
4414.689 0.801
4415.7056 1.0085
4416.7227 0.8293
4417.7397 0.5153
4418.7570000000005 1.0346
4419.7744 0.8159
4420.7925 0.7618
4421.8105 1.0001
4422.8286 0.7472
4423.847 1.0112
4424.8657 1.0814
4425.885 0.8238
4426.9043 1.1222
4427.9233 1.0106
4428.9434 0.7564
4429.963 0.8581
4430.9834 0.9593
4432.004 1.192
4433.0244 1.0066
4434.045 0.9431
4435.0664 0.8191
4436.0874 0.9878
4437.1094 0.8553
4438.130999999999 0.7886
4439.153 1.1206
4440.1753 0.691
4441.1978 1.0079
4442.2207 0.8866
4443.2437 0.8229
4444.2666 1.0755
4445.29 0.853
4446.314 0.8426
4447.338 0.7703
4448.362 0.9196
4449.3859999999995 0.8789
4450.411 0.8288
4451.4355 0.9111
4452.460999999999 0.8016
4453.4863 0.7918
4454.5117 0.9486
4455.5376 0.6816
4456.5635 1.0972
4457.59 0.873
4458.616 1.008
4459.643 0.844
4460.67 0.6699
4461.6973 0.9869
4462.7246 0.8241
4463.7524 0.9911
4464.7803 0.9941
4465.8086 1.0053
4466.837 0.8637
4467.8657 0.8946
4468.8945 0.9086
4469.924 1.0341
4470.9529999999995 0.814
4471.9824 1.0888
4473.0127 0.8653
4474.0425 0.9911
4475.0728 0.9742
4476.1035 0.825
4477.1343 1.0032
4478.165 0.9173
4479.1963 0.7358
4480.228 0.8862
4481.26 0.8875
4482.2915 0.9607
4483.3237 0.8566
4484.3564 1.022
4485.389 0.973
4486.4220000000005 0.7573
4487.455 0.7054
4488.4883 0.9352
4489.522 1.0596
4490.556 0.9309
4491.59 0.989
4492.6245 0.8278
4493.659000000001 0.7682
4494.694 0.972
4495.729 0.7426
4496.764 0.5551
4497.8 0.8334
4498.8354 1.0712
4499.8716 0.9062
4500.9077 0.8942
4501.9443 0.9569
4502.981 0.7745
4504.018 0.8707
4505.055 0.8526
4506.093 0.8955
4507.1304 0.7785
4508.168 0.9098
4509.2065 0.9032
4510.2446 0.7249
4511.282999999999 0.9922
4512.3223 0.7944
4513.3613 0.8641
4514.401 0.9053
4515.4404 0.9936
4516.48 1.0585
4517.5205 0.8364
4518.5605 1.0023
4519.601 1.0445
4520.642 0.9243
4521.683 0.9813
4522.724 1.0708
4523.7656 0.7475
4524.8076 1.1205
4525.8496 1.0324
4526.8916 1.0159
4527.934 0.6963
4528.977 0.8057
4530.02 0.7878
4531.063 0.8117
4532.1064 0.891
4533.1504 0.8718
4534.1943 0.9307
4535.2383 1.1382
4536.2827 0.9238
4537.327 0.9091
4538.372 0.7202
4539.4175 0.9095
4540.463 0.6402
4541.5083 0.8898
4542.554 0.7315
4543.6 0.9236
4544.6465 0.8969
4545.693 1.0364
4546.7397 1.1398
4547.787 0.9976
4548.8345 1.0196
4549.8820000000005 1.0107
4550.9297 1.1536
4551.9775 0.821
4553.026 0.7522
4554.0740000000005 0.9297
4555.123 0.7964
4556.1720000000005 0.7689
4557.221 0.8242
4558.2705 0.7037
4559.3203 0.8207
4560.37 0.8777
4561.4204 0.702
4562.4707 0.8489
4563.5215 0.8334
4564.5728 0.7241
4565.6235 0.7852
4566.6753 0.9803
4567.7266 0.8927
4568.779 0.9462
4569.8306 0.9603
4570.8833 0.8973
4571.9355 0.9973
4572.9883 0.9438
4574.0415 0.9477
4575.0947 0.842
4576.1484 0.7227
4577.202 0.7449
4578.2563 0.9531
4579.3105 0.9676
4580.365 0.848
4581.42 0.901
4582.475 1.0138
4583.5303 0.8078
4584.585999999999 0.8438
4585.6416 0.8997
4586.6978 0.8042
4587.754 0.7939
4588.8105 0.7342
4589.867 0.7623
4590.9243 0.885
4591.9814 0.9936
4593.0386 0.8325
4594.0967 1.0229
4595.1543 0.9002
4596.2124 1.0553
4597.271 0.9848
4598.3296 0.8541
4599.3887 0.8172
4600.4478 0.8463
4601.5073 0.9199
4602.567 0.7805
4603.627 0.9644
4604.687 0.6237
4605.7476 0.9318
4606.808 0.766
4607.8687 1.0302
4608.93 0.8088
4609.991 0.8575
4611.0527 0.9623
4612.1147 0.7462
4613.177 0.7369
4614.2393 0.8504
4615.302 0.8454
4616.3647 0.8566
4617.4277 0.8183
4618.491 0.9223
4619.5547 0.8907
4620.6187 1.0414
4621.6826 1.0024
4622.747 0.7193
4623.8115 0.6567
4624.876 0.8882
4625.9414 0.7565
4627.0063 0.8568
4628.0723 1.0326
4629.1377 0.9911
4630.2036 0.881
4631.27 0.8121
4632.3364 1.0958
4633.4033 0.908
4634.47 0.8877
4635.5376 0.9641
4636.605 0.8588
4637.673 1.0786
4638.7407 1.0358
4639.809 1.0477
4640.8774 1.08
4641.9463 0.7495
4643.015 0.7803
4644.0845 1.0422
4645.154 0.9348
4646.2236 0.9195
4647.2935 1.0085
4648.3640000000005 0.8596
4649.434 0.9378
4650.505 1.0496
4651.5757 0.9364
4652.647 0.9566
4653.7188 0.9408
4654.79 0.9071
4655.8623 0.9113
4656.934 0.9181
4658.0070000000005 1.0203
4659.0796 0.9318
4660.1523 0.7899
4661.2256 0.9281
4662.299 0.9089
4663.3726 1.1104
4664.4463 0.8622
4665.5205 0.9502
4666.595 0.9831
4667.6694 0.9528
4668.7446 0.9785
4669.82 0.774
4670.895 0.6836
4671.9707 0.8954
4673.0464 0.8611
4674.1226 0.8696
4675.1990000000005 1.0354
4676.276 0.9932
4677.3525 0.9972
4678.4297 1.0087
4679.5073 0.8124
4680.585 1.1198
4681.6626 0.9703
4682.7407 0.8686
4683.819 0.9472
4684.8975 1.003
4685.9766 0.8157
4687.0557 0.9106
4688.1353 0.8677
4689.215 0.8278
4690.2944 0.6144
4691.3745 1.172
4692.455 0.9429
4693.5356 1.0228
4694.616 0.8203
4695.6973 1.1063
4696.779 0.9921
4697.8604 0.8834
4698.9424 0.9605
4700.0244 0.9347
4701.107 0.9413
4702.1895 0.8616
4703.272 0.9299
4704.3555 0.9655
4705.4385 0.9361
4706.522 0.7959
4707.606 0.8044
4708.69 0.8104
4709.7744 0.9691
4710.859 1.06
4711.944 0.9641
4713.029 0.9525
4714.1143 0.8675
4715.1997 0.9251
4716.2856 0.791
4717.372 0.8789
4718.458 1.0231
4719.545 0.8555
4720.6320000000005 0.9047
4721.7188 0.9889
4722.806 0.8847
4723.8936 0.9255
4724.9814 1.1312
4726.07 1.0026
4727.1577 0.8962
4728.2466 1.064
4729.3354 1.0203
4730.4243 0.9036
4731.5137 0.991
4732.6035 0.9199
4733.6934 0.852
4734.782999999999 0.9843
4735.8735 0.9034
4736.9644 1.0121
4738.055 0.8206
4739.1465 0.9371
4740.238 0.8244
4741.329000000001 1.0506
4742.420999999999 1.0787
4743.513 0.9988
4744.6055 1.0589
4745.698 0.8196
4746.791 1.1352
4747.8843 1.0447
4748.9775 0.9843
4750.0713 1.0226
4751.165 0.8472
4752.2593 0.9665
4753.3535 0.9525
4754.448 1.0895
4755.543 0.9108
4756.638 0.8928
4757.7334 1.0116
4758.829000000001 0.7697
4759.925 0.9228
4761.021 1.0659
4762.1177 1.0337
4763.2144 0.832
4764.311 0.8566
4765.407999999999 0.7462
4766.505999999999 0.8474
4767.6035 0.8125
4768.701 0.9178
4769.7993 0.8249
4770.898 0.8704
4771.9966 0.9012
4773.095 0.9701
4774.1943 1.0436
4775.294 0.8415
4776.3936 0.9825
4777.4937 1.0438
4778.5938 0.9295
4779.6943 0.8766
4780.795 0.921
4781.896 0.8772
4782.997 1.0286
4784.0986 0.8647
4785.2 0.955
4786.3022 0.9886
4787.4043 0.8969
4788.5070000000005 0.9086
4789.6094 0.7708
4790.7124 0.9373
4791.816 0.9621
4792.9194 0.8933
4794.023 0.8322
4795.127 0.9172
4796.2314 0.956
4797.335999999999 0.8709
4798.4404 0.9651
4799.5454 0.9777
4800.651 0.9448
4801.7563 0.9727
4802.862 1.0421
4803.9683 0.8761
4805.0740000000005 0.775
4806.1807 0.9406
4807.2876 0.9202
4808.3945 0.7931
4809.502 0.9448
4810.6094 0.8399
4811.7173 1.0122
4812.8257 0.971
4813.9336 1.0238
4815.0425 0.9706
4816.1514 0.9926
4817.2603 1.0109
4818.3696 0.9902
4819.479 0.9197
4820.589 1.0184
4821.6990000000005 0.8658
4822.8096 1.0236
4823.92 0.955
4825.0312 0.9013
4826.142 0.9393
4827.2534 1.0457
4828.365 0.9217
4829.477 0.9402
4830.5894 0.9914
4831.7017 0.8986
4832.8145 1.01
4833.9272 0.938
4835.0405 0.9328
4836.154 0.9473
4837.2676 0.7958
4838.3813 0.9642
4839.4956 0.8046
4840.6104 0.7328
4841.725 0.9579
4842.84 0.939
4843.955 0.8475
4845.071 0.9139
4846.1865 0.9105
4847.3022 0.8608
4848.4185 0.8729
4849.535 1.0501
4850.652 0.9599
4851.769 0.8926
4852.8859999999995 0.9328
4854.004 0.8242
4855.1216 0.9764
4856.2397 0.7055
4857.358 0.8003
4858.4766 1.0348
4859.595 0.7849
4860.7144 0.7299
4861.834 0.5509
4862.9536 0.5542
4864.073 0.5101
4865.1934 0.459
4866.314 0.4447
4867.4346 0.6212
4868.555 0.7993
4869.6763 0.8698
4870.798 0.9364
4871.9194 0.7857
4873.0415 0.8234
4874.1636 0.908
4875.286 0.7138
4876.4087 0.7751
4877.5317 0.9069
4878.6553 0.8857
4879.7783 0.9528
4880.9023 0.8513
4882.0264 0.7345
4883.1504 0.8307
4884.275 0.8607
4885.4 0.9509
4886.525 0.945
4887.65 0.9082
4888.776 0.9135
4889.9014 0.9448
4891.0273 0.841
4892.154 0.8262
4893.2803 0.8692
4894.407 0.8524
4895.5347 0.9811
4896.6616 0.8876
4897.7896 0.9354
4898.9175 0.9177
4900.0454 1.0816
4901.174 0.8756
4902.3027 1.1737
4903.4316 0.8235
4904.5605 0.9733
4905.69 0.8294
4906.82 0.8478
4907.9497 0.8561
4909.08 0.8677
4910.2104 0.9151
4911.3413 0.8877
4912.472 1.1053
4913.6035 0.8899
4914.735 0.9247
4915.8667 0.8865
4916.999 1.0034
4918.1313 0.9712
4919.2637 0.8894
4920.3965 0.9945
4921.53 0.8474
4922.663 0.9813
4923.7970000000005 1.0107
4924.9307 0.8763
4926.0645 0.9008
4927.1990000000005 0.9786
4928.334 0.8236
4929.4688 0.9806
4930.604 0.8682
4931.7393 0.8851
4932.875 0.8546
4934.0107 0.8701
4935.147 0.9554
4936.2837 0.9739
4937.4204 0.9391
4938.5576 0.8442
4939.695 0.7668
4940.8325 0.9448
4941.97 0.9225
4943.108 0.7827
4944.2466 0.9272
4945.3853 0.9639
4946.524 0.9372
4947.663 0.8821
4948.8022 1.04
4949.942 1.0
