3911.1108 1.0
3912.0115 0.9173
3912.9124 0.9373
3913.8135 1.052
3914.7146 1.0614
3915.6162 0.9702
3916.5178 0.9329
3917.4197 0.8014
3918.3218 0.8138
3919.224 0.9949
3920.1267 0.8976
3921.0295 0.8624
3921.9324 0.8263
3922.8357 0.8758
3923.739 0.9792
3924.6426 0.971
3925.5464 0.8215
3926.4504 0.918
3927.3545 0.9561
3928.259 0.9545
3929.1636 0.9297
3930.0684 0.9474
3930.9734 0.9355
3931.8787 0.8083
3932.7842 0.9223
3933.6897 0.7815
3934.5957 0.5218
3935.5017 0.5995
3936.408 0.2919
3937.3145 0.298
3938.2212 0.2912
3939.1282 0.4772
3940.0354 0.6204
3940.9426 0.6131
3941.85 0.792
3942.7578 0.6737
3943.6658 0.8362
3944.574 0.8872
3945.4824 1.1251
3946.3909999999996 0.9385
3947.2998 0.7949
3948.2087 0.752
3949.118 0.9711
3950.0273 0.8369
3950.937 1.0188
3951.847 1.0039
3952.7568 0.944
3953.6672 0.8786
3954.5776 0.8612
3955.4883 1.0915
3956.3992 0.9908
3957.3103 0.9413
3958.2217 0.929
3959.1333 0.7656
3960.045 0.8988
3960.9568 0.9006
3961.869 0.8558
3962.7812 0.8406
3963.6938 0.8731
3964.6067 0.9687
3965.5198 0.8413
3966.4329 0.7523
3967.3462 0.8706
3968.26 0.644
3969.1738 0.7034
3970.0879999999997 0.6228
3971.002 0.3073
3971.9165 0.5176
3972.8313 0.2424
3973.7459999999996 0.3283
3974.6611 0.5048
3975.5764 0.4556
3976.492 0.7788
3977.4077 0.7063
3978.3237 0.7337
3979.2397 0.8818
3980.1562 0.9248
3981.0728 0.9412
3981.9895 0.8672
3982.9065 0.9302
3983.8237 1.0159
3984.7412 0.751
3985.6587 0.8468
3986.5767 0.9695
3987.4946 0.9792
3988.4128 0.8544
3989.3313 0.9268
3990.25 0.8628
3991.1690000000003 0.889
3992.0881 0.9487
3993.0073 0.9127
3993.927 0.9873
3994.8467 1.1259
3995.7666 0.946
3996.6868 0.8399
3997.6072 0.914
3998.5278 0.8969
3999.4485 0.8575
4000.3696 0.9132
4001.2908 0.9895
4002.2122 1.0515
4003.1338 0.9669
4004.0557 0.9527
4004.9778 1.0978
4005.9001 0.8977
4006.8225 0.9788
4007.7454 0.9964
4008.6682 0.9213
4009.5913 0.9285
4010.5146 0.965
4011.4382 1.0031
4012.362 0.859
4013.2861 0.9276
4014.2102 1.0092
4015.1345 1.0158
4016.0593 0.9164
4016.9841 0.9363
4017.9092 0.9256
4018.8345 1.031
4019.7598 0.983
4020.6855 1.0139
4021.6116 1.0352
4022.5376 1.1145
4023.4639 0.9542
4024.3904 1.0497
4025.3171 0.9192
4026.2441 0.8536
4027.1714 1.1013
4028.0989 0.9623
4029.0264 0.9289
4029.954 0.9218
4030.8823 0.9954
4031.8105 0.8699
4032.739 0.9402
4033.6677 0.9707
4034.5964 0.9382
4035.5256 0.8812
4036.455 0.8835
4037.3845 0.8799
4038.3142 0.9354
4039.2441 1.0021
4040.1743 0.9775
4041.1047 1.0485
4042.0354 1.0928
4042.9663 1.0147
4043.8972 0.972
4044.8286 0.9701
4045.76 0.9635
4046.6917 0.9263
4047.6235 0.913
4048.5557 0.9044
4049.488 0.8896
4050.4204 0.9895
4051.3533 1.0654
4052.2861 1.0411
4053.2195 1.0424
4054.1528 0.9313
4055.0864 1.0473
4056.0203 0.923
4056.9543 0.9235
4057.8884 1.0486
4058.823 0.8881
4059.7576 0.9656
4060.6926 0.9272
4061.6277 0.9037
4062.563 0.9566
4063.4985 1.0063
4064.4343 1.058
4065.3704 0.9668
4066.3064 0.9451
4067.243 0.9694
4068.1794 0.9629
4069.1165 1.0211
4070.0535 0.9061
4070.9907 1.0444
4071.9282 0.9743
4072.866 0.9631
4073.8037 0.9044
4074.742 0.8779
4075.6804 0.8733
4076.619 0.9027
4077.5576 1.0641
4078.4966 0.9886
4079.4358 0.9607
4080.3752 0.8887
4081.315 0.8871
4082.255 0.8928
4083.1948 0.8386
4084.1353 0.9013
4085.0757 0.9589
4086.0164 0.9829
4086.9575 0.9964
4087.8987 0.9627
4088.8398 0.9648
4089.7815 0.951
4090.7234 0.915
4091.6653 0.9164
4092.6077 0.9302
4093.55 0.942
4094.4927 0.9538
4095.4358 1.0108
4096.379 0.9274
4097.3223 0.9776
4098.2656 0.8723
4099.2095 0.7693
4100.1533 0.8722
4101.0977 0.9181
4102.042 0.8533
4102.987 0.7603
4103.9316 0.5985
4104.8765 0.7042
4105.822 0.562
4106.7676 0.5276
4107.7134 0.6859
4108.659000000001 0.8089
4109.6055 0.823
4110.552 0.8864
4111.498 0.8181
4112.4453 0.9317
4113.392 0.831
4114.3394 0.866
4115.2866 0.8819
4116.2344 0.8948
4117.1826 0.9804
4118.1304 1.0011
4119.079000000001 1.0168
4120.0273 1.0577
4120.976 0.9594
4121.9253 0.9766
4122.8745 0.9243
4123.8237 0.8941
4124.7734 0.9599
4125.7236 1.0229
4126.6733 0.9569
4127.624 0.9246
4128.5740000000005 1.0148
4129.525 0.9969
4130.476 0.8809
4131.4272 0.9424
4132.379 0.9753
4133.33 0.9023
4134.282 0.917
4135.2344 0.9006
4136.1865 0.9392
4137.139 0.8936
4138.092000000001 0.8541
4139.0444 0.9543
4139.998 0.9242
4140.951 0.8464
4141.905 0.9623
4142.8584 0.9326
4143.8125 1.1491
4144.767 1.0089
4145.721 1.0036
4146.6763 0.8711
4147.630999999999 0.9308
4148.585999999999 0.9608
4149.5415 0.9997
4150.497 0.973
4151.4526 1.0288
4152.4087 0.9255
4153.365 0.9452
4154.322 0.936
4155.2783 1.0192
4156.2354 0.9088
4157.1924 0.907
4158.1494 1.0028
4159.107 0.8678
4160.065 0.9208
4161.023 1.0782
4161.981 1.02
4162.9395 1.0138
4163.8984 0.9545
4164.857 0.9636
4165.8164 0.8806
4166.7754 0.9166
4167.7354 0.9295
4168.695 1.0279
4169.655 0.982
4170.615 0.8951
4171.5757 1.0117
4172.536 1.0794
4173.497 0.9478
4174.458 0.9484
4175.4194 1.0069
4176.380999999999 0.9548
4177.343 0.8987
4178.3047 0.9078
4179.267 0.9896
4180.2295 0.9796
4181.192 0.9037
4182.155 0.8401
4183.1179999999995 0.9812
4184.081 0.9827
4185.045 0.963
4186.009 1.0818
4186.9727 0.8812
4187.9365 0.9082
4188.9014 1.0183
4189.8657 0.944
4190.8306 1.0115
4191.795999999999 0.8843
4192.7609999999995 0.9284
4193.7266 0.9233
4194.6924 0.9022
4195.657999999999 0.9043
4196.6245 0.9649
4197.590999999999 0.9048
4198.5576 0.9057
4199.5244 0.9143
4200.4917 0.973
4201.459 0.9507
4202.4263 0.8952
4203.394 0.882
4204.3623 0.9691
4205.33 0.951
4206.299 0.9173
4207.2676 0.8499
4208.2363 0.9646
4209.2056 1.0242
4210.175 0.9357
4211.144 0.9859
4212.1140000000005 0.9941
4213.084 1.0236
4214.054 0.9742
4215.0244 0.9804
4215.995 0.9534
4216.9663 1.0155
4217.937 0.9583
4218.9087 0.9185
4219.88 0.9216
4220.852 0.8823
4221.8237 0.9993
4222.795999999999 0.995
4223.7686 0.9068
4224.741 0.9553
4225.714 0.957
4226.687 0.9032
4227.6606 0.918
4228.6343 0.9722
4229.608 0.8131
4230.582 0.8829
4231.556 0.8327
4232.531 0.9246
4233.5054 1.0328
4234.4805 0.9858
4235.4556 1.0088
4236.4307 0.9765
4237.4062 0.9135
4238.3823 0.9356
4239.3584 0.9188
4240.3345 0.989
4241.311 0.8551
4242.2876 1.0164
4243.2646 1.0479
4244.2417 1.0259
4245.219 1.0373
4246.197 1.0657
4247.175 0.9651
4248.153 0.9272
4249.130999999999 0.9579
4250.1094 0.9036
4251.0884 0.9843
4252.067 0.8981
4253.0464 0.9101
4254.026 0.9632
4255.0054 0.9101
4255.9854 0.9816
4256.9653 0.9539
4257.946 0.8973
4258.9263 0.925
4259.9067 1.005
4260.8877 0.9912
4261.869000000001 1.0415
4262.8506 0.9508
4263.832 0.8809
4264.814 0.9482
4265.7964 0.9474
4266.779 0.9755
4267.7609999999995 0.9743
4268.744000000001 0.9466
4269.727 1.0066
4270.7104 0.9608
4271.694 0.9373
4272.6772 1.0099
4273.6616 0.9346
4274.6455 0.9794
4275.63 0.9231
4276.6147 0.8893
4277.5996 0.9482
4278.5845 0.9096
4279.57 0.9574
4280.555 0.9334
4281.541 0.9159
4282.527 1.0108
4283.513 0.9817
4284.4995 0.9406
4285.4863 0.9651
4286.473 0.9396
4287.4604 0.8572
4288.4478 1.031
4289.435 0.9926
4290.423 0.9727
4291.411 0.9783
4292.3994 0.8105
4293.3877 0.8749
4294.3765 0.8482
4295.365 0.9813
4296.3545 0.8184
4297.3438 1.0278
4298.3335 0.9299
4299.323 0.9719
4300.3135 0.9761
4301.3037 0.9521
4302.2944 0.9711
4303.285 0.8407
4304.276 0.7534
4305.267 0.8011
4306.259 0.8443
4307.2505 0.8297
4308.242 0.9395
4309.2344 0.9375
4310.2266 0.861
4311.219 0.9061
4312.212 0.8997
4313.205 0.8538
4314.198 0.8932
4315.192 0.9222
4316.1855 0.906
4317.1797 0.9124
4318.174 0.8689
4319.168 0.8421
4320.1626 0.8736
4321.1577 0.9047
4322.153 0.9765
4323.148 0.9816
4324.1436 0.9119
4325.1396 0.8249
4326.1353 0.9047
4327.1320000000005 0.958
4328.128 0.9282
4329.125 0.9002
4330.1216 0.7706
4331.119000000001 0.8573
4332.116 0.9615
4333.1140000000005 1.0301
4334.112 0.9023
4335.11 0.957
4336.1084 0.9713
4337.107 0.9291
4338.1055 0.8852
4339.1045 0.7886
4340.1035 0.8657
4341.103 0.7442
4342.103 0.707
4343.103 0.6908
4344.103 0.4277
4345.1035 0.4738
4346.104 0.6128
4347.105 0.7602
4348.106 0.7763
4349.1074 0.7624
4350.109 0.7848
4351.1104 0.9203
4352.1123 0.9354
4353.1147 0.9305
4354.117 0.8686
4355.1196 0.7905
4356.1226 0.8535
4357.126 0.9849
4358.1294 0.9932
4359.133 1.001
4360.1367 1.0538
4361.1406 0.9558
4362.145 0.9029
4363.15 0.9428
4364.1543 0.9325
4365.1597 0.9727
4366.1646 0.9934
4367.17 1.0367
4368.1759999999995 1.0235
4369.1816 0.9678
4370.188 0.9973
4371.1943 0.9295
4372.2007 0.9262
4373.208 0.9733
4374.215 0.9346
4375.222 1.0969
4376.2295 1.0336
4377.2373 1.0134
4378.2456 0.874
4379.254 0.8915
4380.262 0.7799
4381.271 0.9245
4382.28 1.0006
4383.289000000001 0.9532
4384.2983 1.0331
4385.308 1.0469
4386.318 0.9723
4387.3279999999995 0.8026
4388.3384 0.8476
4389.349 0.9012
4390.36 0.8961
4391.3706 0.8831
4392.3823 1.0005
4393.3936 0.8765
4394.4053 1.0194
4395.4175 0.988
4396.4297 0.9451
4397.442 1.0063
4398.4546 0.8983
4399.4673 0.8578
4400.4805 0.8867
4401.494000000001 0.9962
4402.508 0.9672
4403.5215 0.8736
4404.5356 0.8805
4405.55 0.9705
4406.5645 1.0391
4407.579000000001 0.9751
4408.594 0.9363
4409.6094 1.0175
4410.625 1.1191
4411.6406 1.0315
4412.6562 0.9366
4413.6724 1.0079
4414.689 0.972
4415.7056 1.0053
4416.7227 1.0659
4417.7397 0.8585
4418.7570000000005 0.9308
4419.7744 0.9315
4420.7925 0.8467
4421.8105 0.8953
4422.8286 0.8878
4423.847 0.8869
4424.8657 0.9491
4425.885 0.8211
4426.9043 0.9985
4427.9233 0.8854
4428.9434 0.8599
4429.963 0.9069
4430.9834 0.9078
4432.004 0.9834
4433.0244 0.9466
4434.045 0.9715
4435.0664 0.9626
4436.0874 0.9135
4437.1094 0.9763
4438.130999999999 0.8759
4439.153 0.9086
4440.1753 0.8125
4441.1978 0.9795
4442.2207 0.8856
4443.2437 0.9776
4444.2666 0.9689
4445.29 0.9445
4446.314 0.9076
4447.338 0.8762
4448.362 0.8736
4449.3859999999995 0.8893
4450.411 0.8918
4451.4355 0.8908
4452.460999999999 0.9283
4453.4863 0.9494
4454.5117 0.9279
4455.5376 0.911
4456.5635 0.9524
4457.59 0.9789
4458.616 0.9295
4459.643 0.9088
4460.67 0.9096
4461.6973 0.9782
4462.7246 1.0004
4463.7524 1.0186
4464.7803 1.0079
4465.8086 0.9032
4466.837 0.9601
4467.8657 0.8414
4468.8945 0.8705
4469.924 0.9373
4470.9529999999995 0.9427
4471.9824 0.9626
4473.0127 0.8401
4474.0425 0.976
4475.0728 0.947
4476.1035 0.9546
4477.1343 0.9909
4478.165 0.9717
4479.1963 0.9788
4480.228 0.9521
4481.26 0.9316
4482.2915 0.9356
4483.3237 0.949
4484.3564 0.9909
4485.389 0.8209
4486.4220000000005 0.8569
4487.455 0.8808
4488.4883 0.9792
4489.522 1.0333
4490.556 1.02
4491.59 0.9335
4492.6245 0.9105
4493.659000000001 0.977
4494.694 0.9628
4495.729 0.9414
4496.764 0.9308
4497.8 0.9474
4498.8354 0.9535
4499.8716 0.9211
4500.9077 0.935
4501.9443 0.9919
4502.981 1.009
4504.018 0.9355
4505.055 0.9032
4506.093 0.937
4507.1304 0.9361
4508.168 0.9747
4509.2065 0.9729
4510.2446 1.0343
4511.282999999999 0.9407
4512.3223 0.9567
4513.3613 0.9529
4514.401 0.9803
4515.4404 1.0154
4516.48 1.0196
4517.5205 0.9984
4518.5605 0.922
4519.601 1.0142
4520.642 0.9519
4521.683 0.9321
4522.724 0.9695
4523.7656 0.9542
4524.8076 0.9893
4525.8496 0.8197
4526.8916 0.945
4527.934 0.8948
4528.977 1.0502
4530.02 0.9814
4531.063 0.9627
4532.1064 0.9597
4533.1504 0.9861
4534.1943 0.881
4535.2383 1.0238
4536.2827 0.8751
4537.327 0.865
4538.372 0.8486
4539.4175 0.8779
4540.463 0.9356
4541.5083 0.8847
4542.554 0.9213
4543.6 1.0243
4544.6465 1.0258
4545.693 0.9405
4546.7397 0.8735
4547.787 0.9694
4548.8345 0.9698
4549.8820000000005 0.9609
4550.9297 1.0938
4551.9775 0.9469
4553.026 0.8683
4554.0740000000005 0.9644
4555.123 0.8345
4556.1720000000005 0.9368
4557.221 0.966
4558.2705 0.8887
4559.3203 0.9351
4560.37 0.9403
4561.4204 0.9382
4562.4707 0.9197
4563.5215 0.955
4564.5728 0.9111
4565.6235 0.9566
4566.6753 0.9661
4567.7266 0.9553
4568.779 0.9523
4569.8306 0.9627
4570.8833 0.9205
4571.9355 0.989
4572.9883 0.8949
4574.0415 1.0652
4575.0947 0.9601
4576.1484 0.9356
4577.202 0.8499
4578.2563 0.9792
4579.3105 0.9256
4580.365 0.99
4581.42 0.9182
4582.475 1.014
4583.5303 0.9584
4584.585999999999 0.9217
4585.6416 0.9935
4586.6978 0.844
4587.754 0.9052
4588.8105 0.9434
4589.867 0.959
4590.9243 0.9231
4591.9814 0.8936
4593.0386 0.8686
4594.0967 0.9578
4595.1543 0.9652
4596.2124 0.96
4597.271 0.9741
4598.3296 0.9794
4599.3887 0.9843
4600.4478 0.9959
4601.5073 0.9758
4602.567 0.9349
4603.627 0.982
4604.687 0.9779
4605.7476 1.0392
4606.808 0.9498
4607.8687 1.0156
4608.93 0.987
4609.991 0.9228
4611.0527 0.9872
4612.1147 1.0224
4613.177 0.9715
4614.2393 0.9577
4615.302 0.9659
4616.3647 1.003
4617.4277 0.93
4618.491 0.9914
4619.5547 1.0002
4620.6187 0.9405
4621.6826 1.0094
4622.747 0.9197
4623.8115 0.9037
4624.876 0.9327
4625.9414 0.9953
4627.0063 0.9851
4628.0723 0.9546
4629.1377 0.9447
4630.2036 0.9455
4631.27 1.0207
4632.3364 0.9479
4633.4033 0.9337
4634.47 0.9735
4635.5376 1.0242
4636.605 1.0158
4637.673 0.9712
4638.7407 0.8945
4639.809 1.0434
4640.8774 0.9972
4641.9463 0.9343
4643.015 0.9878
4644.0845 0.979
4645.154 0.9278
4646.2236 0.9331
4647.2935 0.9695
4648.3640000000005 1.0255
4649.434 1.0129
4650.505 0.9456
4651.5757 0.9503
4652.647 0.9625
4653.7188 0.9825
4654.79 0.9822
4655.8623 0.9477
4656.934 0.9487
4658.0070000000005 1.0308
4659.0796 0.969
4660.1523 0.9962
4661.2256 0.9726
4662.299 0.9536
4663.3726 0.9993
4664.4463 0.9629
4665.5205 1.0203
4666.595 0.9681
4667.6694 0.8583
4668.7446 0.9268
4669.82 1.0222
4670.895 1.005
4671.9707 0.9185
4673.0464 0.9837
4674.1226 0.926
4675.1990000000005 0.941
4676.276 0.9926
4677.3525 0.9124
4678.4297 0.9614
4679.5073 0.875
4680.585 0.9774
4681.6626 1.0418
4682.7407 1.0161
4683.819 0.98
4684.8975 0.9325
4685.9766 0.9589
4687.0557 0.9905
4688.1353 0.9346
4689.215 0.9608
4690.2944 1.0456
4691.3745 1.0264
4692.455 1.0541
4693.5356 1.0148
4694.616 0.9908
4695.6973 0.969
4696.779 0.9671
4697.8604 0.933
4698.9424 0.969
4700.0244 0.9972
4701.107 0.9096
4702.1895 0.9908
4703.272 0.9815
4704.3555 0.9413
4705.4385 0.9774
4706.522 0.8871
4707.606 0.9315
4708.69 0.9263
4709.7744 0.9453
4710.859 0.929
4711.944 0.8957
4713.029 1.0141
4714.1143 0.9052
4715.1997 0.9804
4716.2856 0.958
4717.372 1.0341
4718.458 0.9685
4719.545 0.9467
4720.6320000000005 1.02
4721.7188 0.9821
4722.806 0.9704
4723.8936 0.976
4724.9814 1.0488
4726.07 0.976
4727.1577 0.9646
4728.2466 0.96
4729.3354 0.9274
4730.4243 0.9571
4731.5137 0.9595
4732.6035 0.9385
4733.6934 0.9514
4734.782999999999 0.9486
4735.8735 0.9954
4736.9644 0.963
4738.055 0.9724
4739.1465 1.0145
4740.238 0.9802
4741.329000000001 0.9755
4742.420999999999 0.987
4743.513 0.9665
4744.6055 0.9481
4745.698 0.9052
4746.791 0.9729
4747.8843 0.9777
4748.9775 0.9148
4750.0713 0.9252
4751.165 0.9088
4752.2593 0.9526
4753.3535 0.9727
4754.448 0.9129
4755.543 0.96
4756.638 0.9968
4757.7334 0.9409
4758.829000000001 0.9778
4759.925 0.9787
4761.021 0.9345
4762.1177 0.9629
4763.2144 0.9781
4764.311 0.9526
4765.407999999999 1.0092
4766.505999999999 0.9326
4767.6035 0.8861
4768.701 0.905
4769.7993 0.9324
4770.898 0.9284
4771.9966 0.9844
4773.095 0.953
4774.1943 0.9481
4775.294 0.9327
4776.3936 0.975
4777.4937 0.956
4778.5938 0.9494
4779.6943 0.9964
4780.795 0.8881
4781.896 0.967
4782.997 0.9951
4784.0986 0.9152
4785.2 0.9183
4786.3022 0.9807
4787.4043 0.9564
4788.5070000000005 0.9351
4789.6094 0.9713
4790.7124 0.9741
4791.816 0.9432
4792.9194 0.9197
4794.023 0.9052
4795.127 0.902
4796.2314 0.9484
4797.335999999999 0.9524
4798.4404 0.9423
4799.5454 0.9639
4800.651 0.9678
4801.7563 0.9371
4802.862 0.941
4803.9683 0.9556
4805.0740000000005 0.9343
4806.1807 0.987
4807.2876 0.9872
4808.3945 0.93
4809.502 0.9036
4810.6094 0.9138
4811.7173 0.9317
4812.8257 1.0227
4813.9336 0.9723
4815.0425 0.9992
4816.1514 0.9655
4817.2603 0.8894
4818.3696 0.9416
4819.479 0.9693
4820.589 0.9549
4821.6990000000005 1.0023
4822.8096 1.0455
4823.92 1.0046
4825.0312 0.9687
4826.142 0.9195
4827.2534 1.0027
4828.365 0.9138
4829.477 0.9589
4830.5894 0.9342
4831.7017 1.0029
4832.8145 0.9911
4833.9272 1.0234
4835.0405 1.017
4836.154 0.9643
4837.2676 0.9612
4838.3813 1.003
4839.4956 0.9623
4840.6104 0.9687
4841.725 0.9559
4842.84 0.9381
4843.955 0.9403
4845.071 0.988
4846.1865 0.9557
4847.3022 0.936
4848.4185 0.9576
4849.535 0.9533
4850.652 0.9129
4851.769 0.9134
4852.8859999999995 0.9161
4854.004 0.9453
4855.1216 0.9577
4856.2397 0.934
4857.358 0.9332
4858.4766 0.8658
4859.595 0.8938
4860.7144 0.7779
4861.834 0.9055
4862.9536 0.8343
4864.073 0.7126
4865.1934 0.5951
4866.314 0.5017
4867.4346 0.6271
4868.555 0.6978
4869.6763 0.796
4870.798 0.8402
4871.9194 0.836
4873.0415 0.8341
4874.1636 0.8866
4875.286 0.8479
4876.4087 0.826
4877.5317 0.9012
4878.6553 0.9555
4879.7783 0.8937
4880.9023 0.8784
4882.0264 0.9101
4883.1504 0.9009
4884.275 0.9078
4885.4 1.0072
4886.525 0.9113
4887.65 0.8889
4888.776 0.8705
4889.9014 1.0041
4891.0273 0.9608
4892.154 0.917
4893.2803 0.9246
4894.407 0.9146
4895.5347 0.8565
4896.6616 0.8743
4897.7896 0.8967
4898.9175 0.9268
4900.0454 0.9771
4901.174 0.9753
4902.3027 0.9421
4903.4316 0.9673
4904.5605 0.9781
4905.69 0.9271
4906.82 0.9308
4907.9497 0.9175
4909.08 0.8969
4910.2104 0.9297
4911.3413 0.9105
4912.472 0.9562
4913.6035 0.9385
4914.735 0.9379
4915.8667 0.914
4916.999 0.9316
4918.1313 0.9244
4919.2637 0.9342
4920.3965 0.8599
4921.53 0.9154
4922.663 0.9031
4923.7970000000005 0.9219
4924.9307 0.8942
4926.0645 0.9316
4927.1990000000005 0.8898
4928.334 0.9682
4929.4688 0.862
4930.604 1.0795
4931.7393 0.9869
4932.875 0.9792
4934.0107 0.955
4935.147 0.8947
4936.2837 0.9566
4937.4204 0.8733
4938.5576 0.858
4939.695 0.8696
4940.8325 1.0124
4941.97 0.9377
4943.108 0.8908
4944.2466 0.9295
4945.3853 0.899
4946.524 1.0158
4947.663 0.9467
4948.8022 1.045
4949.942 1.0
