3911.1108 1.0
3912.0115 1.0537
3912.9124 1.0686
3913.8135 0.6602
3914.7146 0.8403
3915.6162 1.1014
3916.5178 0.8121
3917.4197 0.6618
3918.3218 0.9015
3919.224 0.6609
3920.1267 0.948
3921.0295 0.895
3921.9324 0.5976
3922.8357 0.6565
3923.739 0.7051
3924.6426 0.8218
3925.5464 0.7888
3926.4504 0.7467
3927.3545 0.8624
3928.259 0.8733
3929.1636 0.7022
3930.0684 0.5777
3930.9734 0.6364
3931.8787 0.5001
3932.7842 0.2231
3933.6897 0.2855
3934.5957 0.4037
3935.5017 0.7
3936.408 0.6183
3937.3145 0.7671
3938.2212 0.8106
3939.1282 0.6335
3940.0354 0.9072
3940.9426 0.7458
3941.85 0.9577
3942.7578 0.4767
3943.6658 0.9629
3944.574 0.9132
3945.4824 0.807
3946.3909999999996 0.9247
3947.2998 0.6759
3948.2087 0.8908
3949.118 0.8216
3950.0273 0.8497
3950.937 0.8167
3951.847 0.8448
3952.7568 1.1259
3953.6672 0.8409
3954.5776 0.7137
3955.4883 0.7985
3956.3992 0.659
3957.3103 0.6914
3958.2217 0.7159
3959.1333 0.805
3960.045 0.5294
3960.9568 0.6196
3961.869 0.6908
3962.7812 0.8239
3963.6938 0.6873
3964.6067 0.6434
3965.5198 0.4675
3966.4329 0.5419
3967.3462 0.3819
3968.26 0.3493
3969.1738 0.3693
3970.0879999999997 0.3094
3971.002 0.3663
3971.9165 0.4372
3972.8313 0.4387
3973.7459999999996 0.7175
3974.6611 0.64
3975.5764 0.5445
3976.492 0.5944
3977.4077 0.7394
3978.3237 0.7834
3979.2397 0.7019
3980.1562 0.787
3981.0728 0.7278
3981.9895 0.6463
3982.9065 0.8201
3983.8237 0.8108
3984.7412 0.7992
3985.6587 0.9652
3986.5767 0.8745
3987.4946 0.751
3988.4128 0.775
3989.3313 0.9037
3990.25 0.8544
3991.1690000000003 0.9793
3992.0881 0.9515
3993.0073 0.7613
3993.927 0.7643
3994.8467 1.0347
3995.7666 0.9196
3996.6868 1.0386
3997.6072 1.0545
3998.5278 0.9769
3999.4485 0.9627
4000.3696 0.7435
4001.2908 1.0526
4002.2122 1.0264
4003.1338 1.0886
4004.0557 0.8861
4004.9778 0.8802
4005.9001 0.8959
4006.8225 0.8311
4007.7454 0.9237
4008.6682 0.7279
4009.5913 1.0715
4010.5146 1.3424
4011.4382 0.6735
4012.362 0.7282
4013.2861 1.0273
4014.2102 0.674
4015.1345 0.8544
4016.0593 0.9178
4016.9841 1.0431
4017.9092 0.9769
4018.8345 1.0118
4019.7598 0.9148
4020.6855 0.9092
4021.6116 1.0457
4022.5376 1.1305
4023.4639 0.9069
4024.3904 0.9994
4025.3171 0.9271
4026.2441 0.8525
4027.1714 0.7931
4028.0989 1.0467
4029.0264 1.0675
4029.954 0.9375
4030.8823 0.9034
4031.8105 0.8784
4032.739 0.9916
4033.6677 0.8499
4034.5964 0.858
4035.5256 1.0717
4036.455 0.9596
4037.3845 0.8758
4038.3142 0.7842
4039.2441 0.9112
4040.1743 1.0744
4041.1047 0.7691
4042.0354 0.866
4042.9663 0.9636
4043.8972 0.8047
4044.8286 0.9762
4045.76 1.0675
4046.6917 0.986
4047.6235 0.9285
4048.5557 0.8403
4049.488 0.9586
4050.4204 1.0546
4051.3533 1.068
4052.2861 1.0153
4053.2195 0.9483
4054.1528 1.0283
4055.0864 0.8984
4056.0203 1.1049
4056.9543 0.8721
4057.8884 1.0843
4058.823 1.0254
4059.7576 0.9906
4060.6926 1.0707
4061.6277 0.8617
4062.563 1.083
4063.4985 0.764
4064.4343 1.1218
4065.3704 0.8031
4066.3064 1.0881
4067.243 0.9088
4068.1794 0.7737
4069.1165 0.9657
4070.0535 0.859
4070.9907 0.8571
4071.9282 0.8842
4072.866 0.6773
4073.8037 0.9263
4074.742 0.9623
4075.6804 0.9448
4076.619 0.7811
4077.5576 0.7795
4078.4966 0.7884
4079.4358 0.8183
4080.3752 0.7775
4081.315 0.9678
4082.255 1.0742
4083.1948 0.7307
4084.1353 0.6463
4085.0757 0.9231
4086.0164 0.9528
4086.9575 1.0351
4087.8987 0.9186
4088.8398 0.8369
4089.7815 0.7987
4090.7234 0.7966
4091.6653 0.8438
4092.6077 0.6971
4093.55 0.7101
4094.4927 0.728
4095.4358 0.6159
4096.379 0.6172
4097.3223 0.6192
4098.2656 0.5986
4099.2095 0.4465
4100.1533 0.3999
4101.0977 0.4594
4102.042 0.4499
4102.987 0.5659
4103.9316 0.6226
4104.8765 0.5326
4105.822 0.5515
4106.7676 0.6862
4107.7134 0.6433
4108.659000000001 0.8225
4109.6055 0.6809
4110.552 0.6101
4111.498 0.8041
4112.4453 0.7458
4113.392 0.8778
4114.3394 0.8728
4115.2866 0.7834
4116.2344 0.9946
4117.1826 0.9406
4118.1304 0.8212
4119.079000000001 0.8973
4120.0273 0.9323
4120.976 0.8643
4121.9253 0.9865
4122.8745 0.9046
4123.8237 0.9272
4124.7734 0.7516
4125.7236 0.943
4126.6733 0.8581
4127.624 0.8491
4128.5740000000005 0.8305
4129.525 0.936
4130.476 0.9194
4131.4272 0.949
4132.379 1.18
4133.33 0.8076
4134.282 0.9516
4135.2344 0.9077
4136.1865 0.9111
4137.139 0.9246
4138.092000000001 0.9075
4139.0444 0.9966
4139.998 0.9293
4140.951 1.0317
4141.905 1.0135
4142.8584 0.9051
4143.8125 0.8844
4144.767 0.8645
4145.721 0.8367
4146.6763 0.9431
4147.630999999999 0.9743
4148.585999999999 0.9817
4149.5415 0.9276
4150.497 1.0182
4151.4526 1.0846
4152.4087 1.0059
4153.365 1.0576
4154.322 0.9644
4155.2783 0.837
4156.2354 0.9377
4157.1924 1.0621
4158.1494 0.9951
4159.107 0.9184
4160.065 1.0392
4161.023 0.9051
4161.981 0.8728
4162.9395 0.8197
4163.8984 0.9571
4164.857 1.0434
4165.8164 0.9106
4166.7754 0.8316
4167.7354 1.0379
4168.695 1.0786
4169.655 1.0144
4170.615 1.0631
4171.5757 0.8583
4172.536 0.9165
4173.497 1.047
4174.458 0.8815
4175.4194 0.851
4176.380999999999 0.9863
4177.343 0.9235
4178.3047 0.9216
4179.267 0.7749
4180.2295 0.9054
4181.192 0.9555
4182.155 0.8409
4183.1179999999995 0.9781
4184.081 0.9497
4185.045 0.9196
4186.009 0.9819
4186.9727 1.0173
4187.9365 0.936
4188.9014 0.9303
4189.8657 0.8934
4190.8306 0.8624
4191.795999999999 0.9831
4192.7609999999995 1.0132
4193.7266 0.9366
4194.6924 1.0805
4195.657999999999 0.9578
4196.6245 0.941
4197.590999999999 0.7283
4198.5576 0.9751
4199.5244 0.8031
4200.4917 0.9816
4201.459 0.9945
4202.4263 0.8696
4203.394 0.8657
4204.3623 0.8888
4205.33 0.8553
4206.299 0.808
4207.2676 0.8838
4208.2363 0.9924
4209.2056 1.0091
4210.175 1.0167
4211.144 1.0215
4212.1140000000005 0.8928
4213.084 0.8235
4214.054 0.9964
4215.0244 1.0997
4215.995 0.9933
4216.9663 0.9056
4217.937 0.9491
4218.9087 0.9374
4219.88 0.9179
4220.852 1.0572
4221.8237 0.8722
4222.795999999999 0.8889
4223.7686 1.0653
4224.741 0.8919
4225.714 0.8976
4226.687 0.8647
4227.6606 0.8976
4228.6343 0.7314
4229.608 1.0075
4230.582 0.9736
4231.556 0.92
4232.531 0.8087
4233.5054 0.8901
4234.4805 0.6845
4235.4556 0.9116
4236.4307 0.8477
4237.4062 0.917
4238.3823 1.122
4239.3584 0.9451
4240.3345 1.0851
4241.311 1.0449
4242.2876 0.9581
4243.2646 0.8709
4244.2417 0.9169
4245.219 1.0021
4246.197 0.9286
4247.175 0.851
4248.153 0.8898
4249.130999999999 0.9052
4250.1094 0.9581
4251.0884 0.9441
4252.067 0.9748
4253.0464 1.08
4254.026 0.9334
4255.0054 0.8795
4255.9854 0.9591
4256.9653 1.037
4257.946 0.9769
4258.9263 0.9321
4259.9067 0.8546
4260.8877 0.9453
4261.869000000001 0.9191
4262.8506 1.053
4263.832 0.9974
4264.814 0.9044
4265.7964 1.0524
4266.779 0.9494
4267.7609999999995 0.8673
4268.744000000001 1.0292
4269.727 1.0013
4270.7104 1.0324
4271.694 1.0019
4272.6772 0.8986
4273.6616 0.8907
4274.6455 0.8173
4275.63 0.9683
4276.6147 0.9458
4277.5996 0.8586
4278.5845 0.9992
4279.57 0.9527
4280.555 0.9054
4281.541 0.804
4282.527 0.8399
4283.513 1.009
4284.4995 0.9371
4285.4863 0.909
4286.473 0.9573
4287.4604 0.8676
4288.4478 0.7493
4289.435 1.0595
4290.423 0.8272
4291.411 0.9888
4292.3994 1.0056
4293.3877 0.966
4294.3765 1.1128
4295.365 0.918
4296.3545 1.0608
4297.3438 1.1216
4298.3335 0.9355
4299.323 1.0003
4300.3135 0.7581
4301.3037 0.8451
4302.2944 0.9409
4303.285 0.8786
4304.276 0.857
4305.267 1.0796
4306.259 0.872
4307.2505 0.9436
4308.242 0.7051
4309.2344 0.9187
4310.2266 0.8975
4311.219 0.908
4312.212 0.8985
4313.205 0.9184
4314.198 0.8592
4315.192 0.7657
4316.1855 0.9161
4317.1797 0.7856
4318.174 0.9245
4319.168 0.8866
4320.1626 0.8779
4321.1577 0.8811
4322.153 0.8919
4323.148 0.8646
4324.1436 0.8961
4325.1396 0.891
4326.1353 0.9493
4327.1320000000005 0.8491
4328.128 0.8294
4329.125 0.9328
4330.1216 0.8098
4331.119000000001 0.8099
4332.116 0.8287
4333.1140000000005 0.7312
4334.112 0.7145
4335.11 0.6641
4336.1084 0.6587
4337.107 0.6313
4338.1055 0.5412
4339.1045 0.4791
4340.1035 0.4256
4341.103 0.3842
4342.103 0.5132
4343.103 0.5859
4344.103 0.5093
4345.1035 0.5744
4346.104 0.7844
4347.105 0.7885
4348.106 0.814
4349.1074 0.8549
4350.109 0.6928
4351.1104 0.8384
4352.1123 0.8114
4353.1147 0.7809
4354.117 0.8188
4355.1196 0.9556
4356.1226 0.842
4357.126 0.8235
4358.1294 0.9651
4359.133 0.9469
4360.1367 0.8194
4361.1406 0.7304
4362.145 1.19
4363.15 0.8444
4364.1543 0.989
4365.1597 0.9863
4366.1646 1.0462
4367.17 1.0267
4368.1759999999995 0.7876
4369.1816 0.9099
4370.188 0.9916
4371.1943 0.9163
4372.2007 0.9076
4373.208 0.9941
4374.215 0.9258
4375.222 1.0567
4376.2295 0.9032
4377.2373 0.9809
4378.2456 0.9687
4379.254 0.9932
4380.262 1.1011
4381.271 1.014
4382.28 0.8297
4383.289000000001 0.876
4384.2983 0.8675
4385.308 0.8555
4386.318 0.8715
4387.3279999999995 0.9514
4388.3384 0.9878
4389.349 0.855
4390.36 0.8515
4391.3706 0.9536
4392.3823 0.9923
4393.3936 0.9671
4394.4053 0.8513
4395.4175 0.8194
4396.4297 0.8939
4397.442 0.8513
4398.4546 0.8971
4399.4673 1.0
4400.4805 0.9089
4401.494000000001 0.9402
4402.508 0.9791
4403.5215 0.9508
4404.5356 0.7771
4405.55 1.0077
4406.5645 1.0446
4407.579000000001 1.1251
4408.594 0.9346
4409.6094 0.8557
4410.625 0.9709
4411.6406 0.9849
4412.6562 0.9796
4413.6724 0.9169
4414.689 0.8884
4415.7056 0.8749
4416.7227 0.9159
4417.7397 0.9403
4418.7570000000005 0.8916
4419.7744 0.9886
4420.7925 0.862
4421.8105 0.8856
4422.8286 1.025
4423.847 1.0369
4424.8657 0.9505
4425.885 1.1109
4426.9043 0.969
4427.9233 1.0158
4428.9434 0.8836
4429.963 0.843
4430.9834 0.9635
4432.004 1.1064
4433.0244 0.9516
4434.045 1.001
4435.0664 0.9337
4436.0874 1.0766
4437.1094 0.8261
4438.130999999999 0.9946
4439.153 0.7928
4440.1753 0.8752
4441.1978 1.0865
4442.2207 0.9162
4443.2437 0.9393
4444.2666 0.8298
4445.29 0.9115
4446.314 0.917
4447.338 0.9642
4448.362 0.9532
4449.3859999999995 0.9418
4450.411 0.8609
4451.4355 0.9047
4452.460999999999 0.9666
4453.4863 0.941
4454.5117 0.9948
4455.5376 0.9191
4456.5635 0.9053
4457.59 0.9664
4458.616 0.9585
4459.643 1.0574
4460.67 0.9678
4461.6973 0.8792
4462.7246 0.9243
4463.7524 0.8885
4464.7803 1.0157
4465.8086 1.036
4466.837 0.9694
4467.8657 0.8532
4468.8945 0.9482
4469.924 0.8141
4470.9529999999995 0.9959
4471.9824 0.9103
4473.0127 0.9378
4474.0425 0.916
4475.0728 1.0577
4476.1035 0.9458
4477.1343 0.9898
4478.165 0.9151
4479.1963 1.0166
4480.228 0.7869
4481.26 0.8658
4482.2915 1.0025
4483.3237 0.9354
4484.3564 0.9233
4485.389 1.0117
4486.4220000000005 0.9941
4487.455 1.0578
4488.4883 1.0058
4489.522 0.8844
4490.556 0.9899
4491.59 0.9684
4492.6245 0.9023
4493.659000000001 0.8907
4494.694 0.8675
4495.729 0.9369
4496.764 0.8909
4497.8 1.0428
4498.8354 0.9287
4499.8716 0.9312
4500.9077 0.9162
4501.9443 0.9962
4502.981 0.939
4504.018 0.9446
4505.055 0.9763
4506.093 0.8884
4507.1304 1.0192
4508.168 0.8676
4509.2065 0.8947
4510.2446 1.0372
4511.282999999999 0.9835
4512.3223 0.9201
4513.3613 0.9339
4514.401 1.0291
4515.4404 1.0282
4516.48 1.0004
4517.5205 0.9837
4518.5605 1.0057
4519.601 1.0349
4520.642 0.9195
4521.683 0.8991
4522.724 0.9721
4523.7656 0.866
4524.8076 0.8564
4525.8496 1.0541
4526.8916 1.0288
4527.934 0.9339
4528.977 0.9742
4530.02 0.887
4531.063 0.8022
4532.1064 0.8892
4533.1504 0.9553
4534.1943 0.9548
4535.2383 0.8349
4536.2827 0.9108
4537.327 0.8845
4538.372 0.9316
4539.4175 0.9558
4540.463 0.9495
4541.5083 0.9924
4542.554 0.9638
4543.6 0.9612
4544.6465 0.9716
4545.693 0.9333
4546.7397 1.0232
4547.787 1.0479
4548.8345 0.7966
4549.8820000000005 0.8686
4550.9297 0.8026
4551.9775 0.9364
4553.026 0.9965
4554.0740000000005 0.9352
4555.123 0.9627
4556.1720000000005 0.8484
4557.221 0.9551
4558.2705 1.0592
4559.3203 0.8605
4560.37 0.9134
4561.4204 0.933
4562.4707 0.8971
4563.5215 0.8775
4564.5728 0.9351
4565.6235 0.9458
4566.6753 0.9119
4567.7266 0.9827
4568.779 0.9766
4569.8306 0.8748
4570.8833 0.9749
4571.9355 0.9669
4572.9883 0.8605
4574.0415 0.9533
4575.0947 0.9256
4576.1484 0.9743
4577.202 0.9991
4578.2563 0.967
4579.3105 1.0258
4580.365 0.9839
4581.42 0.9561
4582.475 0.969
4583.5303 0.8737
4584.585999999999 0.9314
4585.6416 0.9899
4586.6978 0.8855
4587.754 0.9329
4588.8105 0.9502
4589.867 0.9438
4590.9243 0.9438
4591.9814 0.8865
4593.0386 1.0507
4594.0967 1.0483
4595.1543 0.9554
4596.2124 0.9165
4597.271 0.9847
4598.3296 0.9874
4599.3887 0.9719
4600.4478 0.9734
4601.5073 0.9755
4602.567 0.9697
4603.627 0.9139
4604.687 1.0069
4605.7476 0.9762
4606.808 0.9761
4607.8687 0.9219
4608.93 1.0647
4609.991 0.9215
4611.0527 0.9471
4612.1147 1.0625
4613.177 0.8868
4614.2393 0.9466
4615.302 0.9597
4616.3647 1.053
4617.4277 0.9392
4618.491 1.0281
4619.5547 0.9946
4620.6187 1.0194
4621.6826 0.9309
4622.747 1.0383
4623.8115 0.9077
4624.876 0.9754
4625.9414 0.9453
4627.0063 0.9244
4628.0723 0.9317
4629.1377 0.9117
4630.2036 0.9359
4631.27 0.932
4632.3364 0.9129
4633.4033 0.9587
4634.47 0.9862
4635.5376 0.9928
4636.605 0.9211
4637.673 1.0032
4638.7407 0.9264
4639.809 0.9996
4640.8774 1.0459
4641.9463 0.9063
4643.015 0.8932
4644.0845 0.8866
4645.154 0.9525
4646.2236 1.0122
4647.2935 0.9799
4648.3640000000005 0.9253
4649.434 0.9909
4650.505 1.0136
4651.5757 0.9232
4652.647 0.9225
4653.7188 0.913
4654.79 0.9661
4655.8623 0.9103
4656.934 0.9607
4658.0070000000005 0.9477
4659.0796 0.8938
4660.1523 0.9185
4661.2256 1.0812
4662.299 1.0188
4663.3726 1.0172
4664.4463 1.0243
4665.5205 0.9554
4666.595 0.9278
4667.6694 0.9845
4668.7446 1.0061
4669.82 0.9191
4670.895 0.936
4671.9707 0.9381
4673.0464 0.9467
4674.1226 1.0651
4675.1990000000005 0.9727
4676.276 1.0218
4677.3525 0.962
4678.4297 0.9538
4679.5073 0.9521
4680.585 0.9343
4681.6626 1.0529
4682.7407 1.0188
4683.819 0.9225
4684.8975 1.0274
4685.9766 0.9032
4687.0557 0.9973
4688.1353 0.9622
4689.215 0.9738
4690.2944 1.0141
4691.3745 0.9788
4692.455 0.9597
4693.5356 1.0262
4694.616 1.0171
4695.6973 1.0404
4696.779 0.9811
4697.8604 0.9868
4698.9424 0.8854
4700.0244 1.0565
4701.107 0.9583
4702.1895 0.9649
4703.272 0.9604
4704.3555 0.976
4705.4385 1.0161
4706.522 0.9292
4707.606 0.9418
4708.69 0.8914
4709.7744 0.9711
4710.859 1.0305
4711.944 0.9499
4713.029 0.9267
4714.1143 0.938
4715.1997 0.9174
4716.2856 0.8955
4717.372 0.906
4718.458 0.942
4719.545 1.0175
4720.6320000000005 0.9632
4721.7188 0.9071
4722.806 0.9501
4723.8936 0.9637
4724.9814 0.9241
4726.07 0.8652
4727.1577 1.0043
4728.2466 0.9826
4729.3354 0.9597
4730.4243 0.9763
4731.5137 0.9543
4732.6035 0.9914
4733.6934 0.9468
4734.782999999999 1.0216
4735.8735 1.0884
4736.9644 0.9528
4738.055 1.0001
4739.1465 0.9641
4740.238 0.9621
4741.329000000001 0.9931
4742.420999999999 1.017
4743.513 0.9032
4744.6055 0.9632
4745.698 0.9427
4746.791 1.0177
4747.8843 0.9312
4748.9775 1.039
4750.0713 1.0016
4751.165 0.8871
4752.2593 1.0087
4753.3535 0.9433
4754.448 0.9171
4755.543 0.9144
4756.638 1.0548
4757.7334 0.8929
4758.829000000001 1.069
4759.925 0.9689
4761.021 1.032
4762.1177 0.9632
4763.2144 0.9671
4764.311 0.927
4765.407999999999 0.9336
4766.505999999999 0.8982
4767.6035 0.9154
4768.701 0.9916
4769.7993 0.9357
4770.898 0.9606
4771.9966 1.0181
4773.095 0.9143
4774.1943 0.9742
4775.294 0.9203
4776.3936 0.9777
4777.4937 1.0031
4778.5938 0.9292
4779.6943 0.9891
4780.795 0.9543
4781.896 0.9231
4782.997 0.9563
4784.0986 0.9511
4785.2 0.9543
4786.3022 0.8893
4787.4043 0.9572
4788.5070000000005 1.0782
4789.6094 0.9742
4790.7124 1.0321
4791.816 0.9822
4792.9194 0.9207
4794.023 1.0347
4795.127 0.9274
4796.2314 0.9367
4797.335999999999 0.9357
4798.4404 0.9728
4799.5454 1.0755
4800.651 0.9498
4801.7563 0.9647
4802.862 0.9541
4803.9683 0.9579
4805.0740000000005 0.9566
4806.1807 0.8749
4807.2876 0.982
4808.3945 0.9172
4809.502 1.008
4810.6094 0.9889
4811.7173 0.9893
4812.8257 1.0013
4813.9336 0.9904
4815.0425 1.0174
4816.1514 0.9146
4817.2603 0.8918
4818.3696 0.952
4819.479 1.0341
4820.589 1.0438
4821.6990000000005 1.0083
4822.8096 0.9169
4823.92 0.9338
4825.0312 0.9143
4826.142 0.9381
4827.2534 0.8948
4828.365 0.9936
4829.477 0.9233
4830.5894 0.9156
4831.7017 0.9885
4832.8145 0.9099
4833.9272 0.9517
4835.0405 1.0102
4836.154 0.8764
4837.2676 0.8753
4838.3813 1.006
4839.4956 0.9703
4840.6104 0.9557
4841.725 0.9543
4842.84 0.9121
4843.955 0.8753
4845.071 0.9082
4846.1865 0.8457
4847.3022 0.8066
4848.4185 0.8745
4849.535 0.8256
4850.652 0.7801
4851.769 0.8083
4852.8859999999995 0.8057
4854.004 0.7903
4855.1216 0.7623
4856.2397 0.7498
4857.358 0.7363
4858.4766 0.6564
4859.595 0.5312
4860.7144 0.4443
4861.834 0.4412
4862.9536 0.5077
4864.073 0.6158
4865.1934 0.7011
4866.314 0.6244
4867.4346 0.8382
4868.555 0.7287
4869.6763 0.8353
4870.798 0.7923
4871.9194 0.8291
4873.0415 0.8562
4874.1636 0.8586
4875.286 0.8347
4876.4087 0.8799
4877.5317 0.9583
4878.6553 0.8951
4879.7783 0.8511
4880.9023 0.8973
4882.0264 0.9431
4883.1504 0.8564
4884.275 0.9106
4885.4 0.9756
4886.525 0.923
4887.65 0.9878
4888.776 0.8296
4889.9014 0.8845
4891.0273 0.8717
4892.154 0.9111
4893.2803 0.9947
4894.407 0.906
4895.5347 0.9213
4896.6616 0.9337
4897.7896 1.027
4898.9175 0.9198
4900.0454 0.8951
4901.174 0.9785
4902.3027 0.9787
4903.4316 0.962
4904.5605 0.8861
4905.69 0.8973
4906.82 1.0043
4907.9497 1.0177
4909.08 0.9319
4910.2104 1.0064
4911.3413 0.9518
4912.472 0.9256
4913.6035 0.9165
4914.735 0.914
4915.8667 0.9577
4916.999 0.9396
4918.1313 0.9258
4919.2637 0.9744
4920.3965 0.9887
4921.53 0.9466
4922.663 0.9334
4923.7970000000005 0.8999
4924.9307 0.8718
4926.0645 0.8673
4927.1990000000005 0.9432
4928.334 0.9526
4929.4688 0.9475
4930.604 1.0215
4931.7393 1.0276
4932.875 0.9492
4934.0107 0.9261
4935.147 0.9441
4936.2837 0.968
4937.4204 1.0146
4938.5576 0.9756
4939.695 0.9249
4940.8325 0.9481
4941.97 1.0272
4943.108 0.897
4944.2466 0.9861
4945.3853 0.9742
4946.524 0.9225
4947.663 0.984
4948.8022 0.9642
4949.942 1.0
