3911.1108 1.0
3912.0115 0.7995
3912.9124 0.8926
3913.8135 0.9396
3914.7146 0.838
3915.6162 0.8306
3916.5178 0.8058
3917.4197 0.9015
3918.3218 0.4222
3919.224 0.9502
3920.1267 0.7344
3921.0295 1.3116
3921.9324 0.585
3922.8357 0.6295
3923.739 0.6657
3924.6426 0.8574
3925.5464 0.8704
3926.4504 1.1474
3927.3545 0.8712
3928.259 0.7547
3929.1636 0.8647
3930.0684 0.1316
3930.9734 0.2704
3931.8787 0.1308
3932.7842 0.2633
3933.6897 0.3858
3934.5957 0.1827
3935.5017 0.8145
3936.408 0.8662
3937.3145 0.5053
3938.2212 0.9789
3939.1282 1.2215
3940.0354 0.9779
3940.9426 0.6571
3941.85 0.7988
3942.7578 0.5027
3943.6658 1.1128
3944.574 0.4543
3945.4824 0.5623
3946.3909999999996 0.8806
3947.2998 0.7545
3948.2087 0.5013
3949.118 0.5033
3950.0273 0.9213
3950.937 1.0624
3951.847 0.6503
3952.7568 0.721
3953.6672 1.0932
3954.5776 0.7484
3955.4883 0.504
3956.3992 0.533
3957.3103 0.5663
3958.2217 1.0038
3959.1333 0.4524
3960.045 0.6373
3960.9568 0.9062
3961.869 0.7113
3962.7812 0.7404
3963.6938 0.8359
3964.6067 0.6945
3965.5198 0.5896
3966.4329 0.1602
3967.3462 0.2408
3968.26 0.4436
3969.1738 0.113
3970.0879999999997 0.5362
3971.002 0.1989
3971.9165 0.4933
3972.8313 0.9606
3973.7459999999996 0.4076
3974.6611 0.6664
3975.5764 0.9061
3976.492 0.6435
3977.4077 1.0815
3978.3237 0.7228
3979.2397 1.3407
3980.1562 0.4691
3981.0728 0.8672
3981.9895 0.4406
3982.9065 1.0458
3983.8237 0.794
3984.7412 0.8035
3985.6587 0.8061
3986.5767 0.3325
3987.4946 0.4921
3988.4128 0.8138
3989.3313 0.9211
3990.25 0.4338
3991.1690000000003 1.0109
3992.0881 0.7195
3993.0073 0.647
3993.927 0.3086
3994.8467 0.813
3995.7666 0.4224
3996.6868 1.1446
3997.6072 0.8611
3998.5278 0.6064
3999.4485 0.4846
4000.3696 0.6381
4001.2908 1.091
4002.2122 1.0845
4003.1338 1.0716
4004.0557 0.7688
4004.9778 0.6555
4005.9001 0.8629
4006.8225 0.9886
4007.7454 0.5567
4008.6682 0.9801
4009.5913 0.951
4010.5146 0.631
4011.4382 1.2372
4012.362 1.0186
4013.2861 0.8939
4014.2102 1.0987
4015.1345 0.7553
4016.0593 0.7833
4016.9841 0.6046
4017.9092 0.6945
4018.8345 0.9326
4019.7598 0.9702
4020.6855 0.7027
4021.6116 1.0768
4022.5376 0.7792
4023.4639 0.7679
4024.3904 0.8145
4025.3171 0.8824
4026.2441 1.1073
4027.1714 0.9601
4028.0989 0.7092
4029.0264 0.7257
4029.954 0.5658
4030.8823 0.8162
4031.8105 1.3284
4032.739 0.8994
4033.6677 0.7851
4034.5964 0.7242
4035.5256 0.7257
4036.455 1.1405
4037.3845 0.7997
4038.3142 0.7757
4039.2441 1.1257
4040.1743 0.6778
4041.1047 0.9625
4042.0354 0.7745
4042.9663 0.8355
4043.8972 0.7154
4044.8286 0.6067
4045.76 0.7156
4046.6917 1.1724
4047.6235 0.8828
4048.5557 1.2224
4049.488 0.774
4050.4204 1.0698
4051.3533 0.7212
4052.2861 0.8913
4053.2195 0.9989
4054.1528 1.0025
4055.0864 0.6096
4056.0203 1.0029
4056.9543 0.9316
4057.8884 0.8458
4058.823 1.1768
4059.7576 0.5098
4060.6926 1.1782
4061.6277 0.4487
4062.563 0.9181
4063.4985 0.5468
4064.4343 0.6659
4065.3704 0.8035
4066.3064 1.0526
4067.243 0.7386
4068.1794 1.0831
4069.1165 1.1608
4070.0535 0.8209
4070.9907 0.8138
4071.9282 0.9022
4072.866 1.0363
4073.8037 0.8785
4074.742 0.9013
4075.6804 1.0216
4076.619 1.005
4077.5576 0.6339
4078.4966 0.8327
4079.4358 0.9469
4080.3752 0.9378
4081.315 0.8495
4082.255 0.9265
4083.1948 0.9145
4084.1353 0.7991
4085.0757 0.9352
4086.0164 1.1269
4086.9575 1.0922
4087.8987 0.6623
4088.8398 0.887
4089.7815 0.9599
4090.7234 0.9869
4091.6653 0.775
4092.6077 0.8205
4093.55 1.1507
4094.4927 1.0193
4095.4358 0.9438
4096.379 0.8347
4097.3223 0.9501
4098.2656 0.771
4099.2095 0.4779
4100.1533 0.5099
4101.0977 0.4326
4102.042 0.6439
4102.987 0.873
4103.9316 0.5096
4104.8765 0.6516
4105.822 0.7713
4106.7676 0.9007
4107.7134 0.6409
4108.659000000001 0.6856
4109.6055 1.0497
4110.552 0.7924
4111.498 0.7831
4112.4453 0.4909
4113.392 1.0415
4114.3394 0.715
4115.2866 0.7629
4116.2344 0.8719
4117.1826 0.8488
4118.1304 1.1606
4119.079000000001 0.6031
4120.0273 0.9007
4120.976 0.7027
4121.9253 0.93
4122.8745 1.0883
4123.8237 1.2136
4124.7734 0.7557
4125.7236 0.6915
4126.6733 0.756
4127.624 1.0683
4128.5740000000005 1.0382
4129.525 0.7164
4130.476 1.0341
4131.4272 0.7586
4132.379 1.0509
4133.33 0.7702
4134.282 0.8291
4135.2344 0.9922
4136.1865 1.044
4137.139 0.7771
4138.092000000001 0.9937
4139.0444 1.2389
4139.998 0.7648
4140.951 0.8735
4141.905 0.888
4142.8584 0.8695
4143.8125 0.8949
4144.767 0.9107
4145.721 0.7608
4146.6763 0.9056
4147.630999999999 1.1284
4148.585999999999 1.0339
4149.5415 0.9231
4150.497 0.8325
4151.4526 0.9517
4152.4087 0.879
4153.365 0.8715
4154.322 1.1284
4155.2783 1.0133
4156.2354 0.8561
4157.1924 0.8125
4158.1494 0.8362
4159.107 0.9544
4160.065 0.8452
4161.023 0.8024
4161.981 0.9964
4162.9395 0.9094
4163.8984 0.7515
4164.857 0.9786
4165.8164 1.0861
4166.7754 0.8793
4167.7354 0.8206
4168.695 0.9681
4169.655 0.693
4170.615 0.8776
4171.5757 0.7614
4172.536 0.7827
4173.497 0.998
4174.458 0.9259
4175.4194 0.674
4176.380999999999 0.7823
4177.343 0.6506
4178.3047 0.7349
4179.267 0.7141
4180.2295 1.1108
4181.192 0.9284
4182.155 0.9856
4183.1179999999995 0.9927
4184.081 1.0622
4185.045 0.6986
4186.009 0.9636
4186.9727 0.8313
4187.9365 1.0167
4188.9014 0.988
4189.8657 1.21
4190.8306 0.8818
4191.795999999999 0.9411
4192.7609999999995 0.9551
4193.7266 1.198
4194.6924 1.0856
4195.657999999999 0.8876
4196.6245 0.8027
4197.590999999999 0.7751
4198.5576 0.6988
4199.5244 1.0563
4200.4917 0.9508
4201.459 0.8707
4202.4263 0.6875
4203.394 0.8592
4204.3623 1.0142
4205.33 0.9308
4206.299 0.8231
4207.2676 0.8517
4208.2363 0.5894
4209.2056 0.8444
4210.175 0.7889
4211.144 1.0649
4212.1140000000005 1.0235
4213.084 0.8969
4214.054 0.8023
4215.0244 0.6937
4215.995 0.9888
4216.9663 1.0212
4217.937 0.7981
4218.9087 0.9713
4219.88 0.8723
4220.852 0.8685
4221.8237 0.9139
4222.795999999999 0.8688
4223.7686 0.8046
4224.741 0.7768
4225.714 1.0139
4226.687 0.8366
4227.6606 0.8363
4228.6343 1.0299
4229.608 0.7597
4230.582 0.8186
4231.556 0.7732
4232.531 0.8582
4233.5054 0.9029
4234.4805 0.6992
4235.4556 0.8716
4236.4307 1.0468
4237.4062 0.9022
4238.3823 0.9845
4239.3584 0.9746
4240.3345 0.9472
4241.311 0.9158
4242.2876 0.6853
4243.2646 0.8314
4244.2417 0.9016
4245.219 0.6556
4246.197 0.8374
4247.175 0.618
4248.153 1.0362
4249.130999999999 0.5414
4250.1094 0.4798
4251.0884 0.8926
4252.067 0.6797
4253.0464 0.8255
4254.026 0.7585
4255.0054 0.73
4255.9854 0.7567
4256.9653 0.7483
4257.946 0.7803
4258.9263 0.9454
4259.9067 0.843
4260.8877 1.0114
4261.869000000001 0.9377
4262.8506 1.1262
4263.832 1.0612
4264.814 1.0605
4265.7964 1.2155
4266.779 0.9022
4267.7609999999995 0.956
4268.744000000001 0.8285
4269.727 0.5037
4270.7104 0.707
4271.694 0.7841
4272.6772 0.9587
4273.6616 0.9587
4274.6455 0.7072
4275.63 1.0089
4276.6147 0.7101
4277.5996 0.9336
4278.5845 0.9703
4279.57 0.8723
4280.555 0.7001
4281.541 0.7969
4282.527 0.9596
4283.513 1.0624
4284.4995 0.6995
4285.4863 0.9479
4286.473 0.7499
4287.4604 0.5808
4288.4478 0.7016
4289.435 0.6373
4290.423 0.9384
4291.411 0.843
4292.3994 0.6769
4293.3877 0.9996
4294.3765 0.8653
4295.365 0.9139
4296.3545 0.9732
4297.3438 0.5762
4298.3335 0.7194
4299.323 0.7772
4300.3135 0.7129
4301.3037 0.7855
4302.2944 0.9085
4303.285 0.8128
4304.276 1.0305
4305.267 0.7791
4306.259 0.6607
4307.2505 0.7235
4308.242 1.0003
4309.2344 0.8384
4310.2266 0.8117
4311.219 0.9726
4312.212 0.7529
4313.205 0.7998
4314.198 0.8646
4315.192 0.8454
4316.1855 0.8853
4317.1797 0.934
4318.174 0.9932
4319.168 0.7535
4320.1626 0.928
4321.1577 0.7872
4322.153 1.0736
4323.148 0.8897
4324.1436 0.8969
4325.1396 0.8925
4326.1353 0.7123
4327.1320000000005 1.0249
4328.128 0.877
4329.125 0.8277
4330.1216 0.8695
4331.119000000001 0.9071
4332.116 0.7673
4333.1140000000005 0.9399
4334.112 0.7423
4335.11 0.8629
4336.1084 0.681
4337.107 0.5522
4338.1055 0.5815
4339.1045 0.3476
4340.1035 0.5313
4341.103 0.58
4342.103 0.7283
4343.103 0.4699
4344.103 0.8478
4345.1035 0.7225
4346.104 1.0119
4347.105 0.7661
4348.106 0.8712
4349.1074 0.6516
4350.109 0.8733
4351.1104 0.9223
4352.1123 0.8161
4353.1147 0.8429
4354.117 1.0297
4355.1196 1.0085
4356.1226 0.9197
4357.126 0.912
4358.1294 1.0625
4359.133 1.0455
4360.1367 0.929
4361.1406 1.0866
4362.145 1.1066
4363.15 1.1066
4364.1543 1.0042
4365.1597 0.8148
4366.1646 0.9119
4367.17 0.8608
4368.1759999999995 0.7772
4369.1816 0.7995
4370.188 0.8589
4371.1943 0.6218
4372.2007 0.6962
4373.208 0.9571
4374.215 0.8533
4375.222 0.7516
4376.2295 0.9938
4377.2373 0.9668
4378.2456 1.1085
4379.254 1.0313
4380.262 0.9417
4381.271 0.778
4382.28 0.9423
4383.289000000001 0.7518
4384.2983 0.8761
4385.308 0.8574
4386.318 0.8978
4387.3279999999995 1.0202
4388.3384 0.8424
4389.349 1.0329
4390.36 1.042
4391.3706 0.9014
4392.3823 0.9863
4393.3936 0.8815
4394.4053 0.6797
4395.4175 1.1491
4396.4297 0.6074
4397.442 0.8399
4398.4546 0.6639
4399.4673 1.0686
4400.4805 1.0735
4401.494000000001 0.7105
4402.508 1.019
4403.5215 0.8213
4404.5356 0.9538
4405.55 0.9354
4406.5645 1.2026
4407.579000000001 0.6661
4408.594 0.9458
4409.6094 0.8805
4410.625 0.8616
4411.6406 1.0848
4412.6562 1.0958
4413.6724 0.7868
4414.689 0.8101
4415.7056 0.7482
4416.7227 0.8474
4417.7397 0.9095
4418.7570000000005 0.8959
4419.7744 0.9711
4420.7925 0.9411
4421.8105 0.8781
4422.8286 0.8915
4423.847 0.811
4424.8657 0.8855
4425.885 0.7715
4426.9043 0.8636
4427.9233 0.9172
4428.9434 0.8184
4429.963 0.7634
4430.9834 0.9759
4432.004 0.9726
4433.0244 0.7144
4434.045 0.8893
4435.0664 0.9301
4436.0874 0.8362
4437.1094 0.8628
4438.130999999999 1.0125
4439.153 1.0456
4440.1753 1.0825
4441.1978 0.8489
4442.2207 0.8965
4443.2437 0.8685
4444.2666 0.9934
4445.29 1.0747
4446.314 0.9041
4447.338 1.0394
4448.362 0.6945
4449.3859999999995 0.778
4450.411 0.8017
4451.4355 0.9031
4452.460999999999 0.8936
4453.4863 0.8021
4454.5117 1.0529
4455.5376 1.028
4456.5635 1.0887
4457.59 0.8206
4458.616 1.0539
4459.643 0.9566
4460.67 0.7937
4461.6973 1.1443
4462.7246 0.8835
4463.7524 0.9622
4464.7803 0.9591
4465.8086 0.8861
4466.837 1.0644
4467.8657 0.8271
4468.8945 0.9542
4469.924 0.9669
4470.9529999999995 0.8511
4471.9824 0.9958
4473.0127 1.0748
4474.0425 0.7681
4475.0728 0.963
4476.1035 0.956
4477.1343 0.9083
4478.165 1.0527
4479.1963 1.0776
4480.228 0.8356
4481.26 0.733
4482.2915 0.9213
4483.3237 0.9253
4484.3564 1.004
4485.389 0.9703
4486.4220000000005 0.8755
4487.455 0.7652
4488.4883 0.7552
4489.522 0.9371
4490.556 0.7923
4491.59 0.7194
4492.6245 0.8919
4493.659000000001 0.9915
4494.694 0.9258
4495.729 1.0764
4496.764 0.8935
4497.8 0.8956
4498.8354 0.8967
4499.8716 0.8514
4500.9077 0.8957
4501.9443 0.7659
4502.981 0.9223
4504.018 0.9816
4505.055 0.8766
4506.093 0.9686
4507.1304 0.9305
4508.168 0.9395
4509.2065 0.9833
4510.2446 0.9157
4511.282999999999 0.9829
4512.3223 0.9991
4513.3613 1.0681
4514.401 0.8466
4515.4404 0.9728
4516.48 0.9975
4517.5205 0.8857
4518.5605 1.0089
4519.601 0.8127
4520.642 0.8888
4521.683 0.7957
4522.724 1.0482
4523.7656 1.0611
4524.8076 0.95
4525.8496 0.9884
4526.8916 0.8605
4527.934 0.9696
4528.977 0.9627
4530.02 0.9752
4531.063 1.0645
4532.1064 0.8616
4533.1504 0.7671
4534.1943 0.8266
4535.2383 0.8872
4536.2827 1.0468
4537.327 0.9696
4538.372 0.9307
4539.4175 1.0192
4540.463 0.9926
4541.5083 0.972
4542.554 1.0121
4543.6 1.0285
4544.6465 0.7322
4545.693 0.9547
4546.7397 0.8686
4547.787 0.9119
4548.8345 0.8763
4549.8820000000005 0.8392
4550.9297 0.9474
4551.9775 0.968
4553.026 0.8106
4554.0740000000005 0.9548
4555.123 0.7878
4556.1720000000005 0.9682
4557.221 1.0321
4558.2705 0.9697
4559.3203 1.0061
4560.37 0.8413
4561.4204 0.8788
4562.4707 0.8249
4563.5215 0.7672
4564.5728 0.9731
4565.6235 1.0995
4566.6753 0.9875
4567.7266 0.9862
4568.779 1.0036
4569.8306 1.0384
4570.8833 0.9382
4571.9355 0.8945
4572.9883 0.91
4574.0415 0.9752
4575.0947 0.9583
4576.1484 0.9206
4577.202 0.9893
4578.2563 1.0024
4579.3105 1.1064
4580.365 0.916
4581.42 0.9159
4582.475 0.8808
4583.5303 0.8471
4584.585999999999 1.0719
4585.6416 1.0071
4586.6978 0.9471
4587.754 0.9736
4588.8105 0.8035
4589.867 0.9765
4590.9243 0.9602
4591.9814 0.9682
4593.0386 0.941
4594.0967 0.9867
4595.1543 0.9282
4596.2124 0.9646
4597.271 0.8805
4598.3296 0.9955
4599.3887 0.8379
4600.4478 1.1106
4601.5073 0.9782
4602.567 0.9713
4603.627 0.9579
4604.687 0.9166
4605.7476 0.8862
4606.808 0.9861
4607.8687 1.0643
4608.93 0.9101
4609.991 0.8841
4611.0527 1.0215
4612.1147 0.9738
4613.177 1.0487
4614.2393 1.0393
4615.302 1.0288
4616.3647 0.7225
4617.4277 0.9593
4618.491 0.8369
4619.5547 0.9604
4620.6187 1.1
4621.6826 1.0442
4622.747 0.8487
4623.8115 1.0495
4624.876 0.8519
4625.9414 1.0771
4627.0063 0.9676
4628.0723 0.9855
4629.1377 0.9026
4630.2036 1.0371
4631.27 0.9461
4632.3364 0.7657
4633.4033 0.931
4634.47 1.0418
4635.5376 1.0091
4636.605 0.9885
4637.673 1.0456
4638.7407 0.9611
4639.809 0.8918
4640.8774 0.8243
4641.9463 0.9616
4643.015 1.0367
4644.0845 1.0194
4645.154 0.8959
4646.2236 0.7578
4647.2935 0.917
4648.3640000000005 1.019
4649.434 0.8213
4650.505 0.8411
4651.5757 0.9417
4652.647 0.8601
4653.7188 1.0126
4654.79 0.881
4655.8623 0.7924
4656.934 0.8771
4658.0070000000005 1.1037
4659.0796 1.0822
4660.1523 0.809
4661.2256 1.0081
4662.299 1.0675
4663.3726 0.9542
4664.4463 0.9161
4665.5205 0.914
4666.595 1.0231
4667.6694 1.0105
4668.7446 0.9473
4669.82 0.8231
4670.895 0.9615
4671.9707 1.058
4673.0464 1.0422
4674.1226 1.0455
4675.1990000000005 1.0272
4676.276 1.0008
4677.3525 0.8745
4678.4297 0.9958
4679.5073 1.0023
4680.585 1.012
4681.6626 0.8513
4682.7407 0.8758
4683.819 0.9452
4684.8975 0.9899
4685.9766 0.9151
4687.0557 0.8954
4688.1353 0.9667
4689.215 0.9353
4690.2944 0.9231
4691.3745 0.8981
4692.455 0.9159
4693.5356 0.9869
4694.616 1.0402
4695.6973 0.9341
4696.779 0.9466
4697.8604 0.9591
4698.9424 0.9168
4700.0244 0.8478
4701.107 0.9762
4702.1895 1.0218
4703.272 1.0106
4704.3555 0.9196
4705.4385 0.8966
4706.522 0.7201
4707.606 0.9856
4708.69 0.9332
4709.7744 0.9309
4710.859 0.9445
4711.944 1.0096
4713.029 0.9621
4714.1143 0.881
4715.1997 0.9652
4716.2856 0.9686
4717.372 1.0319
4718.458 0.9123
4719.545 0.8801
4720.6320000000005 1.006
4721.7188 0.8082
4722.806 0.7966
4723.8936 0.9748
4724.9814 0.9365
4726.07 0.937
4727.1577 0.9794
4728.2466 0.881
4729.3354 0.9046
4730.4243 0.9015
4731.5137 0.7173
4732.6035 1.0052
4733.6934 0.8946
4734.782999999999 0.9584
4735.8735 0.8614
4736.9644 0.849
4738.055 0.8772
4739.1465 0.9175
4740.238 0.9575
4741.329000000001 0.8109
4742.420999999999 0.8548
4743.513 0.8552
4744.6055 0.9739
4745.698 0.8561
4746.791 0.9434
4747.8843 0.8936
4748.9775 1.0181
4750.0713 0.9366
4751.165 0.9765
4752.2593 1.0073
4753.3535 1.1229
4754.448 0.9023
4755.543 0.9359
4756.638 1.0589
4757.7334 0.9988
4758.829000000001 0.7232
4759.925 0.9055
4761.021 0.8239
4762.1177 1.069
4763.2144 0.7798
4764.311 0.7991
4765.407999999999 0.955
4766.505999999999 0.9116
4767.6035 1.0568
4768.701 0.9392
4769.7993 0.8207
4770.898 0.9172
4771.9966 0.8847
4773.095 0.9519
4774.1943 0.872
4775.294 0.9666
4776.3936 0.9353
4777.4937 0.9171
4778.5938 0.8943
4779.6943 0.9455
4780.795 1.0573
4781.896 0.9852
4782.997 0.9396
4784.0986 1.0926
4785.2 0.9416
4786.3022 1.0053
4787.4043 1.0186
4788.5070000000005 0.9594
4789.6094 1.0174
4790.7124 1.0183
4791.816 0.9495
4792.9194 0.8913
4794.023 0.9659
4795.127 0.9674
4796.2314 1.0245
4797.335999999999 0.9946
4798.4404 0.8864
4799.5454 0.9388
4800.651 0.8251
4801.7563 0.7788
4802.862 0.8366
4803.9683 0.879
4805.0740000000005 0.9552
4806.1807 1.0227
4807.2876 0.8634
4808.3945 0.826
4809.502 1.055
4810.6094 0.9336
4811.7173 1.12
4812.8257 0.9516
4813.9336 0.9386
4815.0425 1.003
4816.1514 1.0503
4817.2603 0.8825
4818.3696 0.9941
4819.479 0.9102
4820.589 0.8084
4821.6990000000005 0.9365
4822.8096 0.9749
4823.92 1.0093
4825.0312 1.0717
4826.142 0.9968
4827.2534 1.0399
4828.365 0.9616
4829.477 1.0403
4830.5894 0.872
4831.7017 1.1147
4832.8145 0.9128
4833.9272 0.9353
4835.0405 1.0848
4836.154 0.8308
4837.2676 0.8447
4838.3813 0.8243
4839.4956 0.8725
4840.6104 1.0304
4841.725 1.0515
4842.84 0.7604
4843.955 0.9082
4845.071 0.8889
4846.1865 0.9212
4847.3022 0.7032
4848.4185 0.9172
4849.535 0.8093
4850.652 0.8746
4851.769 0.8321
4852.8859999999995 0.9288
4854.004 0.8581
4855.1216 0.7507
4856.2397 0.7534
4857.358 0.7669
4858.4766 0.5777
4859.595 0.4685
4860.7144 0.6551
4861.834 0.7091
4862.9536 0.7201
4864.073 0.835
4865.1934 0.7449
4866.314 0.7885
4867.4346 0.9539
4868.555 0.9225
4869.6763 0.8168
4870.798 0.7672
4871.9194 0.7916
4873.0415 0.9393
4874.1636 0.8843
4875.286 0.8296
4876.4087 0.8932
4877.5317 0.8846
4878.6553 0.922
4879.7783 0.8256
4880.9023 0.9389
4882.0264 0.951
4883.1504 0.9166
4884.275 0.9366
4885.4 0.9142
4886.525 0.9085
4887.65 0.8817
4888.776 0.7619
4889.9014 0.8538
4891.0273 0.7831
4892.154 0.9578
4893.2803 0.8954
4894.407 0.8599
4895.5347 1.0837
4896.6616 0.9337
4897.7896 0.8502
4898.9175 0.9255
4900.0454 0.9524
4901.174 0.9914
4902.3027 0.9612
4903.4316 0.8508
4904.5605 0.9185
4905.69 0.832
4906.82 0.9883
4907.9497 0.8234
4909.08 0.9114
4910.2104 1.0194
4911.3413 0.9475
4912.472 0.9024
4913.6035 0.985
4914.735 0.9516
4915.8667 0.7957
4916.999 0.847
4918.1313 0.7743
4919.2637 0.8875
4920.3965 0.9323
4921.53 0.7814
4922.663 0.9409
4923.7970000000005 0.9261
4924.9307 0.88
4926.0645 0.9416
4927.1990000000005 0.8904
4928.334 0.8994
4929.4688 0.9334
4930.604 1.023
4931.7393 0.9998
4932.875 0.9736
4934.0107 0.959
4935.147 0.8688
4936.2837 1.0047
4937.4204 0.8777
4938.5576 0.8783
4939.695 0.98
4940.8325 1.0118
4941.97 1.0033
4943.108 0.9126
4944.2466 0.8429
4945.3853 0.9392
4946.524 1.0224
4947.663 0.9963
4948.8022 1.0124
4949.942 1.0
