3911.1108 1.0
3912.0115 1.0359
3912.9124 0.8475
3913.8135 0.9534
3914.7146 0.8847
3915.6162 0.9397
3916.5178 0.8295
3917.4197 0.9735
3918.3218 0.9197
3919.224 1.0386
3920.1267 0.8898
3921.0295 0.9872
3921.9324 0.9477
3922.8357 0.8623
3923.739 1.0091
3924.6426 0.8974
3925.5464 0.9555
3926.4504 0.9187
3927.3545 0.906
3928.259 0.9579
3929.1636 0.8402
3930.0684 0.8273
3930.9734 0.8144
3931.8787 0.6906
3932.7842 0.4375
3933.6897 0.5054
3934.5957 0.4125
3935.5017 0.4602
3936.408 0.5602
3937.3145 0.5084
3938.2212 0.6772
3939.1282 0.9567
3940.0354 0.9495
3940.9426 0.9029
3941.85 1.0396
3942.7578 1.01
3943.6658 0.9598
3944.574 1.0385
3945.4824 0.9391
3946.3909999999996 0.9338
3947.2998 1.051
3948.2087 1.1906
3949.118 0.9541
3950.0273 0.9235
3950.937 1.0022
3951.847 0.942
3952.7568 1.058
3953.6672 0.9961
3954.5776 0.8356
3955.4883 0.8506
3956.3992 0.9692
3957.3103 0.9638
3958.2217 0.8776
3959.1333 0.8649
3960.045 0.853
3960.9568 0.9043
3961.869 0.9279
3962.7812 0.8999
3963.6938 0.8522
3964.6067 0.784
3965.5198 0.7602
3966.4329 0.6189
3967.3462 0.5211
3968.26 0.4902
3969.1738 0.4138
3970.0879999999997 0.3674
3971.002 0.3565
3971.9165 0.4418
3972.8313 0.4295
3973.7459999999996 0.7037
3974.6611 0.7972
3975.5764 0.7412
3976.492 0.6816
3977.4077 0.8289
3978.3237 0.788
3979.2397 0.6723
3980.1562 0.9258
3981.0728 0.9731
3981.9895 0.8635
3982.9065 1.019
3983.8237 0.9699
3984.7412 0.8946
3985.6587 0.9375
3986.5767 0.9391
3987.4946 1.0893
3988.4128 0.9865
3989.3313 0.8685
3990.25 0.9895
3991.1690000000003 1.0503
3992.0881 0.8386
3993.0073 1.0847
3993.927 0.9645
3994.8467 0.9048
3995.7666 1.0233
3996.6868 1.0298
3997.6072 0.9417
3998.5278 0.9891
3999.4485 0.9487
4000.3696 0.9231
4001.2908 0.8414
4002.2122 1.0233
4003.1338 0.9607
4004.0557 0.8887
4004.9778 1.0182
4005.9001 0.8391
4006.8225 1.0006
4007.7454 0.8495
4008.6682 0.8526
4009.5913 1.0112
4010.5146 0.9142
4011.4382 0.9314
4012.362 0.9467
4013.2861 0.8283
4014.2102 0.9394
4015.1345 0.9771
4016.0593 0.9905
4016.9841 0.9305
4017.9092 0.9862
4018.8345 0.9706
4019.7598 0.9697
4020.6855 0.9636
4021.6116 0.9563
4022.5376 0.9657
4023.4639 1.0391
4024.3904 0.9813
4025.3171 0.8816
4026.2441 0.8881
4027.1714 0.974
4028.0989 0.9894
4029.0264 0.928
4029.954 0.9948
4030.8823 0.9751
4031.8105 0.9272
4032.739 1.0077
4033.6677 0.9167
4034.5964 0.8788
4035.5256 1.019
4036.455 1.0001
4037.3845 0.9448
4038.3142 1.0189
4039.2441 0.9598
4040.1743 0.9669
4041.1047 1.0333
4042.0354 0.9227
4042.9663 0.9588
4043.8972 0.9543
4044.8286 1.0048
4045.76 1.0001
4046.6917 0.8763
4047.6235 0.8781
4048.5557 0.8722
4049.488 0.9706
4050.4204 0.977
4051.3533 1.0662
4052.2861 0.9564
4053.2195 1.0041
4054.1528 0.9386
4055.0864 1.0223
4056.0203 1.019
4056.9543 0.9067
4057.8884 0.9345
4058.823 1.0651
4059.7576 0.9874
4060.6926 1.0216
4061.6277 1.0152
4062.563 0.9999
4063.4985 0.9741
4064.4343 0.9044
4065.3704 1.0334
4066.3064 0.9775
4067.243 0.8948
4068.1794 0.9375
4069.1165 0.9592
4070.0535 0.9745
4070.9907 1.0237
4071.9282 0.9488
4072.866 0.9331
4073.8037 0.9208
4074.742 1.0499
4075.6804 1.0101
4076.619 1.0385
4077.5576 0.9684
4078.4966 0.9038
4079.4358 0.938
4080.3752 1.0372
4081.315 0.9584
4082.255 0.9833
4083.1948 0.934
4084.1353 0.9868
4085.0757 0.9211
4086.0164 0.9059
4086.9575 0.9788
4087.8987 0.9072
4088.8398 0.8912
4089.7815 0.9954
4090.7234 1.024
4091.6653 0.9168
4092.6077 0.899
4093.55 0.9551
4094.4927 0.9422
4095.4358 0.9849
4096.379 0.874
4097.3223 0.786
4098.2656 0.8453
4099.2095 0.819
4100.1533 0.7838
4101.0977 0.6961
4102.042 0.6094
4102.987 0.5814
4103.9316 0.556
4104.8765 0.4918
4105.822 0.682
4106.7676 0.7637
4107.7134 0.8666
4108.659000000001 0.8426
4109.6055 0.8534
4110.552 0.8248
4111.498 0.8919
4112.4453 0.7834
4113.392 0.9504
4114.3394 0.8553
4115.2866 0.969
4116.2344 0.9104
4117.1826 0.938
4118.1304 0.9656
4119.079000000001 0.8614
4120.0273 1.0202
4120.976 0.8254
4121.9253 0.951
4122.8745 0.9588
4123.8237 1.1228
4124.7734 0.8831
4125.7236 0.9384
4126.6733 0.9901
4127.624 0.9566
4128.5740000000005 0.9096
4129.525 1.0504
4130.476 0.8891
4131.4272 0.8401
4132.379 0.9712
4133.33 0.8395
4134.282 0.8898
4135.2344 0.8749
4136.1865 0.932
4137.139 0.9319
4138.092000000001 0.9694
4139.0444 0.9546
4139.998 0.9664
4140.951 0.9299
4141.905 0.9326
4142.8584 0.9654
4143.8125 0.9211
4144.767 1.0296
4145.721 0.9351
4146.6763 0.8726
4147.630999999999 1.0239
4148.585999999999 1.0263
4149.5415 1.0082
4150.497 0.9565
4151.4526 0.9404
4152.4087 0.9014
4153.365 0.8925
4154.322 0.8923
4155.2783 0.9271
4156.2354 1.085
4157.1924 1.0005
4158.1494 0.9946
4159.107 1.0475
4160.065 1.0337
4161.023 0.9729
4161.981 0.996
4162.9395 0.9472
4163.8984 0.9919
4164.857 0.9875
4165.8164 0.8939
4166.7754 0.941
4167.7354 0.9935
4168.695 1.0226
4169.655 0.9546
4170.615 1.0055
4171.5757 0.9992
4172.536 0.9139
4173.497 0.9663
4174.458 0.8902
4175.4194 0.8783
4176.380999999999 0.8947
4177.343 0.8845
4178.3047 0.8352
4179.267 0.924
4180.2295 0.9484
4181.192 0.9709
4182.155 1.0913
4183.1179999999995 0.9703
4184.081 0.9732
4185.045 0.8906
4186.009 0.9046
4186.9727 0.9319
4187.9365 0.9526
4188.9014 0.9639
4189.8657 0.9425
4190.8306 1.0378
4191.795999999999 0.9409
4192.7609999999995 0.9717
4193.7266 1.0893
4194.6924 0.8218
4195.657999999999 1.0194
4196.6245 0.853
4197.590999999999 0.8893
4198.5576 0.5875
4199.5244 0.7065
4200.4917 0.9916
4201.459 0.8982
4202.4263 0.9189
4203.394 0.8954
4204.3623 0.8988
4205.33 0.7548
4206.299 1.0671
4207.2676 0.9798
4208.2363 0.9507
4209.2056 0.9064
4210.175 0.9452
4211.144 0.8226
4212.1140000000005 0.9967
4213.084 0.967
4214.054 0.9147
4215.0244 0.9637
4215.995 0.92
4216.9663 0.9552
4217.937 0.8888
4218.9087 0.9841
4219.88 0.9685
4220.852 0.9444
4221.8237 0.9214
4222.795999999999 1.0011
4223.7686 1.014
4224.741 0.9212
4225.714 0.9596
4226.687 0.8989
4227.6606 0.9316
4228.6343 0.9158
4229.608 0.9241
4230.582 0.9601
4231.556 0.9383
4232.531 0.9252
4233.5054 0.9551
4234.4805 0.972
4235.4556 0.8881
4236.4307 0.8977
4237.4062 0.9154
4238.3823 0.9634
4239.3584 1.0289
4240.3345 0.9008
4241.311 0.9276
4242.2876 0.9636
4243.2646 0.9324
4244.2417 0.9489
4245.219 0.9889
4246.197 1.0188
4247.175 0.9306
4248.153 0.9235
4249.130999999999 0.9132
4250.1094 0.9399
4251.0884 0.8845
4252.067 0.9219
4253.0464 0.9012
4254.026 0.9353
4255.0054 0.9362
4255.9854 0.9676
4256.9653 0.9721
4257.946 0.9599
4258.9263 0.996
4259.9067 0.9936
4260.8877 0.94
4261.869000000001 0.9744
4262.8506 0.9634
4263.832 1.0224
4264.814 1.0293
4265.7964 0.9542
4266.779 1.0706
4267.7609999999995 0.9341
4268.744000000001 1.0063
4269.727 0.9503
4270.7104 0.9559
4271.694 0.8879
4272.6772 0.9411
4273.6616 0.9384
4274.6455 0.9361
4275.63 0.8834
4276.6147 0.9559
4277.5996 1.0336
4278.5845 1.0179
4279.57 0.9983
4280.555 1.0064
4281.541 0.9288
4282.527 1.0317
4283.513 1.0285
4284.4995 0.8993
4285.4863 1.033
4286.473 0.9594
4287.4604 0.9946
4288.4478 0.9864
4289.435 0.8815
4290.423 0.8428
4291.411 0.9388
4292.3994 0.9441
4293.3877 0.992
4294.3765 0.9283
4295.365 0.8897
4296.3545 0.9132
4297.3438 0.9184
4298.3335 0.9888
4299.323 0.9485
4300.3135 0.9448
4301.3037 0.9776
4302.2944 0.9035
4303.285 0.9315
4304.276 0.9042
4305.267 0.8924
4306.259 1.0355
4307.2505 1.0141
4308.242 0.9435
4309.2344 0.9432
4310.2266 0.9333
4311.219 0.9467
4312.212 0.9252
4313.205 0.9467
4314.198 0.9258
4315.192 0.8817
4316.1855 0.9275
4317.1797 0.9539
4318.174 0.9321
4319.168 0.9201
4320.1626 0.9711
4321.1577 0.9678
4322.153 1.0182
4323.148 0.9542
4324.1436 0.9804
4325.1396 0.9293
4326.1353 0.9379
4327.1320000000005 0.8786
4328.128 0.9892
4329.125 0.9398
4330.1216 0.9852
4331.119000000001 0.9786
4332.116 0.9334
4333.1140000000005 0.917
4334.112 0.9079
4335.11 0.8846
4336.1084 0.83
4337.107 0.8748
4338.1055 0.8326
4339.1045 0.6655
4340.1035 0.5743
4341.103 0.512
4342.103 0.4693
4343.103 0.6523
4344.103 0.6431
4345.1035 0.7639
4346.104 0.8471
4347.105 0.8468
4348.106 0.961
4349.1074 0.9287
4350.109 0.928
4351.1104 0.9178
4352.1123 0.9529
4353.1147 0.8703
4354.117 0.8791
4355.1196 0.9418
4356.1226 0.9599
4357.126 0.9649
4358.1294 0.9707
4359.133 1.037
4360.1367 1.0904
4361.1406 0.9636
4362.145 0.995
4363.15 0.9778
4364.1543 1.022
4365.1597 1.0241
4366.1646 1.0442
4367.17 1.0007
4368.1759999999995 1.0249
4369.1816 0.9887
4370.188 1.0281
4371.1943 0.9361
4372.2007 0.5976
4373.208 0.8718
4374.215 1.0241
4375.222 0.9115
4376.2295 0.8945
4377.2373 0.9351
4378.2456 0.9554
4379.254 0.9848
4380.262 1.0134
4381.271 0.9652
4382.28 1.0173
4383.289000000001 0.9985
4384.2983 0.9383
4385.308 0.9379
4386.318 0.9205
4387.3279999999995 0.8986
4388.3384 0.9173
4389.349 0.9838
4390.36 0.9465
4391.3706 0.9552
4392.3823 0.9965
4393.3936 0.9892
4394.4053 0.9519
4395.4175 0.9081
4396.4297 0.8656
4397.442 0.916
4398.4546 0.979
4399.4673 0.9961
4400.4805 0.906
4401.494000000001 0.906
4402.508 0.9775
4403.5215 0.9432
4404.5356 0.92
4405.55 0.9715
4406.5645 0.943
4407.579000000001 1.0349
4408.594 0.9508
4409.6094 0.9585
4410.625 0.9027
4411.6406 1.0436
4412.6562 0.9157
4413.6724 1.0524
4414.689 0.9325
4415.7056 1.0195
4416.7227 0.8854
4417.7397 0.8776
4418.7570000000005 0.8139
4419.7744 0.9261
4420.7925 0.9537
4421.8105 0.9055
4422.8286 1.0285
4423.847 0.9089
4424.8657 1.0386
4425.885 0.91
4426.9043 0.9574
4427.9233 0.8995
4428.9434 0.9341
4429.963 0.9863
4430.9834 0.9477
4432.004 0.9366
4433.0244 1.0018
4434.045 0.9569
4435.0664 0.9134
4436.0874 0.9575
4437.1094 0.9831
4438.130999999999 0.9815
4439.153 1.0339
4440.1753 1.0055
4441.1978 0.9533
4442.2207 1.0196
4443.2437 0.9754
4444.2666 0.8919
4445.29 0.9437
4446.314 0.9258
4447.338 0.9461
4448.362 1.0131
4449.3859999999995 0.9163
4450.411 0.928
4451.4355 1.0032
4452.460999999999 0.9754
4453.4863 0.948
4454.5117 0.949
4455.5376 0.9436
4456.5635 0.9088
4457.59 0.9436
4458.616 0.9688
4459.643 0.9551
4460.67 0.9658
4461.6973 0.947
4462.7246 0.9502
4463.7524 0.9744
4464.7803 0.9861
4465.8086 0.9454
4466.837 0.9161
4467.8657 0.9424
4468.8945 0.9538
4469.924 0.9212
4470.9529999999995 0.9193
4471.9824 0.9479
4473.0127 1.0001
4474.0425 0.9773
4475.0728 1.0212
4476.1035 0.9279
4477.1343 0.9882
4478.165 0.9837
4479.1963 1.0175
4480.228 0.886
4481.26 1.0066
4482.2915 0.9003
4483.3237 0.922
4484.3564 0.9514
4485.389 0.994
4486.4220000000005 0.9867
4487.455 1.0011
4488.4883 1.0108
4489.522 0.9351
4490.556 0.9645
4491.59 1.0195
4492.6245 0.9123
4493.659000000001 0.9921
4494.694 1.0599
4495.729 0.9774
4496.764 1.0467
4497.8 0.9524
4498.8354 1.0198
4499.8716 0.9994
4500.9077 0.993
4501.9443 0.9552
4502.981 0.9313
4504.018 0.8706
4505.055 0.9844
4506.093 0.9823
4507.1304 1.0576
4508.168 0.9311
4509.2065 0.9253
4510.2446 1.0374
4511.282999999999 0.9957
4512.3223 1.0557
4513.3613 1.0107
4514.401 0.9886
4515.4404 0.9527
4516.48 0.926
4517.5205 0.9807
4518.5605 0.9513
4519.601 0.9707
4520.642 0.9561
4521.683 0.9518
4522.724 0.9838
4523.7656 0.9617
4524.8076 0.9434
4525.8496 0.9571
4526.8916 0.9432
4527.934 0.917
4528.977 0.9189
4530.02 0.9113
4531.063 0.9171
4532.1064 0.9347
4533.1504 0.8953
4534.1943 0.8887
4535.2383 0.9126
4536.2827 0.913
4537.327 0.9607
4538.372 0.9922
4539.4175 1.0204
4540.463 0.9304
4541.5083 0.9826
4542.554 0.9585
4543.6 0.9392
4544.6465 0.9604
4545.693 1.0082
4546.7397 0.9725
4547.787 0.9672
4548.8345 0.9927
4549.8820000000005 0.915
4550.9297 0.9217
4551.9775 0.9502
4553.026 0.9973
4554.0740000000005 0.9591
4555.123 0.9448
4556.1720000000005 0.9316
4557.221 0.9148
4558.2705 0.9807
4559.3203 0.9263
4560.37 1.0545
4561.4204 0.9866
4562.4707 0.9828
4563.5215 0.9505
4564.5728 0.9632
4565.6235 0.9613
4566.6753 0.9865
4567.7266 1.0053
4568.779 0.9658
4569.8306 0.9895
4570.8833 1.029
4571.9355 0.9394
4572.9883 0.8625
4574.0415 0.9266
4575.0947 0.9066
4576.1484 0.9452
4577.202 0.9878
4578.2563 0.971
4579.3105 0.979
4580.365 0.9636
4581.42 0.9869
4582.475 0.9163
4583.5303 0.9424
4584.585999999999 0.9351
4585.6416 0.8966
4586.6978 0.899
4587.754 0.9829
4588.8105 0.9411
4589.867 0.9448
4590.9243 0.944
4591.9814 0.9506
4593.0386 0.9593
4594.0967 0.978
4595.1543 0.977
4596.2124 0.9913
4597.271 0.9882
4598.3296 0.9848
4599.3887 1.0085
4600.4478 1.0192
4601.5073 1.0141
4602.567 1.0214
4603.627 0.9665
4604.687 0.9469
4605.7476 0.9836
4606.808 0.9954
4607.8687 0.9758
4608.93 0.9881
4609.991 1.0298
4611.0527 0.9381
4612.1147 0.966
4613.177 0.9713
4614.2393 0.9552
4615.302 1.0224
4616.3647 0.9884
4617.4277 1.0129
4618.491 0.9622
4619.5547 0.9979
4620.6187 1.0121
4621.6826 0.9265
4622.747 0.9577
4623.8115 0.969
4624.876 1.0189
4625.9414 1.016
4627.0063 1.0316
4628.0723 0.9856
4629.1377 0.9394
4630.2036 0.9937
4631.27 0.9444
4632.3364 0.9665
4633.4033 0.9704
4634.47 0.9496
4635.5376 1.0199
4636.605 0.9881
4637.673 0.9483
4638.7407 1.0074
4639.809 0.9854
4640.8774 0.9301
4641.9463 0.9565
4643.015 0.9636
4644.0845 0.9711
4645.154 0.9438
4646.2236 0.9601
4647.2935 0.94
4648.3640000000005 0.9876
4649.434 1.0027
4650.505 0.9892
4651.5757 1.0015
4652.647 0.9934
4653.7188 0.9184
4654.79 1.0185
4655.8623 0.9483
4656.934 0.9332
4658.0070000000005 0.9571
4659.0796 0.9197
4660.1523 0.9748
4661.2256 0.9731
4662.299 1.0267
4663.3726 0.9653
4664.4463 0.9314
4665.5205 0.9783
4666.595 0.9331
4667.6694 0.9474
4668.7446 0.9528
4669.82 0.9461
4670.895 0.9257
4671.9707 0.9385
4673.0464 0.9949
4674.1226 1.0189
4675.1990000000005 1.0173
4676.276 0.9777
4677.3525 0.9726
4678.4297 0.9785
4679.5073 1.009
4680.585 0.9722
4681.6626 0.9384
4682.7407 1.0035
4683.819 0.9994
4684.8975 0.983
4685.9766 1.0087
4687.0557 0.9776
4688.1353 0.9501
4689.215 0.9995
4690.2944 1.0062
4691.3745 1.0089
4692.455 0.9569
4693.5356 0.9558
4694.616 0.9978
4695.6973 0.9593
4696.779 0.9676
4697.8604 0.9927
4698.9424 1.0104
4700.0244 1.0292
4701.107 0.9573
4702.1895 1.0073
4703.272 0.9298
4704.3555 0.9156
4705.4385 0.9808
4706.522 1.003
4707.606 1.0159
4708.69 0.9861
4709.7744 0.9982
4710.859 0.9519
4711.944 0.9654
4713.029 0.9805
4714.1143 0.9931
4715.1997 0.951
4716.2856 0.9601
4717.372 0.9729
4718.458 1.0476
4719.545 0.9429
4720.6320000000005 0.9807
4721.7188 0.9906
4722.806 0.9477
4723.8936 0.9683
4724.9814 0.9693
4726.07 0.9871
4727.1577 1.0179
4728.2466 0.9909
4729.3354 1.0064
4730.4243 1.0084
4731.5137 0.957
4732.6035 0.9799
4733.6934 1.0006
4734.782999999999 0.9604
4735.8735 1.0283
4736.9644 0.9708
4738.055 0.9708
4739.1465 0.9496
4740.238 0.9963
4741.329000000001 0.9922
4742.420999999999 0.9623
4743.513 0.9263
4744.6055 1.0337
4745.698 0.9927
4746.791 1.0106
4747.8843 0.9566
4748.9775 0.9888
4750.0713 0.9828
4751.165 0.9788
4752.2593 0.9545
4753.3535 0.9675
4754.448 1.0044
4755.543 1.0186
4756.638 1.0002
4757.7334 0.9776
4758.829000000001 0.9993
4759.925 0.9936
4761.021 0.9794
4762.1177 0.9606
4763.2144 0.9492
4764.311 0.9348
4765.407999999999 0.9669
4766.505999999999 1.021
4767.6035 0.9448
4768.701 0.9532
4769.7993 0.9768
4770.898 0.9713
4771.9966 0.9475
4773.095 1.0012
4774.1943 0.9639
4775.294 0.9598
4776.3936 0.9656
4777.4937 0.9641
4778.5938 1.0215
4779.6943 0.9597
4780.795 0.9139
4781.896 0.9785
4782.997 0.9844
4784.0986 0.9576
4785.2 1.0106
4786.3022 1.005
4787.4043 0.966
4788.5070000000005 0.9454
4789.6094 0.9651
4790.7124 0.9669
4791.816 0.9847
4792.9194 1.002
4794.023 1.0193
4795.127 1.0172
4796.2314 0.9704
4797.335999999999 0.9587
4798.4404 0.9765
4799.5454 0.9714
4800.651 0.9998
4801.7563 0.9599
4802.862 0.9581
4803.9683 1.0047
4805.0740000000005 1.0584
4806.1807 0.9367
4807.2876 0.9951
4808.3945 0.9592
4809.502 1.0094
4810.6094 0.9753
4811.7173 0.9522
4812.8257 1.0177
4813.9336 1.0405
4815.0425 0.9532
4816.1514 0.9941
4817.2603 0.9635
4818.3696 0.9956
4819.479 1.0519
4820.589 1.0067
4821.6990000000005 1.0046
4822.8096 1.0051
4823.92 0.9493
4825.0312 0.9876
4826.142 0.9735
4827.2534 1.001
4828.365 0.9961
4829.477 0.9796
4830.5894 0.996
4831.7017 0.9981
4832.8145 0.9805
4833.9272 0.9531
4835.0405 1.0125
4836.154 1.0302
4837.2676 1.0085
4838.3813 1.0094
4839.4956 1.0163
4840.6104 0.9825
4841.725 0.9405
4842.84 0.9494
4843.955 0.9762
4845.071 1.0119
4846.1865 0.9701
4847.3022 0.9305
4848.4185 0.9491
4849.535 0.9607
4850.652 0.9585
4851.769 0.9592
4852.8859999999995 0.9478
4854.004 0.9057
4855.1216 0.9101
4856.2397 0.9282
4857.358 0.895
4858.4766 0.8718
4859.595 0.7922
4860.7144 0.7236
4861.834 0.5598
4862.9536 0.4722
4864.073 0.5943
4865.1934 0.746
4866.314 0.8117
4867.4346 0.8877
4868.555 0.8983
4869.6763 0.9278
4870.798 0.9452
4871.9194 0.9003
4873.0415 0.9392
4874.1636 0.9423
4875.286 0.9394
4876.4087 0.942
4877.5317 0.9662
4878.6553 0.874
4879.7783 0.9586
4880.9023 0.9681
4882.0264 1.0064
4883.1504 0.9659
4884.275 1.0028
4885.4 0.9393
4886.525 0.9677
4887.65 1.0175
4888.776 0.9576
4889.9014 0.9502
4891.0273 0.9671
4892.154 0.949
4893.2803 0.9443
4894.407 0.9847
4895.5347 0.9832
4896.6616 0.973
4897.7896 1.0062
4898.9175 1.0019
4900.0454 0.9952
4901.174 0.9482
4902.3027 0.9628
4903.4316 0.9872
4904.5605 0.9584
4905.69 0.9726
4906.82 0.9497
4907.9497 0.9882
4909.08 1.0173
4910.2104 0.9453
4911.3413 0.9621
4912.472 0.9601
4913.6035 0.9679
4914.735 0.9799
4915.8667 0.9519
4916.999 0.9768
4918.1313 0.9856
4919.2637 0.9569
4920.3965 0.9496
4921.53 0.9229
4922.663 0.9311
4923.7970000000005 0.9517
4924.9307 0.9169
4926.0645 0.9033
4927.1990000000005 0.9356
4928.334 0.9646
4929.4688 0.9593
4930.604 0.9853
4931.7393 0.9914
4932.875 0.9599
4934.0107 0.9486
4935.147 0.9158
4936.2837 0.9201
4937.4204 0.9819
4938.5576 0.9755
4939.695 0.9951
4940.8325 0.9569
4941.97 0.9503
4943.108 0.948
4944.2466 0.9813
4945.3853 0.9356
4946.524 0.9508
4947.663 1.0206
4948.8022 0.9613
4949.942 1.0
