3911.1108 1.0
3912.0115 1.0021
3912.9124 0.9763
3913.8135 0.944
3914.7146 0.9965
3915.6162 0.9559
3916.5178 0.9351
3917.4197 0.999
3918.3218 0.9615
3919.224 0.9806
3920.1267 0.9661
3921.0295 0.9888
3921.9324 0.9714
3922.8357 0.9953
3923.739 0.9351
3924.6426 0.9896
3925.5464 0.9059
3926.4504 1.0104
3927.3545 0.9894
3928.259 0.9107
3929.1636 0.9408
3930.0684 0.8842
3930.9734 0.8925
3931.8787 0.7587
3932.7842 0.6951
3933.6897 0.5346
3934.5957 0.4623
3935.5017 0.4879
3936.408 0.6818
3937.3145 0.8773
3938.2212 0.8987
3939.1282 0.9256
3940.0354 0.964
3940.9426 1.0019
3941.85 0.9621
3942.7578 1.0364
3943.6658 1.0397
3944.574 0.967
3945.4824 1.006
3946.3909999999996 0.9794
3947.2998 0.9749
3948.2087 0.9611
3949.118 1.033
3950.0273 1.0021
3950.937 1.016
3951.847 0.9717
3952.7568 1.015
3953.6672 1.0007
3954.5776 1.0072
3955.4883 0.9581
3956.3992 0.9982
3957.3103 0.9692
3958.2217 0.9363
3959.1333 0.9521
3960.045 0.9279
3960.9568 0.9653
3961.869 0.9211
3962.7812 0.8669
3963.6938 0.8339
3964.6067 0.8401
3965.5198 0.7808
3966.4329 0.7281
3967.3462 0.6275
3968.26 0.5152
3969.1738 0.4282
3970.0879999999997 0.3566
3971.002 0.4125
3971.9165 0.501
3972.8313 0.6034
3973.7459999999996 0.7205
3974.6611 0.7649
3975.5764 0.7903
3976.492 0.8282
3977.4077 0.8539
3978.3237 0.8752
3979.2397 0.8715
3980.1562 0.8757
3981.0728 0.9217
3981.9895 0.8861
3982.9065 0.9291
3983.8237 0.9241
3984.7412 0.9088
3985.6587 0.921
3986.5767 0.9226
3987.4946 0.9281
3988.4128 0.9361
3989.3313 0.9808
3990.25 0.9684
3991.1690000000003 0.9554
3992.0881 0.8934
3993.0073 0.9634
3993.927 0.9817
3994.8467 0.9725
3995.7666 0.9922
3996.6868 0.9436
3997.6072 0.9478
3998.5278 0.9306
3999.4485 0.9646
4000.3696 0.9929
4001.2908 0.9828
4002.2122 0.9829
4003.1338 1.0255
4004.0557 1.0036
4004.9778 0.9916
4005.9001 0.9361
4006.8225 0.9516
4007.7454 0.9302
4008.6682 1.0508
4009.5913 1.0231
4010.5146 1.0071
4011.4382 0.9863
4012.362 0.978
4013.2861 0.966
4014.2102 0.9902
4015.1345 0.9795
4016.0593 0.9975
4016.9841 0.9435
4017.9092 1.025
4018.8345 0.9367
4019.7598 0.9917
4020.6855 0.9747
4021.6116 0.9737
4022.5376 0.9834
4023.4639 0.9773
4024.3904 1.032
4025.3171 0.9973
4026.2441 0.9712
4027.1714 0.9706
4028.0989 0.9863
4029.0264 0.9983
4029.954 0.9775
4030.8823 0.9646
4031.8105 0.9792
4032.739 0.9781
4033.6677 0.9531
4034.5964 0.9625
4035.5256 0.9909
4036.455 0.9403
4037.3845 0.974
4038.3142 0.9909
4039.2441 0.9635
4040.1743 0.9659
4041.1047 0.9714
4042.0354 0.9794
4042.9663 0.99
4043.8972 0.9897
4044.8286 0.9837
4045.76 0.9659
4046.6917 0.9239
4047.6235 0.9305
4048.5557 0.9557
4049.488 1.0006
4050.4204 1.0378
4051.3533 1.0193
4052.2861 1.0036
4053.2195 0.998
4054.1528 1.001
4055.0864 1.0249
4056.0203 0.9891
4056.9543 0.9937
4057.8884 0.9648
4058.823 0.9666
4059.7576 0.9974
4060.6926 1.0024
4061.6277 0.9847
4062.563 0.9713
4063.4985 0.9741
4064.4343 0.9243
4065.3704 0.9618
4066.3064 0.9486
4067.243 1.0287
4068.1794 1.0215
4069.1165 0.9741
4070.0535 0.985
4070.9907 0.9935
4071.9282 0.9355
4072.866 0.9289
4073.8037 0.9536
4074.742 0.9445
4075.6804 0.9751
4076.619 0.9295
4077.5576 0.919
4078.4966 0.9296
4079.4358 0.9229
4080.3752 0.9387
4081.315 1.0125
4082.255 1.0026
4083.1948 1.0042
4084.1353 1.0152
4085.0757 0.9663
4086.0164 0.9199
4086.9575 0.9328
4087.8987 0.9467
4088.8398 0.9653
4089.7815 0.9262
4090.7234 0.9747
4091.6653 0.9422
4092.6077 0.9438
4093.55 0.9315
4094.4927 0.9398
4095.4358 0.8844
4096.379 0.8789
4097.3223 0.8682
4098.2656 0.8719
4099.2095 0.8149
4100.1533 0.7428
4101.0977 0.6479
4102.042 0.5813
4102.987 0.5211
4103.9316 0.5799
4104.8765 0.6637
4105.822 0.7501
4106.7676 0.7946
4107.7134 0.8163
4108.659000000001 0.826
4109.6055 0.8635
4110.552 0.8865
4111.498 0.8928
4112.4453 0.9296
4113.392 0.9266
4114.3394 0.9299
4115.2866 0.9396
4116.2344 0.9233
4117.1826 0.9326
4118.1304 0.9639
4119.079000000001 0.9505
4120.0273 0.9226
4120.976 0.9687
4121.9253 0.9404
4122.8745 0.9535
4123.8237 0.9855
4124.7734 0.9628
4125.7236 0.9941
4126.6733 1.0039
4127.624 0.9558
4128.5740000000005 0.9946
4129.525 0.983
4130.476 1.0275
4131.4272 0.9963
4132.379 0.9855
4133.33 0.9839
4134.282 0.9473
4135.2344 0.9528
4136.1865 1.0015
4137.139 0.9831
4138.092000000001 0.9565
4139.0444 1.0343
4139.998 0.997
4140.951 0.9769
4141.905 0.9825
4142.8584 1.0055
4143.8125 0.9775
4144.767 0.9568
4145.721 0.9438
4146.6763 0.9539
4147.630999999999 0.9806
4148.585999999999 0.979
4149.5415 0.976
4150.497 0.9916
4151.4526 0.9882
4152.4087 0.991
4153.365 0.9765
4154.322 1.0302
4155.2783 0.9569
4156.2354 0.9616
4157.1924 0.9762
4158.1494 0.9454
4159.107 0.9907
4160.065 0.9992
4161.023 1.0066
4161.981 1.0157
4162.9395 0.9808
4163.8984 0.9599
4164.857 0.9945
4165.8164 0.9984
4166.7754 0.9658
4167.7354 0.9808
4168.695 0.9915
4169.655 0.9607
4170.615 0.9465
4171.5757 0.9719
4172.536 0.9714
4173.497 0.9376
4174.458 0.9458
4175.4194 0.9405
4176.380999999999 0.9563
4177.343 0.9477
4178.3047 0.9672
4179.267 0.9855
4180.2295 0.9486
4181.192 0.9641
4182.155 0.9933
4183.1179999999995 0.9673
4184.081 0.9703
4185.045 0.9776
4186.009 0.9863
4186.9727 1.0043
4187.9365 0.9659
4188.9014 0.9734
4189.8657 1.0151
4190.8306 1.006
4191.795999999999 1.0025
4192.7609999999995 0.9849
4193.7266 0.9785
4194.6924 1.0035
4195.657999999999 0.9752
4196.6245 0.9801
4197.590999999999 0.994
4198.5576 0.9773
4199.5244 0.9536
4200.4917 1.0071
4201.459 1.006
4202.4263 0.9547
4203.394 0.9453
4204.3623 0.9958
4205.33 1.0179
4206.299 0.9612
4207.2676 1.0046
4208.2363 1.0077
4209.2056 1.0282
4210.175 0.9741
4211.144 1.012
4212.1140000000005 1.0014
4213.084 0.968
4214.054 0.9994
4215.0244 0.9987
4215.995 0.9852
4216.9663 0.9422
4217.937 0.9639
4218.9087 0.9806
4219.88 0.9781
4220.852 1.005
4221.8237 0.9488
4222.795999999999 0.966
4223.7686 0.9583
4224.741 0.9701
4225.714 1.0196
4226.687 0.9466
4227.6606 0.9186
4228.6343 0.9148
4229.608 0.9552
4230.582 1.024
4231.556 1.0114
4232.531 0.9851
4233.5054 0.9568
4234.4805 0.9387
4235.4556 0.9702
4236.4307 0.939
4237.4062 0.9745
4238.3823 1.0285
4239.3584 0.9599
4240.3345 0.9796
4241.311 0.9921
4242.2876 0.9819
4243.2646 1.0097
4244.2417 1.0092
4245.219 0.9954
4246.197 0.9829
4247.175 0.9488
4248.153 0.9488
4249.130999999999 0.9616
4250.1094 0.9583
4251.0884 0.9544
4252.067 0.9502
4253.0464 0.9863
4254.026 1.0031
4255.0054 0.9726
4255.9854 0.9557
4256.9653 0.9653
4257.946 0.9761
4258.9263 0.9816
4259.9067 0.9656
4260.8877 0.9736
4261.869000000001 0.9808
4262.8506 0.9415
4263.832 0.9738
4264.814 0.9995
4265.7964 1.0253
4266.779 1.0272
4267.7609999999995 1.0021
4268.744000000001 1.0174
4269.727 0.9984
4270.7104 0.9987
4271.694 0.9496
4272.6772 0.92
4273.6616 0.9167
4274.6455 0.9811
4275.63 0.958
4276.6147 0.9803
4277.5996 0.9911
4278.5845 0.9959
4279.57 0.967
4280.555 0.9796
4281.541 1.0031
4282.527 1.0204
4283.513 0.9683
4284.4995 0.9812
4285.4863 0.9369
4286.473 1.0277
4287.4604 0.9832
4288.4478 0.9814
4289.435 0.9637
4290.423 0.9156
4291.411 0.9467
4292.3994 0.9619
4293.3877 0.979
4294.3765 0.9723
4295.365 0.9254
4296.3545 0.9647
4297.3438 0.9637
4298.3335 0.9835
4299.323 0.9637
4300.3135 0.8769
4301.3037 0.9354
4302.2944 0.8984
4303.285 0.9376
4304.276 0.9456
4305.267 0.9521
4306.259 0.9879
4307.2505 0.9801
4308.242 0.9198
4309.2344 0.9249
4310.2266 0.9469
4311.219 0.9904
4312.212 0.9291
4313.205 0.9712
4314.198 0.932
4315.192 0.8867
4316.1855 0.9136
4317.1797 0.9634
4318.174 0.9672
4319.168 0.9552
4320.1626 0.9869
4321.1577 0.9272
4322.153 0.9374
4323.148 0.9716
4324.1436 0.9753
4325.1396 0.9428
4326.1353 0.8948
4327.1320000000005 0.874
4328.128 0.9144
4329.125 0.9457
4330.1216 0.9417
4331.119000000001 0.925
4332.116 0.9083
4333.1140000000005 0.9025
4334.112 0.8939
4335.11 0.9
4336.1084 0.8865
4337.107 0.8537
4338.1055 0.8032
4339.1045 0.7261
4340.1035 0.6169
4341.103 0.5279
4342.103 0.5332
4343.103 0.6348
4344.103 0.7625
4345.1035 0.8033
4346.104 0.8204
4347.105 0.8446
4348.106 0.8812
4349.1074 0.9302
4350.109 0.9087
4351.1104 0.9261
4352.1123 0.8826
4353.1147 0.8881
4354.117 0.9375
4355.1196 0.9289
4356.1226 0.9635
4357.126 0.9781
4358.1294 0.9926
4359.133 0.9838
4360.1367 0.9665
4361.1406 0.9806
4362.145 0.9551
4363.15 0.9598
4364.1543 1.0047
4365.1597 1.0119
4366.1646 1.0118
4367.17 0.998
4368.1759999999995 0.9873
4369.1816 0.9999
4370.188 0.9957
4371.1943 0.9901
4372.2007 0.9807
4373.208 1.0067
4374.215 0.9947
4375.222 0.9859
4376.2295 0.977
4377.2373 0.9841
4378.2456 1.0057
4379.254 1.0224
4380.262 1.026
4381.271 0.9878
4382.28 1.014
4383.289000000001 0.9806
4384.2983 0.9552
4385.308 0.9253
4386.318 0.9449
4387.3279999999995 0.9616
4388.3384 0.9723
4389.349 1.0016
4390.36 1.0068
4391.3706 1.0192
4392.3823 1.007
4393.3936 1.0028
4394.4053 0.9914
4395.4175 0.9434
4396.4297 0.9492
4397.442 0.9834
4398.4546 1.0111
4399.4673 1.0098
4400.4805 0.9749
4401.494000000001 0.9536
4402.508 0.9617
4403.5215 1.0003
4404.5356 0.9749
4405.55 0.9328
4406.5645 0.9328
4407.579000000001 0.9657
4408.594 1.0052
4409.6094 1.0042
4410.625 1.0055
4411.6406 1.0005
4412.6562 1.0172
4413.6724 1.0102
4414.689 0.9732
4415.7056 0.969
4416.7227 0.9337
4417.7397 0.9359
4418.7570000000005 0.9675
4419.7744 0.9353
4420.7925 1.0046
4421.8105 0.9938
4422.8286 1.0059
4423.847 0.9739
4424.8657 0.9951
4425.885 1.0007
4426.9043 0.9952
4427.9233 0.9631
4428.9434 0.9887
4429.963 0.9652
4430.9834 0.9934
4432.004 0.969
4433.0244 1.0087
4434.045 0.9794
4435.0664 0.9547
4436.0874 0.9499
4437.1094 0.9784
4438.130999999999 0.9694
4439.153 0.9963
4440.1753 1.0348
4441.1978 0.9931
4442.2207 0.9805
4443.2437 0.9295
4444.2666 0.9293
4445.29 0.9335
4446.314 0.9427
4447.338 0.9759
4448.362 0.9692
4449.3859999999995 0.9934
4450.411 0.9739
4451.4355 0.9697
4452.460999999999 0.9834
4453.4863 0.9751
4454.5117 0.9394
4455.5376 0.939
4456.5635 0.9935
4457.59 0.9293
4458.616 0.9668
4459.643 0.967
4460.67 0.9712
4461.6973 0.9577
4462.7246 0.9789
4463.7524 0.9741
4464.7803 0.9586
4465.8086 0.9482
4466.837 0.9657
4467.8657 0.9624
4468.8945 0.9291
4469.924 0.9144
4470.9529999999995 0.9408
4471.9824 0.979
4473.0127 1.0003
4474.0425 0.9811
4475.0728 0.9871
4476.1035 0.9805
4477.1343 0.9668
4478.165 0.975
4479.1963 0.9591
4480.228 0.9775
4481.26 0.9727
4482.2915 0.9681
4483.3237 0.9664
4484.3564 0.9632
4485.389 0.9832
4486.4220000000005 0.9754
4487.455 0.9903
4488.4883 0.9976
4489.522 0.9746
4490.556 0.9613
4491.59 0.9801
4492.6245 0.9653
4493.659000000001 0.9813
4494.694 0.9649
4495.729 0.9837
4496.764 0.9687
4497.8 0.9533
4498.8354 0.9911
4499.8716 0.9784
4500.9077 0.9579
4501.9443 0.9547
4502.981 0.9488
4504.018 0.9599
4505.055 0.987
4506.093 1.0166
4507.1304 0.988
4508.168 0.9737
4509.2065 0.9452
4510.2446 0.9758
4511.282999999999 0.9879
4512.3223 1.0202
4513.3613 0.9777
4514.401 1.0027
4515.4404 1.0059
4516.48 0.9802
4517.5205 0.9575
4518.5605 1.0005
4519.601 0.9799
4520.642 0.9943
4521.683 0.9736
4522.724 0.9709
4523.7656 0.9651
4524.8076 0.9613
4525.8496 0.989
4526.8916 0.9887
4527.934 0.9735
4528.977 0.9896
4530.02 0.9829
4531.063 0.9638
4532.1064 1.0016
4533.1504 0.976
4534.1943 0.9526
4535.2383 0.9283
4536.2827 0.9463
4537.327 0.9829
4538.372 0.9952
4539.4175 1.0296
4540.463 0.9844
4541.5083 1.019
4542.554 0.9949
4543.6 1.0264
4544.6465 0.9784
4545.693 1.0009
4546.7397 0.9982
4547.787 0.9881
4548.8345 0.9775
4549.8820000000005 0.9495
4550.9297 0.9374
4551.9775 0.9233
4553.026 0.9679
4554.0740000000005 0.9611
4555.123 0.937
4556.1720000000005 0.9321
4557.221 0.9555
4558.2705 0.9893
4559.3203 1.0003
4560.37 0.9832
4561.4204 0.973
4562.4707 0.9803
4563.5215 0.9728
4564.5728 0.9517
4565.6235 0.9292
4566.6753 0.9613
4567.7266 0.9867
4568.779 0.9656
4569.8306 0.9839
4570.8833 1.0072
4571.9355 0.9555
4572.9883 0.9402
4574.0415 0.9471
4575.0947 0.9374
4576.1484 0.9709
4577.202 0.9707
4578.2563 0.9723
4579.3105 1.0025
4580.365 0.9824
4581.42 0.9999
4582.475 0.958
4583.5303 0.9708
4584.585999999999 0.9525
4585.6416 0.9599
4586.6978 0.9772
4587.754 0.9768
4588.8105 0.975
4589.867 0.9621
4590.9243 0.975
4591.9814 0.9694
4593.0386 0.961
4594.0967 0.9902
4595.1543 0.955
4596.2124 0.9897
4597.271 0.9722
4598.3296 0.9821
4599.3887 0.9802
4600.4478 0.9902
4601.5073 0.9997
4602.567 0.9879
4603.627 0.9814
4604.687 1.0005
4605.7476 0.9665
4606.808 0.9812
4607.8687 0.9704
4608.93 0.9675
4609.991 0.9943
4611.0527 0.9902
4612.1147 0.9754
4613.177 0.9628
4614.2393 0.9822
4615.302 0.9809
4616.3647 0.9776
4617.4277 0.9713
4618.491 0.9759
4619.5547 0.9894
4620.6187 0.9921
4621.6826 0.9971
4622.747 0.9765
4623.8115 0.9864
4624.876 0.9794
4625.9414 0.9919
4627.0063 0.9981
4628.0723 0.9997
4629.1377 0.9987
4630.2036 0.9982
4631.27 0.962
4632.3364 0.9864
4633.4033 1.0023
4634.47 0.9857
4635.5376 0.979
4636.605 0.9871
4637.673 0.9954
4638.7407 0.9813
4639.809 0.9695
4640.8774 1.004
4641.9463 1.0022
4643.015 0.9778
4644.0845 0.9897
4645.154 0.9951
4646.2236 1.0056
4647.2935 0.9919
4648.3640000000005 1.0005
4649.434 0.9901
4650.505 0.9982
4651.5757 1.0113
4652.647 0.9679
4653.7188 0.9792
4654.79 1.0122
4655.8623 0.9679
4656.934 1.0083
4658.0070000000005 0.9918
4659.0796 1.0057
4660.1523 0.9827
4661.2256 1.008
4662.299 0.9874
4663.3726 1.0065
4664.4463 0.9972
4665.5205 0.9887
4666.595 0.9851
4667.6694 0.9864
4668.7446 0.985
4669.82 1.0
4670.895 1.0084
4671.9707 0.9897
4673.0464 1.0201
4674.1226 1.0148
4675.1990000000005 0.9781
4676.276 1.0007
4677.3525 1.0026
4678.4297 1.0057
4679.5073 1.0228
4680.585 0.9912
4681.6626 0.9938
4682.7407 0.9984
4683.819 0.9985
4684.8975 1.0153
4685.9766 0.9872
4687.0557 1.0176
4688.1353 0.9944
4689.215 0.9936
4690.2944 0.986
4691.3745 0.9939
4692.455 0.9719
4693.5356 0.9863
4694.616 0.9867
4695.6973 0.9996
4696.779 1.0113
4697.8604 0.981
4698.9424 0.9899
4700.0244 1.0025
4701.107 0.9796
4702.1895 0.9906
4703.272 0.9771
4704.3555 0.9754
4705.4385 0.9926
4706.522 0.9783
4707.606 0.9839
4708.69 0.9728
4709.7744 0.9945
4710.859 1.0206
4711.944 0.9956
4713.029 0.9783
4714.1143 0.9849
4715.1997 1.0089
4716.2856 0.9843
4717.372 0.9814
4718.458 0.9882
4719.545 0.9818
4720.6320000000005 1.0031
4721.7188 0.9991
4722.806 0.9981
4723.8936 1.0081
4724.9814 0.9949
4726.07 0.9971
4727.1577 0.9884
4728.2466 0.9635
4729.3354 0.9813
4730.4243 0.998
4731.5137 0.9891
4732.6035 0.9778
4733.6934 0.9985
4734.782999999999 0.9765
4735.8735 0.9771
4736.9644 0.9982
4738.055 0.9809
4739.1465 1.0094
4740.238 0.9952
4741.329000000001 0.9929
4742.420999999999 1.0157
4743.513 0.9857
4744.6055 0.991
4745.698 0.9885
4746.791 0.9841
4747.8843 1.0016
4748.9775 0.9896
4750.0713 0.9968
4751.165 1.0026
4752.2593 0.973
4753.3535 1.0024
4754.448 0.9954
4755.543 0.9937
4756.638 0.9762
4757.7334 0.9706
4758.829000000001 1.0057
4759.925 1.0195
4761.021 0.9883
4762.1177 0.9829
4763.2144 1.001
4764.311 0.9832
4765.407999999999 0.9461
4766.505999999999 0.9873
4767.6035 0.9707
4768.701 0.9939
4769.7993 0.9947
4770.898 1.0075
4771.9966 0.9845
4773.095 0.9873
4774.1943 1.0015
4775.294 0.9969
4776.3936 0.9924
4777.4937 0.9638
4778.5938 0.9912
4779.6943 1.0034
4780.795 0.9762
4781.896 0.9972
4782.997 0.9855
4784.0986 0.9891
4785.2 0.9904
4786.3022 0.9818
4787.4043 1.002
4788.5070000000005 0.9858
4789.6094 0.9668
4790.7124 0.9724
4791.816 0.9808
4792.9194 0.9835
4794.023 0.9791
4795.127 0.9799
4796.2314 0.9876
4797.335999999999 0.9832
4798.4404 0.9806
4799.5454 0.9968
4800.651 0.9916
4801.7563 0.988
4802.862 0.9958
4803.9683 0.9897
4805.0740000000005 0.9728
4806.1807 0.9692
4807.2876 0.9753
4808.3945 0.9906
4809.502 1.0032
4810.6094 0.9732
4811.7173 0.9779
4812.8257 0.9775
4813.9336 0.99
4815.0425 1.0058
4816.1514 0.985
4817.2603 0.9932
4818.3696 0.9867
4819.479 0.9773
4820.589 1.0108
4821.6990000000005 0.967
4822.8096 0.9906
4823.92 0.983
4825.0312 0.9546
4826.142 0.9722
4827.2534 0.9805
4828.365 0.9649
4829.477 0.9917
4830.5894 0.9691
4831.7017 0.9657
4832.8145 0.984
4833.9272 0.9963
4835.0405 0.9725
4836.154 0.971
4837.2676 0.9722
4838.3813 0.9922
4839.4956 0.9914
4840.6104 0.9754
4841.725 0.9599
4842.84 0.957
4843.955 0.9618
4845.071 0.9624
4846.1865 0.9674
4847.3022 0.9918
4848.4185 0.944
4849.535 0.9343
4850.652 0.9307
4851.769 0.9095
4852.8859999999995 0.9329
4854.004 0.9299
4855.1216 0.8943
4856.2397 0.8877
4857.358 0.8986
4858.4766 0.8409
4859.595 0.826
4860.7144 0.7241
4861.834 0.5882
4862.9536 0.5347
4864.073 0.6281
4865.1934 0.7744
4866.314 0.8414
4867.4346 0.8767
4868.555 0.9058
4869.6763 0.9066
4870.798 0.9085
4871.9194 0.9056
4873.0415 0.9052
4874.1636 0.9284
4875.286 0.9295
4876.4087 0.9493
4877.5317 0.9476
4878.6553 0.9406
4879.7783 0.9519
4880.9023 0.9538
4882.0264 0.9683
4883.1504 0.9591
4884.275 0.9433
4885.4 0.969
4886.525 0.971
4887.65 0.9642
4888.776 0.9667
4889.9014 0.9817
4891.0273 0.9782
4892.154 0.9405
4893.2803 0.9581
4894.407 0.9679
4895.5347 0.9705
4896.6616 0.9686
4897.7896 0.9593
4898.9175 0.9807
4900.0454 1.0094
4901.174 0.9736
4902.3027 0.9907
4903.4316 0.9944
4904.5605 0.9874
4905.69 0.9843
4906.82 0.9713
4907.9497 0.9656
4909.08 0.9747
4910.2104 0.9797
4911.3413 0.976
4912.472 0.9815
4913.6035 0.9997
4914.735 0.9814
4915.8667 0.9991
4916.999 0.9678
4918.1313 1.0081
4919.2637 0.9712
4920.3965 0.9564
4921.53 0.9484
4922.663 0.9575
4923.7970000000005 0.9588
4924.9307 0.9305
4926.0645 0.919
4927.1990000000005 0.9571
4928.334 1.0041
4929.4688 1.0124
4930.604 0.9919
4931.7393 0.9745
4932.875 1.0022
4934.0107 0.9664
4935.147 0.9644
4936.2837 0.9535
4937.4204 0.9758
4938.5576 0.982
4939.695 0.9997
4940.8325 0.9666
4941.97 1.0051
4943.108 0.9882
4944.2466 1.0105
4945.3853 0.9956
4946.524 0.99
4947.663 0.9789
4948.8022 1.0021
4949.942 1.0
