3911.1108 1.0
3912.0115 1.0005
3912.9124 1.0004
3913.8135 1.0248
3914.7146 0.9579
3915.6162 0.9654
3916.5178 0.9767
3917.4197 0.977
3918.3218 0.9809
3919.224 0.9846
3920.1267 0.9803
3921.0295 0.9687
3921.9324 0.9817
3922.8357 0.9655
3923.739 0.9743
3924.6426 0.9711
3925.5464 1.007
3926.4504 0.9959
3927.3545 0.9909
3928.259 0.9642
3929.1636 0.9958
3930.0684 0.9295
3930.9734 0.9338
3931.8787 0.8854
3932.7842 0.8543
3933.6897 0.7497
3934.5957 0.6544
3935.5017 0.5933
3936.408 0.5992
3937.3145 0.6724
3938.2212 0.7675
3939.1282 0.8796
3940.0354 0.9473
3940.9426 0.9493
3941.85 0.97
3942.7578 1.0184
3943.6658 1.0214
3944.574 1.0098
3945.4824 0.9949
3946.3909999999996 0.9892
3947.2998 0.9868
3948.2087 0.9828
3949.118 1.0001
3950.0273 0.9861
3950.937 0.969
3951.847 0.9796
3952.7568 0.9926
3953.6672 0.9701
3954.5776 0.9645
3955.4883 0.975
3956.3992 0.9728
3957.3103 1.0069
3958.2217 0.9675
3959.1333 0.9199
3960.045 0.922
3960.9568 0.9047
3961.869 0.8849
3962.7812 0.8779
3963.6938 0.8654
3964.6067 0.8487
3965.5198 0.8324
3966.4329 0.8061
3967.3462 0.7582
3968.26 0.6837
3969.1738 0.5707
3970.0879999999997 0.4544
3971.002 0.4205
3971.9165 0.378
3972.8313 0.4373
3973.7459999999996 0.5014
3974.6611 0.5953
3975.5764 0.6629
3976.492 0.7112
3977.4077 0.7572
3978.3237 0.7907
3979.2397 0.8283
3980.1562 0.8533
3981.0728 0.8541
3981.9895 0.8665
3982.9065 0.8807
3983.8237 0.8906
3984.7412 0.8794
3985.6587 0.9122
3986.5767 0.92
3987.4946 0.932
3988.4128 0.923
3989.3313 0.941
3990.25 0.9435
3991.1690000000003 0.9673
3992.0881 0.9631
3993.0073 0.9825
3993.927 0.9635
3994.8467 0.9591
3995.7666 0.9371
3996.6868 0.9437
3997.6072 0.996
3998.5278 0.9854
3999.4485 0.9685
4000.3696 0.9498
4001.2908 0.967
4002.2122 0.9813
4003.1338 0.9737
4004.0557 0.9954
4004.9778 0.9926
4005.9001 0.9966
4006.8225 0.9549
4007.7454 0.9875
4008.6682 0.9991
4009.5913 0.9794
4010.5146 0.9576
4011.4382 0.9609
4012.362 0.9764
4013.2861 1.0043
4014.2102 0.9846
4015.1345 0.9693
4016.0593 0.9479
4016.9841 0.9904
4017.9092 0.997
4018.8345 0.9895
4019.7598 0.9707
4020.6855 1.0018
4021.6116 0.9958
4022.5376 1.0131
4023.4639 1.0023
4024.3904 1.0036
4025.3171 1.0061
4026.2441 0.9707
4027.1714 0.9805
4028.0989 0.9812
4029.0264 0.9835
4029.954 0.9792
4030.8823 1.0002
4031.8105 1.0058
4032.739 0.9704
4033.6677 0.991
4034.5964 0.9745
4035.5256 0.981
4036.455 0.9838
4037.3845 0.9913
4038.3142 0.9711
4039.2441 0.9823
4040.1743 0.9965
4041.1047 0.9922
4042.0354 1.0186
4042.9663 0.9991
4043.8972 0.9899
4044.8286 1.0082
4045.76 0.9913
4046.6917 0.9701
4047.6235 0.9462
4048.5557 0.9322
4049.488 0.9502
4050.4204 0.9772
4051.3533 0.9976
4052.2861 1.0002
4053.2195 1.0119
4054.1528 1.018
4055.0864 1.0136
4056.0203 1.0072
4056.9543 0.9904
4057.8884 1.0115
4058.823 0.9865
4059.7576 0.9892
4060.6926 1.0014
4061.6277 0.9851
4062.563 0.9961
4063.4985 0.9696
4064.4343 0.9555
4065.3704 0.956
4066.3064 0.9564
4067.243 0.9673
4068.1794 0.9756
4069.1165 0.9868
4070.0535 0.9838
4070.9907 0.9721
4071.9282 1.01
4072.866 1.0151
4073.8037 0.9565
4074.742 0.9595
4075.6804 0.9705
4076.619 0.9714
4077.5576 0.9598
4078.4966 0.9766
4079.4358 0.9572
4080.3752 0.951
4081.315 0.9372
4082.255 0.9466
4083.1948 0.9827
4084.1353 0.9751
4085.0757 0.9782
4086.0164 0.9679
4086.9575 0.9578
4087.8987 0.9327
4088.8398 0.94
4089.7815 0.9318
4090.7234 0.9472
4091.6653 0.9302
4092.6077 0.9303
4093.55 0.9174
4094.4927 0.9106
4095.4358 0.8809
4096.379 0.8622
4097.3223 0.8482
4098.2656 0.7995
4099.2095 0.799
4100.1533 0.7631
4101.0977 0.7258
4102.042 0.6383
4102.987 0.5876
4103.9316 0.5007
4104.8765 0.5034
4105.822 0.5482
4106.7676 0.6549
4107.7134 0.7103
4108.659000000001 0.7792
4109.6055 0.8071
4110.552 0.8239
4111.498 0.8392
4112.4453 0.8514
4113.392 0.9033
4114.3394 0.8954
4115.2866 0.9053
4116.2344 0.9229
4117.1826 0.9274
4118.1304 0.9303
4119.079000000001 0.957
4120.0273 0.9481
4120.976 0.9525
4121.9253 0.9526
4122.8745 0.9718
4123.8237 0.9626
4124.7734 0.955
4125.7236 0.9482
4126.6733 0.9678
4127.624 0.9782
4128.5740000000005 0.9843
4129.525 0.9861
4130.476 0.982
4131.4272 0.9728
4132.379 0.9707
4133.33 0.9886
4134.282 0.9564
4135.2344 0.9478
4136.1865 0.9716
4137.139 0.9645
4138.092000000001 0.9723
4139.0444 0.9857
4139.998 1.018
4140.951 0.9993
4141.905 1.018
4142.8584 0.9902
4143.8125 1.0096
4144.767 0.9809
4145.721 0.9814
4146.6763 0.9627
4147.630999999999 0.9615
4148.585999999999 0.994
4149.5415 0.9782
4150.497 0.9987
4151.4526 1.0062
4152.4087 0.9869
4153.365 1.0008
4154.322 1.0064
4155.2783 1.002
4156.2354 0.9864
4157.1924 0.9869
4158.1494 1.0017
4159.107 0.9925
4160.065 0.9859
4161.023 0.9714
4161.981 0.98
4162.9395 1.0214
4163.8984 1.0165
4164.857 0.9848
4165.8164 1.0089
4166.7754 1.0057
4167.7354 0.9992
4168.695 0.9932
4169.655 0.9878
4170.615 0.9992
4171.5757 1.0087
4172.536 1.0013
4173.497 0.998
4174.458 0.9768
4175.4194 0.9595
4176.380999999999 0.9848
4177.343 0.9834
4178.3047 0.9879
4179.267 0.9909
4180.2295 0.9704
4181.192 0.9779
4182.155 0.9883
4183.1179999999995 0.9863
4184.081 0.9886
4185.045 0.9923
4186.009 0.9887
4186.9727 0.9975
4187.9365 0.9936
4188.9014 0.9995
4189.8657 0.973
4190.8306 0.9684
4191.795999999999 0.9798
4192.7609999999995 0.9934
4193.7266 0.9889
4194.6924 0.9891
4195.657999999999 0.9996
4196.6245 0.975
4197.590999999999 0.9953
4198.5576 0.9981
4199.5244 0.9604
4200.4917 0.9948
4201.459 0.9623
4202.4263 0.9603
4203.394 0.9851
4204.3623 0.953
4205.33 0.9725
4206.299 0.9767
4207.2676 1.0061
4208.2363 0.9877
4209.2056 1.0127
4210.175 1.0055
4211.144 0.9891
4212.1140000000005 0.996
4213.084 0.9978
4214.054 1.0003
4215.0244 1.0146
4215.995 0.9877
4216.9663 0.9673
4217.937 0.9461
4218.9087 0.9528
4219.88 0.9906
4220.852 0.9868
4221.8237 0.9894
4222.795999999999 0.9795
4223.7686 0.9986
4224.741 0.9774
4225.714 0.996
4226.687 0.9833
4227.6606 0.9564
4228.6343 0.9172
4229.608 0.9132
4230.582 0.9337
4231.556 0.9704
4232.531 0.9749
4233.5054 0.9996
4234.4805 0.9705
4235.4556 0.9575
4236.4307 0.9466
4237.4062 0.9863
4238.3823 0.9605
4239.3584 0.9766
4240.3345 0.9709
4241.311 0.983
4242.2876 0.9872
4243.2646 1.0106
4244.2417 0.9896
4245.219 1.0134
4246.197 0.9809
4247.175 1.0096
4248.153 0.9839
4249.130999999999 0.9588
4250.1094 0.9617
4251.0884 0.972
4252.067 0.9645
4253.0464 0.9546
4254.026 0.9557
4255.0054 0.9741
4255.9854 0.9967
4256.9653 0.9936
4257.946 0.9849
4258.9263 0.9754
4259.9067 1.002
4260.8877 1.0106
4261.869000000001 0.9586
4262.8506 0.9909
4263.832 1.0032
4264.814 0.9853
4265.7964 0.9966
4266.779 1.0131
4267.7609999999995 1.0083
4268.744000000001 1.003
4269.727 0.9888
4270.7104 1.0106
4271.694 1.0038
4272.6772 0.9833
4273.6616 0.9449
4274.6455 0.9318
4275.63 0.954
4276.6147 0.9628
4277.5996 0.9799
4278.5845 1.0002
4279.57 1.0005
4280.555 1.0091
4281.541 0.9962
4282.527 0.9985
4283.513 1.0032
4284.4995 0.9874
4285.4863 0.9819
4286.473 0.9837
4287.4604 0.988
4288.4478 1.0
4289.435 1.002
4290.423 0.9995
4291.411 0.9715
4292.3994 0.9493
4293.3877 0.944
4294.3765 0.9673
4295.365 0.9956
4296.3545 0.9734
4297.3438 0.9739
4298.3335 0.9814
4299.323 1.0004
4300.3135 1.0063
4301.3037 0.973
4302.2944 0.9472
4303.285 0.9289
4304.276 0.9264
4305.267 0.9505
4306.259 0.9494
4307.2505 0.9838
4308.242 0.9943
4309.2344 0.96
4310.2266 0.9362
4311.219 0.9442
4312.212 0.9844
4313.205 0.9849
4314.198 0.995
4315.192 0.9545
4316.1855 0.9516
4317.1797 0.9628
4318.174 0.9537
4319.168 0.9693
4320.1626 1.0155
4321.1577 0.9825
4322.153 0.9802
4323.148 0.9768
4324.1436 0.9728
4325.1396 0.946
4326.1353 0.947
4327.1320000000005 0.9376
4328.128 0.9224
4329.125 0.9405
4330.1216 0.9326
4331.119000000001 0.9324
4332.116 0.9322
4333.1140000000005 0.8984
4334.112 0.9263
4335.11 0.8733
4336.1084 0.886
4337.107 0.8618
4338.1055 0.8267
4339.1045 0.7661
4340.1035 0.7353
4341.103 0.6717
4342.103 0.5285
4343.103 0.4706
4344.103 0.5395
4345.1035 0.6301
4346.104 0.7326
4347.105 0.811
4348.106 0.7954
4349.1074 0.8842
4350.109 0.8702
4351.1104 0.889
4352.1123 0.8916
4353.1147 0.882
4354.117 0.9038
4355.1196 0.9115
4356.1226 0.9399
4357.126 0.9337
4358.1294 0.974
4359.133 0.9743
4360.1367 0.9767
4361.1406 0.9471
4362.145 1.0064
4363.15 0.9947
4364.1543 0.9921
4365.1597 0.9963
4366.1646 0.9957
4367.17 0.9873
4368.1759999999995 0.9978
4369.1816 1.002
4370.188 0.9988
4371.1943 1.0071
4372.2007 0.9855
4373.208 1.0146
4374.215 1.007
4375.222 1.0107
4376.2295 0.9933
4377.2373 0.9688
4378.2456 0.964
4379.254 1.0058
4380.262 1.0007
4381.271 1.0111
4382.28 1.018
4383.289000000001 1.0071
4384.2983 0.9955
4385.308 0.9521
4386.318 0.9298
4387.3279999999995 0.9326
4388.3384 0.9832
4389.349 0.9816
4390.36 0.9836
4391.3706 0.9818
4392.3823 0.9812
4393.3936 0.9902
4394.4053 0.9979
4395.4175 0.982
4396.4297 0.9663
4397.442 0.956
4398.4546 0.9734
4399.4673 0.9956
4400.4805 0.9802
4401.494000000001 0.981
4402.508 0.9663
4403.5215 0.9734
4404.5356 0.997
4405.55 0.9904
4406.5645 0.9757
4407.579000000001 0.9543
4408.594 0.9515
4409.6094 0.9901
4410.625 1.0005
4411.6406 1.0036
4412.6562 0.9932
4413.6724 0.9886
4414.689 1.0104
4415.7056 0.9813
4416.7227 0.9502
4417.7397 0.9436
4418.7570000000005 0.9586
4419.7744 0.9598
4420.7925 0.9726
4421.8105 0.9846
4422.8286 0.9832
4423.847 0.9925
4424.8657 0.9806
4425.885 0.9888
4426.9043 0.9994
4427.9233 0.9844
4428.9434 0.9943
4429.963 0.9859
4430.9834 0.9917
4432.004 0.9907
4433.0244 1.0113
4434.045 1.0039
4435.0664 0.9873
4436.0874 0.963
4437.1094 0.9909
4438.130999999999 0.9857
4439.153 0.9858
4440.1753 0.9993
4441.1978 0.9891
4442.2207 0.9899
4443.2437 1.0068
4444.2666 0.9851
4445.29 0.9866
4446.314 0.9357
4447.338 0.9758
4448.362 0.9865
4449.3859999999995 0.9997
4450.411 0.985
4451.4355 1.013
4452.460999999999 0.988
4453.4863 0.9741
4454.5117 0.9655
4455.5376 0.9842
4456.5635 0.9831
4457.59 0.9506
4458.616 0.9782
4459.643 0.9977
4460.67 0.9794
4461.6973 0.9949
4462.7246 0.9996
4463.7524 1.0003
4464.7803 0.9966
4465.8086 0.9874
4466.837 0.9899
4467.8657 0.9789
4468.8945 0.9988
4469.924 0.9505
4470.9529999999995 0.9562
4471.9824 0.9648
4473.0127 0.9874
4474.0425 0.9827
4475.0728 1.0013
4476.1035 1.0047
4477.1343 0.9987
4478.165 0.9861
4479.1963 0.9916
4480.228 0.9846
4481.26 0.988
4482.2915 0.9821
4483.3237 0.9618
4484.3564 0.9648
4485.389 0.9743
4486.4220000000005 0.9879
4487.455 0.9856
4488.4883 0.9967
4489.522 0.9919
4490.556 0.9964
4491.59 0.9679
4492.6245 0.9925
4493.659000000001 0.9927
4494.694 1.0039
4495.729 0.9857
4496.764 0.9812
4497.8 0.9914
4498.8354 0.9688
4499.8716 0.989
4500.9077 1.0036
4501.9443 1.0102
4502.981 0.9648
4504.018 0.9758
4505.055 0.9847
4506.093 0.9939
4507.1304 1.0033
4508.168 1.0021
4509.2065 0.9956
4510.2446 0.9873
4511.282999999999 0.9799
4512.3223 0.9811
4513.3613 0.9985
4514.401 0.988
4515.4404 1.0032
4516.48 0.9919
4517.5205 0.9765
4518.5605 0.9706
4519.601 1.0107
4520.642 1.0013
4521.683 0.9718
4522.724 0.9925
4523.7656 0.9821
4524.8076 0.9867
4525.8496 0.9832
4526.8916 0.9748
4527.934 0.9842
4528.977 0.9734
4530.02 0.9756
4531.063 0.977
4532.1064 0.975
4533.1504 0.9756
4534.1943 0.9837
4535.2383 0.9802
4536.2827 0.9589
4537.327 0.9432
4538.372 0.96
4539.4175 0.9902
4540.463 0.9862
4541.5083 0.9857
4542.554 0.9908
4543.6 0.9927
4544.6465 0.9842
4545.693 0.9988
4546.7397 1.0014
4547.787 1.0054
4548.8345 0.9944
4549.8820000000005 1.001
4550.9297 0.9665
4551.9775 0.9292
4553.026 0.9513
4554.0740000000005 0.9797
4555.123 0.9782
4556.1720000000005 0.9607
4557.221 0.9847
4558.2705 0.9559
4559.3203 0.9814
4560.37 0.9891
4561.4204 0.9821
4562.4707 0.9747
4563.5215 0.9918
4564.5728 0.981
4565.6235 0.9717
4566.6753 0.9524
4567.7266 0.9756
4568.779 0.9963
4569.8306 0.984
4570.8833 0.9884
4571.9355 1.0023
4572.9883 0.9962
4574.0415 0.9733
4575.0947 0.9497
4576.1484 0.9756
4577.202 1.0018
4578.2563 0.985
4579.3105 0.9696
4580.365 0.9995
4581.42 0.9868
4582.475 0.9755
4583.5303 0.9837
4584.585999999999 0.9943
4585.6416 0.9545
4586.6978 0.9713
4587.754 0.9676
4588.8105 0.9915
4589.867 0.9911
4590.9243 0.99
4591.9814 0.9918
4593.0386 0.9883
4594.0967 0.9795
4595.1543 0.9768
4596.2124 0.9987
4597.271 0.9596
4598.3296 0.9971
4599.3887 0.9983
4600.4478 0.9897
4601.5073 0.9888
4602.567 0.9868
4603.627 0.9807
4604.687 0.9537
4605.7476 0.994
4606.808 0.9728
4607.8687 1.0006
4608.93 0.9958
4609.991 0.98
4611.0527 0.9941
4612.1147 0.9908
4613.177 0.9953
4614.2393 0.9718
4615.302 0.9913
4616.3647 0.9972
4617.4277 0.9968
4618.491 0.997
4619.5547 0.9922
4620.6187 0.9773
4621.6826 0.9847
4622.747 0.9696
4623.8115 0.9785
4624.876 0.9878
4625.9414 0.9909
4627.0063 1.0088
4628.0723 0.985
4629.1377 0.9965
4630.2036 0.9934
4631.27 0.9728
4632.3364 0.9857
4633.4033 0.9779
4634.47 0.9611
4635.5376 0.9879
4636.605 0.996
4637.673 0.9772
4638.7407 0.9864
4639.809 0.9918
4640.8774 0.9829
4641.9463 0.9938
4643.015 1.0058
4644.0845 0.9959
4645.154 0.9725
4646.2236 0.9796
4647.2935 0.9886
4648.3640000000005 1.0125
4649.434 0.999
4650.505 0.9935
4651.5757 0.9822
4652.647 0.9787
4653.7188 0.987
4654.79 0.989
4655.8623 0.9898
4656.934 0.9903
4658.0070000000005 0.9922
4659.0796 1.0054
4660.1523 1.0021
4661.2256 1.0051
4662.299 1.0137
4663.3726 1.0112
4664.4463 0.991
4665.5205 0.9761
4666.595 1.0148
4667.6694 1.0058
4668.7446 0.9933
4669.82 0.9861
4670.895 0.9667
4671.9707 0.9862
4673.0464 0.9908
4674.1226 0.9953
4675.1990000000005 0.9912
4676.276 0.9878
4677.3525 0.9933
4678.4297 0.9897
4679.5073 1.0251
4680.585 0.9915
4681.6626 0.9867
4682.7407 1.0027
4683.819 0.9892
4684.8975 0.9968
4685.9766 1.0045
4687.0557 0.9856
4688.1353 1.0115
4689.215 0.9819
4690.2944 0.997
4691.3745 0.9983
4692.455 1.012
4693.5356 0.9974
4694.616 0.9917
4695.6973 1.0122
4696.779 1.0013
4697.8604 0.9878
4698.9424 0.9968
4700.0244 0.9865
4701.107 0.9976
4702.1895 1.004
4703.272 0.9743
4704.3555 0.9894
4705.4385 0.9679
4706.522 0.9937
4707.606 0.9806
4708.69 0.9783
4709.7744 1.0022
4710.859 1.0048
4711.944 0.991
4713.029 0.9904
4714.1143 0.9775
4715.1997 1.0103
4716.2856 0.986
4717.372 0.9888
4718.458 1.0018
4719.545 1.005
4720.6320000000005 0.9995
4721.7188 0.9962
4722.806 1.0094
4723.8936 0.988
4724.9814 1.033
4726.07 0.9903
4727.1577 0.9895
4728.2466 0.9855
4729.3354 0.9904
4730.4243 0.9944
4731.5137 1.0087
4732.6035 0.9856
4733.6934 0.9799
4734.782999999999 0.9936
4735.8735 0.9906
4736.9644 0.9963
4738.055 1.0053
4739.1465 0.9751
4740.238 0.9916
4741.329000000001 0.9922
4742.420999999999 1.0078
4743.513 0.995
4744.6055 0.9904
4745.698 0.9955
4746.791 0.9866
4747.8843 0.9877
4748.9775 0.9872
4750.0713 0.9825
4751.165 0.9969
4752.2593 0.9861
4753.3535 1.0003
4754.448 0.9977
4755.543 1.0046
4756.638 0.9874
4757.7334 1.0052
4758.829000000001 0.989
4759.925 0.9882
4761.021 0.9915
4762.1177 0.9899
4763.2144 0.9929
4764.311 0.9876
4765.407999999999 0.999
4766.505999999999 0.9806
4767.6035 0.9819
4768.701 0.986
4769.7993 0.976
4770.898 0.9891
4771.9966 0.9913
4773.095 0.9877
4774.1943 1.0048
4775.294 0.9888
4776.3936 0.9935
4777.4937 0.9929
4778.5938 1.0008
4779.6943 0.9899
4780.795 0.976
4781.896 0.9888
4782.997 0.9899
4784.0986 0.9925
4785.2 0.9867
4786.3022 0.9892
4787.4043 0.9921
4788.5070000000005 0.9855
4789.6094 0.9795
4790.7124 1.0003
4791.816 0.9984
4792.9194 0.9904
4794.023 0.9955
4795.127 0.981
4796.2314 0.9954
4797.335999999999 0.9957
4798.4404 0.9889
4799.5454 0.9767
4800.651 0.9807
4801.7563 0.983
4802.862 0.9834
4803.9683 0.9907
4805.0740000000005 0.9926
4806.1807 0.9907
4807.2876 0.9796
4808.3945 0.9802
4809.502 0.9745
4810.6094 0.9947
4811.7173 0.9794
4812.8257 0.9934
4813.9336 1.0075
4815.0425 0.9926
4816.1514 0.9917
4817.2603 0.9998
4818.3696 0.9891
4819.479 0.9848
4820.589 0.9864
4821.6990000000005 1.0036
4822.8096 0.9989
4823.92 1.0048
4825.0312 0.9854
4826.142 0.9903
4827.2534 0.9923
4828.365 0.9981
4829.477 1.0072
4830.5894 0.9845
4831.7017 0.9859
4832.8145 0.9809
4833.9272 0.9843
4835.0405 0.997
4836.154 0.9962
4837.2676 0.9683
4838.3813 0.9973
4839.4956 0.9675
4840.6104 0.9659
4841.725 0.982
4842.84 0.9874
4843.955 0.9811
4845.071 0.9697
4846.1865 0.9705
4847.3022 0.9671
4848.4185 0.9577
4849.535 0.9678
4850.652 0.956
4851.769 0.9455
4852.8859999999995 0.9238
4854.004 0.9398
4855.1216 0.9109
4856.2397 0.8992
4857.358 0.8859
4858.4766 0.8669
4859.595 0.8235
4860.7144 0.7971
4861.834 0.7583
4862.9536 0.6163
4864.073 0.5137
4865.1934 0.527
4866.314 0.6825
4867.4346 0.7743
4868.555 0.8056
4869.6763 0.8604
4870.798 0.8872
4871.9194 0.8973
4873.0415 0.8927
4874.1636 0.9117
4875.286 0.9139
4876.4087 0.9236
4877.5317 0.9473
4878.6553 0.9568
4879.7783 0.9584
4880.9023 0.9647
4882.0264 0.9646
4883.1504 0.9616
4884.275 0.9817
4885.4 0.9639
4886.525 0.9741
4887.65 0.971
4888.776 0.9806
4889.9014 0.9845
4891.0273 0.9786
4892.154 0.9711
4893.2803 0.9713
4894.407 0.9481
4895.5347 0.9822
4896.6616 0.9802
4897.7896 0.9968
4898.9175 0.98
4900.0454 0.9828
4901.174 0.9955
4902.3027 1.0048
4903.4316 0.9925
4904.5605 0.99
4905.69 0.9942
4906.82 0.9861
4907.9497 0.9925
4909.08 0.9899
4910.2104 0.9875
4911.3413 0.9894
4912.472 0.9937
4913.6035 1.0094
4914.735 1.0003
4915.8667 0.9998
4916.999 1.0093
4918.1313 1.0012
4919.2637 0.9841
4920.3965 0.9942
4921.53 0.9874
4922.663 0.9777
4923.7970000000005 0.981
4924.9307 0.9757
4926.0645 0.9695
4927.1990000000005 0.9481
4928.334 0.9658
4929.4688 1.0096
4930.604 1.0164
4931.7393 0.9946
4932.875 0.9889
4934.0107 0.9818
4935.147 0.9753
4936.2837 0.9955
4937.4204 0.9962
4938.5576 0.9888
4939.695 0.9818
4940.8325 0.9819
4941.97 0.9891
4943.108 0.9914
4944.2466 1.0029
4945.3853 0.9911
4946.524 0.9992
4947.663 1.0042
4948.8022 0.9993
4949.942 1.0
