3911.1108 1.0
3912.0115 0.9957
3912.9124 1.0011
3913.8135 0.9634
3914.7146 1.0274
3915.6162 0.9832
3916.5178 1.041
3917.4197 1.0135
3918.3218 0.974
3919.224 1.0268
3920.1267 0.9018
3921.0295 0.9198
3921.9324 0.9416
3922.8357 0.9313
3923.739 0.9596
3924.6426 0.8747
3925.5464 0.97
3926.4504 0.8728
3927.3545 0.9378
3928.259 0.9107
3929.1636 0.9315
3930.0684 0.943
3930.9734 0.9822
3931.8787 0.9834
3932.7842 0.9138
3933.6897 0.909
3934.5957 0.8337
3935.5017 0.8164
3936.408 0.7773
3937.3145 0.7197
3938.2212 0.6199
3939.1282 0.4676
3940.0354 0.2946
3940.9426 0.2766
3941.85 0.4485
3942.7578 0.6539
3943.6658 0.831
3944.574 0.881
3945.4824 0.9193
3946.3909999999996 0.9468
3947.2998 0.8917
3948.2087 0.9109
3949.118 0.9833
3950.0273 0.9619
3950.937 0.9436
3951.847 0.9714
3952.7568 1.0335
3953.6672 0.9651
3954.5776 0.9938
3955.4883 0.9801
3956.3992 0.961
3957.3103 0.9583
3958.2217 0.9235
3959.1333 0.9358
3960.045 0.9666
3960.9568 1.0027
3961.869 0.9748
3962.7812 0.9097
3963.6938 0.9035
3964.6067 0.9198
3965.5198 0.9384
3966.4329 0.892
3967.3462 0.868
3968.26 0.874
3969.1738 0.7859
3970.0879999999997 0.7798
3971.002 0.7749
3971.9165 0.7731
3972.8313 0.694
3973.7459999999996 0.5273
3974.6611 0.3924
3975.5764 0.2653
3976.492 0.2868
3977.4077 0.3689
3978.3237 0.5855
3979.2397 0.6848
3980.1562 0.6757
3981.0728 0.7411
3981.9895 0.8026
3982.9065 0.8139
3983.8237 0.9149
3984.7412 0.924
3985.6587 0.8754
3986.5767 0.8816
3987.4946 0.9205
3988.4128 0.9287
3989.3313 0.8904
3990.25 0.9381
3991.1690000000003 0.9033
3992.0881 0.9627
3993.0073 0.9434
3993.927 0.9402
3994.8467 0.9086
3995.7666 0.994
3996.6868 0.983
3997.6072 0.9132
3998.5278 0.9324
3999.4485 1.0239
4000.3696 0.965
4001.2908 0.9387
4002.2122 0.9933
4003.1338 0.9551
4004.0557 0.9459
4004.9778 0.9217
4005.9001 0.9448
4006.8225 0.9478
4007.7454 1.0056
4008.6682 1.0135
4009.5913 0.961
4010.5146 0.9268
4011.4382 0.9218
4012.362 0.8973
4013.2861 0.9235
4014.2102 0.9667
4015.1345 0.9638
4016.0593 1.0206
4016.9841 1.0032
4017.9092 0.9317
4018.8345 0.9498
4019.7598 0.9765
4020.6855 0.9892
4021.6116 0.9856
4022.5376 0.9889
4023.4639 0.9691
4024.3904 1.0134
4025.3171 0.9838
4026.2441 1.0455
4027.1714 0.9794
4028.0989 1.0085
4029.0264 0.9637
4029.954 0.966
4030.8823 1.0125
4031.8105 0.9678
4032.739 0.892
4033.6677 1.0254
4034.5964 0.9757
4035.5256 0.9457
4036.455 0.9446
4037.3845 0.9625
4038.3142 0.9587
4039.2441 0.9831
4040.1743 0.9957
4041.1047 0.9717
4042.0354 0.9623
4042.9663 0.9771
4043.8972 0.9961
4044.8286 0.987
4045.76 0.9746
4046.6917 1.0026
4047.6235 1.0656
4048.5557 1.0215
4049.488 1.0352
4050.4204 0.9535
4051.3533 0.9222
4052.2861 0.8917
4053.2195 0.9003
4054.1528 0.9268
4055.0864 0.9726
4056.0203 0.968
4056.9543 1.0181
4057.8884 0.9784
4058.823 1.0007
4059.7576 0.9744
4060.6926 0.9744
4061.6277 1.0145
4062.563 1.0094
4063.4985 1.0036
4064.4343 0.9927
4065.3704 1.0355
4066.3064 0.9977
4067.243 1.0065
4068.1794 1.0002
4069.1165 1.0087
4070.0535 0.942
4070.9907 0.9224
4071.9282 0.9671
4072.866 0.9664
4073.8037 1.0135
4074.742 0.995
4075.6804 0.989
4076.619 0.9893
4077.5576 0.9459
4078.4966 0.9397
4079.4358 0.9637
4080.3752 0.974
4081.315 0.9666
4082.255 0.9506
4083.1948 0.9432
4084.1353 0.9343
4085.0757 0.871
4086.0164 0.9135
4086.9575 1.0027
4087.8987 1.0201
4088.8398 1.0243
4089.7815 0.9973
4090.7234 0.9212
4091.6653 0.9377
4092.6077 0.9076
4093.55 0.9038
4094.4927 0.9547
4095.4358 0.9265
4096.379 0.9362
4097.3223 0.9476
4098.2656 0.9713
4099.2095 0.9321
4100.1533 0.9216
4101.0977 0.9061
4102.042 0.8669
4102.987 0.7967
4103.9316 0.8118
4104.8765 0.7433
4105.822 0.7933
4106.7676 0.6999
4107.7134 0.5797
4108.659000000001 0.4751
4109.6055 0.4882
4110.552 0.6826
4111.498 0.7846
4112.4453 0.8115
4113.392 0.8285
4114.3394 0.8532
4115.2866 0.8527
4116.2344 0.9054
4117.1826 0.9317
4118.1304 0.9576
4119.079000000001 0.9609
4120.0273 0.9746
4120.976 0.9336
4121.9253 0.9658
4122.8745 0.9677
4123.8237 0.9619
4124.7734 0.9753
4125.7236 0.9309
4126.6733 0.9682
4127.624 0.9874
4128.5740000000005 0.9463
4129.525 0.938
4130.476 0.9628
4131.4272 0.9954
4132.379 0.9475
4133.33 0.9682
4134.282 1.0189
4135.2344 0.9741
4136.1865 0.9844
4137.139 1.0003
4138.092000000001 0.9425
4139.0444 0.9102
4139.998 0.9263
4140.951 0.992
4141.905 1.0036
4142.8584 0.9605
4143.8125 1.0291
4144.767 1.0132
4145.721 1.0109
4146.6763 1.006
4147.630999999999 0.9785
4148.585999999999 1.0017
4149.5415 0.9975
4150.497 0.9412
4151.4526 0.8996
4152.4087 0.9583
4153.365 1.0247
4154.322 0.9838
4155.2783 1.0023
4156.2354 0.9478
4157.1924 1.0198
4158.1494 0.9706
4159.107 0.9687
4160.065 0.9869
4161.023 0.9452
4161.981 0.9432
4162.9395 0.9516
4163.8984 0.9577
4164.857 0.9759
4165.8164 0.959
4166.7754 0.9834
4167.7354 0.9785
4168.695 0.994
4169.655 1.0078
4170.615 0.9499
4171.5757 0.9881
4172.536 0.9465
4173.497 0.9518
4174.458 0.9901
4175.4194 1.0056
4176.380999999999 1.0298
4177.343 0.9761
4178.3047 0.9777
4179.267 0.9365
4180.2295 0.9048
4181.192 0.9219
4182.155 0.9366
4183.1179999999995 0.9744
4184.081 0.929
4185.045 0.9006
4186.009 0.9261
4186.9727 0.9596
4187.9365 0.9857
4188.9014 0.9693
4189.8657 0.9838
4190.8306 0.9677
4191.795999999999 0.9699
4192.7609999999995 0.9518
4193.7266 0.938
4194.6924 0.9142
4195.657999999999 0.949
4196.6245 1.0286
4197.590999999999 1.0211
4198.5576 0.9701
4199.5244 0.9817
4200.4917 0.9934
4201.459 1.0416
4202.4263 0.9765
4203.394 1.0068
4204.3623 0.9568
4205.33 0.9407
4206.299 0.8933
4207.2676 0.9749
4208.2363 0.9834
4209.2056 0.9437
4210.175 0.9352
4211.144 1.0177
4212.1140000000005 1.0167
4213.084 0.9657
4214.054 1.0422
4215.0244 1.0257
4215.995 0.9887
4216.9663 1.0136
4217.937 0.9595
4218.9087 1.0039
4219.88 0.9882
4220.852 1.0342
4221.8237 0.9738
4222.795999999999 0.8578
4223.7686 0.9103
4224.741 0.9456
4225.714 0.9855
4226.687 0.9711
4227.6606 0.9889
4228.6343 0.9825
4229.608 0.9651
4230.582 0.9416
4231.556 1.0121
4232.531 0.9915
4233.5054 0.8684
4234.4805 0.8619
4235.4556 0.9571
4236.4307 0.9713
4237.4062 1.0063
4238.3823 0.999
4239.3584 0.9656
4240.3345 0.9219
4241.311 0.9156
4242.2876 0.9312
4243.2646 0.9359
4244.2417 0.9537
4245.219 0.9554
4246.197 0.9672
4247.175 0.9913
4248.153 0.994
4249.130999999999 0.9723
4250.1094 0.9842
4251.0884 0.9905
4252.067 0.9911
4253.0464 0.9588
4254.026 0.9318
4255.0054 0.9298
4255.9854 0.9287
4256.9653 0.9383
4257.946 0.9362
4258.9263 0.9557
4259.9067 0.9608
4260.8877 0.9313
4261.869000000001 0.9308
4262.8506 0.9505
4263.832 0.9504
4264.814 0.9859
4265.7964 0.9825
4266.779 0.9895
4267.7609999999995 0.9257
4268.744000000001 0.9584
4269.727 0.9897
4270.7104 0.9749
4271.694 1.0024
4272.6772 0.9928
4273.6616 1.0043
4274.6455 0.9785
4275.63 0.9961
4276.6147 1.0274
4277.5996 0.9421
4278.5845 0.905
4279.57 0.866
4280.555 0.9446
4281.541 0.9378
4282.527 0.9142
4283.513 0.9544
4284.4995 0.9893
4285.4863 1.0096
4286.473 0.9681
4287.4604 1.0131
4288.4478 1.0154
4289.435 0.9424
4290.423 0.9286
4291.411 0.9668
4292.3994 1.0062
4293.3877 0.9757
4294.3765 0.9986
4295.365 0.9455
4296.3545 0.8825
4297.3438 0.8712
4298.3335 0.8899
4299.323 0.9596
4300.3135 0.9688
4301.3037 0.917
4302.2944 0.9281
4303.285 0.9895
4304.276 0.9782
4305.267 0.9273
4306.259 0.9068
4307.2505 0.8698
4308.242 0.8802
4309.2344 0.8998
4310.2266 0.8782
4311.219 0.8976
4312.212 0.951
4313.205 0.9803
4314.198 0.9694
4315.192 0.91
4316.1855 0.8927
4317.1797 0.9873
4318.174 0.9989
4319.168 1.0476
4320.1626 0.9793
4321.1577 0.9136
4322.153 0.8462
4323.148 0.9127
4324.1436 0.9787
4325.1396 0.9858
4326.1353 0.9382
4327.1320000000005 0.9565
4328.128 0.9152
4329.125 0.978
4330.1216 0.9989
4331.119000000001 0.9838
4332.116 0.8913
4333.1140000000005 0.8725
4334.112 0.8897
4335.11 1.0055
4336.1084 0.938
4337.107 0.9413
4338.1055 0.9287
4339.1045 0.8927
4340.1035 0.8767
4341.103 0.8757
4342.103 0.8728
4343.103 0.8349
4344.103 0.779
4345.1035 0.6965
4346.104 0.6419
4347.105 0.5296
4348.106 0.494
4349.1074 0.5844
4350.109 0.6908
4351.1104 0.7979
4352.1123 0.7995
4353.1147 0.8374
4354.117 0.8728
4355.1196 0.9154
4356.1226 0.931
4357.126 0.9092
4358.1294 0.9261
4359.133 0.8634
4360.1367 0.8604
4361.1406 0.9399
4362.145 0.9753
4363.15 0.9618
4364.1543 0.9558
4365.1597 1.0126
4366.1646 1.004
4367.17 1.0053
4368.1759999999995 1.0189
4369.1816 1.0168
4370.188 1.0234
4371.1943 0.9709
4372.2007 0.9991
4373.208 1.0091
4374.215 1.0041
4375.222 0.9907
4376.2295 0.963
4377.2373 0.9732
4378.2456 0.9953
4379.254 0.9778
4380.262 0.9699
4381.271 0.9238
4382.28 0.8612
4383.289000000001 0.9311
4384.2983 0.9541
4385.308 1.0011
4386.318 0.9688
4387.3279999999995 0.989
4388.3384 0.9961
4389.349 0.9877
4390.36 0.9395
4391.3706 0.9294
4392.3823 0.909
4393.3936 0.9541
4394.4053 0.9927
4395.4175 0.9864
4396.4297 1.002
4397.442 1.0364
4398.4546 0.9889
4399.4673 0.9929
4400.4805 1.0235
4401.494000000001 0.8968
4402.508 0.9195
4403.5215 0.9498
4404.5356 0.9701
4405.55 0.9876
4406.5645 0.9505
4407.579000000001 0.9099
4408.594 0.8999
4409.6094 0.974
4410.625 0.991
4411.6406 0.9373
4412.6562 0.9067
4413.6724 0.9238
4414.689 0.9509
4415.7056 0.9532
4416.7227 0.9432
4417.7397 0.9617
4418.7570000000005 0.9919
4419.7744 1.0
4420.7925 0.9923
4421.8105 0.9596
4422.8286 0.8874
4423.847 0.8652
4424.8657 0.8853
4425.885 0.9089
4426.9043 0.9713
4427.9233 0.9856
4428.9434 0.9807
4429.963 0.9661
4430.9834 0.9756
4432.004 0.9812
4433.0244 0.9311
4434.045 0.9732
4435.0664 0.9591
4436.0874 0.9545
4437.1094 0.9679
4438.130999999999 0.9549
4439.153 0.9943
4440.1753 1.007
4441.1978 0.9695
4442.2207 0.9732
4443.2437 0.934
4444.2666 0.9979
4445.29 0.9806
4446.314 0.9923
4447.338 1.002
4448.362 0.9859
4449.3859999999995 0.9202
4450.411 0.9053
4451.4355 0.911
4452.460999999999 0.9728
4453.4863 0.9645
4454.5117 0.9865
4455.5376 0.9433
4456.5635 0.999
4457.59 0.9628
4458.616 0.9505
4459.643 0.9791
4460.67 0.9609
4461.6973 0.9531
4462.7246 0.9371
4463.7524 0.9666
4464.7803 0.997
4465.8086 0.9552
4466.837 0.9804
4467.8657 0.9673
4468.8945 0.985
4469.924 0.9462
4470.9529999999995 0.9514
4471.9824 0.9611
4473.0127 0.9603
4474.0425 0.9635
4475.0728 0.9612
4476.1035 0.9226
4477.1343 0.928
4478.165 0.9685
4479.1963 0.9653
4480.228 0.987
4481.26 0.9837
4482.2915 0.9706
4483.3237 0.9913
4484.3564 0.9823
4485.389 0.9961
4486.4220000000005 1.0062
4487.455 0.9504
4488.4883 0.9338
4489.522 0.9434
4490.556 0.9227
4491.59 0.9621
4492.6245 0.99
4493.659000000001 0.9962
4494.694 0.979
4495.729 0.9725
4496.764 0.955
4497.8 0.9945
4498.8354 1.0085
4499.8716 0.9806
4500.9077 0.9962
4501.9443 0.9581
4502.981 0.954
4504.018 0.9717
4505.055 0.9763
4506.093 0.9874
4507.1304 1.0004
4508.168 0.9849
4509.2065 0.9259
4510.2446 0.9595
4511.282999999999 0.9895
4512.3223 1.0056
4513.3613 0.9891
4514.401 0.9717
4515.4404 0.9997
4516.48 0.9475
4517.5205 0.9679
4518.5605 1.0132
4519.601 0.9975
4520.642 0.9935
4521.683 1.011
4522.724 0.9825
4523.7656 0.9725
4524.8076 0.9943
4525.8496 0.9791
4526.8916 0.9696
4527.934 0.9997
4528.977 0.9345
4530.02 0.9756
4531.063 0.9644
4532.1064 1.0189
4533.1504 0.9908
4534.1943 1.0106
4535.2383 0.9608
4536.2827 0.9331
4537.327 0.9572
4538.372 0.9835
4539.4175 0.981
4540.463 0.9541
4541.5083 0.8972
4542.554 0.9082
4543.6 0.9614
4544.6465 0.9937
4545.693 1.0091
4546.7397 1.0104
4547.787 1.0124
4548.8345 0.9907
4549.8820000000005 0.9672
4550.9297 0.9739
4551.9775 1.0014
4553.026 0.9821
4554.0740000000005 0.975
4555.123 0.9789
4556.1720000000005 0.9386
4557.221 0.8875
4558.2705 0.9194
4559.3203 0.9826
4560.37 0.9883
4561.4204 0.943
4562.4707 0.9225
4563.5215 0.9176
4564.5728 0.9809
4565.6235 0.9743
4566.6753 0.9634
4567.7266 0.9918
4568.779 0.9996
4569.8306 1.0193
4570.8833 0.9212
4571.9355 0.9417
4572.9883 0.9224
4574.0415 0.9918
4575.0947 0.9802
4576.1484 0.9938
4577.202 0.991
4578.2563 0.9566
4579.3105 0.9278
4580.365 0.9251
4581.42 0.9548
4582.475 0.9945
4583.5303 0.9915
4584.585999999999 0.959
4585.6416 1.001
4586.6978 0.9938
4587.754 0.9761
4588.8105 0.9547
4589.867 1.0015
4590.9243 0.976
4591.9814 0.9474
4593.0386 0.9582
4594.0967 0.9603
4595.1543 0.9657
4596.2124 0.9674
4597.271 0.9749
4598.3296 0.9432
4599.3887 0.9539
4600.4478 0.9662
4601.5073 0.973
4602.567 0.9826
4603.627 1.0072
4604.687 1.0038
4605.7476 0.9839
4606.808 0.986
4607.8687 1.0019
4608.93 0.9883
4609.991 0.9784
4611.0527 0.9811
4612.1147 0.9745
4613.177 0.9851
4614.2393 0.9893
4615.302 1.018
4616.3647 0.9977
4617.4277 0.9936
4618.491 0.9766
4619.5547 1.0039
4620.6187 0.9955
4621.6826 0.9953
4622.747 0.9911
4623.8115 1.0057
4624.876 0.975
4625.9414 0.9889
4627.0063 0.9698
4628.0723 0.9595
4629.1377 0.9768
4630.2036 0.9924
4631.27 0.9833
4632.3364 0.9898
4633.4033 1.0003
4634.47 0.9922
4635.5376 0.9892
4636.605 0.9848
4637.673 0.9613
4638.7407 0.9832
4639.809 1.0197
4640.8774 0.9861
4641.9463 1.0216
4643.015 0.9824
4644.0845 0.9919
4645.154 0.9752
4646.2236 0.9797
4647.2935 1.0026
4648.3640000000005 0.998
4649.434 0.9904
4650.505 0.985
4651.5757 0.9677
4652.647 0.9896
4653.7188 0.9792
4654.79 0.9616
4655.8623 0.9848
4656.934 0.9728
4658.0070000000005 0.9718
4659.0796 0.99
4660.1523 0.9858
4661.2256 0.9775
4662.299 0.9806
4663.3726 0.9732
4664.4463 0.9904
4665.5205 0.97
4666.595 0.9697
4667.6694 0.9929
4668.7446 0.9807
4669.82 0.9888
4670.895 0.9908
4671.9707 0.9801
4673.0464 0.9925
4674.1226 0.9792
4675.1990000000005 0.9692
4676.276 0.9857
4677.3525 0.9871
4678.4297 0.9832
4679.5073 0.9905
4680.585 1.0168
4681.6626 0.996
4682.7407 0.9757
4683.819 0.9947
4684.8975 1.0067
4685.9766 0.9699
4687.0557 1.0155
4688.1353 0.9759
4689.215 0.9874
4690.2944 0.9853
4691.3745 1.0041
4692.455 0.9971
4693.5356 0.9889
4694.616 1.0094
4695.6973 0.9996
4696.779 1.0432
4697.8604 1.0043
4698.9424 0.9743
4700.0244 0.9924
4701.107 1.0154
4702.1895 0.9742
4703.272 0.9985
4704.3555 0.9592
4705.4385 0.988
4706.522 1.0011
4707.606 1.0062
4708.69 0.9912
4709.7744 0.9653
4710.859 0.9406
4711.944 0.9515
4713.029 0.9641
4714.1143 0.9707
4715.1997 0.981
4716.2856 0.9888
4717.372 0.9715
4718.458 0.9777
4719.545 1.0254
4720.6320000000005 0.9961
4721.7188 0.9835
4722.806 0.9991
4723.8936 0.9945
4724.9814 0.9783
4726.07 1.0059
4727.1577 0.9904
4728.2466 0.9726
4729.3354 1.0008
4730.4243 0.9792
4731.5137 0.9914
4732.6035 0.9804
4733.6934 0.9963
4734.782999999999 1.0114
4735.8735 0.99
4736.9644 0.9876
4738.055 0.9826
4739.1465 0.9749
4740.238 0.9762
4741.329000000001 1.0034
4742.420999999999 0.9982
4743.513 0.9863
4744.6055 0.9683
4745.698 0.9689
4746.791 0.994
4747.8843 1.021
4748.9775 1.0336
4750.0713 0.99
4751.165 0.9862
4752.2593 1.0018
4753.3535 0.9826
4754.448 0.988
4755.543 0.9969
4756.638 0.9832
4757.7334 0.9564
4758.829000000001 0.976
4759.925 0.9917
4761.021 0.9594
4762.1177 0.9823
4763.2144 0.9869
4764.311 0.9611
4765.407999999999 0.9818
4766.505999999999 0.961
4767.6035 0.9806
4768.701 0.9673
4769.7993 0.9883
4770.898 0.9542
4771.9966 0.9719
4773.095 0.9562
4774.1943 0.9753
4775.294 0.9836
4776.3936 0.9782
4777.4937 0.98
4778.5938 1.028
4779.6943 0.9884
4780.795 1.0043
4781.896 0.9965
4782.997 0.9991
4784.0986 0.9927
4785.2 0.9983
4786.3022 0.9812
4787.4043 0.9977
4788.5070000000005 0.9692
4789.6094 0.9759
4790.7124 0.9862
4791.816 0.9658
4792.9194 0.9862
4794.023 0.9943
4795.127 0.9538
4796.2314 0.9633
4797.335999999999 0.9913
4798.4404 0.9992
4799.5454 0.9924
4800.651 0.9805
4801.7563 0.9813
4802.862 0.9861
4803.9683 0.9964
4805.0740000000005 0.9961
4806.1807 0.9786
4807.2876 0.9731
4808.3945 0.9713
4809.502 0.9614
4810.6094 0.976
4811.7173 0.9882
4812.8257 0.9632
4813.9336 0.986
4815.0425 0.9944
4816.1514 0.9861
4817.2603 0.9836
4818.3696 0.9792
4819.479 0.9673
4820.589 0.9846
4821.6990000000005 0.9904
4822.8096 0.992
4823.92 1.0132
4825.0312 1.0057
4826.142 0.9982
4827.2534 0.9981
4828.365 0.994
4829.477 0.9745
4830.5894 0.9746
4831.7017 0.9811
4832.8145 0.9686
4833.9272 1.0108
4835.0405 1.0036
4836.154 0.9609
4837.2676 0.9849
4838.3813 0.9943
4839.4956 0.9741
4840.6104 0.9799
4841.725 1.0042
4842.84 0.992
4843.955 0.9925
4845.071 0.9582
4846.1865 0.9779
4847.3022 0.9912
4848.4185 0.9773
4849.535 0.9885
4850.652 0.9818
4851.769 1.0044
4852.8859999999995 0.9713
4854.004 0.9466
4855.1216 0.9723
4856.2397 0.9512
4857.358 0.9517
4858.4766 0.9468
4859.595 0.9498
4860.7144 0.9252
4861.834 0.8998
4862.9536 0.8756
4864.073 0.8521
4865.1934 0.8511
4866.314 0.8348
4867.4346 0.759
4868.555 0.612
4869.6763 0.4992
4870.798 0.5634
4871.9194 0.7218
4873.0415 0.8174
4874.1636 0.8503
4875.286 0.8764
4876.4087 0.9123
4877.5317 0.9204
4878.6553 0.9073
4879.7783 0.9074
4880.9023 0.9278
4882.0264 0.9031
4883.1504 0.9795
4884.275 0.9675
4885.4 0.9533
4886.525 0.9258
4887.65 0.9633
4888.776 0.9436
4889.9014 0.9766
4891.0273 0.9668
4892.154 0.9698
4893.2803 0.9433
4894.407 1.0018
4895.5347 0.9943
4896.6616 0.9989
4897.7896 0.9763
4898.9175 0.9569
4900.0454 0.9447
4901.174 0.9642
4902.3027 0.9696
4903.4316 0.9617
4904.5605 1.0189
4905.69 0.9883
4906.82 0.9829
4907.9497 0.9701
4909.08 0.9892
4910.2104 0.9864
4911.3413 1.0077
4912.472 0.9795
4913.6035 1.007
4914.735 1.0109
4915.8667 1.0068
4916.999 0.9981
4918.1313 0.9804
4919.2637 0.9784
4920.3965 0.9833
4921.53 0.9914
4922.663 0.9835
4923.7970000000005 0.9884
4924.9307 1.0063
4926.0645 0.9787
4927.1990000000005 0.9568
4928.334 0.9498
4929.4688 0.9677
4930.604 0.9567
4931.7393 0.9415
4932.875 0.9402
4934.0107 0.9699
4935.147 0.9876
4936.2837 0.9857
4937.4204 1.0006
4938.5576 0.9963
4939.695 0.9979
4940.8325 0.9856
4941.97 0.9531
4943.108 0.9404
4944.2466 0.9779
4945.3853 1.0141
4946.524 0.9812
4947.663 0.9979
4948.8022 0.9985
4949.942 1.0
