3911.1108 1.0
3912.0115 0.9542
3912.9124 1.0042
3913.8135 1.0046
3914.7146 1.0165
3915.6162 1.0052
3916.5178 0.9438
3917.4197 1.0073
3918.3218 1.0356
3919.224 1.0055
3920.1267 1.0085
3921.0295 0.9791
3921.9324 0.9699
3922.8357 0.9687
3923.739 0.9743
3924.6426 1.0389
3925.5464 0.9548
3926.4504 0.9713
3927.3545 0.9776
3928.259 0.907
3929.1636 0.9419
3930.0684 0.8578
3930.9734 0.7718
3931.8787 0.6487
3932.7842 0.5906
3933.6897 0.58
3934.5957 0.7203
3935.5017 0.8773
3936.408 0.8806
3937.3145 0.9936
3938.2212 0.9504
3939.1282 1.0233
3940.0354 0.9778
3940.9426 0.9785
3941.85 1.0006
3942.7578 0.9831
3943.6658 0.9694
3944.574 0.9854
3945.4824 0.9791
3946.3909999999996 0.96
3947.2998 0.9789
3948.2087 0.9513
3949.118 0.9495
3950.0273 0.9265
3950.937 0.9373
3951.847 0.9233
3952.7568 0.9148
3953.6672 0.8945
3954.5776 0.8538
3955.4883 0.8556
3956.3992 0.8534
3957.3103 0.8175
3958.2217 0.7885
3959.1333 0.7853
3960.045 0.7213
3960.9568 0.7152
3961.869 0.6792
3962.7812 0.6348
3963.6938 0.6228
3964.6067 0.5726
3965.5198 0.4806
3966.4329 0.399
3967.3462 0.3218
3968.26 0.2661
3969.1738 0.2685
3970.0879999999997 0.3149
3971.002 0.3788
3971.9165 0.4292
3972.8313 0.499
3973.7459999999996 0.5381
3974.6611 0.6134
3975.5764 0.6301
3976.492 0.6649
3977.4077 0.6892
3978.3237 0.7289
3979.2397 0.7227
3980.1562 0.7883
3981.0728 0.7948
3981.9895 0.8063
3982.9065 0.8115
3983.8237 0.8656
3984.7412 0.8656
3985.6587 0.8678
3986.5767 0.9132
3987.4946 0.9099
3988.4128 0.8636
3989.3313 0.9393
3990.25 0.9189
3991.1690000000003 0.953
3992.0881 0.9544
3993.0073 0.9486
3993.927 0.9685
3994.8467 0.9139
3995.7666 0.9407
3996.6868 0.9234
3997.6072 0.9749
3998.5278 0.937
3999.4485 0.9563
4000.3696 0.939
4001.2908 0.9838
4002.2122 0.9595
4003.1338 0.9724
4004.0557 0.9677
4004.9778 0.9397
4005.9001 0.9629
4006.8225 0.9912
4007.7454 1.0261
4008.6682 1.0278
4009.5913 0.9826
4010.5146 0.9976
4011.4382 0.9892
4012.362 1.0165
4013.2861 0.975
4014.2102 0.9759
4015.1345 1.0075
4016.0593 1.0129
4016.9841 0.9654
4017.9092 1.0122
4018.8345 1.0262
4019.7598 0.9968
4020.6855 1.0016
4021.6116 1.017
4022.5376 1.0138
4023.4639 0.9673
4024.3904 0.9435
4025.3171 1.0092
4026.2441 1.0008
4027.1714 0.9421
4028.0989 0.9737
4029.0264 0.9847
4029.954 0.9754
4030.8823 0.9794
4031.8105 0.9957
4032.739 0.9934
4033.6677 0.9651
4034.5964 0.9548
4035.5256 1.0009
4036.455 1.0052
4037.3845 1.0196
4038.3142 1.0032
4039.2441 0.9929
4040.1743 1.0347
4041.1047 0.9926
4042.0354 1.0436
4042.9663 0.9651
4043.8972 0.9587
4044.8286 0.9422
4045.76 0.9551
4046.6917 0.935
4047.6235 0.9767
4048.5557 0.977
4049.488 0.9922
4050.4204 0.9999
4051.3533 0.9999
4052.2861 0.9784
4053.2195 0.9749
4054.1528 0.9739
4055.0864 0.9707
4056.0203 0.9821
4056.9543 1.005
4057.8884 0.9945
4058.823 0.9977
4059.7576 1.0262
4060.6926 1.0017
4061.6277 0.972
4062.563 0.9686
4063.4985 0.9342
4064.4343 0.9646
4065.3704 0.9764
4066.3064 0.9807
4067.243 0.981
4068.1794 0.9664
4069.1165 0.9842
4070.0535 0.9755
4070.9907 0.9721
4071.9282 0.9281
4072.866 0.9565
4073.8037 0.9458
4074.742 0.9498
4075.6804 0.9168
4076.619 0.9022
4077.5576 0.8916
4078.4966 0.9178
4079.4358 0.9302
4080.3752 0.9461
4081.315 0.9225
4082.255 0.8851
4083.1948 0.8933
4084.1353 0.8621
4085.0757 0.8678
4086.0164 0.8793
4086.9575 0.8313
4087.8987 0.8138
4088.8398 0.789
4089.7815 0.7845
4090.7234 0.7888
4091.6653 0.7478
4092.6077 0.7305
4093.55 0.7299
4094.4927 0.6627
4095.4358 0.6072
4096.379 0.5641
4097.3223 0.5507
4098.2656 0.4608
4099.2095 0.3964
4100.1533 0.3273
4101.0977 0.2899
4102.042 0.3424
4102.987 0.397
4103.9316 0.4906
4104.8765 0.5137
4105.822 0.5936
4106.7676 0.6103
4107.7134 0.6516
4108.659000000001 0.6802
4109.6055 0.695
4110.552 0.7196
4111.498 0.7784
4112.4453 0.7694
4113.392 0.8076
4114.3394 0.8145
4115.2866 0.8283
4116.2344 0.8035
4117.1826 0.8454
4118.1304 0.8702
4119.079000000001 0.8729
4120.0273 0.919
4120.976 0.9193
4121.9253 0.9216
4122.8745 0.9209
4123.8237 0.9352
4124.7734 0.9553
4125.7236 0.9569
4126.6733 0.9484
4127.624 0.9575
4128.5740000000005 0.9211
4129.525 0.9497
4130.476 0.9279
4131.4272 0.937
4132.379 0.9527
4133.33 0.9549
4134.282 1.0176
4135.2344 0.9951
4136.1865 0.9932
4137.139 0.9799
4138.092000000001 0.9606
4139.0444 0.9884
4139.998 0.9968
4140.951 0.9933
4141.905 0.9938
4142.8584 0.9592
4143.8125 0.9485
4144.767 0.9714
4145.721 0.9987
4146.6763 1.0085
4147.630999999999 1.0079
4148.585999999999 1.0196
4149.5415 0.9815
4150.497 0.9651
4151.4526 0.9941
4152.4087 0.9716
4153.365 0.9685
4154.322 1.0015
4155.2783 0.9686
4156.2354 0.981
4157.1924 1.0101
4158.1494 0.9921
4159.107 0.9963
4160.065 1.0176
4161.023 0.9712
4161.981 0.9662
4162.9395 0.9437
4163.8984 0.9989
4164.857 0.9798
4165.8164 1.0158
4166.7754 0.9785
4167.7354 1.0085
4168.695 0.9778
4169.655 0.9967
4170.615 0.9561
4171.5757 0.9298
4172.536 0.9378
4173.497 0.9559
4174.458 0.9402
4175.4194 1.0001
4176.380999999999 0.9674
4177.343 0.9335
4178.3047 0.9964
4179.267 0.9718
4180.2295 0.9678
4181.192 0.996
4182.155 0.9766
4183.1179999999995 0.9612
4184.081 0.9956
4185.045 0.9678
4186.009 0.9581
4186.9727 0.9787
4187.9365 0.99
4188.9014 0.9589
4189.8657 0.9669
4190.8306 0.9848
4191.795999999999 1.0061
4192.7609999999995 0.9943
4193.7266 0.987
4194.6924 0.9626
4195.657999999999 0.9924
4196.6245 0.9845
4197.590999999999 0.9906
4198.5576 0.9739
4199.5244 0.9612
4200.4917 0.9778
4201.459 0.9705
4202.4263 0.9745
4203.394 0.971
4204.3623 0.9985
4205.33 1.0088
4206.299 0.9974
4207.2676 1.0084
4208.2363 1.0013
4209.2056 1.0051
4210.175 1.0001
4211.144 1.0064
4212.1140000000005 1.0214
4213.084 0.9825
4214.054 0.9621
4215.0244 0.9535
4215.995 0.9341
4216.9663 1.0044
4217.937 0.9598
4218.9087 0.9973
4219.88 0.9926
4220.852 0.9666
4221.8237 0.9992
4222.795999999999 0.9648
4223.7686 0.9769
4224.741 0.9626
4225.714 0.9253
4226.687 0.9243
4227.6606 0.9607
4228.6343 1.0016
4229.608 1.0043
4230.582 0.9979
4231.556 0.9709
4232.531 0.9991
4233.5054 0.9522
4234.4805 0.9841
4235.4556 0.9771
4236.4307 0.9721
4237.4062 0.9755
4238.3823 1.0055
4239.3584 1.034
4240.3345 0.9844
4241.311 0.9771
4242.2876 0.9804
4243.2646 1.0131
4244.2417 0.9763
4245.219 0.9832
4246.197 0.9105
4247.175 0.9987
4248.153 0.9801
4249.130999999999 0.9836
4250.1094 0.9778
4251.0884 0.9888
4252.067 0.9994
4253.0464 1.0151
4254.026 0.9918
4255.0054 1.0035
4255.9854 1.0236
4256.9653 0.991
4257.946 0.992
4258.9263 0.9899
4259.9067 0.9829
4260.8877 0.976
4261.869000000001 0.9797
4262.8506 1.003
4263.832 0.9938
4264.814 1.0073
4265.7964 1.0203
4266.779 1.0026
4267.7609999999995 1.0064
4268.744000000001 0.9979
4269.727 0.9567
4270.7104 0.9391
4271.694 0.9425
4272.6772 0.9385
4273.6616 0.968
4274.6455 0.9802
4275.63 0.9826
4276.6147 1.0362
4277.5996 0.9968
4278.5845 0.9863
4279.57 1.0186
4280.555 0.9778
4281.541 0.9921
4282.527 1.0101
4283.513 0.9746
4284.4995 0.9843
4285.4863 0.9991
4286.473 0.9668
4287.4604 1.002
4288.4478 0.9559
4289.435 0.9385
4290.423 0.9606
4291.411 0.9512
4292.3994 0.9582
4293.3877 0.9415
4294.3765 0.9343
4295.365 0.9614
4296.3545 0.9633
4297.3438 0.9657
4298.3335 0.9583
4299.323 0.8617
4300.3135 0.9045
4301.3037 0.9031
4302.2944 0.9347
4303.285 0.9292
4304.276 0.9591
4305.267 0.9508
4306.259 0.9221
4307.2505 0.9463
4308.242 0.9181
4309.2344 0.9477
4310.2266 0.961
4311.219 0.9348
4312.212 0.9065
4313.205 0.8782
4314.198 0.8896
4315.192 0.9419
4316.1855 0.9429
4317.1797 0.9179
4318.174 0.9017
4319.168 0.9
4320.1626 0.8913
4321.1577 0.8419
4322.153 0.8503
4323.148 0.8397
4324.1436 0.8137
4325.1396 0.8249
4326.1353 0.8312
4327.1320000000005 0.8092
4328.128 0.7904
4329.125 0.7758
4330.1216 0.771
4331.119000000001 0.7533
4332.116 0.7247
4333.1140000000005 0.6849
4334.112 0.6414
4335.11 0.5878
4336.1084 0.522
4337.107 0.4864
4338.1055 0.4058
4339.1045 0.3292
4340.1035 0.3016
4341.103 0.3594
4342.103 0.4529
4343.103 0.516
4344.103 0.5683
4345.1035 0.6647
4346.104 0.6651
4347.105 0.7106
4348.106 0.73
4349.1074 0.7438
4350.109 0.7436
4351.1104 0.7546
4352.1123 0.7852
4353.1147 0.8289
4354.117 0.8565
4355.1196 0.8542
4356.1226 0.9278
4357.126 0.8739
4358.1294 0.9486
4359.133 0.9077
4360.1367 0.9537
4361.1406 0.9207
4362.145 0.9744
4363.15 0.9713
4364.1543 0.9577
4365.1597 0.9789
4366.1646 0.9509
4367.17 0.9612
4368.1759999999995 0.95
4369.1816 0.9556
4370.188 0.9803
4371.1943 0.9947
4372.2007 0.9572
4373.208 0.9742
4374.215 0.9574
4375.222 0.9666
4376.2295 0.9938
4377.2373 1.0004
4378.2456 1.0018
4379.254 0.9844
4380.262 1.0005
4381.271 0.9731
4382.28 0.9391
4383.289000000001 0.9382
4384.2983 0.9385
4385.308 0.9636
4386.318 0.9767
4387.3279999999995 0.9702
4388.3384 0.9973
4389.349 0.9878
4390.36 1.0032
4391.3706 1.0188
4392.3823 1.0016
4393.3936 0.9431
4394.4053 0.9475
4395.4175 0.9718
4396.4297 0.9951
4397.442 1.0143
4398.4546 0.9604
4399.4673 0.9765
4400.4805 0.9991
4401.494000000001 1.0033
4402.508 1.0124
4403.5215 0.9838
4404.5356 0.9838
4405.55 1.003
4406.5645 1.0163
4407.579000000001 1.0041
4408.594 1.0003
4409.6094 0.9756
4410.625 1.0033
4411.6406 1.0092
4412.6562 1.0072
4413.6724 0.9615
4414.689 0.9599
4415.7056 0.9443
4416.7227 0.9774
4417.7397 0.9837
4418.7570000000005 0.9895
4419.7744 1.02
4420.7925 0.9812
4421.8105 0.9997
4422.8286 0.9884
4423.847 0.994
4424.8657 1.0122
4425.885 0.9861
4426.9043 1.0058
4427.9233 0.9909
4428.9434 0.9818
4429.963 0.9842
4430.9834 1.0015
4432.004 0.9929
4433.0244 1.0074
4434.045 0.9778
4435.0664 0.9909
4436.0874 1.0062
4437.1094 0.9893
4438.130999999999 0.9986
4439.153 0.9813
4440.1753 0.9774
4441.1978 0.9798
4442.2207 0.9593
4443.2437 0.9403
4444.2666 0.9437
4445.29 1.0046
4446.314 1.032
4447.338 0.9841
4448.362 0.9782
4449.3859999999995 0.9842
4450.411 0.9737
4451.4355 0.9937
4452.460999999999 0.9656
4453.4863 0.9874
4454.5117 1.0033
4455.5376 0.9806
4456.5635 0.9866
4457.59 0.9924
4458.616 0.9771
4459.643 1.0008
4460.67 1.0174
4461.6973 0.9781
4462.7246 0.9772
4463.7524 0.9801
4464.7803 0.9715
4465.8086 0.9681
4466.837 0.9374
4467.8657 0.9409
4468.8945 0.9361
4469.924 0.9668
4470.9529999999995 0.9752
4471.9824 0.9875
4473.0127 0.9864
4474.0425 1.0385
4475.0728 0.9827
4476.1035 0.9811
4477.1343 0.9925
4478.165 1.0115
4479.1963 0.9337
4480.228 0.9008
4481.26 0.9225
4482.2915 0.9278
4483.3237 0.9828
4484.3564 0.9853
4485.389 0.9983
4486.4220000000005 0.9706
4487.455 0.964
4488.4883 0.9899
4489.522 0.979
4490.556 0.9637
4491.59 0.9794
4492.6245 0.9796
4493.659000000001 0.9736
4494.694 1.0102
4495.729 0.9618
4496.764 0.9954
4497.8 0.9917
4498.8354 0.9728
4499.8716 0.9352
4500.9077 0.9808
4501.9443 0.966
4502.981 0.9845
4504.018 1.0143
4505.055 1.0178
4506.093 0.987
4507.1304 0.9742
4508.168 0.9791
4509.2065 0.9865
4510.2446 1.0227
4511.282999999999 1.0135
4512.3223 1.0051
4513.3613 0.9987
4514.401 0.9607
4515.4404 0.9702
4516.48 0.9882
4517.5205 0.9835
4518.5605 1.0071
4519.601 0.997
4520.642 0.9728
4521.683 0.9504
4522.724 0.9707
4523.7656 0.994
4524.8076 0.9771
4525.8496 0.971
4526.8916 0.9787
4527.934 0.9985
4528.977 0.9917
4530.02 0.9722
4531.063 0.9763
4532.1064 0.9567
4533.1504 0.9303
4534.1943 0.9386
4535.2383 0.9985
4536.2827 0.9968
4537.327 0.982
4538.372 0.9899
4539.4175 0.9649
4540.463 1.0037
4541.5083 1.0076
4542.554 0.9687
4543.6 0.9938
4544.6465 0.9991
4545.693 1.0155
4546.7397 1.0083
4547.787 0.9574
4548.8345 0.8861
4549.8820000000005 0.9387
4550.9297 0.9548
4551.9775 0.9745
4553.026 0.9693
4554.0740000000005 0.9592
4555.123 0.9542
4556.1720000000005 0.9589
4557.221 0.9695
4558.2705 1.0125
4559.3203 0.9832
4560.37 0.9814
4561.4204 1.0001
4562.4707 0.9722
4563.5215 0.949
4564.5728 0.9379
4565.6235 0.9721
4566.6753 0.9951
4567.7266 1.0102
4568.779 0.9994
4569.8306 0.9729
4570.8833 0.9463
4571.9355 0.9335
4572.9883 1.0085
4574.0415 0.9842
4575.0947 1.0125
4576.1484 0.9623
4577.202 1.0069
4578.2563 0.9946
4579.3105 0.9837
4580.365 0.9892
4581.42 0.977
4582.475 0.964
4583.5303 0.9205
4584.585999999999 0.9427
4585.6416 0.9769
4586.6978 0.9768
4587.754 0.9716
4588.8105 0.9769
4589.867 0.9758
4590.9243 0.9594
4591.9814 0.9834
4593.0386 0.9915
4594.0967 0.9953
4595.1543 0.9936
4596.2124 0.9742
4597.271 0.9892
4598.3296 0.9713
4599.3887 0.9769
4600.4478 0.9956
4601.5073 0.9966
4602.567 1.003
4603.627 1.0023
4604.687 0.9847
4605.7476 0.9836
4606.808 0.9998
4607.8687 0.9954
4608.93 0.9798
4609.991 0.9809
4611.0527 0.9938
4612.1147 1.0021
4613.177 0.9836
4614.2393 0.9996
4615.302 0.9966
4616.3647 1.0163
4617.4277 0.9841
4618.491 0.9676
4619.5547 0.9812
4620.6187 0.9772
4621.6826 0.9988
4622.747 0.9747
4623.8115 0.9862
4624.876 0.9777
4625.9414 0.9814
4627.0063 0.9704
4628.0723 0.9585
4629.1377 0.9819
4630.2036 0.9719
4631.27 0.991
4632.3364 0.9678
4633.4033 0.9864
4634.47 0.955
4635.5376 0.9773
4636.605 0.9983
4637.673 0.9723
4638.7407 0.9793
4639.809 0.9913
4640.8774 0.9732
4641.9463 0.9952
4643.015 0.9851
4644.0845 0.992
4645.154 1.0018
4646.2236 0.9874
4647.2935 1.0001
4648.3640000000005 0.9981
4649.434 1.0034
4650.505 0.9822
4651.5757 1.004
4652.647 1.0183
4653.7188 0.9989
4654.79 0.991
4655.8623 0.98
4656.934 0.9805
4658.0070000000005 1.0193
4659.0796 1.008
4660.1523 1.0055
4661.2256 1.0073
4662.299 1.0064
4663.3726 1.0033
4664.4463 0.9782
4665.5205 0.9969
4666.595 0.9745
4667.6694 0.9704
4668.7446 0.9873
4669.82 0.984
4670.895 0.9906
4671.9707 0.9981
4673.0464 0.97
4674.1226 0.9839
4675.1990000000005 0.9925
4676.276 1.0175
4677.3525 0.9908
4678.4297 0.9711
4679.5073 0.9871
4680.585 0.9724
4681.6626 1.0024
4682.7407 0.9828
4683.819 0.9844
4684.8975 0.9879
4685.9766 0.9839
4687.0557 0.9949
4688.1353 0.9931
4689.215 0.9914
4690.2944 1.0094
4691.3745 0.9729
4692.455 0.9917
4693.5356 1.0171
4694.616 1.0049
4695.6973 0.9984
4696.779 1.0007
4697.8604 0.9961
4698.9424 0.9806
4700.0244 0.977
4701.107 1.0116
4702.1895 1.0068
4703.272 0.9743
4704.3555 1.01
4705.4385 1.0258
4706.522 1.0027
4707.606 0.9845
4708.69 0.9968
4709.7744 1.0099
4710.859 0.9809
4711.944 1.0035
4713.029 0.9935
4714.1143 0.9992
4715.1997 0.9936
4716.2856 1.002
4717.372 0.9863
4718.458 0.9949
4719.545 0.9899
4720.6320000000005 0.9772
4721.7188 0.988
4722.806 0.9842
4723.8936 0.9869
4724.9814 0.9855
4726.07 1.0045
4727.1577 1.0025
4728.2466 0.9757
4729.3354 0.9928
4730.4243 0.9948
4731.5137 0.9639
4732.6035 0.9705
4733.6934 0.9873
4734.782999999999 0.9783
4735.8735 0.9849
4736.9644 0.9986
4738.055 0.9901
4739.1465 0.978
4740.238 1.0009
4741.329000000001 1.0152
4742.420999999999 0.9828
4743.513 0.9927
4744.6055 0.9515
4745.698 0.9855
4746.791 0.9815
4747.8843 1.0138
4748.9775 1.0194
4750.0713 1.0228
4751.165 0.974
4752.2593 0.9911
4753.3535 0.9813
4754.448 0.9764
4755.543 0.9567
4756.638 1.0
4757.7334 1.0108
4758.829000000001 0.9964
4759.925 0.9713
4761.021 0.9934
4762.1177 0.9606
4763.2144 0.992
4764.311 0.9854
4765.407999999999 0.9963
4766.505999999999 0.9726
4767.6035 0.9768
4768.701 0.9834
4769.7993 0.983
4770.898 1.0009
4771.9966 0.9796
4773.095 0.9846
4774.1943 0.9741
4775.294 0.9977
4776.3936 0.9925
4777.4937 0.98
4778.5938 0.977
4779.6943 1.0062
4780.795 1.0061
4781.896 0.9998
4782.997 0.9906
4784.0986 0.9742
4785.2 0.9804
4786.3022 0.972
4787.4043 0.988
4788.5070000000005 0.9809
4789.6094 0.9928
4790.7124 0.994
4791.816 1.002
4792.9194 0.9853
4794.023 0.9997
4795.127 0.9894
4796.2314 0.9605
4797.335999999999 0.9621
4798.4404 0.9956
4799.5454 1.0077
4800.651 0.9904
4801.7563 0.9935
4802.862 0.9668
4803.9683 0.9584
4805.0740000000005 0.982
4806.1807 0.9787
4807.2876 0.9912
4808.3945 0.986
4809.502 0.9631
4810.6094 0.9804
4811.7173 1.0042
4812.8257 0.99
4813.9336 1.0006
4815.0425 0.9918
4816.1514 1.0114
4817.2603 0.9867
4818.3696 0.9903
4819.479 0.988
4820.589 0.9925
4821.6990000000005 0.9654
4822.8096 0.9564
4823.92 0.9702
4825.0312 0.9357
4826.142 0.9743
4827.2534 0.9722
4828.365 0.9616
4829.477 0.9434
4830.5894 0.9955
4831.7017 0.9283
4832.8145 0.9597
4833.9272 0.9594
4835.0405 0.9622
4836.154 0.9536
4837.2676 0.9063
4838.3813 0.9453
4839.4956 0.9144
4840.6104 0.9058
4841.725 0.8933
4842.84 0.9062
4843.955 0.8862
4845.071 0.8594
4846.1865 0.8537
4847.3022 0.8438
4848.4185 0.8204
4849.535 0.7909
4850.652 0.7861
4851.769 0.7685
4852.8859999999995 0.7253
4854.004 0.6921
4855.1216 0.6687
4856.2397 0.6237
4857.358 0.5716
4858.4766 0.4965
4859.595 0.4038
4860.7144 0.3549
4861.834 0.4125
4862.9536 0.5129
4864.073 0.5586
4865.1934 0.618
4866.314 0.6729
4867.4346 0.713
4868.555 0.7623
4869.6763 0.7596
4870.798 0.7682
4871.9194 0.8082
4873.0415 0.8154
4874.1636 0.8342
4875.286 0.8396
4876.4087 0.846
4877.5317 0.8817
4878.6553 0.8788
4879.7783 0.8954
4880.9023 0.899
4882.0264 0.8965
4883.1504 0.9255
4884.275 0.9378
4885.4 0.9169
4886.525 0.9571
4887.65 0.9495
4888.776 0.9571
4889.9014 0.9102
4891.0273 0.9148
4892.154 0.9555
4893.2803 0.9647
4894.407 0.9684
4895.5347 0.9635
4896.6616 0.9684
4897.7896 0.9889
4898.9175 0.9486
4900.0454 0.9621
4901.174 0.9868
4902.3027 0.9852
4903.4316 0.9534
4904.5605 0.9912
4905.69 0.9729
4906.82 0.9586
4907.9497 0.9868
4909.08 0.9658
4910.2104 0.9731
4911.3413 0.9506
4912.472 0.9641
4913.6035 0.9971
4914.735 0.9756
4915.8667 0.9741
4916.999 0.9683
4918.1313 0.9716
4919.2637 0.9468
4920.3965 0.9756
4921.53 0.9744
4922.663 0.9511
4923.7970000000005 0.9437
4924.9307 0.9743
4926.0645 0.998
4927.1990000000005 0.9703
4928.334 0.9956
4929.4688 0.9854
4930.604 0.9773
4931.7393 0.9772
4932.875 0.9825
4934.0107 0.9965
4935.147 0.9843
4936.2837 0.9965
4937.4204 1.0067
4938.5576 0.9852
4939.695 0.9793
4940.8325 0.9765
4941.97 0.9867
4943.108 0.9873
4944.2466 0.9748
4945.3853 1.0049
4946.524 1.0206
4947.663 1.0083
4948.8022 0.9839
4949.942 1.0
