3911.1108 1.0
3912.0115 0.923
3912.9124 0.9607
3913.8135 0.9923
3914.7146 0.9793
3915.6162 0.9418
3916.5178 0.9144
3917.4197 0.9742
3918.3218 0.972
3919.224 1.0025
3920.1267 0.9369
3921.0295 1.0183
3921.9324 1.0128
3922.8357 1.0434
3923.739 1.0487
3924.6426 0.946
3925.5464 0.9065
3926.4504 0.7863
3927.3545 0.6971
3928.259 0.6179
3929.1636 0.4973
3930.0684 0.3446
3930.9734 0.2071
3931.8787 0.2151
3932.7842 0.1958
3933.6897 0.3819
3934.5957 0.5617
3935.5017 0.6905
3936.408 0.778
3937.3145 0.9387
3938.2212 0.9574
3939.1282 1.0021
3940.0354 0.9189
3940.9426 0.9175
3941.85 0.8857
3942.7578 0.9552
3943.6658 1.002
3944.574 0.9927
3945.4824 1.0289
3946.3909999999996 0.9271
3947.2998 0.8925
3948.2087 0.9678
3949.118 0.9111
3950.0273 0.9558
3950.937 0.9044
3951.847 0.9592
3952.7568 1.01
3953.6672 0.9791
3954.5776 0.9522
3955.4883 0.8808
3956.3992 0.8977
3957.3103 0.9871
3958.2217 0.9766
3959.1333 0.8921
3960.045 0.7938
3960.9568 0.7788
3961.869 0.8559
3962.7812 0.8111
3963.6938 0.6705
3964.6067 0.4884
3965.5198 0.2846
3966.4329 0.2031
3967.3462 0.1705
3968.26 0.3028
3969.1738 0.4007
3970.0879999999997 0.5539
3971.002 0.7087
3971.9165 0.7495
3972.8313 0.796
3973.7459999999996 0.8435
3974.6611 0.8903
3975.5764 0.9524
3976.492 0.9202
3977.4077 0.9806
3978.3237 0.9845
3979.2397 0.9283
3980.1562 0.872
3981.0728 0.7827
3981.9895 0.8897
3982.9065 0.995
3983.8237 0.9831
3984.7412 0.9211
3985.6587 0.9698
3986.5767 0.9196
3987.4946 0.9492
3988.4128 0.8822
3989.3313 0.8436
3990.25 0.9438
3991.1690000000003 0.941
3992.0881 0.9705
3993.0073 0.8882
3993.927 0.9339
3994.8467 0.8681
3995.7666 0.9122
3996.6868 0.8853
3997.6072 0.9864
3998.5278 1.0137
3999.4485 1.048
4000.3696 1.027
4001.2908 0.9523
4002.2122 1.0107
4003.1338 0.8853
4004.0557 0.8641
4004.9778 0.9472
4005.9001 1.0384
4006.8225 1.0454
4007.7454 0.9949
4008.6682 1.0384
4009.5913 0.993
4010.5146 0.9693
4011.4382 0.9486
4012.362 0.9062
4013.2861 1.0266
4014.2102 1.0084
4015.1345 0.9452
4016.0593 0.9692
4016.9841 1.03
4017.9092 1.0373
4018.8345 1.0017
4019.7598 1.0331
4020.6855 0.9516
4021.6116 0.9463
4022.5376 0.9362
4023.4639 0.8955
4024.3904 0.9511
4025.3171 0.9648
4026.2441 0.9274
4027.1714 0.9142
4028.0989 0.8893
4029.0264 0.8388
4029.954 0.8478
4030.8823 0.8402
4031.8105 0.8935
4032.739 0.9667
4033.6677 0.9767
4034.5964 0.985
4035.5256 1.0599
4036.455 1.0113
4037.3845 0.988
4038.3142 1.0511
4039.2441 0.9824
4040.1743 0.8821
4041.1047 0.9556
4042.0354 0.9641
4042.9663 0.8869
4043.8972 0.8529
4044.8286 0.8329
4045.76 0.986
4046.6917 1.0538
4047.6235 0.988
4048.5557 0.9383
4049.488 0.9407
4050.4204 0.9975
4051.3533 0.9036
4052.2861 0.9615
4053.2195 0.9439
4054.1528 0.9838
4055.0864 0.9431
4056.0203 1.047
4056.9543 0.9793
4057.8884 0.9704
4058.823 1.0607
4059.7576 1.0114
4060.6926 0.9428
4061.6277 0.8613
4062.563 0.8881
4063.4985 1.0136
4064.4343 1.0056
4065.3704 1.0285
4066.3064 0.9474
4067.243 0.9451
4068.1794 0.9946
4069.1165 0.923
4070.0535 0.8793
4070.9907 0.9231
4071.9282 0.9934
4072.866 0.9957
4073.8037 0.9369
4074.742 0.8589
4075.6804 0.8148
4076.619 0.852
4077.5576 0.9013
4078.4966 0.9852
4079.4358 1.0309
4080.3752 1.012
4081.315 0.9599
4082.255 0.8677
4083.1948 0.9376
4084.1353 0.901
4085.0757 0.9592
4086.0164 0.9973
4086.9575 0.9925
4087.8987 0.9329
4088.8398 0.905
4089.7815 0.9477
4090.7234 0.9126
4091.6653 0.8574
4092.6077 0.8641
4093.55 0.8753
4094.4927 0.8
4095.4358 0.8092
4096.379 0.7291
4097.3223 0.6799
4098.2656 0.6294
4099.2095 0.4399
4100.1533 0.433
4101.0977 0.5065
4102.042 0.7155
4102.987 0.7798
4103.9316 0.8312
4104.8765 0.8117
4105.822 0.823
4106.7676 0.7988
4107.7134 0.7587
4108.659000000001 0.8948
4109.6055 0.8057
4110.552 0.9667
4111.498 0.8913
4112.4453 0.9601
4113.392 0.9899
4114.3394 0.956
4115.2866 0.9639
4116.2344 0.9458
4117.1826 0.8893
4118.1304 0.9141
4119.079000000001 0.9435
4120.0273 0.9874
4120.976 0.9114
4121.9253 0.9754
4122.8745 1.0108
4123.8237 0.9595
4124.7734 0.8987
4125.7236 0.9142
4126.6733 0.9337
4127.624 0.9588
4128.5740000000005 0.9421
4129.525 0.9597
4130.476 0.9385
4131.4272 0.864
4132.379 0.8944
4133.33 0.9882
4134.282 1.0191
4135.2344 1.0312
4136.1865 1.0233
4137.139 1.0208
4138.092000000001 1.0548
4139.0444 1.0116
4139.998 0.9598
4140.951 0.8957
4141.905 0.8865
4142.8584 0.8908
4143.8125 1.0251
4144.767 1.026
4145.721 0.9709
4146.6763 0.9577
4147.630999999999 0.9194
4148.585999999999 0.9447
4149.5415 0.9342
4150.497 0.9858
4151.4526 1.0023
4152.4087 0.9317
4153.365 0.9175
4154.322 0.9226
4155.2783 0.9039
4156.2354 0.9969
4157.1924 0.9435
4158.1494 0.9543
4159.107 0.9362
4160.065 0.8873
4161.023 0.9239
4161.981 0.9199
4162.9395 0.9866
4163.8984 0.9381
4164.857 0.9816
4165.8164 0.9691
4166.7754 0.9856
4167.7354 0.9393
4168.695 0.9393
4169.655 0.9276
4170.615 0.807
4171.5757 0.8367
4172.536 0.8562
4173.497 0.9186
4174.458 0.9308
4175.4194 0.8925
4176.380999999999 0.8384
4177.343 0.9086
4178.3047 0.9287
4179.267 0.9302
4180.2295 0.9944
4181.192 0.8686
4182.155 0.8929
4183.1179999999995 0.9803
4184.081 0.9428
4185.045 0.9306
4186.009 0.92
4186.9727 0.8969
4187.9365 0.9677
4188.9014 1.0006
4189.8657 0.9619
4190.8306 1.0158
4191.795999999999 0.9963
4192.7609999999995 0.9739
4193.7266 0.9909
4194.6924 0.9551
4195.657999999999 0.9249
4196.6245 0.9078
4197.590999999999 0.9433
4198.5576 0.9218
4199.5244 0.9227
4200.4917 0.9312
4201.459 0.9192
4202.4263 0.9327
4203.394 0.9816
4204.3623 0.993
4205.33 0.8874
4206.299 1.0113
4207.2676 0.9126
4208.2363 1.0134
4209.2056 0.9521
4210.175 0.9768
4211.144 1.0416
4212.1140000000005 0.9769
4213.084 0.9289
4214.054 0.8215
4215.0244 0.9582
4215.995 0.9263
4216.9663 1.0277
4217.937 1.0108
4218.9087 0.9651
4219.88 0.9335
4220.852 0.9182
4221.8237 0.9455
4222.795999999999 0.9208
4223.7686 0.8202
4224.741 0.7678
4225.714 0.8136
4226.687 0.953
4227.6606 1.0613
4228.6343 1.1168
4229.608 0.9237
4230.582 0.9393
4231.556 0.9087
4232.531 0.8448
4233.5054 0.8781
4234.4805 0.9525
4235.4556 0.9942
4236.4307 0.8935
4237.4062 1.0108
4238.3823 0.9478
4239.3584 0.9385
4240.3345 0.9711
4241.311 0.9716
4242.2876 0.9465
4243.2646 0.9516
4244.2417 0.9045
4245.219 0.8541
4246.197 0.8765
4247.175 0.8675
4248.153 0.9052
4249.130999999999 0.9069
4250.1094 0.9501
4251.0884 1.0361
4252.067 0.9886
4253.0464 0.9431
4254.026 0.9815
4255.0054 1.0187
4255.9854 1.0238
4256.9653 0.9911
4257.946 0.9433
4258.9263 0.9353
4259.9067 0.9962
4260.8877 1.0351
4261.869000000001 1.0524
4262.8506 1.0596
4263.832 0.9841
4264.814 0.9416
4265.7964 0.9799
4266.779 0.9827
4267.7609999999995 0.9609
4268.744000000001 0.9408
4269.727 0.8753
4270.7104 0.8862
4271.694 0.9355
4272.6772 1.0384
4273.6616 1.0191
4274.6455 0.9612
4275.63 1.035
4276.6147 0.9825
4277.5996 0.9508
4278.5845 0.9494
4279.57 0.8754
4280.555 0.9365
4281.541 0.954
4282.527 0.9635
4283.513 0.9502
4284.4995 0.9491
4285.4863 0.8913
4286.473 0.8166
4287.4604 0.769
4288.4478 0.8012
4289.435 0.9439
4290.423 0.898
4291.411 0.9241
4292.3994 0.941
4293.3877 0.8978
4294.3765 0.8964
4295.365 0.9004
4296.3545 0.846
4297.3438 0.7834
4298.3335 0.8064
4299.323 0.804
4300.3135 0.8909
4301.3037 0.9351
4302.2944 0.9355
4303.285 0.9245
4304.276 0.9155
4305.267 0.8919
4306.259 0.9197
4307.2505 0.9189
4308.242 0.9531
4309.2344 1.0357
4310.2266 0.9561
4311.219 0.8685
4312.212 0.8953
4313.205 0.9064
4314.198 0.9387
4315.192 0.9749
4316.1855 0.9811
4317.1797 0.9143
4318.174 0.865
4319.168 0.892
4320.1626 0.9183
4321.1577 0.9851
4322.153 0.8988
4323.148 0.8121
4324.1436 0.8519
4325.1396 0.9615
4326.1353 0.9716
4327.1320000000005 0.9971
4328.128 0.9136
4329.125 0.8341
4330.1216 0.8704
4331.119000000001 0.9397
4332.116 0.9048
4333.1140000000005 0.8892
4334.112 0.8011
4335.11 0.7065
4336.1084 0.5906
4337.107 0.5039
4338.1055 0.4942
4339.1045 0.5311
4340.1035 0.6794
4341.103 0.7704
4342.103 0.8107
4343.103 0.8101
4344.103 0.8785
4345.1035 0.9464
4346.104 0.9126
4347.105 0.916
4348.106 0.8501
4349.1074 0.8618
4350.109 0.8204
4351.1104 0.805
4352.1123 0.9501
4353.1147 1.0062
4354.117 1.0094
4355.1196 0.9752
4356.1226 0.966
4357.126 0.9391
4358.1294 0.9845
4359.133 0.9662
4360.1367 0.9795
4361.1406 1.0183
4362.145 0.9827
4363.15 1.0115
4364.1543 1.0456
4365.1597 0.9524
4366.1646 0.9277
4367.17 0.8879
4368.1759999999995 1.0202
4369.1816 1.0404
4370.188 0.9556
4371.1943 0.9428
4372.2007 0.9182
4373.208 0.8781
4374.215 0.9103
4375.222 1.0283
4376.2295 1.0722
4377.2373 1.029
4378.2456 1.0254
4379.254 1.0103
4380.262 0.9557
4381.271 0.9183
4382.28 0.8736
4383.289000000001 0.894
4384.2983 1.0225
4385.308 1.0677
4386.318 1.0018
4387.3279999999995 0.9568
4388.3384 0.9883
4389.349 1.0044
4390.36 1.0428
4391.3706 0.9404
4392.3823 0.893
4393.3936 0.8762
4394.4053 0.9379
4395.4175 0.9966
4396.4297 0.9515
4397.442 0.9278
4398.4546 0.8266
4399.4673 0.9418
4400.4805 0.9412
4401.494000000001 0.9794
4402.508 0.9278
4403.5215 0.9161
4404.5356 0.9153
4405.55 0.9985
4406.5645 0.9953
4407.579000000001 0.9583
4408.594 0.929
4409.6094 1.0571
4410.625 0.9953
4411.6406 0.896
4412.6562 0.89
4413.6724 0.8642
4414.689 0.8404
4415.7056 0.8667
4416.7227 0.9445
4417.7397 0.9686
4418.7570000000005 0.9552
4419.7744 0.9791
4420.7925 0.9214
4421.8105 0.9275
4422.8286 0.9898
4423.847 0.9326
4424.8657 0.9121
4425.885 0.9573
4426.9043 0.958
4427.9233 0.9194
4428.9434 0.9463
4429.963 0.9166
4430.9834 0.9855
4432.004 0.9708
4433.0244 0.9084
4434.045 0.8946
4435.0664 0.9722
4436.0874 1.027
4437.1094 1.0143
4438.130999999999 0.9868
4439.153 0.9365
4440.1753 0.8498
4441.1978 0.8257
4442.2207 0.8693
4443.2437 0.9512
4444.2666 1.0233
4445.29 1.0063
4446.314 0.9473
4447.338 0.913
4448.362 0.9484
4449.3859999999995 0.9364
4450.411 1.0139
4451.4355 0.964
4452.460999999999 0.8859
4453.4863 0.8874
4454.5117 0.9402
4455.5376 0.9947
4456.5635 1.0061
4457.59 0.9851
4458.616 0.9054
4459.643 0.9429
4460.67 0.9841
4461.6973 0.9293
4462.7246 0.9276
4463.7524 1.0182
4464.7803 0.9269
4465.8086 0.9015
4466.837 0.9303
4467.8657 0.8354
4468.8945 0.9857
4469.924 0.9734
4470.9529999999995 0.9969
4471.9824 1.0251
4473.0127 0.9622
4474.0425 0.955
4475.0728 0.9716
4476.1035 1.0314
4477.1343 0.966
4478.165 0.9349
4479.1963 0.9208
4480.228 0.8793
4481.26 0.9507
4482.2915 0.9935
4483.3237 1.0214
4484.3564 0.9644
4485.389 0.9761
4486.4220000000005 0.9472
4487.455 0.9258
4488.4883 0.939
4489.522 0.9259
4490.556 0.9437
4491.59 0.9688
4492.6245 0.9299
4493.659000000001 0.9424
4494.694 0.9407
4495.729 0.9905
4496.764 0.9758
4497.8 0.9461
4498.8354 0.9515
4499.8716 0.9187
4500.9077 0.9577
4501.9443 0.9802
4502.981 1.0238
4504.018 0.9967
4505.055 0.9585
4506.093 0.9746
4507.1304 0.9619
4508.168 0.9994
4509.2065 1.0209
4510.2446 1.014
4511.282999999999 0.9653
4512.3223 0.958
4513.3613 0.9714
4514.401 0.9837
4515.4404 0.9855
4516.48 0.9942
4517.5205 0.9217
4518.5605 0.938
4519.601 0.9413
4520.642 0.914
4521.683 0.9375
4522.724 0.9957
4523.7656 0.9686
4524.8076 0.9287
4525.8496 0.904
4526.8916 0.9476
4527.934 0.9434
4528.977 0.9932
4530.02 0.9234
4531.063 0.8926
4532.1064 0.8102
4533.1504 0.9095
4534.1943 0.9069
4535.2383 1.026
4536.2827 0.9932
4537.327 1.0341
4538.372 0.9631
4539.4175 0.9358
4540.463 0.9476
4541.5083 0.9652
4542.554 0.952
4543.6 0.9252
4544.6465 0.9763
4545.693 0.9543
4546.7397 0.8455
4547.787 0.8441
4548.8345 0.8958
4549.8820000000005 0.9608
4550.9297 0.9378
4551.9775 0.8599
4553.026 0.8446
4554.0740000000005 0.922
4555.123 0.9454
4556.1720000000005 0.9536
4557.221 1.008
4558.2705 0.9931
4559.3203 0.9747
4560.37 0.9401
4561.4204 0.9134
4562.4707 0.8896
4563.5215 0.9596
4564.5728 0.9787
4565.6235 0.9772
4566.6753 0.9722
4567.7266 0.9614
4568.779 0.9242
4569.8306 0.9021
4570.8833 0.8961
4571.9355 1.0091
4572.9883 1.0744
4574.0415 0.945
4575.0947 0.9596
4576.1484 0.9896
4577.202 1.0057
4578.2563 0.9718
4579.3105 0.9092
4580.365 0.8848
4581.42 0.8894
4582.475 0.9257
4583.5303 0.9619
4584.585999999999 0.9786
4585.6416 0.94
4586.6978 0.9218
4587.754 0.9401
4588.8105 0.9168
4589.867 0.9435
4590.9243 0.9184
4591.9814 0.9747
4593.0386 0.9656
4594.0967 0.9607
4595.1543 0.9409
4596.2124 0.9385
4597.271 0.9549
4598.3296 0.9243
4599.3887 0.9032
4600.4478 0.9112
4601.5073 0.9541
4602.567 0.981
4603.627 0.9387
4604.687 1.0222
4605.7476 0.9688
4606.808 0.9912
4607.8687 0.9334
4608.93 0.9953
4609.991 0.8981
4611.0527 0.8927
4612.1147 0.9666
4613.177 0.9956
4614.2393 0.9547
4615.302 0.9379
4616.3647 0.9233
4617.4277 0.9362
4618.491 0.9154
4619.5547 0.9628
4620.6187 0.9851
4621.6826 0.9692
4622.747 0.9505
4623.8115 0.9916
4624.876 0.9711
4625.9414 0.9557
4627.0063 0.9154
4628.0723 0.9203
4629.1377 0.9797
4630.2036 0.938
4631.27 0.9322
4632.3364 0.9388
4633.4033 0.9259
4634.47 0.9693
4635.5376 0.9625
4636.605 0.989
4637.673 0.9875
4638.7407 1.023
4639.809 1.0835
4640.8774 1.0132
4641.9463 1.0127
4643.015 0.9734
4644.0845 0.9755
4645.154 0.9433
4646.2236 0.9608
4647.2935 0.9842
4648.3640000000005 1.0189
4649.434 0.9871
4650.505 0.981
4651.5757 0.9689
4652.647 0.9411
4653.7188 0.9364
4654.79 0.9084
4655.8623 0.9527
4656.934 0.9957
4658.0070000000005 0.9973
4659.0796 0.9971
4660.1523 0.9727
4661.2256 0.9915
4662.299 0.9943
4663.3726 0.9678
4664.4463 0.9443
4665.5205 0.9095
4666.595 0.9223
4667.6694 0.9909
4668.7446 0.988
4669.82 0.9877
4670.895 0.9465
4671.9707 0.9653
4673.0464 0.9805
4674.1226 0.9886
4675.1990000000005 0.9686
4676.276 0.9526
4677.3525 0.9335
4678.4297 0.9648
4679.5073 0.9742
4680.585 0.9445
4681.6626 0.9666
4682.7407 0.9937
4683.819 0.9986
4684.8975 0.9874
4685.9766 1.0069
4687.0557 1.0196
4688.1353 0.9602
4689.215 0.9984
4690.2944 0.9632
4691.3745 0.994
4692.455 1.0119
4693.5356 0.9833
4694.616 0.9878
4695.6973 1.0013
4696.779 0.973
4697.8604 0.9792
4698.9424 0.9835
4700.0244 0.9707
4701.107 0.9545
4702.1895 0.928
4703.272 0.9551
4704.3555 0.9636
4705.4385 0.953
4706.522 0.9687
4707.606 0.9749
4708.69 1.0039
4709.7744 1.0031
4710.859 1.0061
4711.944 0.9727
4713.029 0.9226
4714.1143 0.9573
4715.1997 0.9483
4716.2856 0.9832
4717.372 1.0016
4718.458 0.9808
4719.545 0.9693
4720.6320000000005 1.004
4721.7188 0.9285
4722.806 0.9966
4723.8936 0.9415
4724.9814 0.9942
4726.07 0.9829
4727.1577 0.9597
4728.2466 0.9626
4729.3354 0.9399
4730.4243 0.9602
4731.5137 0.949
4732.6035 1.0096
4733.6934 0.9267
4734.782999999999 0.9529
4735.8735 0.9464
4736.9644 0.9489
4738.055 0.9781
4739.1465 0.9716
4740.238 0.968
4741.329000000001 0.9558
4742.420999999999 1.0016
4743.513 1.0019
4744.6055 0.9301
4745.698 0.9744
4746.791 0.9923
4747.8843 0.9729
4748.9775 0.9766
4750.0713 1.0006
4751.165 1.0224
4752.2593 0.9616
4753.3535 0.9849
4754.448 0.9825
4755.543 1.0107
4756.638 0.9726
4757.7334 1.0179
4758.829000000001 0.9591
4759.925 0.9567
4761.021 0.9463
4762.1177 0.9433
4763.2144 0.9805
4764.311 0.9823
4765.407999999999 0.9965
4766.505999999999 1.0238
4767.6035 1.0216
4768.701 0.9898
4769.7993 1.0179
4770.898 0.9983
4771.9966 0.9522
4773.095 0.9815
4774.1943 1.004
4775.294 0.9895
4776.3936 0.9637
4777.4937 0.9683
4778.5938 0.936
4779.6943 0.9577
4780.795 0.9932
4781.896 0.9883
4782.997 0.971
4784.0986 0.9912
4785.2 0.9762
4786.3022 0.9861
4787.4043 0.9817
4788.5070000000005 0.9714
4789.6094 0.9629
4790.7124 1.0239
4791.816 1.0273
4792.9194 0.9879
4794.023 1.0259
4795.127 0.9674
4796.2314 0.9443
4797.335999999999 0.9609
4798.4404 0.9913
4799.5454 0.9715
4800.651 0.9979
4801.7563 1.0034
4802.862 0.927
4803.9683 0.9291
4805.0740000000005 0.9599
4806.1807 0.9934
4807.2876 0.985
4808.3945 0.9965
4809.502 0.9748
4810.6094 1.027
4811.7173 0.9995
4812.8257 0.9539
4813.9336 0.9735
4815.0425 0.9705
4816.1514 1.0078
4817.2603 0.9807
4818.3696 0.9815
4819.479 0.9833
4820.589 0.9824
4821.6990000000005 0.9456
4822.8096 0.939
4823.92 0.9724
4825.0312 1.0211
4826.142 0.9916
4827.2534 0.9642
4828.365 0.9668
4829.477 1.0047
4830.5894 0.9855
4831.7017 1.0173
4832.8145 1.0236
4833.9272 0.9712
4835.0405 0.9889
4836.154 0.986
4837.2676 0.944
4838.3813 0.9345
4839.4956 0.9747
4840.6104 0.9675
4841.725 0.9725
4842.84 0.9959
4843.955 0.9638
4845.071 0.9423
4846.1865 0.9035
4847.3022 0.9064
4848.4185 0.918
4849.535 0.9563
4850.652 0.9267
4851.769 0.8754
4852.8859999999995 0.832
4854.004 0.8372
4855.1216 0.7942
4856.2397 0.7453
4857.358 0.6619
4858.4766 0.4715
4859.595 0.4849
4860.7144 0.6708
4861.834 0.8177
4862.9536 0.9117
4864.073 0.8587
4865.1934 0.9039
4866.314 0.8979
4867.4346 0.9137
4868.555 0.8755
4869.6763 0.8469
4870.798 0.8901
4871.9194 0.9307
4873.0415 0.9806
4874.1636 0.9372
4875.286 0.8907
4876.4087 0.9599
4877.5317 0.974
4878.6553 0.9776
4879.7783 0.9601
4880.9023 0.9294
4882.0264 0.9171
4883.1504 0.9839
4884.275 0.9448
4885.4 0.9785
4886.525 0.9679
4887.65 0.9164
4888.776 0.9151
4889.9014 0.9114
4891.0273 0.9992
4892.154 1.0074
4893.2803 1.0134
4894.407 0.9744
4895.5347 1.0031
4896.6616 0.9793
4897.7896 0.9291
4898.9175 0.9773
4900.0454 1.0117
4901.174 0.9442
4902.3027 0.9547
4903.4316 1.0012
4904.5605 1.0089
4905.69 1.0097
4906.82 0.9485
4907.9497 0.9115
4909.08 0.9323
4910.2104 0.9759
4911.3413 0.9983
4912.472 1.0022
4913.6035 1.0002
4914.735 0.9756
4915.8667 0.9517
4916.999 0.8991
4918.1313 0.903
4919.2637 0.9046
4920.3965 0.9476
4921.53 0.9606
4922.663 0.8992
4923.7970000000005 0.9909
4924.9307 1.0089
4926.0645 0.9993
4927.1990000000005 0.9959
4928.334 0.955
4929.4688 0.9623
4930.604 0.9103
4931.7393 0.9073
4932.875 0.929
4934.0107 0.9697
4935.147 0.9724
4936.2837 0.9403
4937.4204 0.9271
4938.5576 0.9836
4939.695 1.0082
4940.8325 0.9878
4941.97 0.9964
4943.108 0.9677
4944.2466 0.9598
4945.3853 0.9598
4946.524 1.0182
4947.663 1.0007
4948.8022 1.0064
4949.942 1.0
