3911.1108 1.0
3912.0115 0.9112
3912.9124 1.0172
3913.8135 0.9414
3914.7146 0.8879
3915.6162 0.8676
3916.5178 0.9078
3917.4197 0.9283
3918.3218 0.9863
3919.224 0.9295
3920.1267 0.8654
3921.0295 0.9032
3921.9324 0.8127
3922.8357 0.9026
3923.739 0.8836
3924.6426 0.8877
3925.5464 0.8376
3926.4504 1.1892
3927.3545 0.8699
3928.259 0.7513
3929.1636 0.9692
3930.0684 0.8177
3930.9734 0.6436
3931.8787 0.5832
3932.7842 0.4777
3933.6897 0.4957
3934.5957 0.4818
3935.5017 0.3663
3936.408 0.5195
3937.3145 0.6985
3938.2212 0.8169
3939.1282 0.7355
3940.0354 0.8854
3940.9426 0.8214
3941.85 0.9579
3942.7578 0.8808
3943.6658 0.8897
3944.574 0.8542
3945.4824 0.8357
3946.3909999999996 0.8785
3947.2998 0.8686
3948.2087 0.9804
3949.118 0.9653
3950.0273 0.9005
3950.937 0.8963
3951.847 0.8382
3952.7568 0.8077
3953.6672 0.8731
3954.5776 0.909
3955.4883 0.8781
3956.3992 0.9195
3957.3103 0.8784
3958.2217 0.8727
3959.1333 0.9361
3960.045 0.7754
3960.9568 0.7495
3961.869 0.8
3962.7812 0.7533
3963.6938 0.7897
3964.6067 0.7139
3965.5198 0.675
3966.4329 0.5725
3967.3462 0.5916
3968.26 0.5263
3969.1738 0.3185
3970.0879999999997 0.4139
3971.002 0.3035
3971.9165 0.3563
3972.8313 0.4027
3973.7459999999996 0.6222
3974.6611 0.6678
3975.5764 0.7717
3976.492 0.8241
3977.4077 0.8187
3978.3237 0.7562
3979.2397 0.7228
3980.1562 1.0128
3981.0728 0.8928
3981.9895 0.9908
3982.9065 0.7964
3983.8237 0.9546
3984.7412 0.9032
3985.6587 0.9683
3986.5767 0.9148
3987.4946 0.9465
3988.4128 0.9596
3989.3313 0.8778
3990.25 0.9161
3991.1690000000003 0.8717
3992.0881 0.8426
3993.0073 0.998
3993.927 0.7815
3994.8467 1.0184
3995.7666 0.8721
3996.6868 0.9262
3997.6072 1.028
3998.5278 0.9118
3999.4485 0.8841
4000.3696 0.9755
4001.2908 0.9367
4002.2122 0.9201
4003.1338 0.8949
4004.0557 1.0051
4004.9778 0.9737
4005.9001 1.0364
4006.8225 0.9972
4007.7454 0.9752
4008.6682 0.9024
4009.5913 0.975
4010.5146 0.8423
4011.4382 0.9698
4012.362 0.9404
4013.2861 0.9297
4014.2102 1.0154
4015.1345 0.9146
4016.0593 0.9567
4016.9841 0.9445
4017.9092 1.044
4018.8345 1.092
4019.7598 1.0402
4020.6855 0.9467
4021.6116 1.024
4022.5376 0.9649
4023.4639 0.9432
4024.3904 0.9676
4025.3171 0.985
4026.2441 1.0052
4027.1714 0.8801
4028.0989 1.021
4029.0264 0.9934
4029.954 0.8944
4030.8823 0.9332
4031.8105 0.8896
4032.739 0.9212
4033.6677 0.8995
4034.5964 0.8943
4035.5256 1.0297
4036.455 0.9777
4037.3845 1.0615
4038.3142 1.0113
4039.2441 0.9399
4040.1743 0.9836
4041.1047 1.0644
4042.0354 1.0204
4042.9663 1.0257
4043.8972 0.9548
4044.8286 0.9273
4045.76 0.9303
4046.6917 0.915
4047.6235 0.9044
4048.5557 1.025
4049.488 0.9222
4050.4204 1.0572
4051.3533 1.0095
4052.2861 1.0097
4053.2195 1.0097
4054.1528 0.9892
4055.0864 0.9611
4056.0203 0.9524
4056.9543 1.056
4057.8884 1.0521
4058.823 1.0127
4059.7576 0.9706
4060.6926 0.8457
4061.6277 1.0837
4062.563 1.1017
4063.4985 0.9001
4064.4343 0.8186
4065.3704 0.9053
4066.3064 0.959
4067.243 0.9708
4068.1794 0.9135
4069.1165 0.9249
4070.0535 0.9327
4070.9907 0.9157
4071.9282 0.8754
4072.866 0.9145
4073.8037 0.9273
4074.742 0.9695
4075.6804 0.9793
4076.619 0.9744
4077.5576 0.9169
4078.4966 0.9249
4079.4358 0.8086
4080.3752 0.8496
4081.315 0.8545
4082.255 0.8944
4083.1948 0.9908
4084.1353 1.0324
4085.0757 0.8578
4086.0164 0.8886
4086.9575 0.9212
4087.8987 0.9468
4088.8398 0.9819
4089.7815 0.9115
4090.7234 0.9671
4091.6653 1.0178
4092.6077 0.9843
4093.55 0.9364
4094.4927 0.9009
4095.4358 0.868
4096.379 0.8117
4097.3223 0.8304
4098.2656 0.801
4099.2095 0.6862
4100.1533 0.6645
4101.0977 0.7223
4102.042 0.6238
4102.987 0.5821
4103.9316 0.5619
4104.8765 0.6526
4105.822 0.7386
4106.7676 0.7726
4107.7134 0.7824
4108.659000000001 0.8546
4109.6055 0.8528
4110.552 0.8824
4111.498 0.9407
4112.4453 0.8721
4113.392 0.8651
4114.3394 0.9877
4115.2866 0.9265
4116.2344 0.8411
4117.1826 0.9178
4118.1304 1.0414
4119.079000000001 0.9812
4120.0273 0.8907
4120.976 0.9606
4121.9253 0.8969
4122.8745 1.0211
4123.8237 0.9964
4124.7734 0.8973
4125.7236 1.0219
4126.6733 0.99
4127.624 0.9371
4128.5740000000005 0.9906
4129.525 1.0106
4130.476 1.005
4131.4272 0.9502
4132.379 0.9298
4133.33 0.9014
4134.282 0.8789
4135.2344 0.8703
4136.1865 0.9334
4137.139 1.0017
4138.092000000001 1.0025
4139.0444 1.0225
4139.998 1.0251
4140.951 0.9391
4141.905 0.9292
4142.8584 1.0374
4143.8125 0.9594
4144.767 0.9871
4145.721 0.8264
4146.6763 0.909
4147.630999999999 0.9648
4148.585999999999 0.9082
4149.5415 0.995
4150.497 0.9439
4151.4526 0.966
4152.4087 0.9944
4153.365 0.9558
4154.322 0.956
4155.2783 0.9766
4156.2354 1.0113
4157.1924 1.019
4158.1494 0.9778
4159.107 1.0262
4160.065 1.0377
4161.023 0.9963
4161.981 0.8895
4162.9395 0.9122
4163.8984 0.9661
4164.857 0.973
4165.8164 1.031
4166.7754 0.9568
4167.7354 1.061
4168.695 0.9728
4169.655 0.9561
4170.615 1.0415
4171.5757 0.9583
4172.536 0.9001
4173.497 0.9283
4174.458 0.8812
4175.4194 0.9267
4176.380999999999 0.9585
4177.343 1.0053
4178.3047 0.8843
4179.267 0.8958
4180.2295 0.9709
4181.192 0.8666
4182.155 1.0582
4183.1179999999995 0.9738
4184.081 1.0154
4185.045 0.9342
4186.009 0.982
4186.9727 1.0686
4187.9365 0.9821
4188.9014 1.0288
4189.8657 0.9741
4190.8306 1.0842
4191.795999999999 1.0049
4192.7609999999995 0.8348
4193.7266 0.9648
4194.6924 0.9712
4195.657999999999 1.008
4196.6245 1.0214
4197.590999999999 0.9802
4198.5576 0.9846
4199.5244 0.9438
4200.4917 0.8425
4201.459 1.0172
4202.4263 1.0097
4203.394 0.9561
4204.3623 0.9641
4205.33 0.96
4206.299 0.9131
4207.2676 0.9826
4208.2363 0.9356
4209.2056 0.9655
4210.175 0.9354
4211.144 0.9593
4212.1140000000005 0.9096
4213.084 0.9365
4214.054 0.8943
4215.0244 1.0343
4215.995 0.9241
4216.9663 0.9311
4217.937 1.0355
4218.9087 1.001
4219.88 1.0029
4220.852 0.9651
4221.8237 0.9858
4222.795999999999 0.9943
4223.7686 1.0357
4224.741 1.0167
4225.714 0.9435
4226.687 0.8653
4227.6606 0.8328
4228.6343 0.8616
4229.608 0.9143
4230.582 0.956
4231.556 0.976
4232.531 1.029
4233.5054 1.0426
4234.4805 0.9538
4235.4556 0.89
4236.4307 0.9397
4237.4062 0.9922
4238.3823 0.9705
4239.3584 0.9634
4240.3345 0.9938
4241.311 0.9949
4242.2876 0.9654
4243.2646 1.0207
4244.2417 0.9836
4245.219 1.0174
4246.197 0.9378
4247.175 0.9597
4248.153 0.9299
4249.130999999999 0.9302
4250.1094 0.8698
4251.0884 0.8865
4252.067 0.8534
4253.0464 0.9027
4254.026 0.9782
4255.0054 0.9547
4255.9854 0.972
4256.9653 0.9505
4257.946 0.942
4258.9263 1.0286
4259.9067 0.8826
4260.8877 0.9662
4261.869000000001 0.8826
4262.8506 0.908
4263.832 1.0435
4264.814 0.9096
4265.7964 1.0239
4266.779 0.9714
4267.7609999999995 0.9776
4268.744000000001 0.9819
4269.727 1.0478
4270.7104 0.939
4271.694 0.9079
4272.6772 0.9087
4273.6616 0.8773
4274.6455 0.8798
4275.63 0.8662
4276.6147 0.9035
4277.5996 0.8506
4278.5845 0.9594
4279.57 1.0521
4280.555 1.0723
4281.541 0.9185
4282.527 1.0247
4283.513 0.8813
4284.4995 0.9721
4285.4863 1.0424
4286.473 1.0332
4287.4604 0.9402
4288.4478 0.9274
4289.435 0.948
4290.423 0.8293
4291.411 0.9077
4292.3994 0.9415
4293.3877 0.944
4294.3765 1.004
4295.365 0.9699
4296.3545 0.8882
4297.3438 0.8429
4298.3335 0.943
4299.323 0.9408
4300.3135 0.7656
4301.3037 0.8022
4302.2944 0.8955
4303.285 0.877
4304.276 0.8725
4305.267 0.8841
4306.259 0.9771
4307.2505 0.9939
4308.242 0.8736
4309.2344 0.8394
4310.2266 0.8532
4311.219 0.8981
4312.212 0.9311
4313.205 0.902
4314.198 0.9267
4315.192 0.8608
4316.1855 0.8817
4317.1797 0.8741
4318.174 0.966
4319.168 0.8939
4320.1626 0.9576
4321.1577 0.9064
4322.153 0.9155
4323.148 0.8856
4324.1436 0.8455
4325.1396 0.9016
4326.1353 0.7936
4327.1320000000005 0.9044
4328.128 0.8687
4329.125 0.9428
4330.1216 0.9301
4331.119000000001 0.8668
4332.116 0.8315
4333.1140000000005 0.8182
4334.112 0.9145
4335.11 0.8673
4336.1084 0.8066
4337.107 0.816
4338.1055 0.7097
4339.1045 0.6375
4340.1035 0.6281
4341.103 0.5077
4342.103 0.5107
4343.103 0.6207
4344.103 0.6153
4345.1035 0.7727
4346.104 0.7184
4347.105 0.8682
4348.106 0.87
4349.1074 0.8555
4350.109 0.9016
4351.1104 0.8241
4352.1123 0.912
4353.1147 0.8097
4354.117 0.7569
4355.1196 0.8687
4356.1226 0.9236
4357.126 0.9169
4358.1294 0.9676
4359.133 1.0591
4360.1367 0.9575
4361.1406 0.9947
4362.145 0.9868
4363.15 0.9873
4364.1543 1.0625
4365.1597 0.9852
4366.1646 1.023
4367.17 1.0438
4368.1759999999995 0.9812
4369.1816 0.9104
4370.188 0.9687
4371.1943 1.0004
4372.2007 1.0025
4373.208 1.0129
4374.215 0.9562
4375.222 0.9197
4376.2295 0.9152
4377.2373 0.9243
4378.2456 0.9437
4379.254 0.9036
4380.262 0.9548
4381.271 0.9903
4382.28 0.926
4383.289000000001 0.9696
4384.2983 0.904
4385.308 0.9069
4386.318 0.8566
4387.3279999999995 0.9216
4388.3384 0.9195
4389.349 0.8878
4390.36 0.9367
4391.3706 1.0381
4392.3823 1.0133
4393.3936 0.9462
4394.4053 1.0043
4395.4175 0.9
4396.4297 0.85
4397.442 0.91
4398.4546 0.9688
4399.4673 0.9882
4400.4805 0.9177
4401.494000000001 0.8867
4402.508 0.9064
4403.5215 0.9354
4404.5356 1.0257
4405.55 0.852
4406.5645 0.9214
4407.579000000001 0.9429
4408.594 0.9838
4409.6094 0.9953
4410.625 0.8924
4411.6406 0.9724
4412.6562 1.0551
4413.6724 1.0653
4414.689 1.0532
4415.7056 0.9176
4416.7227 0.8722
4417.7397 0.8887
4418.7570000000005 0.9385
4419.7744 0.9346
4420.7925 1.0426
4421.8105 0.9612
4422.8286 0.9505
4423.847 0.9437
4424.8657 0.9969
4425.885 0.9776
4426.9043 0.9888
4427.9233 0.9037
4428.9434 0.957
4429.963 1.03
4430.9834 0.9799
4432.004 0.9587
4433.0244 0.9661
4434.045 1.0039
4435.0664 0.9702
4436.0874 0.929
4437.1094 0.9797
4438.130999999999 0.9871
4439.153 1.0269
4440.1753 1.0053
4441.1978 0.9911
4442.2207 0.9936
4443.2437 0.9355
4444.2666 0.9104
4445.29 0.8994
4446.314 0.9433
4447.338 0.9402
4448.362 0.8998
4449.3859999999995 0.9295
4450.411 0.9556
4451.4355 0.9599
4452.460999999999 0.976
4453.4863 1.0143
4454.5117 0.9714
4455.5376 0.8919
4456.5635 0.8969
4457.59 0.9245
4458.616 0.9622
4459.643 0.9599
4460.67 0.9734
4461.6973 0.9791
4462.7246 0.9196
4463.7524 0.9185
4464.7803 0.9844
4465.8086 0.8656
4466.837 0.9495
4467.8657 0.956
4468.8945 0.9502
4469.924 0.9045
4470.9529999999995 0.9388
4471.9824 0.8877
4473.0127 1.0079
4474.0425 0.9577
4475.0728 0.9984
4476.1035 0.9596
4477.1343 0.9946
4478.165 0.9538
4479.1963 0.9865
4480.228 0.929
4481.26 0.9878
4482.2915 0.959
4483.3237 0.95
4484.3564 0.9556
4485.389 1.0046
4486.4220000000005 1.054
4487.455 1.0535
4488.4883 0.8723
4489.522 0.9662
4490.556 0.8935
4491.59 0.9
4492.6245 0.9788
4493.659000000001 1.0176
4494.694 0.9882
4495.729 0.9336
4496.764 0.9393
4497.8 1.0146
4498.8354 0.945
4499.8716 1.0799
4500.9077 0.9593
4501.9443 0.9092
4502.981 0.9617
4504.018 1.0205
4505.055 0.9882
4506.093 0.9604
4507.1304 1.0211
4508.168 1.0503
4509.2065 1.0039
4510.2446 0.9738
4511.282999999999 0.9387
4512.3223 0.9915
4513.3613 1.0047
4514.401 0.981
4515.4404 0.9513
4516.48 0.965
4517.5205 0.9544
4518.5605 0.9754
4519.601 0.9161
4520.642 0.9487
4521.683 1.0087
4522.724 0.9421
4523.7656 0.9267
4524.8076 0.9461
4525.8496 0.997
4526.8916 0.9835
4527.934 0.9592
4528.977 0.9684
4530.02 0.9054
4531.063 0.9121
4532.1064 1.0638
4533.1504 1.1497
4534.1943 0.899
4535.2383 0.8782
4536.2827 0.8702
4537.327 0.9597
4538.372 1.0205
4539.4175 0.9627
4540.463 0.9712
4541.5083 0.9853
4542.554 0.9653
4543.6 1.0093
4544.6465 0.9807
4545.693 0.9735
4546.7397 0.9516
4547.787 0.9709
4548.8345 0.9447
4549.8820000000005 0.9713
4550.9297 0.8552
4551.9775 0.9212
4553.026 0.9372
4554.0740000000005 0.8839
4555.123 0.8911
4556.1720000000005 0.8152
4557.221 0.9062
4558.2705 0.9486
4559.3203 0.923
4560.37 0.8899
4561.4204 1.0008
4562.4707 0.9732
4563.5215 0.9591
4564.5728 0.9295
4565.6235 0.9766
4566.6753 0.9777
4567.7266 0.9778
4568.779 0.9564
4569.8306 0.9174
4570.8833 0.9946
4571.9355 0.97
4572.9883 0.948
4574.0415 0.8843
4575.0947 0.9377
4576.1484 0.9186
4577.202 1.0189
4578.2563 0.9688
4579.3105 0.991
4580.365 0.9713
4581.42 0.9352
4582.475 0.9755
4583.5303 0.9234
4584.585999999999 0.905
4585.6416 0.9309
4586.6978 0.9176
4587.754 0.9575
4588.8105 0.9726
4589.867 0.9555
4590.9243 0.9201
4591.9814 0.9279
4593.0386 0.9391
4594.0967 0.9743
4595.1543 0.9572
4596.2124 0.91
4597.271 0.9841
4598.3296 0.9681
4599.3887 0.9325
4600.4478 0.9503
4601.5073 0.9648
4602.567 0.9536
4603.627 0.9193
4604.687 0.9625
4605.7476 0.9697
4606.808 0.9433
4607.8687 0.953
4608.93 0.9564
4609.991 0.9563
4611.0527 0.9984
4612.1147 0.9762
4613.177 0.9746
4614.2393 1.0229
4615.302 0.9961
4616.3647 1.0215
4617.4277 0.996
4618.491 0.9579
4619.5547 0.9791
4620.6187 0.973
4621.6826 1.0175
4622.747 1.0025
4623.8115 0.9828
4624.876 1.0312
4625.9414 1.0085
4627.0063 0.9861
4628.0723 0.9973
4629.1377 1.0078
4630.2036 0.9733
4631.27 0.953
4632.3364 0.9699
4633.4033 1.0072
4634.47 0.9893
4635.5376 0.9785
4636.605 1.0129
4637.673 0.9718
4638.7407 0.9733
4639.809 0.9916
4640.8774 1.0282
4641.9463 0.9864
4643.015 0.9508
4644.0845 0.9944
4645.154 0.9596
4646.2236 0.9401
4647.2935 0.9438
4648.3640000000005 0.9642
4649.434 0.9477
4650.505 1.0043
4651.5757 0.9546
4652.647 0.9494
4653.7188 0.9925
4654.79 0.9765
4655.8623 0.9614
4656.934 0.9103
4658.0070000000005 0.9899
4659.0796 0.9878
4660.1523 0.967
4661.2256 0.8889
4662.299 0.9556
4663.3726 0.9309
4664.4463 0.9812
4665.5205 0.9797
4666.595 0.8631
4667.6694 0.9132
4668.7446 0.949
4669.82 0.9601
4670.895 0.9469
4671.9707 0.958
4673.0464 0.9709
4674.1226 1.0025
4675.1990000000005 0.9947
4676.276 0.9429
4677.3525 0.9539
4678.4297 0.9831
4679.5073 0.9784
4680.585 0.9711
4681.6626 0.9274
4682.7407 0.9586
4683.819 1.0177
4684.8975 0.9776
4685.9766 1.0533
4687.0557 1.0472
4688.1353 0.9359
4689.215 0.9566
4690.2944 1.0013
4691.3745 1.0036
4692.455 0.9737
4693.5356 0.9483
4694.616 0.9676
4695.6973 0.9445
4696.779 0.9885
4697.8604 1.0226
4698.9424 0.9793
4700.0244 0.9455
4701.107 0.9373
4702.1895 1.0089
4703.272 0.9271
4704.3555 0.915
4705.4385 0.8845
4706.522 0.9784
4707.606 0.8918
4708.69 0.9611
4709.7744 0.9246
4710.859 0.976
4711.944 0.9425
4713.029 0.9503
4714.1143 0.9958
4715.1997 0.9396
4716.2856 0.9009
4717.372 0.9321
4718.458 0.9337
4719.545 0.955
4720.6320000000005 0.9955
4721.7188 0.9563
4722.806 0.9685
4723.8936 0.9637
4724.9814 1.0194
4726.07 0.953
4727.1577 0.9653
4728.2466 0.8912
4729.3354 0.9559
4730.4243 0.979
4731.5137 0.9672
4732.6035 1.0021
4733.6934 0.9704
4734.782999999999 0.9852
4735.8735 0.9883
4736.9644 0.9812
4738.055 0.9917
4739.1465 0.9889
4740.238 0.9502
4741.329000000001 0.9632
4742.420999999999 0.9825
4743.513 0.9676
4744.6055 0.9592
4745.698 0.9619
4746.791 1.0234
4747.8843 1.0263
4748.9775 0.9574
4750.0713 0.9408
4751.165 0.9996
4752.2593 0.9999
4753.3535 0.9897
4754.448 1.0234
4755.543 1.0488
4756.638 1.0055
4757.7334 0.9857
4758.829000000001 1.0065
4759.925 0.96
4761.021 0.9653
4762.1177 0.9997
4763.2144 0.9641
4764.311 0.9634
4765.407999999999 0.9645
4766.505999999999 0.9887
4767.6035 1.0022
4768.701 0.9372
4769.7993 0.9755
4770.898 0.9606
4771.9966 0.9746
4773.095 0.9815
4774.1943 0.9795
4775.294 0.9687
4776.3936 0.9782
4777.4937 0.9986
4778.5938 0.9517
4779.6943 0.9839
4780.795 0.9614
4781.896 0.9335
4782.997 0.9789
4784.0986 0.9382
4785.2 1.0108
4786.3022 0.9612
4787.4043 0.9789
4788.5070000000005 0.9912
4789.6094 0.9643
4790.7124 0.9544
4791.816 1.005
4792.9194 0.9565
4794.023 0.9984
4795.127 1.027
4796.2314 0.93
4797.335999999999 0.9763
4798.4404 0.9375
4799.5454 0.9227
4800.651 0.9706
4801.7563 0.9951
4802.862 0.9387
4803.9683 1.0085
4805.0740000000005 0.9546
4806.1807 0.9516
4807.2876 0.9227
4808.3945 0.9425
4809.502 1.0214
4810.6094 0.9043
4811.7173 0.9837
4812.8257 0.9959
4813.9336 0.9708
4815.0425 1.0114
4816.1514 0.9465
4817.2603 0.9804
4818.3696 0.9968
4819.479 0.9748
4820.589 0.9388
4821.6990000000005 0.9497
4822.8096 0.9947
4823.92 1.0023
4825.0312 0.9311
4826.142 0.921
4827.2534 0.9708
4828.365 0.9809
4829.477 0.9305
4830.5894 0.963
4831.7017 0.9381
4832.8145 0.9274
4833.9272 0.9773
4835.0405 0.9738
4836.154 0.9604
4837.2676 0.9659
4838.3813 1.0202
4839.4956 0.9906
4840.6104 0.9174
4841.725 0.9546
4842.84 0.962
4843.955 0.9299
4845.071 0.9365
4846.1865 0.9798
4847.3022 0.938
4848.4185 0.8852
4849.535 0.9232
4850.652 0.8672
4851.769 0.8819
4852.8859999999995 0.8953
4854.004 0.8469
4855.1216 0.8183
4856.2397 0.8541
4857.358 0.7899
4858.4766 0.7968
4859.595 0.8284
4860.7144 0.7381
4861.834 0.6045
4862.9536 0.489
4864.073 0.5602
4865.1934 0.6883
4866.314 0.8192
4867.4346 0.8141
4868.555 0.8648
4869.6763 0.8175
4870.798 0.8967
4871.9194 0.8416
4873.0415 0.9001
4874.1636 0.8654
4875.286 0.8732
4876.4087 0.8803
4877.5317 0.9017
4878.6553 0.9146
4879.7783 0.8973
4880.9023 0.9251
4882.0264 0.9135
4883.1504 0.9345
4884.275 0.8876
4885.4 0.9792
4886.525 0.9332
4887.65 0.9554
4888.776 0.9245
4889.9014 0.9523
4891.0273 0.9268
4892.154 0.906
4893.2803 0.8756
4894.407 0.9654
4895.5347 0.9852
4896.6616 0.9538
4897.7896 0.9409
4898.9175 0.9328
4900.0454 0.9883
4901.174 0.9354
4902.3027 0.94
4903.4316 0.9654
4904.5605 0.9529
4905.69 0.9205
4906.82 0.9824
4907.9497 0.9731
4909.08 0.9635
4910.2104 0.9598
4911.3413 0.9634
4912.472 0.9482
4913.6035 0.9387
4914.735 0.9382
4915.8667 0.9333
4916.999 0.9857
4918.1313 0.9818
4919.2637 0.9219
4920.3965 0.9071
4921.53 0.8902
4922.663 0.902
4923.7970000000005 0.9409
4924.9307 0.905
4926.0645 0.9034
4927.1990000000005 0.9623
4928.334 0.9619
4929.4688 0.9719
4930.604 0.9552
4931.7393 0.9601
4932.875 0.9641
4934.0107 0.9879
4935.147 0.8995
4936.2837 0.9002
4937.4204 0.952
4938.5576 0.9108
4939.695 1.0058
4940.8325 0.9454
4941.97 0.9699
4943.108 0.9722
4944.2466 1.0247
4945.3853 1.0088
4946.524 0.9972
4947.663 0.9515
4948.8022 1.0222
4949.942 1.0
