3911.1108 1.0
3912.0115 0.949
3912.9124 1.0243
3913.8135 0.9972
3914.7146 0.8078
3915.6162 0.9274
3916.5178 0.907
3917.4197 0.9104
3918.3218 0.8935
3919.224 0.9083
3920.1267 0.9141
3921.0295 0.8841
3921.9324 0.9089
3922.8357 0.8392
3923.739 0.949
3924.6426 0.983
3925.5464 0.8551
3926.4504 0.8845
3927.3545 0.9842
3928.259 0.9168
3929.1636 0.8556
3930.0684 0.9178
3930.9734 0.9288
3931.8787 0.8314
3932.7842 0.7196
3933.6897 0.6364
3934.5957 0.4024
3935.5017 0.2911
3936.408 0.2645
3937.3145 0.3
3938.2212 0.4854
3939.1282 0.6828
3940.0354 0.8438
3940.9426 0.8214
3941.85 0.9474
3942.7578 1.018
3943.6658 0.9249
3944.574 0.9558
3945.4824 1.0169
3946.3909999999996 1.0492
3947.2998 0.915
3948.2087 0.9447
3949.118 0.9291
3950.0273 0.9705
3950.937 0.8652
3951.847 0.8679
3952.7568 0.9263
3953.6672 0.8844
3954.5776 0.9389
3955.4883 0.9264
3956.3992 0.8686
3957.3103 0.9416
3958.2217 0.9314
3959.1333 0.8372
3960.045 0.9578
3960.9568 0.9375
3961.869 0.8496
3962.7812 0.8692
3963.6938 0.8669
3964.6067 0.8876
3965.5198 0.8814
3966.4329 0.8202
3967.3462 0.7556
3968.26 0.6697
3969.1738 0.5214
3970.0879999999997 0.2925
3971.002 0.2203
3971.9165 0.212
3972.8313 0.3475
3973.7459999999996 0.4862
3974.6611 0.5235
3975.5764 0.6226
3976.492 0.6386
3977.4077 0.7477
3978.3237 0.762
3979.2397 0.882
3980.1562 0.8377
3981.0728 0.8495
3981.9895 0.859
3982.9065 0.8567
3983.8237 0.8375
3984.7412 0.8466
3985.6587 0.7657
3986.5767 1.042
3987.4946 0.9439
3988.4128 0.8698
3989.3313 0.8721
3990.25 0.973
3991.1690000000003 0.9247
3992.0881 0.949
3993.0073 0.9149
3993.927 0.9272
3994.8467 0.9784
3995.7666 1.0162
3996.6868 0.9765
3997.6072 0.9933
3998.5278 0.9134
3999.4485 0.8237
4000.3696 0.9359
4001.2908 0.9738
4002.2122 0.9631
4003.1338 1.046
4004.0557 1.0473
4004.9778 0.9801
4005.9001 0.9459
4006.8225 0.968
4007.7454 0.9286
4008.6682 0.9057
4009.5913 1.0003
4010.5146 1.0246
4011.4382 1.023
4012.362 1.0089
4013.2861 0.9752
4014.2102 0.929
4015.1345 1.0675
4016.0593 0.9785
4016.9841 0.9735
4017.9092 0.9918
4018.8345 0.9987
4019.7598 1.0663
4020.6855 1.0685
4021.6116 0.979
4022.5376 0.9237
4023.4639 1.097
4024.3904 0.8818
4025.3171 1.0184
4026.2441 0.9606
4027.1714 0.8759
4028.0989 0.9836
4029.0264 1.002
4029.954 0.9224
4030.8823 1.0219
4031.8105 0.9982
4032.739 0.9554
4033.6677 0.9191
4034.5964 0.8766
4035.5256 0.9811
4036.455 0.9538
4037.3845 0.9287
4038.3142 0.9625
4039.2441 0.9643
4040.1743 0.9894
4041.1047 1.0115
4042.0354 0.9833
4042.9663 0.9654
4043.8972 1.0164
4044.8286 0.9179
4045.76 0.8984
4046.6917 0.9416
4047.6235 0.9407
4048.5557 0.9099
4049.488 0.8671
4050.4204 0.977
4051.3533 1.032
4052.2861 0.9987
4053.2195 0.9727
4054.1528 0.9816
4055.0864 0.9511
4056.0203 0.9392
4056.9543 0.9125
4057.8884 1.0249
4058.823 1.0218
4059.7576 0.9681
4060.6926 0.9792
4061.6277 0.9875
4062.563 0.984
4063.4985 1.0322
4064.4343 0.946
4065.3704 0.8837
4066.3064 1.0114
4067.243 0.8961
4068.1794 0.9535
4069.1165 1.0119
4070.0535 0.9246
4070.9907 0.9899
4071.9282 1.0434
4072.866 1.0104
4073.8037 1.0018
4074.742 0.9574
4075.6804 0.9528
4076.619 1.0097
4077.5576 0.9411
4078.4966 0.9055
4079.4358 0.9608
4080.3752 0.873
4081.315 0.888
4082.255 0.9605
4083.1948 0.8778
4084.1353 0.9697
4085.0757 0.9562
4086.0164 0.9329
4086.9575 0.9152
4087.8987 0.8944
4088.8398 0.9161
4089.7815 0.9306
4090.7234 0.8973
4091.6653 0.9645
4092.6077 0.9551
4093.55 0.89
4094.4927 0.8688
4095.4358 0.9154
4096.379 0.8407
4097.3223 0.7967
4098.2656 0.7957
4099.2095 0.7791
4100.1533 0.7615
4101.0977 0.7311
4102.042 0.6929
4102.987 0.5583
4103.9316 0.4177
4104.8765 0.4108
4105.822 0.5942
4106.7676 0.6791
4107.7134 0.8068
4108.659000000001 0.7191
4109.6055 0.6518
4110.552 0.7282
4111.498 0.9205
4112.4453 0.8711
4113.392 0.7743
4114.3394 0.8725
4115.2866 0.8693
4116.2344 0.8692
4117.1826 0.9074
4118.1304 0.945
4119.079000000001 0.993
4120.0273 0.8629
4120.976 0.9019
4121.9253 0.9377
4122.8745 0.9462
4123.8237 0.9183
4124.7734 0.9028
4125.7236 0.9509
4126.6733 0.9746
4127.624 0.9647
4128.5740000000005 1.022
4129.525 1.0623
4130.476 1.007
4131.4272 0.9802
4132.379 0.9519
4133.33 0.9316
4134.282 0.9458
4135.2344 0.9584
4136.1865 0.9445
4137.139 0.9968
4138.092000000001 1.0266
4139.0444 0.9455
4139.998 1.0386
4140.951 0.9255
4141.905 1.063
4142.8584 1.0167
4143.8125 0.9985
4144.767 0.9723
4145.721 0.9904
4146.6763 0.9648
4147.630999999999 0.9537
4148.585999999999 0.9796
4149.5415 1.0127
4150.497 0.9882
4151.4526 0.9463
4152.4087 0.9469
4153.365 0.9155
4154.322 0.9735
4155.2783 1.029
4156.2354 0.9673
4157.1924 0.9588
4158.1494 0.9529
4159.107 0.9799
4160.065 0.9362
4161.023 0.9709
4161.981 1.0111
4162.9395 0.8835
4163.8984 1.0434
4164.857 1.0186
4165.8164 1.0093
4166.7754 0.8871
4167.7354 0.9384
4168.695 1.0045
4169.655 0.9913
4170.615 1.0038
4171.5757 1.0114
4172.536 0.8838
4173.497 0.9851
4174.458 0.9362
4175.4194 0.8845
4176.380999999999 0.8772
4177.343 0.9975
4178.3047 0.978
4179.267 0.9054
4180.2295 0.8594
4181.192 0.8874
4182.155 0.9735
4183.1179999999995 0.9862
4184.081 0.9371
4185.045 0.9529
4186.009 0.9873
4186.9727 0.9566
4187.9365 0.9146
4188.9014 0.8622
4189.8657 0.9219
4190.8306 0.9544
4191.795999999999 0.9466
4192.7609999999995 0.9752
4193.7266 0.9646
4194.6924 0.9778
4195.657999999999 0.9825
4196.6245 0.9722
4197.590999999999 0.9888
4198.5576 0.9611
4199.5244 0.9759
4200.4917 0.9224
4201.459 0.89
4202.4263 0.9928
4203.394 0.9218
4204.3623 0.9377
4205.33 0.8861
4206.299 0.9115
4207.2676 1.0551
4208.2363 0.9112
4209.2056 1.0014
4210.175 0.9806
4211.144 0.9223
4212.1140000000005 0.9425
4213.084 0.9412
4214.054 1.0096
4215.0244 0.9583
4215.995 1.016
4216.9663 0.9928
4217.937 0.8505
4218.9087 0.941
4219.88 0.9475
4220.852 1.0097
4221.8237 0.948
4222.795999999999 1.0094
4223.7686 0.954
4224.741 1.01
4225.714 1.0459
4226.687 0.9809
4227.6606 0.9171
4228.6343 0.8858
4229.608 0.8698
4230.582 0.9245
4231.556 0.9749
4232.531 1.0033
4233.5054 1.0249
4234.4805 0.9567
4235.4556 0.919
4236.4307 0.9268
4237.4062 0.9082
4238.3823 0.9501
4239.3584 1.0068
4240.3345 0.9642
4241.311 0.93
4242.2876 1.0636
4243.2646 0.9908
4244.2417 1.0147
4245.219 0.9544
4246.197 1.0356
4247.175 0.9869
4248.153 0.9509
4249.130999999999 0.9044
4250.1094 0.8743
4251.0884 0.9173
4252.067 0.9226
4253.0464 0.8495
4254.026 1.0059
4255.0054 0.9875
4255.9854 0.9446
4256.9653 0.9064
4257.946 0.9511
4258.9263 0.9777
4259.9067 0.9644
4260.8877 0.9778
4261.869000000001 0.9187
4262.8506 0.9593
4263.832 0.951
4264.814 0.981
4265.7964 0.9783
4266.779 1.0666
4267.7609999999995 1.0528
4268.744000000001 0.9751
4269.727 0.9832
4270.7104 0.9799
4271.694 0.9911
4272.6772 1.0213
4273.6616 0.9816
4274.6455 0.9115
4275.63 0.9483
4276.6147 0.9827
4277.5996 0.9085
4278.5845 0.9529
4279.57 0.9357
4280.555 1.0227
4281.541 1.0732
4282.527 1.0066
4283.513 1.0621
4284.4995 0.9388
4285.4863 0.9633
4286.473 0.958
4287.4604 1.0429
4288.4478 0.9461
4289.435 0.9916
4290.423 1.0367
4291.411 0.916
4292.3994 0.886
4293.3877 0.9329
4294.3765 0.9202
4295.365 1.017
4296.3545 0.9745
4297.3438 0.9196
4298.3335 0.9054
4299.323 0.9639
4300.3135 1.0065
4301.3037 0.9754
4302.2944 0.8827
4303.285 0.8458
4304.276 0.8916
4305.267 0.9422
4306.259 0.9255
4307.2505 0.9518
4308.242 1.0234
4309.2344 0.9695
4310.2266 0.9286
4311.219 0.9669
4312.212 0.9904
4313.205 1.0
4314.198 0.9723
4315.192 0.9437
4316.1855 0.8902
4317.1797 0.8255
4318.174 0.8677
4319.168 0.9431
4320.1626 0.9418
4321.1577 0.8985
4322.153 0.9644
4323.148 0.9379
4324.1436 0.9647
4325.1396 0.877
4326.1353 1.0488
4327.1320000000005 0.8792
4328.128 0.8569
4329.125 0.885
4330.1216 0.9061
4331.119000000001 0.9715
4332.116 0.9624
4333.1140000000005 0.8878
4334.112 0.8646
4335.11 0.8855
4336.1084 0.8862
4337.107 0.8589
4338.1055 0.8756
4339.1045 0.8154
4340.1035 0.7888
4341.103 0.6523
4342.103 0.5271
4343.103 0.4506
4344.103 0.4664
4345.1035 0.5494
4346.104 0.6936
4347.105 0.7751
4348.106 0.7833
4349.1074 0.8357
4350.109 0.8614
4351.1104 0.89
4352.1123 0.9286
4353.1147 0.9258
4354.117 0.8725
4355.1196 0.8532
4356.1226 0.9181
4357.126 0.9109
4358.1294 0.9358
4359.133 0.9209
4360.1367 1.0129
4361.1406 0.9188
4362.145 0.9698
4363.15 0.9912
4364.1543 0.9557
4365.1597 1.0201
4366.1646 0.9302
4367.17 0.9946
4368.1759999999995 0.9876
4369.1816 1.0258
4370.188 0.9763
4371.1943 0.9283
4372.2007 0.9922
4373.208 0.9752
4374.215 1.0027
4375.222 0.9961
4376.2295 0.9272
4377.2373 0.9938
4378.2456 0.9672
4379.254 0.8765
4380.262 0.9972
4381.271 1.0313
4382.28 0.9944
4383.289000000001 1.0189
4384.2983 1.0674
4385.308 0.944
4386.318 0.9264
4387.3279999999995 0.9171
4388.3384 0.9575
4389.349 1.0237
4390.36 0.9582
4391.3706 0.9931
4392.3823 1.0327
4393.3936 0.9946
4394.4053 1.0252
4395.4175 1.0373
4396.4297 0.9628
4397.442 0.8673
4398.4546 0.9385
4399.4673 0.9393
4400.4805 0.9707
4401.494000000001 0.9657
4402.508 1.0449
4403.5215 0.9236
4404.5356 1.0076
4405.55 0.9453
4406.5645 0.9696
4407.579000000001 0.9949
4408.594 0.9488
4409.6094 0.986
4410.625 1.0201
4411.6406 0.9687
4412.6562 1.005
4413.6724 0.9896
4414.689 1.0226
4415.7056 0.9671
4416.7227 0.9701
4417.7397 0.9003
4418.7570000000005 0.8958
4419.7744 0.9085
4420.7925 0.9069
4421.8105 0.9119
4422.8286 0.9744
4423.847 1.0137
4424.8657 0.9506
4425.885 0.9522
4426.9043 0.9639
4427.9233 0.9598
4428.9434 0.9471
4429.963 0.9674
4430.9834 1.0128
4432.004 0.9706
4433.0244 0.9625
4434.045 1.0325
4435.0664 1.0367
4436.0874 0.9912
4437.1094 0.9539
4438.130999999999 0.9298
4439.153 0.9295
4440.1753 0.9727
4441.1978 0.9559
4442.2207 0.9837
4443.2437 1.0152
4444.2666 0.9908
4445.29 0.8751
4446.314 0.9141
4447.338 0.8819
4448.362 0.912
4449.3859999999995 0.9862
4450.411 0.9275
4451.4355 0.9257
4452.460999999999 0.9073
4453.4863 0.8763
4454.5117 0.9482
4455.5376 1.023
4456.5635 0.9914
4457.59 0.9497
4458.616 0.9626
4459.643 0.9769
4460.67 0.957
4461.6973 1.0054
4462.7246 0.9727
4463.7524 0.9933
4464.7803 0.934
4465.8086 0.9732
4466.837 0.9682
4467.8657 0.9537
4468.8945 0.9601
4469.924 0.9708
4470.9529999999995 0.9629
4471.9824 0.8887
4473.0127 0.8834
4474.0425 0.949
4475.0728 0.9653
4476.1035 0.9724
4477.1343 0.9486
4478.165 0.9437
4479.1963 1.0131
4480.228 0.9994
4481.26 1.0082
4482.2915 1.0282
4483.3237 0.9436
4484.3564 0.8999
4485.389 0.9199
4486.4220000000005 0.913
4487.455 0.988
4488.4883 1.0021
4489.522 0.9814
4490.556 1.0152
4491.59 1.0129
4492.6245 0.9628
4493.659000000001 0.9754
4494.694 0.898
4495.729 0.9668
4496.764 0.9598
4497.8 0.9776
4498.8354 0.9773
4499.8716 0.9355
4500.9077 0.9884
4501.9443 1.1193
4502.981 0.9425
4504.018 0.9449
4505.055 0.9268
4506.093 0.9675
4507.1304 0.943
4508.168 1.0026
4509.2065 0.9827
4510.2446 0.9768
4511.282999999999 0.9403
4512.3223 0.937
4513.3613 0.9896
4514.401 0.9931
4515.4404 1.0087
4516.48 0.9859
4517.5205 0.9648
4518.5605 0.9443
4519.601 0.922
4520.642 1.0178
4521.683 0.9928
4522.724 0.9501
4523.7656 0.9676
4524.8076 0.8842
4525.8496 0.9581
4526.8916 0.9697
4527.934 0.9606
4528.977 0.9908
4530.02 1.029
4531.063 0.9398
4532.1064 0.9153
4533.1504 1.0317
4534.1943 0.9266
4535.2383 0.9791
4536.2827 0.873
4537.327 0.8775
4538.372 0.8967
4539.4175 0.9108
4540.463 0.9377
4541.5083 1.0048
4542.554 0.9788
4543.6 0.9445
4544.6465 0.9176
4545.693 0.9694
4546.7397 0.9754
4547.787 0.9464
4548.8345 0.9872
4549.8820000000005 1.0084
4550.9297 0.9974
4551.9775 0.8914
4553.026 0.872
4554.0740000000005 0.9073
4555.123 0.973
4556.1720000000005 0.9693
4557.221 0.9177
4558.2705 0.927
4559.3203 0.9214
4560.37 0.9516
4561.4204 0.9483
4562.4707 0.931
4563.5215 1.0338
4564.5728 1.0081
4565.6235 0.9475
4566.6753 0.9069
4567.7266 0.9865
4568.779 0.9404
4569.8306 0.9702
4570.8833 0.9411
4571.9355 1.0036
4572.9883 1.0186
4574.0415 0.9273
4575.0947 0.8996
4576.1484 0.8521
4577.202 0.9458
4578.2563 1.0419
4579.3105 0.9094
4580.365 0.9738
4581.42 0.9424
4582.475 0.9765
4583.5303 0.9549
4584.585999999999 1.0035
4585.6416 0.9216
4586.6978 0.9034
4587.754 0.9135
4588.8105 0.9339
4589.867 0.9524
4590.9243 0.9345
4591.9814 0.9512
4593.0386 0.9449
4594.0967 0.9821
4595.1543 1.0064
4596.2124 0.9607
4597.271 0.9847
4598.3296 0.983
4599.3887 0.9652
4600.4478 0.9833
4601.5073 1.0031
4602.567 1.0179
4603.627 0.9958
4604.687 0.9638
4605.7476 0.9602
4606.808 0.9553
4607.8687 0.9597
4608.93 0.9921
4609.991 0.944
4611.0527 0.9745
4612.1147 1.0091
4613.177 1.0225
4614.2393 1.0167
4615.302 0.9865
4616.3647 0.9723
4617.4277 1.0163
4618.491 1.0008
4619.5547 0.95
4620.6187 0.9963
4621.6826 0.9786
4622.747 0.9346
4623.8115 0.977
4624.876 0.9483
4625.9414 0.9702
4627.0063 1.0043
4628.0723 0.9578
4629.1377 1.0207
4630.2036 0.9901
4631.27 0.9472
4632.3364 0.9404
4633.4033 0.9417
4634.47 0.9128
4635.5376 0.9276
4636.605 0.9511
4637.673 0.9618
4638.7407 0.9789
4639.809 0.9716
4640.8774 0.9416
4641.9463 0.9711
4643.015 1.0009
4644.0845 1.0092
4645.154 1.0135
4646.2236 0.9833
4647.2935 0.9806
4648.3640000000005 1.004
4649.434 1.029
4650.505 1.006
4651.5757 0.9347
4652.647 0.9991
4653.7188 0.9968
4654.79 1.0388
4655.8623 0.9545
4656.934 0.9879
4658.0070000000005 0.9591
4659.0796 0.9111
4660.1523 0.9755
4661.2256 0.9315
4662.299 0.9595
4663.3726 1.0568
4664.4463 0.9392
4665.5205 1.0096
4666.595 0.9691
4667.6694 0.9737
4668.7446 1.0168
4669.82 0.9391
4670.895 0.9558
4671.9707 0.9736
4673.0464 0.9702
4674.1226 0.9723
4675.1990000000005 0.9717
4676.276 0.9835
4677.3525 0.995
4678.4297 0.9717
4679.5073 1.0001
4680.585 0.9617
4681.6626 0.965
4682.7407 0.9633
4683.819 1.0189
4684.8975 0.999
4685.9766 0.9999
4687.0557 1.0071
4688.1353 0.9823
4689.215 0.9848
4690.2944 0.9682
4691.3745 0.9899
4692.455 0.993
4693.5356 1.0062
4694.616 1.0072
4695.6973 0.9516
4696.779 0.9657
4697.8604 0.9895
4698.9424 0.9881
4700.0244 0.9999
4701.107 1.0009
4702.1895 1.0207
4703.272 0.9885
4704.3555 1.0258
4705.4385 0.9782
4706.522 0.8727
4707.606 1.0135
4708.69 0.9686
4709.7744 0.951
4710.859 0.9817
4711.944 0.944
4713.029 0.9678
4714.1143 1.0486
4715.1997 0.9845
4716.2856 1.015
4717.372 0.9097
4718.458 0.9398
4719.545 1.0179
4720.6320000000005 1.0163
4721.7188 1.0119
4722.806 0.9751
4723.8936 0.9831
4724.9814 0.9834
4726.07 0.9567
4727.1577 0.974
4728.2466 1.0051
4729.3354 1.0253
4730.4243 0.9933
4731.5137 0.9996
4732.6035 1.016
4733.6934 0.9493
4734.782999999999 0.9108
4735.8735 0.9775
4736.9644 1.0357
4738.055 0.9743
4739.1465 0.9908
4740.238 0.9768
4741.329000000001 0.9911
4742.420999999999 1.0215
4743.513 0.9874
4744.6055 1.0076
4745.698 0.9169
4746.791 1.0141
4747.8843 0.9788
4748.9775 0.9966
4750.0713 0.9871
4751.165 0.9582
4752.2593 1.0003
4753.3535 0.9878
4754.448 0.9623
4755.543 0.9638
4756.638 0.9505
4757.7334 0.968
4758.829000000001 0.9624
4759.925 1.0194
4761.021 0.9725
4762.1177 1.0007
4763.2144 0.9508
4764.311 0.9836
4765.407999999999 0.9677
4766.505999999999 0.9576
4767.6035 0.9353
4768.701 0.9606
4769.7993 0.9962
4770.898 1.0184
4771.9966 0.9945
4773.095 0.9683
4774.1943 0.9637
4775.294 0.9914
4776.3936 0.9862
4777.4937 0.9573
4778.5938 0.9877
4779.6943 0.967
4780.795 0.9347
4781.896 0.9816
4782.997 0.9771
4784.0986 0.944
4785.2 0.9462
4786.3022 0.9915
4787.4043 1.0124
4788.5070000000005 1.024
4789.6094 0.972
4790.7124 0.9371
4791.816 0.9725
4792.9194 0.9454
4794.023 0.9225
4795.127 0.9543
4796.2314 0.9419
4797.335999999999 1.0101
4798.4404 0.968
4799.5454 0.9362
4800.651 0.993
4801.7563 1.0417
4802.862 0.9939
4803.9683 0.9858
4805.0740000000005 0.9731
4806.1807 1.0244
4807.2876 0.9314
4808.3945 0.9532
4809.502 0.9388
4810.6094 0.9895
4811.7173 1.0178
4812.8257 1.0097
4813.9336 0.9876
4815.0425 0.9682
4816.1514 1.003
4817.2603 1.0026
4818.3696 0.9719
4819.479 0.968
4820.589 0.9721
4821.6990000000005 0.9845
4822.8096 1.0003
4823.92 1.0037
4825.0312 1.0023
4826.142 0.98
4827.2534 0.9462
4828.365 0.9903
4829.477 0.997
4830.5894 0.9291
4831.7017 1.0161
4832.8145 0.9642
4833.9272 0.9848
4835.0405 1.0041
4836.154 0.9171
4837.2676 0.9557
4838.3813 0.9394
4839.4956 0.9781
4840.6104 0.982
4841.725 0.9803
4842.84 0.9854
4843.955 0.9819
4845.071 0.9949
4846.1865 0.9764
4847.3022 0.9273
4848.4185 0.9798
4849.535 0.9739
4850.652 0.9172
4851.769 0.9102
4852.8859999999995 0.9235
4854.004 0.91
4855.1216 0.894
4856.2397 0.8744
4857.358 0.8838
4858.4766 0.8071
4859.595 0.7994
4860.7144 0.8734
4861.834 0.8287
4862.9536 0.6262
4864.073 0.4286
4865.1934 0.4252
4866.314 0.5828
4867.4346 0.7385
4868.555 0.7914
4869.6763 0.7944
4870.798 0.8581
4871.9194 0.8902
4873.0415 0.88
4874.1636 0.8745
4875.286 0.849
4876.4087 0.8914
4877.5317 0.9292
4878.6553 0.9493
4879.7783 0.9718
4880.9023 0.9027
4882.0264 0.9575
4883.1504 0.9256
4884.275 1.0002
4885.4 0.9408
4886.525 0.9434
4887.65 0.9738
4888.776 0.9395
4889.9014 0.9377
4891.0273 0.9723
4892.154 0.9415
4893.2803 0.8923
4894.407 0.8879
4895.5347 0.9126
4896.6616 0.9467
4897.7896 0.96
4898.9175 1.0099
4900.0454 1.0235
4901.174 0.9571
4902.3027 0.9766
4903.4316 0.9891
4904.5605 0.9273
4905.69 0.9934
4906.82 0.9836
4907.9497 0.9542
4909.08 0.9905
4910.2104 0.9568
4911.3413 0.966
4912.472 0.9926
4913.6035 0.9403
4914.735 0.937
4915.8667 0.9809
4916.999 1.0003
4918.1313 0.9763
4919.2637 0.9927
4920.3965 1.0194
4921.53 0.9643
4922.663 0.9553
4923.7970000000005 0.9271
4924.9307 0.9552
4926.0645 0.9191
4927.1990000000005 0.8462
4928.334 0.8887
4929.4688 0.9614
4930.604 0.9896
4931.7393 0.9713
4932.875 0.9703
4934.0107 0.9945
4935.147 0.9947
4936.2837 0.9654
4937.4204 0.909
4938.5576 0.9674
4939.695 1.0237
4940.8325 0.9872
4941.97 0.9798
4943.108 0.9909
4944.2466 0.9635
4945.3853 1.0021
4946.524 1.0084
4947.663 0.976
4948.8022 0.996
4949.942 1.0
