3911.1108 1.0
3912.0115 0.9813
3912.9124 1.0244
3913.8135 0.9821
3914.7146 0.9384
3915.6162 0.9905
3916.5178 0.938
3917.4197 0.9921
3918.3218 0.982
3919.224 0.9688
3920.1267 0.9582
3921.0295 0.9969
3921.9324 0.9616
3922.8357 0.9966
3923.739 1.0228
3924.6426 0.9544
3925.5464 1.0087
3926.4504 0.9591
3927.3545 0.99
3928.259 0.874
3929.1636 0.8685
3930.0684 0.8161
3930.9734 0.7809
3931.8787 0.6747
3932.7842 0.5429
3933.6897 0.3438
3934.5957 0.259
3935.5017 0.2972
3936.408 0.4137
3937.3145 0.6233
3938.2212 0.7321
3939.1282 0.8274
3940.0354 0.9108
3940.9426 0.9052
3941.85 0.9753
3942.7578 1.0023
3943.6658 0.961
3944.574 0.97
3945.4824 0.9772
3946.3909999999996 0.9636
3947.2998 0.9772
3948.2087 0.9697
3949.118 0.958
3950.0273 0.974
3950.937 0.9488
3951.847 0.9467
3952.7568 0.9694
3953.6672 0.9423
3954.5776 0.9348
3955.4883 0.9843
3956.3992 0.9518
3957.3103 0.9276
3958.2217 0.9379
3959.1333 0.9273
3960.045 0.9844
3960.9568 0.916
3961.869 0.882
3962.7812 0.9112
3963.6938 0.8702
3964.6067 0.8224
3965.5198 0.779
3966.4329 0.696
3967.3462 0.5762
3968.26 0.4206
3969.1738 0.3273
3970.0879999999997 0.2825
3971.002 0.2838
3971.9165 0.3946
3972.8313 0.5221
3973.7459999999996 0.5941
3974.6611 0.6994
3975.5764 0.7487
3976.492 0.7906
3977.4077 0.8421
3978.3237 0.8346
3979.2397 0.9031
3980.1562 0.8677
3981.0728 0.9379
3981.9895 0.8738
3982.9065 0.9181
3983.8237 0.8703
3984.7412 0.9176
3985.6587 0.9316
3986.5767 0.9715
3987.4946 0.9345
3988.4128 0.9199
3989.3313 0.9783
3990.25 0.9652
3991.1690000000003 1.0122
3992.0881 0.9445
3993.0073 0.988
3993.927 1.0117
3994.8467 0.9673
3995.7666 0.9553
3996.6868 0.9797
3997.6072 0.9284
3998.5278 0.9479
3999.4485 0.9189
4000.3696 0.9818
4001.2908 0.9652
4002.2122 0.9877
4003.1338 0.9894
4004.0557 0.9606
4004.9778 0.9695
4005.9001 0.9746
4006.8225 0.9777
4007.7454 0.8793
4008.6682 0.998
4009.5913 0.9898
4010.5146 0.9777
4011.4382 1.003
4012.362 0.9525
4013.2861 0.9882
4014.2102 0.974
4015.1345 1.0
4016.0593 1.0004
4016.9841 0.9815
4017.9092 1.0019
4018.8345 0.9985
4019.7598 1.0361
4020.6855 1.0093
4021.6116 1.0121
4022.5376 1.0046
4023.4639 0.9595
4024.3904 0.9497
4025.3171 0.9661
4026.2441 0.9464
4027.1714 0.9911
4028.0989 0.9858
4029.0264 1.024
4029.954 0.9502
4030.8823 0.9281
4031.8105 0.97
4032.739 0.9219
4033.6677 0.932
4034.5964 0.898
4035.5256 0.9434
4036.455 0.9448
4037.3845 0.9485
4038.3142 1.0142
4039.2441 1.0508
4040.1743 1.0728
4041.1047 1.0297
4042.0354 0.9848
4042.9663 0.9664
4043.8972 0.9565
4044.8286 0.9555
4045.76 0.9677
4046.6917 0.9402
4047.6235 0.9245
4048.5557 0.9648
4049.488 0.978
4050.4204 1.0045
4051.3533 1.0033
4052.2861 1.0323
4053.2195 1.0026
4054.1528 0.9729
4055.0864 0.961
4056.0203 0.9427
4056.9543 0.9603
4057.8884 0.9641
4058.823 0.96
4059.7576 0.9559
4060.6926 0.9855
4061.6277 0.9961
4062.563 0.9689
4063.4985 0.9506
4064.4343 0.9291
4065.3704 0.9684
4066.3064 0.9279
4067.243 0.9529
4068.1794 0.998
4069.1165 1.0002
4070.0535 0.9726
4070.9907 0.9564
4071.9282 0.9463
4072.866 0.965
4073.8037 0.9572
4074.742 0.9834
4075.6804 0.9972
4076.619 0.9589
4077.5576 0.9722
4078.4966 0.8656
4079.4358 0.9149
4080.3752 0.9619
4081.315 0.9595
4082.255 0.9747
4083.1948 1.0077
4084.1353 0.9936
4085.0757 0.9659
4086.0164 0.9406
4086.9575 0.9512
4087.8987 0.9598
4088.8398 1.004
4089.7815 0.9746
4090.7234 0.962
4091.6653 0.9672
4092.6077 0.9839
4093.55 0.9106
4094.4927 0.9461
4095.4358 0.8806
4096.379 0.8953
4097.3223 0.8263
4098.2656 0.8004
4099.2095 0.7844
4100.1533 0.7544
4101.0977 0.6706
4102.042 0.5574
4102.987 0.5193
4103.9316 0.5384
4104.8765 0.6329
4105.822 0.7528
4106.7676 0.7794
4107.7134 0.8091
4108.659000000001 0.8621
4109.6055 0.8765
4110.552 0.8478
4111.498 0.9199
4112.4453 0.899
4113.392 0.9392
4114.3394 0.9886
4115.2866 0.97
4116.2344 0.9462
4117.1826 0.9462
4118.1304 0.9822
4119.079000000001 0.92
4120.0273 0.9542
4120.976 0.922
4121.9253 0.9165
4122.8745 0.9153
4123.8237 0.9189
4124.7734 0.9649
4125.7236 0.9629
4126.6733 0.9639
4127.624 0.9729
4128.5740000000005 0.9188
4129.525 0.953
4130.476 0.9574
4131.4272 0.9573
4132.379 0.9875
4133.33 0.946
4134.282 0.9339
4135.2344 0.9574
4136.1865 0.9353
4137.139 0.9609
4138.092000000001 1.0148
4139.0444 1.0206
4139.998 0.998
4140.951 0.986
4141.905 1.0132
4142.8584 1.0407
4143.8125 0.9606
4144.767 0.8947
4145.721 0.9388
4146.6763 0.9458
4147.630999999999 0.9928
4148.585999999999 1.0144
4149.5415 0.9923
4150.497 0.9904
4151.4526 0.9489
4152.4087 0.9829
4153.365 0.9855
4154.322 0.9658
4155.2783 0.9526
4156.2354 0.926
4157.1924 0.9669
4158.1494 1.0005
4159.107 0.9975
4160.065 0.9658
4161.023 0.9437
4161.981 0.9879
4162.9395 0.9911
4163.8984 0.9453
4164.857 1.0169
4165.8164 1.0082
4166.7754 1.0024
4167.7354 0.9903
4168.695 1.0099
4169.655 0.9661
4170.615 1.0007
4171.5757 0.9765
4172.536 0.9921
4173.497 0.9014
4174.458 0.8908
4175.4194 0.8991
4176.380999999999 0.9234
4177.343 0.9322
4178.3047 0.9583
4179.267 0.9202
4180.2295 0.9284
4181.192 0.9203
4182.155 0.9707
4183.1179999999995 0.9331
4184.081 0.9339
4185.045 0.984
4186.009 0.9475
4186.9727 0.9693
4187.9365 0.9602
4188.9014 0.929
4189.8657 0.9443
4190.8306 0.9669
4191.795999999999 0.9801
4192.7609999999995 0.9838
4193.7266 0.9693
4194.6924 1.0094
4195.657999999999 1.0144
4196.6245 0.9739
4197.590999999999 1.0097
4198.5576 0.9725
4199.5244 0.9499
4200.4917 0.9428
4201.459 0.9666
4202.4263 0.9347
4203.394 0.9521
4204.3623 0.9366
4205.33 0.9731
4206.299 0.9907
4207.2676 1.0088
4208.2363 0.9603
4209.2056 1.0007
4210.175 0.9662
4211.144 0.9916
4212.1140000000005 0.9503
4213.084 0.9902
4214.054 1.01
4215.0244 1.0015
4215.995 0.9686
4216.9663 0.92
4217.937 0.9215
4218.9087 0.939
4219.88 0.9847
4220.852 0.9978
4221.8237 0.9845
4222.795999999999 0.9856
4223.7686 0.974
4224.741 0.961
4225.714 0.9649
4226.687 0.9154
4227.6606 0.8675
4228.6343 0.8803
4229.608 0.9463
4230.582 0.9663
4231.556 1.0211
4232.531 0.9925
4233.5054 0.956
4234.4805 0.953
4235.4556 0.9575
4236.4307 0.9656
4237.4062 0.9624
4238.3823 0.9666
4239.3584 0.9778
4240.3345 0.9803
4241.311 1.0124
4242.2876 0.9921
4243.2646 0.9564
4244.2417 1.0009
4245.219 1.0067
4246.197 0.982
4247.175 0.9445
4248.153 0.9525
4249.130999999999 0.9355
4250.1094 0.928
4251.0884 0.9444
4252.067 0.9162
4253.0464 0.9577
4254.026 0.9731
4255.0054 0.9706
4255.9854 0.9543
4256.9653 0.9866
4257.946 0.9956
4258.9263 0.9868
4259.9067 0.9598
4260.8877 0.989
4261.869000000001 0.9751
4262.8506 0.9534
4263.832 0.9894
4264.814 1.0282
4265.7964 1.0189
4266.779 1.0223
4267.7609999999995 1.0436
4268.744000000001 1.0049
4269.727 0.9916
4270.7104 0.9671
4271.694 0.9569
4272.6772 0.8832
4273.6616 0.9343
4274.6455 0.9368
4275.63 0.9531
4276.6147 0.9666
4277.5996 0.9722
4278.5845 0.9898
4279.57 1.009
4280.555 1.0549
4281.541 1.004
4282.527 0.9861
4283.513 0.9557
4284.4995 0.9605
4285.4863 1.002
4286.473 0.9764
4287.4604 1.0041
4288.4478 0.9284
4289.435 0.9483
4290.423 0.8909
4291.411 0.865
4292.3994 0.884
4293.3877 0.9422
4294.3765 0.9291
4295.365 0.9484
4296.3545 0.9494
4297.3438 0.9531
4298.3335 0.9334
4299.323 0.9175
4300.3135 0.9166
4301.3037 0.8687
4302.2944 0.8521
4303.285 0.8623
4304.276 0.8729
4305.267 0.9435
4306.259 0.9652
4307.2505 0.957
4308.242 0.9101
4309.2344 0.9097
4310.2266 0.9199
4311.219 0.952
4312.212 0.9635
4313.205 0.9468
4314.198 0.9238
4315.192 0.8579
4316.1855 0.901
4317.1797 0.9
4318.174 0.9782
4319.168 0.9883
4320.1626 0.9442
4321.1577 0.9451
4322.153 0.9566
4323.148 0.9646
4324.1436 0.9756
4325.1396 0.9347
4326.1353 0.8758
4327.1320000000005 0.8867
4328.128 0.9249
4329.125 0.9423
4330.1216 0.9094
4331.119000000001 0.9073
4332.116 0.9596
4333.1140000000005 0.9094
4334.112 0.8964
4335.11 0.8909
4336.1084 0.879
4337.107 0.8482
4338.1055 0.7688
4339.1045 0.7027
4340.1035 0.6136
4341.103 0.545
4342.103 0.5267
4343.103 0.5571
4344.103 0.6752
4345.1035 0.7623
4346.104 0.7966
4347.105 0.8362
4348.106 0.874
4349.1074 0.9236
4350.109 0.9198
4351.1104 0.9029
4352.1123 0.8936
4353.1147 0.8962
4354.117 0.9076
4355.1196 0.8976
4356.1226 0.9697
4357.126 1.024
4358.1294 0.9905
4359.133 0.9696
4360.1367 0.9553
4361.1406 0.9632
4362.145 1.0114
4363.15 0.9872
4364.1543 1.0135
4365.1597 1.0243
4366.1646 0.998
4367.17 1.0352
4368.1759999999995 1.0128
4369.1816 0.9509
4370.188 0.932
4371.1943 0.991
4372.2007 1.0075
4373.208 0.9937
4374.215 1.0142
4375.222 0.9431
4376.2295 0.9624
4377.2373 0.9512
4378.2456 1.0052
4379.254 0.9953
4380.262 1.023
4381.271 0.9573
4382.28 1.0361
4383.289000000001 0.9779
4384.2983 0.9345
4385.308 0.8901
4386.318 0.9241
4387.3279999999995 0.9287
4388.3384 0.9845
4389.349 0.9674
4390.36 1.0067
4391.3706 0.9999
4392.3823 1.0054
4393.3936 0.9688
4394.4053 0.9759
4395.4175 0.9225
4396.4297 0.8884
4397.442 0.9519
4398.4546 0.976
4399.4673 0.9726
4400.4805 0.9556
4401.494000000001 0.9174
4402.508 0.9719
4403.5215 0.9593
4404.5356 0.9928
4405.55 0.9484
4406.5645 0.9857
4407.579000000001 0.9516
4408.594 0.9692
4409.6094 0.9733
4410.625 1.0118
4411.6406 0.9684
4412.6562 0.9955
4413.6724 0.9925
4414.689 0.9598
4415.7056 0.9615
4416.7227 0.9262
4417.7397 0.9148
4418.7570000000005 0.8891
4419.7744 0.9321
4420.7925 0.9484
4421.8105 0.97
4422.8286 1.0223
4423.847 0.9739
4424.8657 0.9608
4425.885 0.9875
4426.9043 0.9763
4427.9233 0.9772
4428.9434 0.9471
4429.963 0.9825
4430.9834 0.9938
4432.004 0.9796
4433.0244 1.0126
4434.045 0.9804
4435.0664 0.9716
4436.0874 0.947
4437.1094 0.9587
4438.130999999999 0.9883
4439.153 1.0052
4440.1753 1.0177
4441.1978 1.0009
4442.2207 0.9659
4443.2437 0.9436
4444.2666 0.9082
4445.29 0.8933
4446.314 0.9317
4447.338 0.9748
4448.362 0.9851
4449.3859999999995 0.9811
4450.411 0.9715
4451.4355 0.9539
4452.460999999999 0.957
4453.4863 0.967
4454.5117 0.9629
4455.5376 0.9333
4456.5635 0.9264
4457.59 0.963
4458.616 0.9563
4459.643 0.9281
4460.67 0.9628
4461.6973 0.9899
4462.7246 0.9658
4463.7524 0.9438
4464.7803 0.9517
4465.8086 0.9514
4466.837 0.9577
4467.8657 0.9613
4468.8945 0.9551
4469.924 0.9522
4470.9529999999995 0.9095
4471.9824 0.9331
4473.0127 0.9854
4474.0425 1.0188
4475.0728 1.0002
4476.1035 0.9758
4477.1343 0.9984
4478.165 0.9921
4479.1963 0.9824
4480.228 0.9937
4481.26 0.9968
4482.2915 0.9277
4483.3237 0.9092
4484.3564 0.9279
4485.389 0.9483
4486.4220000000005 1.0036
4487.455 0.9922
4488.4883 0.9896
4489.522 0.959
4490.556 0.9523
4491.59 0.9525
4492.6245 0.9478
4493.659000000001 0.9442
4494.694 0.972
4495.729 0.9738
4496.764 0.9819
4497.8 0.9844
4498.8354 0.9993
4499.8716 1.0034
4500.9077 0.9846
4501.9443 0.9744
4502.981 0.9479
4504.018 0.9722
4505.055 1.0145
4506.093 1.0353
4507.1304 0.9958
4508.168 0.9345
4509.2065 0.9877
4510.2446 0.9516
4511.282999999999 1.0052
4512.3223 1.0133
4513.3613 0.9955
4514.401 1.0081
4515.4404 0.9767
4516.48 0.9585
4517.5205 0.9498
4518.5605 0.9899
4519.601 0.9837
4520.642 0.9703
4521.683 0.9713
4522.724 0.9456
4523.7656 0.9727
4524.8076 0.9708
4525.8496 0.9597
4526.8916 0.9746
4527.934 0.9695
4528.977 0.9627
4530.02 0.9163
4531.063 0.9244
4532.1064 0.9358
4533.1504 0.9708
4534.1943 0.9377
4535.2383 0.9141
4536.2827 0.9109
4537.327 0.9594
4538.372 1.0106
4539.4175 1.0224
4540.463 1.0176
4541.5083 0.999
4542.554 0.9846
4543.6 0.9897
4544.6465 1.011
4545.693 1.0039
4546.7397 0.964
4547.787 0.9737
4548.8345 0.9877
4549.8820000000005 0.936
4550.9297 0.9017
4551.9775 0.9257
4553.026 0.9372
4554.0740000000005 0.9398
4555.123 0.9529
4556.1720000000005 0.9146
4557.221 0.9317
4558.2705 0.9895
4559.3203 0.9684
4560.37 0.9614
4561.4204 0.9722
4562.4707 0.9822
4563.5215 0.9635
4564.5728 0.9429
4565.6235 0.941
4566.6753 0.9385
4567.7266 0.9908
4568.779 1.0011
4569.8306 0.9842
4570.8833 0.9789
4571.9355 0.9583
4572.9883 0.932
4574.0415 0.9491
4575.0947 0.9611
4576.1484 0.985
4577.202 0.9715
4578.2563 0.9688
4579.3105 0.9641
4580.365 0.9418
4581.42 0.9902
4582.475 0.9714
4583.5303 0.9402
4584.585999999999 0.9578
4585.6416 0.9392
4586.6978 0.9479
4587.754 0.9704
4588.8105 0.9658
4589.867 0.959
4590.9243 0.9587
4591.9814 0.9884
4593.0386 0.975
4594.0967 0.9676
4595.1543 0.9894
4596.2124 0.9864
4597.271 0.9708
4598.3296 1.0134
4599.3887 1.0039
4600.4478 1.0146
4601.5073 0.9823
4602.567 0.996
4603.627 0.9954
4604.687 0.9653
4605.7476 0.9489
4606.808 0.9914
4607.8687 1.0165
4608.93 0.9964
4609.991 0.9733
4611.0527 0.9998
4612.1147 0.9991
4613.177 0.9632
4614.2393 0.9807
4615.302 1.0311
4616.3647 0.9863
4617.4277 0.9919
4618.491 0.9622
4619.5547 0.988
4620.6187 0.9774
4621.6826 0.9528
4622.747 0.9509
4623.8115 0.9889
4624.876 0.9904
4625.9414 0.9761
4627.0063 1.0073
4628.0723 0.9928
4629.1377 0.9709
4630.2036 0.9658
4631.27 0.9429
4632.3364 0.9727
4633.4033 0.9512
4634.47 1.0037
4635.5376 1.0086
4636.605 0.9937
4637.673 0.9735
4638.7407 0.9851
4639.809 0.9861
4640.8774 0.9787
4641.9463 1.0411
4643.015 0.9761
4644.0845 0.9756
4645.154 0.9912
4646.2236 0.9668
4647.2935 0.9735
4648.3640000000005 0.9864
4649.434 0.979
4650.505 1.0028
4651.5757 1.0067
4652.647 0.9869
4653.7188 0.9958
4654.79 0.9857
4655.8623 0.9667
4656.934 0.9802
4658.0070000000005 0.9725
4659.0796 0.9772
4660.1523 1.0044
4661.2256 1.0201
4662.299 1.0175
4663.3726 1.0043
4664.4463 0.991
4665.5205 0.9976
4666.595 1.0063
4667.6694 0.9898
4668.7446 0.9822
4669.82 0.9709
4670.895 0.9603
4671.9707 0.9827
4673.0464 0.98
4674.1226 0.9725
4675.1990000000005 0.9896
4676.276 0.9924
4677.3525 1.016
4678.4297 0.9914
4679.5073 0.9862
4680.585 1.013
4681.6626 0.9858
4682.7407 1.0115
4683.819 1.0071
4684.8975 1.0041
4685.9766 1.0147
4687.0557 0.9959
4688.1353 0.9803
4689.215 1.0078
4690.2944 0.9891
4691.3745 0.9974
4692.455 0.9876
4693.5356 0.9954
4694.616 0.9874
4695.6973 0.9843
4696.779 0.9981
4697.8604 0.9919
4698.9424 1.0105
4700.0244 0.9556
4701.107 0.9871
4702.1895 0.9725
4703.272 0.9661
4704.3555 0.9623
4705.4385 0.9791
4706.522 1.0049
4707.606 0.9644
4708.69 1.014
4709.7744 0.9675
4710.859 0.9937
4711.944 0.9809
4713.029 0.9837
4714.1143 0.9917
4715.1997 0.9691
4716.2856 0.9911
4717.372 0.9896
4718.458 1.0141
4719.545 0.9912
4720.6320000000005 0.9997
4721.7188 1.0242
4722.806 0.9683
4723.8936 0.994
4724.9814 1.0203
4726.07 1.0015
4727.1577 1.0121
4728.2466 1.0163
4729.3354 0.962
4730.4243 0.9696
4731.5137 0.9858
4732.6035 0.954
4733.6934 0.9544
4734.782999999999 0.9965
4735.8735 0.9656
4736.9644 0.9698
4738.055 0.9827
4739.1465 0.9678
4740.238 0.9768
4741.329000000001 0.9961
4742.420999999999 0.9955
4743.513 0.9565
4744.6055 0.9915
4745.698 0.9906
4746.791 0.9866
4747.8843 0.9905
4748.9775 0.9866
4750.0713 0.985
4751.165 0.9892
4752.2593 1.0009
4753.3535 0.9739
4754.448 0.9809
4755.543 1.0096
4756.638 1.006
4757.7334 1.0035
4758.829000000001 0.995
4759.925 0.979
4761.021 1.01
4762.1177 0.995
4763.2144 0.9851
4764.311 0.969
4765.407999999999 0.9694
4766.505999999999 0.9855
4767.6035 0.9747
4768.701 0.9861
4769.7993 0.9843
4770.898 0.9904
4771.9966 0.9759
4773.095 0.9915
4774.1943 0.9868
4775.294 0.9537
4776.3936 0.9846
4777.4937 1.006
4778.5938 0.9881
4779.6943 1.0038
4780.795 0.9949
4781.896 0.959
4782.997 0.9812
4784.0986 0.9972
4785.2 0.9921
4786.3022 0.9965
4787.4043 0.9888
4788.5070000000005 0.9637
4789.6094 0.9773
4790.7124 0.9849
4791.816 0.9964
4792.9194 0.9891
4794.023 0.9721
4795.127 1.0011
4796.2314 0.9945
4797.335999999999 0.9784
4798.4404 0.9913
4799.5454 0.995
4800.651 0.9867
4801.7563 0.9764
4802.862 1.018
4803.9683 1.0153
4805.0740000000005 0.9785
4806.1807 0.951
4807.2876 0.9928
4808.3945 0.973
4809.502 0.9763
4810.6094 0.9969
4811.7173 0.9791
4812.8257 0.9921
4813.9336 0.9989
4815.0425 0.9822
4816.1514 0.9736
4817.2603 0.9998
4818.3696 0.9704
4819.479 0.9871
4820.589 1.0061
4821.6990000000005 1.0057
4822.8096 0.9925
4823.92 0.9589
4825.0312 0.9752
4826.142 0.9501
4827.2534 0.9599
4828.365 0.9686
4829.477 0.9727
4830.5894 0.9816
4831.7017 0.9742
4832.8145 0.9851
4833.9272 0.9768
4835.0405 0.9473
4836.154 0.9943
4837.2676 0.9926
4838.3813 0.973
4839.4956 1.0082
4840.6104 0.9747
4841.725 0.97
4842.84 0.9855
4843.955 0.9742
4845.071 0.956
4846.1865 1.0001
4847.3022 0.9423
4848.4185 0.9406
4849.535 0.95
4850.652 0.9285
4851.769 0.947
4852.8859999999995 0.9448
4854.004 0.9223
4855.1216 0.904
4856.2397 0.8902
4857.358 0.8631
4858.4766 0.8353
4859.595 0.8022
4860.7144 0.7212
4861.834 0.5934
4862.9536 0.532
4864.073 0.6009
4865.1934 0.6978
4866.314 0.7658
4867.4346 0.8246
4868.555 0.8697
4869.6763 0.9079
4870.798 0.9193
4871.9194 0.8845
4873.0415 0.8858
4874.1636 0.9006
4875.286 0.909
4876.4087 0.9491
4877.5317 0.9506
4878.6553 0.9327
4879.7783 0.9392
4880.9023 0.9373
4882.0264 0.9558
4883.1504 0.9721
4884.275 0.9642
4885.4 0.9761
4886.525 0.9895
4887.65 0.9639
4888.776 0.9784
4889.9014 0.9624
4891.0273 0.9375
4892.154 0.9396
4893.2803 0.941
4894.407 0.9592
4895.5347 0.9731
4896.6616 0.989
4897.7896 1.0051
4898.9175 0.9899
4900.0454 0.9758
4901.174 1.0001
4902.3027 0.9839
4903.4316 0.9743
4904.5605 0.9882
4905.69 0.9864
4906.82 0.9877
4907.9497 1.0016
4909.08 1.0099
4910.2104 0.9893
4911.3413 0.9693
4912.472 0.9896
4913.6035 1.002
4914.735 0.9753
4915.8667 0.9755
4916.999 0.9987
4918.1313 1.0045
4919.2637 0.986
4920.3965 0.96
4921.53 0.9552
4922.663 0.9328
4923.7970000000005 0.9354
4924.9307 0.9514
4926.0645 0.9513
4927.1990000000005 0.9498
4928.334 0.9629
4929.4688 0.9777
4930.604 0.9775
4931.7393 0.9717
4932.875 1.0012
4934.0107 0.9842
4935.147 0.9509
4936.2837 0.9514
4937.4204 0.9782
4938.5576 0.9601
4939.695 0.9457
4940.8325 0.9649
4941.97 0.9751
4943.108 0.9697
4944.2466 1.0002
4945.3853 1.0073
4946.524 0.9985
4947.663 1.0009
4948.8022 0.9949
4949.942 1.0
