3911.1108 1.0
3912.0115 0.5744
3912.9124 0.9442
3913.8135 1.1875
3914.7146 0.708
3915.6162 0.8652
3916.5178 1.0162
3917.4197 0.8295
3918.3218 0.6884
3919.224 1.0078
3920.1267 0.997
3921.0295 0.9117
3921.9324 0.8966
3922.8357 0.7788
3923.739 1.0466
3924.6426 1.01
3925.5464 0.7504
3926.4504 0.5751
3927.3545 0.6895
3928.259 1.026
3929.1636 0.7989
3930.0684 0.8656
3930.9734 0.9208
3931.8787 0.5693
3932.7842 0.8134
3933.6897 0.8624
3934.5957 0.8755
3935.5017 0.9731
3936.408 0.7977
3937.3145 0.9122
3938.2212 0.7934
3939.1282 0.6837
3940.0354 0.7552
3940.9426 0.8796
3941.85 0.7709
3942.7578 1.0422
3943.6658 0.9775
3944.574 0.9351
3945.4824 1.2051
3946.3909999999996 0.6654
3947.2998 1.072
3948.2087 1.0042
3949.118 0.982
3950.0273 0.6515
3950.937 0.9198
3951.847 0.797
3952.7568 0.5867
3953.6672 0.7668
3954.5776 0.8385
3955.4883 0.9166
3956.3992 0.8475
3957.3103 0.9384
3958.2217 0.9694
3959.1333 1.0279
3960.045 0.7236
3960.9568 0.886
3961.869 0.8634
3962.7812 0.674
3963.6938 0.8101
3964.6067 0.6127
3965.5198 0.6938
3966.4329 0.7496
3967.3462 0.4759
3968.26 0.3843
3969.1738 0.5417
3970.0879999999997 0.8195
3971.002 0.4605
3971.9165 0.2787
3972.8313 0.1399
3973.7459999999996 0.213
3974.6611 0.1153
3975.5764 0.1484
3976.492 0.1654
3977.4077 0.4998
3978.3237 0.7054
3979.2397 0.7811
3980.1562 0.7444
3981.0728 0.6601
3981.9895 0.6441
3982.9065 0.5381
3983.8237 0.7271
3984.7412 0.93
3985.6587 0.9018
3986.5767 0.8159
3987.4946 0.7084
3988.4128 0.8287
3989.3313 0.7042
3990.25 0.5368
3991.1690000000003 0.7852
3992.0881 0.8355
3993.0073 0.9583
3993.927 0.9193
3994.8467 0.7886
3995.7666 0.6813
3996.6868 0.8776
3997.6072 0.8878
3998.5278 0.9562
3999.4485 0.9614
4000.3696 1.033
4001.2908 0.8607
4002.2122 0.6424
4003.1338 0.8764
4004.0557 0.8598
4004.9778 1.0097
4005.9001 0.8858
4006.8225 0.8774
4007.7454 0.8986
4008.6682 0.9388
4009.5913 0.8777
4010.5146 0.6681
4011.4382 0.7887
4012.362 0.8003
4013.2861 0.8241
4014.2102 0.7794
4015.1345 0.7569
4016.0593 0.9582
4016.9841 0.9186
4017.9092 0.7174
4018.8345 0.9004
4019.7598 0.5933
4020.6855 0.8602
4021.6116 0.9853
4022.5376 1.0275
4023.4639 0.9496
4024.3904 0.6284
4025.3171 0.9923
4026.2441 0.7764
4027.1714 0.9682
4028.0989 0.8617
4029.0264 0.8617
4029.954 0.9692
4030.8823 0.8159
4031.8105 1.0119
4032.739 1.0499
4033.6677 0.9302
4034.5964 1.0672
4035.5256 1.0469
4036.455 0.8784
4037.3845 0.8733
4038.3142 1.032
4039.2441 0.75
4040.1743 0.6887
4041.1047 1.0438
4042.0354 0.9933
4042.9663 0.8707
4043.8972 0.6456
4044.8286 0.7124
4045.76 0.9298
4046.6917 1.1517
4047.6235 1.1654
4048.5557 0.8838
4049.488 0.9757
4050.4204 0.9123
4051.3533 0.8936
4052.2861 0.9938
4053.2195 0.8975
4054.1528 0.9968
4055.0864 1.2798
4056.0203 0.9887
4056.9543 0.7267
4057.8884 0.8781
4058.823 0.7489
4059.7576 1.071
4060.6926 1.0888
4061.6277 1.1065
4062.563 0.6971
4063.4985 0.8553
4064.4343 0.7682
4065.3704 0.754
4066.3064 1.3308
4067.243 0.7308
4068.1794 0.9015
4069.1165 0.9034
4070.0535 1.0293
4070.9907 1.0164
4071.9282 0.7629
4072.866 0.8698
4073.8037 0.6634
4074.742 1.0315
4075.6804 1.0326
4076.619 0.9863
4077.5576 1.0051
4078.4966 0.9502
4079.4358 0.8919
4080.3752 0.7309
4081.315 0.9607
4082.255 0.8154
4083.1948 0.7583
4084.1353 0.8933
4085.0757 0.7332
4086.0164 0.8582
4086.9575 1.0343
4087.8987 0.9347
4088.8398 0.7727
4089.7815 0.7132
4090.7234 0.7911
4091.6653 0.7927
4092.6077 0.8517
4093.55 0.7809
4094.4927 0.7661
4095.4358 0.8357
4096.379 0.7315
4097.3223 0.726
4098.2656 0.8708
4099.2095 0.7413
4100.1533 0.6506
4101.0977 0.7021
4102.042 0.5174
4102.987 0.5941
4103.9316 0.5669
4104.8765 0.446
4105.822 0.3379
4106.7676 0.4712
4107.7134 0.3785
4108.659000000001 0.6147
4109.6055 0.3865
4110.552 0.6764
4111.498 0.5292
4112.4453 0.5274
4113.392 0.7096
4114.3394 0.635
4115.2866 0.5688
4116.2344 0.7014
4117.1826 0.6803
4118.1304 0.7615
4119.079000000001 0.6324
4120.0273 0.9376
4120.976 0.9165
4121.9253 0.9963
4122.8745 0.9289
4123.8237 0.9974
4124.7734 0.7439
4125.7236 0.8837
4126.6733 0.8262
4127.624 0.9619
4128.5740000000005 1.1801
4129.525 0.8822
4130.476 0.7786
4131.4272 0.8232
4132.379 0.764
4133.33 1.1401
4134.282 1.0539
4135.2344 0.8138
4136.1865 0.8685
4137.139 0.7698
4138.092000000001 0.8293
4139.0444 0.9118
4139.998 0.9342
4140.951 0.999
4141.905 0.7709
4142.8584 0.7831
4143.8125 0.7468
4144.767 1.0358
4145.721 1.0401
4146.6763 0.7972
4147.630999999999 0.8032
4148.585999999999 0.738
4149.5415 0.6685
4150.497 0.8056
4151.4526 1.0174
4152.4087 1.0053
4153.365 0.8002
4154.322 1.1199
4155.2783 1.2316
4156.2354 0.7701
4157.1924 0.8497
4158.1494 1.065
4159.107 0.9131
4160.065 0.8241
4161.023 0.7439
4161.981 0.6979
4162.9395 0.9933
4163.8984 1.1132
4164.857 1.0054
4165.8164 0.8028
4166.7754 0.8228
4167.7354 0.8835
4168.695 0.8099
4169.655 0.9407
4170.615 0.8299
4171.5757 0.8919
4172.536 1.1333
4173.497 0.9805
4174.458 0.9494
4175.4194 0.9011
4176.380999999999 0.7929
4177.343 0.8001
4178.3047 1.084
4179.267 0.6695
4180.2295 1.052
4181.192 0.7338
4182.155 1.0708
4183.1179999999995 0.8796
4184.081 0.6776
4185.045 1.1188
4186.009 0.6995
4186.9727 0.967
4187.9365 0.7737
4188.9014 1.0862
4189.8657 0.7172
4190.8306 0.7816
4191.795999999999 0.8177
4192.7609999999995 0.9464
4193.7266 0.792
4194.6924 0.6314
4195.657999999999 1.1704
4196.6245 1.0963
4197.590999999999 1.049
4198.5576 0.7308
4199.5244 0.8105
4200.4917 1.0235
4201.459 0.9836
4202.4263 0.7246
4203.394 0.8687
4204.3623 1.0946
4205.33 1.0515
4206.299 1.1249
4207.2676 0.98
4208.2363 0.9103
4209.2056 0.9689
4210.175 0.7933
4211.144 0.7474
4212.1140000000005 0.9436
4213.084 0.9192
4214.054 0.8495
4215.0244 0.9099
4215.995 0.7606
4216.9663 0.6909
4217.937 0.9327
4218.9087 0.8335
4219.88 0.7059
4220.852 0.9355
4221.8237 0.846
4222.795999999999 0.8914
4223.7686 0.8512
4224.741 0.9188
4225.714 1.0157
4226.687 1.0296
4227.6606 0.8983
4228.6343 0.8098
4229.608 0.9963
4230.582 0.8787
4231.556 0.9666
4232.531 0.8532
4233.5054 0.9363
4234.4805 1.1154
4235.4556 0.7775
4236.4307 0.8266
4237.4062 1.0429
4238.3823 0.7717
4239.3584 0.9813
4240.3345 1.1449
4241.311 0.7077
4242.2876 1.067
4243.2646 0.9058
4244.2417 0.7805
4245.219 0.872
4246.197 0.8936
4247.175 0.8805
4248.153 0.7404
4249.130999999999 1.0445
4250.1094 0.8623
4251.0884 0.9858
4252.067 1.1271
4253.0464 0.8415
4254.026 0.9979
4255.0054 0.8331
4255.9854 0.682
4256.9653 0.6877
4257.946 0.9091
4258.9263 0.8276
4259.9067 0.8679
4260.8877 0.8295
4261.869000000001 0.8621
4262.8506 0.9718
4263.832 0.9594
4264.814 0.9574
4265.7964 0.9572
4266.779 1.1964
4267.7609999999995 0.9211
4268.744000000001 1.1316
4269.727 0.9092
4270.7104 0.7871
4271.694 1.0737
4272.6772 1.0482
4273.6616 0.9009
4274.6455 0.7542
4275.63 0.9128
4276.6147 0.9496
4277.5996 0.8298
4278.5845 0.9386
4279.57 0.9984
4280.555 0.9401
4281.541 0.7948
4282.527 0.9217
4283.513 1.0894
4284.4995 0.9533
4285.4863 0.7893
4286.473 0.7778
4287.4604 0.9338
4288.4478 0.8487
4289.435 0.9292
4290.423 0.9757
4291.411 0.7379
4292.3994 0.8689
4293.3877 0.8906
4294.3765 0.8433
4295.365 0.8887
4296.3545 0.9849
4297.3438 0.8134
4298.3335 0.8966
4299.323 0.8072
4300.3135 0.7582
4301.3037 0.943
4302.2944 0.8998
4303.285 0.8726
4304.276 0.7778
4305.267 0.8669
4306.259 0.8361
4307.2505 0.9364
4308.242 1.042
4309.2344 0.8188
4310.2266 0.9287
4311.219 0.8697
4312.212 0.8438
4313.205 0.7045
4314.198 1.0873
4315.192 0.7693
4316.1855 0.9146
4317.1797 0.9709
4318.174 0.838
4319.168 0.7221
4320.1626 0.7353
4321.1577 1.0107
4322.153 0.9225
4323.148 0.7818
4324.1436 0.9411
4325.1396 0.8304
4326.1353 0.9898
4327.1320000000005 0.9365
4328.128 0.8385
4329.125 0.9563
4330.1216 0.9548
4331.119000000001 0.9628
4332.116 0.9464
4333.1140000000005 0.9504
4334.112 0.7526
4335.11 0.8678
4336.1084 0.9516
4337.107 0.6897
4338.1055 0.7086
4339.1045 0.6364
4340.1035 0.6316
4341.103 0.6013
4342.103 0.4566
4343.103 0.4327
4344.103 0.5329
4345.1035 0.3301
4346.104 0.4992
4347.105 0.473
4348.106 0.5455
4349.1074 0.7458
4350.109 0.7747
4351.1104 0.7455
4352.1123 0.8268
4353.1147 0.8508
4354.117 0.4634
4355.1196 0.7429
4356.1226 0.5561
4357.126 0.7492
4358.1294 1.2722
4359.133 0.7327
4360.1367 1.0376
4361.1406 0.8585
4362.145 0.9581
4363.15 0.7726
4364.1543 0.7674
4365.1597 0.818
4366.1646 0.7993
4367.17 0.8493
4368.1759999999995 1.0735
4369.1816 0.9119
4370.188 0.8806
4371.1943 0.9753
4372.2007 0.8704
4373.208 0.8139
4374.215 0.8848
4375.222 0.8629
4376.2295 0.8116
4377.2373 0.8465
4378.2456 0.9395
4379.254 0.9596
4380.262 0.8259
4381.271 0.6405
4382.28 0.7451
4383.289000000001 0.9808
4384.2983 0.8583
4385.308 0.7139
4386.318 1.0397
4387.3279999999995 1.0349
4388.3384 0.959
4389.349 0.9135
4390.36 0.9068
4391.3706 0.942
4392.3823 0.8411
4393.3936 0.9049
4394.4053 0.9522
4395.4175 0.9032
4396.4297 0.9193
4397.442 0.9429
4398.4546 1.0045
4399.4673 0.9852
4400.4805 0.9892
4401.494000000001 0.9205
4402.508 0.8498
4403.5215 0.8898
4404.5356 0.6763
4405.55 0.9529
4406.5645 1.1752
4407.579000000001 0.9103
4408.594 0.7793
4409.6094 0.9488
4410.625 0.9309
4411.6406 1.0301
4412.6562 0.7024
4413.6724 0.6615
4414.689 1.1963
4415.7056 0.8826
4416.7227 0.9519
4417.7397 0.8453
4418.7570000000005 0.878
4419.7744 1.2334
4420.7925 0.8645
4421.8105 0.9499
4422.8286 0.9422
4423.847 0.8605
4424.8657 0.8862
4425.885 0.8746
4426.9043 0.8426
4427.9233 0.8772
4428.9434 1.1133
4429.963 0.8899
4430.9834 0.7924
4432.004 1.0846
4433.0244 0.7987
4434.045 1.1061
4435.0664 0.889
4436.0874 0.9015
4437.1094 0.8459
4438.130999999999 0.7712
4439.153 0.6411
4440.1753 1.1277
4441.1978 0.882
4442.2207 0.9842
4443.2437 0.8869
4444.2666 0.6988
4445.29 0.8883
4446.314 0.8997
4447.338 0.7048
4448.362 0.7092
4449.3859999999995 0.911
4450.411 0.9818
4451.4355 1.2051
4452.460999999999 0.9631
4453.4863 0.9192
4454.5117 0.8868
4455.5376 0.8992
4456.5635 1.0845
4457.59 0.9683
4458.616 0.8564
4459.643 0.9201
4460.67 0.9915
4461.6973 0.957
4462.7246 0.9441
4463.7524 1.0638
4464.7803 0.8253
4465.8086 0.7317
4466.837 0.92
4467.8657 0.7425
4468.8945 0.8786
4469.924 0.7122
4470.9529999999995 0.8977
4471.9824 0.9741
4473.0127 0.9303
4474.0425 0.8764
4475.0728 0.985
4476.1035 0.9034
4477.1343 1.0363
4478.165 0.8005
4479.1963 0.8784
4480.228 0.8562
4481.26 0.8049
4482.2915 1.1067
4483.3237 0.8918
4484.3564 0.6876
4485.389 0.7871
4486.4220000000005 0.8014
4487.455 0.6865
4488.4883 0.8995
4489.522 0.9134
4490.556 0.9063
4491.59 0.9571
4492.6245 0.9005
4493.659000000001 0.7452
4494.694 0.9358
4495.729 0.8646
4496.764 0.7379
4497.8 0.7364
4498.8354 0.9522
4499.8716 0.6197
4500.9077 0.972
4501.9443 0.857
4502.981 0.9725
4504.018 0.8698
4505.055 1.0144
4506.093 0.9784
4507.1304 0.6411
4508.168 1.0333
4509.2065 1.0297
4510.2446 1.0757
4511.282999999999 0.7916
4512.3223 0.8529
4513.3613 1.0133
4514.401 0.8104
4515.4404 0.8037
4516.48 0.9111
4517.5205 1.0606
4518.5605 1.0162
4519.601 1.0745
4520.642 0.9054
4521.683 0.8151
4522.724 0.9198
4523.7656 0.8384
4524.8076 0.9595
4525.8496 1.0762
4526.8916 0.9485
4527.934 0.8548
4528.977 0.9926
4530.02 0.9432
4531.063 0.8727
4532.1064 0.9342
4533.1504 0.7063
4534.1943 0.9411
4535.2383 0.766
4536.2827 0.9564
4537.327 1.0044
4538.372 1.0193
4539.4175 0.891
4540.463 1.2004
4541.5083 1.1295
4542.554 0.9819
4543.6 0.8995
4544.6465 0.9536
4545.693 0.9434
4546.7397 0.9753
4547.787 0.6879
4548.8345 0.9665
4549.8820000000005 0.9756
4550.9297 0.8304
4551.9775 0.7781
4553.026 0.8901
4554.0740000000005 0.7747
4555.123 0.9834
4556.1720000000005 0.8575
4557.221 0.8974
4558.2705 0.9521
4559.3203 0.9101
4560.37 0.9164
4561.4204 1.0433
4562.4707 0.8442
4563.5215 0.7904
4564.5728 0.9255
4565.6235 0.9592
4566.6753 0.9591
4567.7266 1.0226
4568.779 0.9108
4569.8306 0.8549
4570.8833 0.8805
4571.9355 0.8131
4572.9883 0.9467
4574.0415 0.7215
4575.0947 0.7752
4576.1484 0.6998
4577.202 0.8873
4578.2563 0.8621
4579.3105 0.9227
4580.365 0.8979
4581.42 0.9837
4582.475 0.889
4583.5303 0.7676
4584.585999999999 0.8876
4585.6416 0.7634
4586.6978 0.7799
4587.754 0.8785
4588.8105 0.8058
4589.867 0.8203
4590.9243 0.8586
4591.9814 0.8662
4593.0386 0.8571
4594.0967 0.9314
4595.1543 0.9233
4596.2124 0.9332
4597.271 0.814
4598.3296 0.81
4599.3887 0.9899
4600.4478 0.9515
4601.5073 0.9687
4602.567 0.7648
4603.627 1.0069
4604.687 0.9964
4605.7476 0.8654
4606.808 0.9216
4607.8687 0.7939
4608.93 0.7852
4609.991 0.7837
4611.0527 0.8051
4612.1147 0.9213
4613.177 0.6187
4614.2393 0.822
4615.302 0.894
4616.3647 0.911
4617.4277 1.0177
4618.491 1.0269
4619.5547 1.036
4620.6187 0.8173
4621.6826 1.047
4622.747 0.946
4623.8115 0.9812
4624.876 0.8369
4625.9414 0.7647
4627.0063 0.9117
4628.0723 0.93
4629.1377 0.9985
4630.2036 0.9518
4631.27 0.7209
4632.3364 0.8742
4633.4033 0.9683
4634.47 0.9681
4635.5376 0.9335
4636.605 0.9752
4637.673 0.7997
4638.7407 1.0939
4639.809 0.8481
4640.8774 0.8664
4641.9463 1.1276
4643.015 0.973
4644.0845 0.9487
4645.154 0.9777
4646.2236 0.79
4647.2935 1.0421
4648.3640000000005 1.1869
4649.434 0.9654
4650.505 1.1248
4651.5757 0.9229
4652.647 0.72
4653.7188 0.9621
4654.79 0.963
4655.8623 0.992
4656.934 1.0063
4658.0070000000005 0.877
4659.0796 0.8709
4660.1523 0.9389
4661.2256 0.8366
4662.299 0.8233
4663.3726 0.9402
4664.4463 0.9825
4665.5205 0.9467
4666.595 0.9135
4667.6694 0.8782
4668.7446 1.0333
4669.82 0.9729
4670.895 0.96
4671.9707 0.984
4673.0464 0.8746
4674.1226 0.9092
4675.1990000000005 1.0524
4676.276 0.9302
4677.3525 0.9282
4678.4297 0.9191
4679.5073 0.8495
4680.585 0.8956
4681.6626 0.9785
4682.7407 0.9447
4683.819 0.961
4684.8975 0.8702
4685.9766 0.7761
4687.0557 0.8537
4688.1353 0.8461
4689.215 0.8567
4690.2944 0.7465
4691.3745 0.8702
4692.455 0.7781
4693.5356 0.8727
4694.616 0.9951
4695.6973 0.8782
4696.779 0.92
4697.8604 0.8436
4698.9424 0.8254
4700.0244 0.9322
4701.107 0.8757
4702.1895 0.9003
4703.272 0.8879
4704.3555 0.9459
4705.4385 0.9294
4706.522 0.9276
4707.606 0.9535
4708.69 0.8649
4709.7744 0.8848
4710.859 0.7226
4711.944 0.8678
4713.029 0.9962
4714.1143 1.0103
4715.1997 1.0768
4716.2856 1.0206
4717.372 0.9804
4718.458 1.0343
4719.545 1.0263
4720.6320000000005 0.9059
4721.7188 0.8414
4722.806 0.9287
4723.8936 1.0053
4724.9814 0.8927
4726.07 0.7949
4727.1577 0.9068
4728.2466 0.9549
4729.3354 0.9958
4730.4243 0.9671
4731.5137 0.8942
4732.6035 0.9755
4733.6934 0.9115
4734.782999999999 0.9987
4735.8735 0.8875
4736.9644 0.9907
4738.055 0.9581
4739.1465 1.0112
4740.238 0.9394
4741.329000000001 0.9652
4742.420999999999 0.9796
4743.513 1.0351
4744.6055 0.995
4745.698 0.8836
4746.791 0.9431
4747.8843 1.0795
4748.9775 0.7744
4750.0713 0.9579
4751.165 0.9083
4752.2593 1.0295
4753.3535 0.9088
4754.448 0.9592
4755.543 0.7198
4756.638 0.9475
4757.7334 1.0422
4758.829000000001 0.9218
4759.925 0.9801
4761.021 0.8463
4762.1177 0.8758
4763.2144 0.8918
4764.311 0.9212
4765.407999999999 0.8696
4766.505999999999 0.8973
4767.6035 0.8813
4768.701 0.898
4769.7993 0.9227
4770.898 0.9419
4771.9966 0.8748
4773.095 0.8187
4774.1943 0.884
4775.294 0.8619
4776.3936 0.8335
4777.4937 0.8992
4778.5938 0.7832
4779.6943 0.92
4780.795 0.9312
4781.896 0.8239
4782.997 0.9401
4784.0986 0.9425
4785.2 0.8679
4786.3022 1.032
4787.4043 1.0004
4788.5070000000005 0.7896
4789.6094 0.9156
4790.7124 0.9478
4791.816 0.8522
4792.9194 0.9319
4794.023 0.9938
4795.127 1.0566
4796.2314 0.9653
4797.335999999999 0.86
4798.4404 0.8902
4799.5454 1.0168
4800.651 0.8105
4801.7563 0.8495
4802.862 0.9392
4803.9683 0.9
4805.0740000000005 1.0499
4806.1807 1.0266
4807.2876 0.8891
4808.3945 0.8006
4809.502 0.8632
4810.6094 1.0746
4811.7173 0.9187
4812.8257 1.003
4813.9336 1.0167
4815.0425 1.0174
4816.1514 0.8364
4817.2603 0.8757
4818.3696 0.7573
4819.479 0.9953
4820.589 0.7907
4821.6990000000005 0.8686
4822.8096 1.0139
4823.92 1.1695
4825.0312 0.7719
4826.142 0.7827
4827.2534 1.0462
4828.365 1.1103
4829.477 0.9451
4830.5894 0.9036
4831.7017 0.9189
4832.8145 1.0825
4833.9272 0.9687
4835.0405 1.0271
4836.154 0.8887
4837.2676 0.8767
4838.3813 0.8251
4839.4956 1.039
4840.6104 0.7523
4841.725 0.7442
4842.84 0.7777
4843.955 0.8056
4845.071 0.9013
4846.1865 0.9929
4847.3022 1.0029
4848.4185 0.9326
4849.535 0.9238
4850.652 0.9346
4851.769 0.9474
4852.8859999999995 0.9127
4854.004 0.8612
4855.1216 0.8147
4856.2397 0.8406
4857.358 0.9299
4858.4766 0.7873
4859.595 0.6713
4860.7144 0.7239
4861.834 0.6079
4862.9536 0.5861
4864.073 0.5473
4865.1934 0.3889
4866.314 0.4264
4867.4346 0.3484
4868.555 0.5066
4869.6763 0.6103
4870.798 0.6142
4871.9194 0.6153
4873.0415 0.713
4874.1636 0.5901
4875.286 0.7533
4876.4087 0.8897
4877.5317 0.8519
4878.6553 0.6809
4879.7783 0.7134
4880.9023 0.7975
4882.0264 0.9174
4883.1504 0.7713
4884.275 0.791
4885.4 0.7635
4886.525 0.9141
4887.65 0.7687
4888.776 0.96
4889.9014 0.8651
4891.0273 0.8301
4892.154 0.7801
4893.2803 1.0182
4894.407 0.8144
4895.5347 0.7657
4896.6616 0.7022
4897.7896 0.8896
4898.9175 0.9019
4900.0454 0.9383
4901.174 0.9599
4902.3027 0.9621
4903.4316 0.8754
4904.5605 0.9088
4905.69 0.9483
4906.82 0.7673
4907.9497 0.8851
4909.08 0.7958
4910.2104 0.9675
4911.3413 0.8252
4912.472 0.9355
4913.6035 0.8236
4914.735 0.83
4915.8667 0.8812
4916.999 0.8062
4918.1313 0.8244
4919.2637 0.747
4920.3965 0.8421
4921.53 0.8104
4922.663 0.7332
4923.7970000000005 0.784
4924.9307 0.7825
4926.0645 0.7626
4927.1990000000005 0.8068
4928.334 0.9281
4929.4688 0.8302
4930.604 0.7661
4931.7393 0.8604
4932.875 0.9392
4934.0107 0.8869
4935.147 0.8525
4936.2837 0.8819
4937.4204 0.8504
4938.5576 0.8766
4939.695 0.738
4940.8325 0.9134
4941.97 0.857
4943.108 0.8076
4944.2466 0.8773
4945.3853 1.0852
4946.524 1.0529
4947.663 0.8914
4948.8022 0.8476
4949.942 1.0
