3911.1108 1.0
3912.0115 1.0047
3912.9124 0.937
3913.8135 0.9372
3914.7146 0.9542
3915.6162 0.9831
3916.5178 0.9857
3917.4197 0.9963
3918.3218 0.984
3919.224 0.9694
3920.1267 0.9555
3921.0295 0.9918
3921.9324 1.016
3922.8357 0.9913
3923.739 0.9834
3924.6426 1.0195
3925.5464 1.0277
3926.4504 1.0092
3927.3545 0.9887
3928.259 0.9776
3929.1636 0.9767
3930.0684 0.9444
3930.9734 0.8645
3931.8787 0.738
3932.7842 0.5768
3933.6897 0.4855
3934.5957 0.5629
3935.5017 0.7429
3936.408 0.908
3937.3145 0.9456
3938.2212 0.9652
3939.1282 0.9909
3940.0354 1.0022
3940.9426 0.9915
3941.85 0.9733
3942.7578 1.0001
3943.6658 0.953
3944.574 0.9637
3945.4824 0.976
3946.3909999999996 0.9863
3947.2998 0.9121
3948.2087 0.9486
3949.118 0.9319
3950.0273 0.9445
3950.937 0.8866
3951.847 0.9016
3952.7568 0.9065
3953.6672 0.8754
3954.5776 0.9143
3955.4883 0.858
3956.3992 0.8575
3957.3103 0.8262
3958.2217 0.8388
3959.1333 0.8133
3960.045 0.7847
3960.9568 0.7419
3961.869 0.7234
3962.7812 0.7282
3963.6938 0.6811
3964.6067 0.6357
3965.5198 0.5959
3966.4329 0.496
3967.3462 0.3752
3968.26 0.2852
3969.1738 0.2367
3970.0879999999997 0.2686
3971.002 0.3136
3971.9165 0.4054
3972.8313 0.4849
3973.7459999999996 0.5469
3974.6611 0.6008
3975.5764 0.6351
3976.492 0.682
3977.4077 0.7112
3978.3237 0.7533
3979.2397 0.766
3980.1562 0.7772
3981.0728 0.8246
3981.9895 0.8234
3982.9065 0.835
3983.8237 0.8468
3984.7412 0.8514
3985.6587 0.8874
3986.5767 0.8992
3987.4946 0.8903
3988.4128 0.911
3989.3313 0.9133
3990.25 0.9031
3991.1690000000003 0.9356
3992.0881 0.9326
3993.0073 0.9482
3993.927 0.9627
3994.8467 0.9465
3995.7666 0.9728
3996.6868 0.9667
3997.6072 0.9303
3998.5278 0.969
3999.4485 0.9654
4000.3696 0.9574
4001.2908 0.9741
4002.2122 1.0026
4003.1338 0.9982
4004.0557 0.935
4004.9778 0.9629
4005.9001 0.9857
4006.8225 0.9444
4007.7454 0.9799
4008.6682 1.0007
4009.5913 0.9732
4010.5146 0.994
4011.4382 0.9476
4012.362 0.9815
4013.2861 1.0016
4014.2102 0.9983
4015.1345 0.9644
4016.0593 1.0384
4016.9841 0.9624
4017.9092 1.0095
4018.8345 1.0047
4019.7598 0.9988
4020.6855 1.0218
4021.6116 1.0258
4022.5376 0.9871
4023.4639 0.9695
4024.3904 0.9351
4025.3171 0.9611
4026.2441 0.9797
4027.1714 0.9984
4028.0989 0.9806
4029.0264 0.934
4029.954 0.9589
4030.8823 0.968
4031.8105 0.9721
4032.739 0.994
4033.6677 1.004
4034.5964 1.0166
4035.5256 0.9939
4036.455 0.9986
4037.3845 0.996
4038.3142 1.0031
4039.2441 1.0057
4040.1743 0.9935
4041.1047 0.9944
4042.0354 0.9698
4042.9663 0.9903
4043.8972 0.9523
4044.8286 0.9194
4045.76 0.9513
4046.6917 0.9653
4047.6235 0.9662
4048.5557 0.9802
4049.488 0.9877
4050.4204 1.0105
4051.3533 0.9827
4052.2861 1.0022
4053.2195 1.0026
4054.1528 0.9783
4055.0864 0.9923
4056.0203 0.993
4056.9543 1.0334
4057.8884 1.018
4058.823 0.9917
4059.7576 1.0348
4060.6926 0.9807
4061.6277 1.0165
4062.563 0.9732
4063.4985 0.9659
4064.4343 0.9669
4065.3704 0.994
4066.3064 0.9798
4067.243 0.9619
4068.1794 0.9831
4069.1165 1.0011
4070.0535 0.9522
4070.9907 0.9289
4071.9282 0.9406
4072.866 0.9525
4073.8037 0.951
4074.742 0.947
4075.6804 0.9396
4076.619 0.8817
4077.5576 0.8691
4078.4966 0.915
4079.4358 0.9239
4080.3752 0.9099
4081.315 0.9239
4082.255 0.9065
4083.1948 0.9012
4084.1353 0.9077
4085.0757 0.8716
4086.0164 0.8546
4086.9575 0.8409
4087.8987 0.8402
4088.8398 0.8317
4089.7815 0.8149
4090.7234 0.798
4091.6653 0.8007
4092.6077 0.7606
4093.55 0.7458
4094.4927 0.7018
4095.4358 0.6542
4096.379 0.6297
4097.3223 0.5843
4098.2656 0.5394
4099.2095 0.4821
4100.1533 0.4032
4101.0977 0.3314
4102.042 0.3165
4102.987 0.3418
4103.9316 0.438
4104.8765 0.5033
4105.822 0.5803
4106.7676 0.6122
4107.7134 0.636
4108.659000000001 0.6995
4109.6055 0.7142
4110.552 0.7408
4111.498 0.7593
4112.4453 0.8123
4113.392 0.802
4114.3394 0.8419
4115.2866 0.8641
4116.2344 0.8808
4117.1826 0.8808
4118.1304 0.8756
4119.079000000001 0.9073
4120.0273 0.9095
4120.976 0.9206
4121.9253 0.9232
4122.8745 0.9398
4123.8237 0.9525
4124.7734 0.9434
4125.7236 0.9688
4126.6733 0.9407
4127.624 0.9305
4128.5740000000005 0.9442
4129.525 0.9917
4130.476 0.9639
4131.4272 0.9538
4132.379 0.94
4133.33 0.9421
4134.282 0.967
4135.2344 0.9703
4136.1865 0.9834
4137.139 0.9725
4138.092000000001 0.9622
4139.0444 0.9603
4139.998 0.9772
4140.951 1.0004
4141.905 0.9799
4142.8584 0.9565
4143.8125 0.9846
4144.767 0.9881
4145.721 0.9744
4146.6763 0.9938
4147.630999999999 1.0028
4148.585999999999 0.9661
4149.5415 0.9864
4150.497 0.993
4151.4526 0.9752
4152.4087 0.9511
4153.365 0.9822
4154.322 0.9766
4155.2783 0.9466
4156.2354 0.9721
4157.1924 0.979
4158.1494 0.9867
4159.107 0.9363
4160.065 1.0013
4161.023 0.9839
4161.981 1.0028
4162.9395 0.9621
4163.8984 0.9741
4164.857 1.006
4165.8164 1.005
4166.7754 0.9764
4167.7354 1.0082
4168.695 0.9863
4169.655 1.0175
4170.615 1.0255
4171.5757 0.9892
4172.536 0.987
4173.497 0.955
4174.458 0.9697
4175.4194 0.9876
4176.380999999999 0.99
4177.343 0.9758
4178.3047 0.9693
4179.267 0.9806
4180.2295 0.9726
4181.192 0.9845
4182.155 0.9679
4183.1179999999995 0.967
4184.081 1.0127
4185.045 1.0026
4186.009 0.9537
4186.9727 0.9514
4187.9365 0.97
4188.9014 0.9988
4189.8657 1.0149
4190.8306 0.9901
4191.795999999999 0.9908
4192.7609999999995 1.0036
4193.7266 0.9774
4194.6924 0.9851
4195.657999999999 1.0099
4196.6245 0.9655
4197.590999999999 0.9614
4198.5576 0.9364
4199.5244 0.9682
4200.4917 0.9962
4201.459 0.9786
4202.4263 0.964
4203.394 0.9954
4204.3623 0.9739
4205.33 1.0049
4206.299 0.999
4207.2676 0.9817
4208.2363 1.0052
4209.2056 1.0047
4210.175 1.016
4211.144 0.9916
4212.1140000000005 1.0207
4213.084 0.997
4214.054 0.9747
4215.0244 0.9665
4215.995 0.939
4216.9663 0.9923
4217.937 0.9889
4218.9087 0.9867
4219.88 0.9989
4220.852 1.0094
4221.8237 0.9978
4222.795999999999 0.9675
4223.7686 0.9955
4224.741 0.9758
4225.714 0.9398
4226.687 0.9203
4227.6606 0.9492
4228.6343 0.9731
4229.608 1.0134
4230.582 1.0173
4231.556 1.0054
4232.531 0.9472
4233.5054 0.9451
4234.4805 0.9539
4235.4556 0.9582
4236.4307 0.9768
4237.4062 1.0048
4238.3823 0.9951
4239.3584 0.9658
4240.3345 0.9853
4241.311 1.0028
4242.2876 0.9895
4243.2646 0.9951
4244.2417 1.0126
4245.219 0.9789
4246.197 0.9461
4247.175 0.9715
4248.153 0.9826
4249.130999999999 0.9977
4250.1094 0.9966
4251.0884 0.9897
4252.067 0.9811
4253.0464 0.9951
4254.026 0.9869
4255.0054 1.0186
4255.9854 0.988
4256.9653 1.0236
4257.946 0.979
4258.9263 0.984
4259.9067 0.994
4260.8877 0.9872
4261.869000000001 0.9987
4262.8506 1.0511
4263.832 0.9945
4264.814 0.9943
4265.7964 1.0019
4266.779 0.9864
4267.7609999999995 1.0071
4268.744000000001 1.0009
4269.727 0.9792
4270.7104 0.9359
4271.694 0.9454
4272.6772 0.9545
4273.6616 0.9861
4274.6455 0.965
4275.63 0.9884
4276.6147 0.9828
4277.5996 1.0111
4278.5845 0.9981
4279.57 1.0228
4280.555 1.0106
4281.541 0.9957
4282.527 0.9468
4283.513 0.9929
4284.4995 0.9823
4285.4863 1.0008
4286.473 0.9739
4287.4604 0.9882
4288.4478 0.9573
4289.435 0.917
4290.423 0.9316
4291.411 0.9517
4292.3994 0.9871
4293.3877 0.9701
4294.3765 0.9531
4295.365 0.9655
4296.3545 0.9745
4297.3438 0.9684
4298.3335 0.9617
4299.323 0.946
4300.3135 0.9181
4301.3037 0.9264
4302.2944 0.9324
4303.285 0.9557
4304.276 0.9705
4305.267 0.9934
4306.259 0.9908
4307.2505 0.945
4308.242 0.9347
4309.2344 0.9507
4310.2266 0.9972
4311.219 1.0007
4312.212 0.9639
4313.205 0.9155
4314.198 0.8916
4315.192 0.9233
4316.1855 0.9135
4317.1797 0.9466
4318.174 0.9038
4319.168 0.9379
4320.1626 0.92
4321.1577 0.8798
4322.153 0.8856
4323.148 0.9158
4324.1436 0.8642
4325.1396 0.8512
4326.1353 0.8318
4327.1320000000005 0.8375
4328.128 0.8446
4329.125 0.7909
4330.1216 0.7987
4331.119000000001 0.7745
4332.116 0.7737
4333.1140000000005 0.7553
4334.112 0.7112
4335.11 0.6704
4336.1084 0.6243
4337.107 0.5674
4338.1055 0.5018
4339.1045 0.4235
4340.1035 0.3466
4341.103 0.3287
4342.103 0.4413
4343.103 0.5066
4344.103 0.5679
4345.1035 0.6308
4346.104 0.6969
4347.105 0.71
4348.106 0.7315
4349.1074 0.7646
4350.109 0.7574
4351.1104 0.7679
4352.1123 0.7871
4353.1147 0.8245
4354.117 0.864
4355.1196 0.8722
4356.1226 0.901
4357.126 0.9133
4358.1294 0.9146
4359.133 0.9257
4360.1367 0.9212
4361.1406 0.9399
4362.145 0.9447
4363.15 0.9597
4364.1543 0.9653
4365.1597 0.9584
4366.1646 0.94
4367.17 0.9456
4368.1759999999995 0.9692
4369.1816 0.9685
4370.188 0.9998
4371.1943 0.9906
4372.2007 0.9707
4373.208 0.9548
4374.215 0.9545
4375.222 0.9617
4376.2295 1.0061
4377.2373 0.9977
4378.2456 1.0085
4379.254 1.014
4380.262 0.9911
4381.271 1.005
4382.28 0.9913
4383.289000000001 0.9262
4384.2983 0.9553
4385.308 0.9847
4386.318 0.9985
4387.3279999999995 1.0022
4388.3384 1.0047
4389.349 0.9948
4390.36 1.0079
4391.3706 1.0173
4392.3823 1.0119
4393.3936 0.9794
4394.4053 0.9561
4395.4175 0.9346
4396.4297 0.9741
4397.442 1.0033
4398.4546 0.9706
4399.4673 0.9579
4400.4805 0.9449
4401.494000000001 0.9701
4402.508 1.0025
4403.5215 0.9596
4404.5356 0.942
4405.55 0.9782
4406.5645 1.002
4407.579000000001 0.9885
4408.594 0.9797
4409.6094 1.0101
4410.625 0.988
4411.6406 0.9656
4412.6562 0.9966
4413.6724 0.9695
4414.689 0.9533
4415.7056 0.9561
4416.7227 0.9568
4417.7397 0.9654
4418.7570000000005 0.9772
4419.7744 1.005
4420.7925 1.0044
4421.8105 1.0013
4422.8286 1.0174
4423.847 1.0185
4424.8657 0.9973
4425.885 0.9812
4426.9043 0.9773
4427.9233 0.9974
4428.9434 0.9706
4429.963 0.9806
4430.9834 0.9832
4432.004 0.9882
4433.0244 1.0033
4434.045 0.9864
4435.0664 0.9326
4436.0874 0.9925
4437.1094 1.0079
4438.130999999999 1.0091
4439.153 0.989
4440.1753 0.9945
4441.1978 0.9579
4442.2207 0.9572
4443.2437 0.9253
4444.2666 0.9418
4445.29 0.9761
4446.314 0.9767
4447.338 0.9782
4448.362 0.9892
4449.3859999999995 0.9665
4450.411 0.9694
4451.4355 0.9534
4452.460999999999 0.9792
4453.4863 0.9634
4454.5117 0.9453
4455.5376 0.9503
4456.5635 0.9734
4457.59 0.9864
4458.616 0.9845
4459.643 0.9913
4460.67 0.9841
4461.6973 0.9837
4462.7246 0.9935
4463.7524 0.973
4464.7803 0.9748
4465.8086 0.9798
4466.837 0.9553
4467.8657 0.9403
4468.8945 0.9265
4469.924 0.937
4470.9529999999995 0.9663
4471.9824 0.9747
4473.0127 0.9765
4474.0425 0.9815
4475.0728 0.9512
4476.1035 0.9694
4477.1343 0.9833
4478.165 0.9703
4479.1963 0.9655
4480.228 0.9004
4481.26 0.9207
4482.2915 0.9129
4483.3237 0.9493
4484.3564 1.0123
4485.389 0.9801
4486.4220000000005 0.9738
4487.455 0.9746
4488.4883 0.9725
4489.522 0.964
4490.556 0.9413
4491.59 0.9885
4492.6245 0.9943
4493.659000000001 1.0013
4494.694 0.9616
4495.729 0.9846
4496.764 0.9917
4497.8 0.9938
4498.8354 0.9845
4499.8716 0.9881
4500.9077 0.9648
4501.9443 0.9502
4502.981 0.9894
4504.018 0.9913
4505.055 1.0021
4506.093 0.9985
4507.1304 1.0085
4508.168 0.9685
4509.2065 0.999
4510.2446 0.988
4511.282999999999 0.999
4512.3223 0.9946
4513.3613 1.0044
4514.401 0.9777
4515.4404 0.9944
4516.48 0.9862
4517.5205 0.9738
4518.5605 0.9738
4519.601 0.9696
4520.642 0.9604
4521.683 0.9466
4522.724 0.9517
4523.7656 0.9561
4524.8076 0.9831
4525.8496 0.9947
4526.8916 0.9831
4527.934 0.9796
4528.977 0.9544
4530.02 0.9726
4531.063 0.963
4532.1064 0.9848
4533.1504 0.9526
4534.1943 0.9425
4535.2383 0.9555
4536.2827 0.9896
4537.327 1.0
4538.372 0.9899
4539.4175 0.9833
4540.463 0.9912
4541.5083 0.9852
4542.554 1.0054
4543.6 0.986
4544.6465 0.991
4545.693 1.0137
4546.7397 1.0314
4547.787 0.9517
4548.8345 0.9173
4549.8820000000005 0.9033
4550.9297 0.9705
4551.9775 0.9589
4553.026 0.9829
4554.0740000000005 0.9806
4555.123 0.9506
4556.1720000000005 0.9641
4557.221 0.9416
4558.2705 0.9705
4559.3203 0.9739
4560.37 0.98
4561.4204 1.0022
4562.4707 0.9789
4563.5215 0.9557
4564.5728 0.9526
4565.6235 0.9508
4566.6753 0.9815
4567.7266 1.006
4568.779 0.9948
4569.8306 1.0071
4570.8833 0.9776
4571.9355 0.9553
4572.9883 0.9625
4574.0415 0.9742
4575.0947 0.9818
4576.1484 0.9807
4577.202 0.9799
4578.2563 0.9999
4579.3105 0.992
4580.365 0.9867
4581.42 0.9847
4582.475 0.9516
4583.5303 0.945
4584.585999999999 0.9443
4585.6416 0.9671
4586.6978 0.9868
4587.754 0.9562
4588.8105 0.9592
4589.867 0.9438
4590.9243 0.958
4591.9814 0.9568
4593.0386 0.9782
4594.0967 0.9679
4595.1543 0.9785
4596.2124 0.9441
4597.271 0.9922
4598.3296 0.9671
4599.3887 0.9692
4600.4478 0.9843
4601.5073 0.9845
4602.567 0.9741
4603.627 0.9821
4604.687 0.9819
4605.7476 1.0063
4606.808 0.9854
4607.8687 0.9947
4608.93 0.9854
4609.991 0.9913
4611.0527 0.9753
4612.1147 0.999
4613.177 0.9959
4614.2393 0.9993
4615.302 1.0026
4616.3647 0.9348
4617.4277 1.0009
4618.491 0.9705
4619.5547 0.9773
4620.6187 0.9872
4621.6826 0.965
4622.747 0.9886
4623.8115 1.0055
4624.876 0.9868
4625.9414 0.9889
4627.0063 1.0079
4628.0723 0.982
4629.1377 0.9776
4630.2036 0.9711
4631.27 0.9962
4632.3364 1.0083
4633.4033 0.9959
4634.47 0.9748
4635.5376 0.9928
4636.605 0.9933
4637.673 0.9816
4638.7407 0.9989
4639.809 1.0086
4640.8774 1.0181
4641.9463 1.0036
4643.015 0.9903
4644.0845 0.9918
4645.154 0.9706
4646.2236 0.9985
4647.2935 1.0126
4648.3640000000005 0.987
4649.434 0.9763
4650.505 0.9687
4651.5757 0.9897
4652.647 0.9746
4653.7188 0.9948
4654.79 0.9789
4655.8623 0.9961
4656.934 0.9787
4658.0070000000005 0.9868
4659.0796 0.9884
4660.1523 0.9876
4661.2256 0.982
4662.299 1.0037
4663.3726 0.987
4664.4463 1.016
4665.5205 0.981
4666.595 0.9781
4667.6694 0.9782
4668.7446 0.9627
4669.82 0.9901
4670.895 1.0062
4671.9707 1.001
4673.0464 1.0049
4674.1226 0.9941
4675.1990000000005 1.0041
4676.276 0.9994
4677.3525 1.0048
4678.4297 1.0005
4679.5073 0.9917
4680.585 0.9972
4681.6626 1.0029
4682.7407 1.012
4683.819 1.0177
4684.8975 0.9848
4685.9766 0.9914
4687.0557 0.9907
4688.1353 0.9695
4689.215 0.9788
4690.2944 1.0165
4691.3745 1.0047
4692.455 1.0084
4693.5356 0.9968
4694.616 0.9841
4695.6973 0.9924
4696.779 1.0074
4697.8604 1.0117
4698.9424 0.9819
4700.0244 0.9778
4701.107 0.9941
4702.1895 0.9644
4703.272 0.9602
4704.3555 0.9946
4705.4385 0.9842
4706.522 0.9784
4707.606 0.9854
4708.69 0.9793
4709.7744 0.9916
4710.859 0.9735
4711.944 0.9928
4713.029 0.9977
4714.1143 0.9976
4715.1997 1.004
4716.2856 1.0045
4717.372 0.9969
4718.458 0.9898
4719.545 1.01
4720.6320000000005 1.0004
4721.7188 0.9731
4722.806 0.9813
4723.8936 0.9841
4724.9814 1.0131
4726.07 0.9937
4727.1577 0.9933
4728.2466 0.976
4729.3354 1.0139
4730.4243 0.9959
4731.5137 0.9807
4732.6035 0.9743
4733.6934 0.996
4734.782999999999 0.9794
4735.8735 0.9647
4736.9644 0.9676
4738.055 1.0011
4739.1465 1.018
4740.238 0.9764
4741.329000000001 0.9893
4742.420999999999 1.0034
4743.513 1.002
4744.6055 1.0079
4745.698 0.9985
4746.791 0.9927
4747.8843 0.9876
4748.9775 1.0028
4750.0713 1.0029
4751.165 0.9927
4752.2593 0.9943
4753.3535 0.9779
4754.448 1.0024
4755.543 1.0194
4756.638 0.9866
4757.7334 0.9776
4758.829000000001 0.993
4759.925 0.9979
4761.021 1.0107
4762.1177 1.0036
4763.2144 0.9905
4764.311 0.9871
4765.407999999999 0.9817
4766.505999999999 0.9996
4767.6035 0.9935
4768.701 0.9987
4769.7993 0.9851
4770.898 0.9884
4771.9966 0.9877
4773.095 1.0043
4774.1943 1.0116
4775.294 1.0011
4776.3936 0.9943
4777.4937 0.9917
4778.5938 0.9707
4779.6943 0.9802
4780.795 0.9696
4781.896 0.9586
4782.997 0.9729
4784.0986 0.9755
4785.2 1.0013
4786.3022 0.971
4787.4043 0.9827
4788.5070000000005 0.9914
4789.6094 0.9932
4790.7124 0.9905
4791.816 0.9545
4792.9194 0.9778
4794.023 0.9974
4795.127 0.9802
4796.2314 0.985
4797.335999999999 1.0034
4798.4404 0.9511
4799.5454 0.9847
4800.651 0.9941
4801.7563 1.0097
4802.862 0.9917
4803.9683 0.9873
4805.0740000000005 0.9723
4806.1807 0.9835
4807.2876 1.0121
4808.3945 0.9766
4809.502 0.9882
4810.6094 0.9857
4811.7173 0.9728
4812.8257 0.9793
4813.9336 0.9679
4815.0425 0.9662
4816.1514 0.9719
4817.2603 0.9648
4818.3696 0.9859
4819.479 0.9662
4820.589 0.9787
4821.6990000000005 0.99
4822.8096 0.9628
4823.92 0.9626
4825.0312 0.9576
4826.142 0.9729
4827.2534 0.9639
4828.365 0.9681
4829.477 0.9591
4830.5894 0.9358
4831.7017 0.956
4832.8145 0.9535
4833.9272 0.954
4835.0405 0.9675
4836.154 0.9549
4837.2676 0.9354
4838.3813 0.9098
4839.4956 0.9192
4840.6104 0.912
4841.725 0.9209
4842.84 0.889
4843.955 0.8849
4845.071 0.9075
4846.1865 0.8783
4847.3022 0.8631
4848.4185 0.878
4849.535 0.8484
4850.652 0.8258
4851.769 0.7992
4852.8859999999995 0.8022
4854.004 0.7582
4855.1216 0.7313
4856.2397 0.6969
4857.358 0.6692
4858.4766 0.5998
4859.595 0.4953
4860.7144 0.4023
4861.834 0.3604
4862.9536 0.4712
4864.073 0.5946
4865.1934 0.6417
4866.314 0.6896
4867.4346 0.7274
4868.555 0.747
4869.6763 0.7978
4870.798 0.7972
4871.9194 0.8089
4873.0415 0.8431
4874.1636 0.8582
4875.286 0.8833
4876.4087 0.8766
4877.5317 0.8668
4878.6553 0.8952
4879.7783 0.9302
4880.9023 0.9199
4882.0264 0.9072
4883.1504 0.9268
4884.275 0.9352
4885.4 0.9556
4886.525 0.9649
4887.65 0.946
4888.776 0.9436
4889.9014 0.9287
4891.0273 0.9368
4892.154 0.9514
4893.2803 0.9593
4894.407 0.9718
4895.5347 0.9605
4896.6616 0.9654
4897.7896 0.9653
4898.9175 0.9806
4900.0454 0.9573
4901.174 0.9624
4902.3027 0.9397
4903.4316 0.9494
4904.5605 0.9732
4905.69 0.9863
4906.82 1.0017
4907.9497 1.0036
4909.08 0.9642
4910.2104 0.9906
4911.3413 0.9867
4912.472 0.994
4913.6035 0.9821
4914.735 0.9816
4915.8667 0.9769
4916.999 0.957
4918.1313 0.9761
4919.2637 0.9499
4920.3965 0.9496
4921.53 0.9517
4922.663 0.9718
4923.7970000000005 0.9412
4924.9307 0.9416
4926.0645 0.9801
4927.1990000000005 0.985
4928.334 0.9726
4929.4688 0.9786
4930.604 0.9881
4931.7393 0.9932
4932.875 0.9814
4934.0107 0.976
4935.147 0.9861
4936.2837 0.9793
4937.4204 0.9815
4938.5576 0.9838
4939.695 0.978
4940.8325 0.9975
4941.97 0.9987
4943.108 0.9719
4944.2466 0.9861
4945.3853 1.0119
4946.524 0.9995
4947.663 0.9844
4948.8022 0.9843
4949.942 1.0
