3911.1108 1.0
3912.0115 0.9612
3912.9124 0.9967
3913.8135 0.9482
3914.7146 0.9736
3915.6162 0.989
3916.5178 0.9563
3917.4197 0.9763
3918.3218 0.9689
3919.224 0.9594
3920.1267 0.9674
3921.0295 0.9753
3921.9324 0.9747
3922.8357 0.9751
3923.739 0.9846
3924.6426 0.9909
3925.5464 0.9691
3926.4504 0.9419
3927.3545 0.9111
3928.259 0.8517
3929.1636 0.8105
3930.0684 0.693
3930.9734 0.5642
3931.8787 0.4004
3932.7842 0.2985
3933.6897 0.3061
3934.5957 0.415
3935.5017 0.5967
3936.408 0.7419
3937.3145 0.8347
3938.2212 0.8961
3939.1282 0.9498
3940.0354 0.9652
3940.9426 0.9713
3941.85 0.9692
3942.7578 0.971
3943.6658 0.9761
3944.574 0.9719
3945.4824 0.9884
3946.3909999999996 0.9735
3947.2998 0.9516
3948.2087 0.9626
3949.118 0.9484
3950.0273 0.9564
3950.937 0.9691
3951.847 0.9685
3952.7568 0.9727
3953.6672 0.9846
3954.5776 0.9629
3955.4883 0.9226
3956.3992 0.9042
3957.3103 0.9006
3958.2217 0.9112
3959.1333 0.9019
3960.045 0.8947
3960.9568 0.8568
3961.869 0.823
3962.7812 0.8154
3963.6938 0.7593
3964.6067 0.7051
3965.5198 0.5826
3966.4329 0.4538
3967.3462 0.3211
3968.26 0.2494
3969.1738 0.2708
3970.0879999999997 0.3641
3971.002 0.4875
3971.9165 0.5925
3972.8313 0.6752
3973.7459999999996 0.7319
3974.6611 0.7774
3975.5764 0.8123
3976.492 0.8312
3977.4077 0.8583
3978.3237 0.8883
3979.2397 0.9049
3980.1562 0.9218
3981.0728 0.9072
3981.9895 0.8819
3982.9065 0.9104
3983.8237 0.9463
3984.7412 0.9551
3985.6587 0.9496
3986.5767 0.9562
3987.4946 0.9653
3988.4128 0.9705
3989.3313 0.9853
3990.25 0.9868
3991.1690000000003 0.9953
3992.0881 0.9975
3993.0073 1.0067
3993.927 0.9884
3994.8467 0.955
3995.7666 0.9583
3996.6868 0.9359
3997.6072 0.9448
3998.5278 0.9678
3999.4485 0.9771
4000.3696 1.001
4001.2908 0.9954
4002.2122 1.0084
4003.1338 1.002
4004.0557 0.9763
4004.9778 0.9448
4005.9001 0.9538
4006.8225 0.9755
4007.7454 0.9943
4008.6682 0.9971
4009.5913 1.0147
4010.5146 1.0113
4011.4382 0.9825
4012.362 0.9766
4013.2861 0.9599
4014.2102 0.9718
4015.1345 1.001
4016.0593 1.0133
4016.9841 1.0181
4017.9092 1.0227
4018.8345 1.0301
4019.7598 1.026
4020.6855 1.0019
4021.6116 0.9879
4022.5376 0.9779
4023.4639 0.9416
4024.3904 0.957
4025.3171 0.9728
4026.2441 0.988
4027.1714 0.9888
4028.0989 0.9707
4029.0264 0.9476
4029.954 0.9377
4030.8823 0.9411
4031.8105 0.9368
4032.739 0.9472
4033.6677 0.9631
4034.5964 0.9832
4035.5256 1.0051
4036.455 1.0025
4037.3845 1.0005
4038.3142 1.0184
4039.2441 0.9999
4040.1743 0.9999
4041.1047 0.9885
4042.0354 1.0061
4042.9663 0.9865
4043.8972 0.961
4044.8286 0.9341
4045.76 0.9376
4046.6917 0.9573
4047.6235 0.9841
4048.5557 0.9918
4049.488 1.0085
4050.4204 0.9925
4051.3533 0.986
4052.2861 0.9859
4053.2195 0.9699
4054.1528 0.9596
4055.0864 0.9781
4056.0203 0.9932
4056.9543 0.9751
4057.8884 0.9709
4058.823 0.9857
4059.7576 0.9987
4060.6926 1.0005
4061.6277 0.9682
4062.563 0.9385
4063.4985 0.9448
4064.4343 0.9584
4065.3704 0.9766
4066.3064 0.9868
4067.243 0.9817
4068.1794 0.9818
4069.1165 1.0001
4070.0535 0.9792
4070.9907 0.9455
4071.9282 0.9516
4072.866 0.9852
4073.8037 0.9908
4074.742 0.9592
4075.6804 0.943
4076.619 0.9048
4077.5576 0.8923
4078.4966 0.9255
4079.4358 0.9675
4080.3752 0.9884
4081.315 1.0016
4082.255 0.9737
4083.1948 0.962
4084.1353 0.9501
4085.0757 0.9433
4086.0164 0.9425
4086.9575 0.9571
4087.8987 0.9534
4088.8398 0.9489
4089.7815 0.9321
4090.7234 0.9282
4091.6653 0.9285
4092.6077 0.9039
4093.55 0.8806
4094.4927 0.8713
4095.4358 0.8415
4096.379 0.7942
4097.3223 0.772
4098.2656 0.727
4099.2095 0.6332
4100.1533 0.534
4101.0977 0.4666
4102.042 0.4901
4102.987 0.5837
4103.9316 0.6803
4104.8765 0.7567
4105.822 0.7821
4106.7676 0.8066
4107.7134 0.8301
4108.659000000001 0.8556
4109.6055 0.8636
4110.552 0.8888
4111.498 0.9099
4112.4453 0.9303
4113.392 0.9517
4114.3394 0.9551
4115.2866 0.9613
4116.2344 0.981
4117.1826 0.9492
4118.1304 0.9546
4119.079000000001 0.9625
4120.0273 0.949
4120.976 0.9539
4121.9253 0.9551
4122.8745 0.9682
4123.8237 0.9809
4124.7734 0.9849
4125.7236 0.9911
4126.6733 0.9756
4127.624 0.9661
4128.5740000000005 0.9694
4129.525 0.9714
4130.476 0.9545
4131.4272 0.9367
4132.379 0.9359
4133.33 0.949
4134.282 0.9779
4135.2344 0.9948
4136.1865 0.9937
4137.139 0.999
4138.092000000001 1.0122
4139.0444 1.0179
4139.998 1.0264
4140.951 1.0028
4141.905 0.9887
4142.8584 0.9522
4143.8125 0.9483
4144.767 0.9681
4145.721 1.0043
4146.6763 1.0129
4147.630999999999 0.9921
4148.585999999999 0.9724
4149.5415 0.9772
4150.497 0.9815
4151.4526 0.9886
4152.4087 0.9989
4153.365 0.9674
4154.322 0.9552
4155.2783 0.9518
4156.2354 0.9728
4157.1924 0.973
4158.1494 0.9902
4159.107 1.0003
4160.065 0.9991
4161.023 0.9911
4161.981 0.9818
4162.9395 0.9857
4163.8984 0.9861
4164.857 1.0013
4165.8164 0.9879
4166.7754 0.9792
4167.7354 0.9881
4168.695 1.0039
4169.655 0.995
4170.615 0.9591
4171.5757 0.9271
4172.536 0.9057
4173.497 0.9139
4174.458 0.9399
4175.4194 0.9609
4176.380999999999 0.9557
4177.343 0.9269
4178.3047 0.9287
4179.267 0.9512
4180.2295 0.961
4181.192 0.9717
4182.155 0.9587
4183.1179999999995 0.9575
4184.081 0.9587
4185.045 0.9513
4186.009 0.9511
4186.9727 0.9282
4187.9365 0.9424
4188.9014 0.9566
4189.8657 0.9876
4190.8306 0.9757
4191.795999999999 0.974
4192.7609999999995 1.008
4193.7266 1.0058
4194.6924 0.9913
4195.657999999999 0.9805
4196.6245 0.9662
4197.590999999999 0.9347
4198.5576 0.933
4199.5244 0.9443
4200.4917 0.9706
4201.459 0.9575
4202.4263 0.9528
4203.394 0.9692
4204.3623 0.9743
4205.33 0.9755
4206.299 0.9913
4207.2676 0.9997
4208.2363 0.9883
4209.2056 0.9704
4210.175 0.9783
4211.144 0.9971
4212.1140000000005 0.9986
4213.084 0.9844
4214.054 0.9442
4215.0244 0.9251
4215.995 0.9338
4216.9663 0.9561
4217.937 0.9904
4218.9087 0.993
4219.88 0.9854
4220.852 0.9759
4221.8237 0.989
4222.795999999999 0.9619
4223.7686 0.9684
4224.741 0.9131
4225.714 0.8741
4226.687 0.8804
4227.6606 0.9211
4228.6343 0.9937
4229.608 1.0083
4230.582 1.0197
4231.556 0.9743
4232.531 0.9241
4233.5054 0.9111
4234.4805 0.9372
4235.4556 0.9569
4236.4307 0.9517
4237.4062 0.9751
4238.3823 0.9618
4239.3584 0.9794
4240.3345 0.9709
4241.311 0.9881
4242.2876 0.9921
4243.2646 0.9877
4244.2417 0.988
4245.219 0.9507
4246.197 0.9246
4247.175 0.9365
4248.153 0.9382
4249.130999999999 0.9357
4250.1094 0.9248
4251.0884 0.9394
4252.067 0.9891
4253.0464 0.9839
4254.026 0.9651
4255.0054 0.9786
4255.9854 1.0058
4256.9653 1.011
4257.946 0.9786
4258.9263 0.9627
4259.9067 0.9463
4260.8877 0.9645
4261.869000000001 0.9815
4262.8506 1.0319
4263.832 1.0151
4264.814 1.0237
4265.7964 1.0261
4266.779 1.0127
4267.7609999999995 0.9914
4268.744000000001 1.0007
4269.727 0.9563
4270.7104 0.901
4271.694 0.9099
4272.6772 0.9376
4273.6616 0.951
4274.6455 0.9633
4275.63 0.9689
4276.6147 1.0015
4277.5996 0.9963
4278.5845 0.9869
4279.57 0.9956
4280.555 0.9709
4281.541 0.951
4282.527 0.9411
4283.513 0.9701
4284.4995 0.9806
4285.4863 0.9753
4286.473 0.9776
4287.4604 0.9423
4288.4478 0.8994
4289.435 0.8772
4290.423 0.9012
4291.411 0.9622
4292.3994 0.9731
4293.3877 0.9515
4294.3765 0.9331
4295.365 0.9409
4296.3545 0.9777
4297.3438 0.9594
4298.3335 0.912
4299.323 0.8721
4300.3135 0.8545
4301.3037 0.8686
4302.2944 0.8627
4303.285 0.9005
4304.276 0.9292
4305.267 0.9604
4306.259 0.9099
4307.2505 0.9051
4308.242 0.9078
4309.2344 0.9536
4310.2266 0.9875
4311.219 0.9619
4312.212 0.9378
4313.205 0.8692
4314.198 0.8718
4315.192 0.903
4316.1855 0.9467
4317.1797 0.9737
4318.174 0.9618
4319.168 0.9225
4320.1626 0.9184
4321.1577 0.9265
4322.153 0.9711
4323.148 0.9507
4324.1436 0.9128
4325.1396 0.876
4326.1353 0.8787
4327.1320000000005 0.935
4328.128 0.9467
4329.125 0.9189
4330.1216 0.9034
4331.119000000001 0.8883
4332.116 0.8838
4333.1140000000005 0.8775
4334.112 0.8551
4335.11 0.8301
4336.1084 0.7681
4337.107 0.6877
4338.1055 0.5892
4339.1045 0.495
4340.1035 0.4529
4341.103 0.5161
4342.103 0.636
4343.103 0.7183
4344.103 0.7631
4345.1035 0.811
4346.104 0.8608
4347.105 0.8687
4348.106 0.9041
4349.1074 0.9096
4350.109 0.8735
4351.1104 0.8575
4352.1123 0.859
4353.1147 0.8988
4354.117 0.9478
4355.1196 0.96
4356.1226 0.9745
4357.126 0.9721
4358.1294 0.9644
4359.133 0.9567
4360.1367 0.9843
4361.1406 1.0044
4362.145 1.009
4363.15 0.9976
4364.1543 1.0007
4365.1597 1.0031
4366.1646 1.0014
4367.17 0.9944
4368.1759999999995 0.9764
4369.1816 0.9757
4370.188 0.9968
4371.1943 1.0093
4372.2007 0.9939
4373.208 0.9601
4374.215 0.9216
4375.222 0.9234
4376.2295 0.9829
4377.2373 1.0068
4378.2456 1.0257
4379.254 1.0211
4380.262 1.0185
4381.271 1.0037
4382.28 0.9591
4383.289000000001 0.9232
4384.2983 0.9068
4385.308 0.9552
4386.318 0.9854
4387.3279999999995 0.9883
4388.3384 1.015
4389.349 1.0017
4390.36 0.9963
4391.3706 0.9963
4392.3823 0.9961
4393.3936 0.9497
4394.4053 0.9026
4395.4175 0.9177
4396.4297 0.9745
4397.442 0.9859
4398.4546 0.9577
4399.4673 0.9248
4400.4805 0.9377
4401.494000000001 0.9695
4402.508 0.986
4403.5215 0.96
4404.5356 0.9583
4405.55 0.979
4406.5645 0.9914
4407.579000000001 0.986
4408.594 0.9912
4409.6094 0.9867
4410.625 0.9932
4411.6406 1.0036
4412.6562 0.9934
4413.6724 0.9688
4414.689 0.9168
4415.7056 0.8939
4416.7227 0.9058
4417.7397 0.9328
4418.7570000000005 0.9621
4419.7744 0.9964
4420.7925 0.9864
4421.8105 0.986
4422.8286 1.0009
4423.847 0.9896
4424.8657 0.9748
4425.885 0.961
4426.9043 0.9856
4427.9233 0.9923
4428.9434 1.0032
4429.963 0.9836
4430.9834 0.986
4432.004 0.9797
4433.0244 0.9692
4434.045 0.9471
4435.0664 0.9433
4436.0874 0.9518
4437.1094 0.9822
4438.130999999999 1.0105
4439.153 1.0125
4440.1753 0.9824
4441.1978 0.9647
4442.2207 0.9047
4443.2437 0.8911
4444.2666 0.9311
4445.29 0.9673
4446.314 0.9936
4447.338 0.9939
4448.362 0.9747
4449.3859999999995 0.968
4450.411 0.9585
4451.4355 0.9707
4452.460999999999 0.9796
4453.4863 0.9561
4454.5117 0.9389
4455.5376 0.9419
4456.5635 0.962
4457.59 0.9733
4458.616 0.9713
4459.643 0.9606
4460.67 0.9709
4461.6973 0.9695
4462.7246 0.9658
4463.7524 0.9688
4464.7803 0.9593
4465.8086 0.965
4466.837 0.9411
4467.8657 0.9118
4468.8945 0.9256
4469.924 0.9385
4470.9529999999995 0.9684
4471.9824 0.9756
4473.0127 1.0059
4474.0425 0.9895
4475.0728 0.9869
4476.1035 0.9775
4477.1343 0.9929
4478.165 1.0025
4479.1963 0.9763
4480.228 0.9353
4481.26 0.9131
4482.2915 0.9334
4483.3237 0.9675
4484.3564 0.9876
4485.389 1.0094
4486.4220000000005 1.0085
4487.455 0.9768
4488.4883 0.9496
4489.522 0.9603
4490.556 0.9667
4491.59 0.9686
4492.6245 0.9758
4493.659000000001 0.971
4494.694 0.9649
4495.729 0.9859
4496.764 0.9982
4497.8 0.9969
4498.8354 1.0006
4499.8716 0.9651
4500.9077 0.9535
4501.9443 0.968
4502.981 1.0102
4504.018 1.0094
4505.055 1.0085
4506.093 1.014
4507.1304 0.9657
4508.168 0.9815
4509.2065 0.9861
4510.2446 1.0106
4511.282999999999 1.0044
4512.3223 1.0108
4513.3613 0.9913
4514.401 0.9734
4515.4404 0.9764
4516.48 1.0041
4517.5205 1.0082
4518.5605 0.9762
4519.601 0.9689
4520.642 0.9609
4521.683 0.96
4522.724 0.9527
4523.7656 0.9719
4524.8076 0.9917
4525.8496 0.9913
4526.8916 0.9649
4527.934 0.9462
4528.977 0.9469
4530.02 0.9488
4531.063 0.967
4532.1064 0.9531
4533.1504 0.9128
4534.1943 0.8988
4535.2383 0.9514
4536.2827 0.9975
4537.327 1.0034
4538.372 1.011
4539.4175 1.0035
4540.463 0.9878
4541.5083 0.9768
4542.554 0.9813
4543.6 0.9842
4544.6465 0.9781
4545.693 0.9835
4546.7397 0.9857
4547.787 0.9397
4548.8345 0.8798
4549.8820000000005 0.8965
4550.9297 0.952
4551.9775 0.9664
4553.026 0.9279
4554.0740000000005 0.8974
4555.123 0.9141
4556.1720000000005 0.9383
4557.221 0.9674
4558.2705 0.981
4559.3203 0.9692
4560.37 1.001
4561.4204 0.9989
4562.4707 0.9584
4563.5215 0.9375
4564.5728 0.9678
4565.6235 0.9931
4566.6753 0.9975
4567.7266 1.0057
4568.779 0.9988
4569.8306 0.9817
4570.8833 0.9387
4571.9355 0.9357
4572.9883 0.9686
4574.0415 0.9814
4575.0947 0.9851
4576.1484 0.9797
4577.202 0.986
4578.2563 0.9887
4579.3105 0.987
4580.365 0.9843
4581.42 0.9669
4582.475 0.9259
4583.5303 0.9027
4584.585999999999 0.9546
4585.6416 0.9761
4586.6978 0.9831
4587.754 0.9644
4588.8105 0.9482
4589.867 0.9536
4590.9243 0.9683
4591.9814 0.9762
4593.0386 0.9873
4594.0967 0.992
4595.1543 0.9979
4596.2124 0.9864
4597.271 0.9956
4598.3296 0.988
4599.3887 0.9887
4600.4478 0.9859
4601.5073 0.9815
4602.567 0.971
4603.627 0.9886
4604.687 0.9884
4605.7476 0.9968
4606.808 1.0045
4607.8687 0.9808
4608.93 0.9915
4609.991 0.9929
4611.0527 0.9899
4612.1147 1.0008
4613.177 0.9921
4614.2393 0.9958
4615.302 0.9949
4616.3647 0.9782
4617.4277 0.9807
4618.491 0.975
4619.5547 0.9763
4620.6187 0.9937
4621.6826 1.0067
4622.747 1.0088
4623.8115 0.9998
4624.876 0.9938
4625.9414 0.9981
4627.0063 0.9976
4628.0723 0.968
4629.1377 0.9508
4630.2036 0.9791
4631.27 0.9969
4632.3364 0.9919
4633.4033 0.982
4634.47 0.9781
4635.5376 0.983
4636.605 0.9875
4637.673 0.9851
4638.7407 0.992
4639.809 0.9857
4640.8774 1.0044
4641.9463 1.0011
4643.015 0.9947
4644.0845 0.9998
4645.154 0.9754
4646.2236 0.9726
4647.2935 0.979
4648.3640000000005 0.9994
4649.434 0.9979
4650.505 0.9955
4651.5757 1.0037
4652.647 0.9819
4653.7188 0.9903
4654.79 0.9951
4655.8623 0.9753
4656.934 0.9889
4658.0070000000005 1.0082
4659.0796 1.0079
4660.1523 1.0083
4661.2256 0.9986
4662.299 0.9971
4663.3726 1.0048
4664.4463 0.9966
4665.5205 0.9902
4666.595 0.9773
4667.6694 0.9748
4668.7446 0.9856
4669.82 0.9785
4670.895 0.9904
4671.9707 0.9927
4673.0464 0.9978
4674.1226 1.0061
4675.1990000000005 1.0048
4676.276 1.0
4677.3525 0.9985
4678.4297 0.9935
4679.5073 0.992
4680.585 0.991
4681.6626 0.9852
4682.7407 0.9979
4683.819 1.0003
4684.8975 0.9952
4685.9766 1.0059
4687.0557 1.0038
4688.1353 0.99
4689.215 1.0079
4690.2944 1.0026
4691.3745 0.9919
4692.455 0.9937
4693.5356 1.0021
4694.616 1.005
4695.6973 1.009
4696.779 1.0015
4697.8604 1.0023
4698.9424 1.0048
4700.0244 1.0081
4701.107 0.9845
4702.1895 0.9715
4703.272 0.9664
4704.3555 0.9851
4705.4385 0.9998
4706.522 0.9923
4707.606 0.9777
4708.69 0.984
4709.7744 0.9949
4710.859 0.9965
4711.944 1.0033
4713.029 0.9999
4714.1143 0.9937
4715.1997 0.9935
4716.2856 1.0038
4717.372 1.0103
4718.458 1.0014
4719.545 0.9971
4720.6320000000005 0.9974
4721.7188 0.9919
4722.806 1.0019
4723.8936 0.9997
4724.9814 0.9913
4726.07 1.0115
4727.1577 0.9864
4728.2466 0.9995
4729.3354 0.9948
4730.4243 0.9927
4731.5137 0.9747
4732.6035 0.992
4733.6934 1.0019
4734.782999999999 0.9954
4735.8735 0.9794
4736.9644 0.9861
4738.055 0.984
4739.1465 0.9992
4740.238 0.986
4741.329000000001 0.9873
4742.420999999999 0.9895
4743.513 0.9783
4744.6055 0.9997
4745.698 0.9992
4746.791 0.9861
4747.8843 0.9888
4748.9775 0.9876
4750.0713 0.9945
4751.165 0.9984
4752.2593 0.9908
4753.3535 0.9879
4754.448 0.987
4755.543 0.9888
4756.638 0.9956
4757.7334 0.9935
4758.829000000001 0.9932
4759.925 1.0019
4761.021 0.9925
4762.1177 0.979
4763.2144 0.9711
4764.311 0.9724
4765.407999999999 0.9765
4766.505999999999 0.9837
4767.6035 0.991
4768.701 0.9885
4769.7993 0.9955
4770.898 0.9926
4771.9966 0.9906
4773.095 0.9857
4774.1943 1.0035
4775.294 0.9932
4776.3936 0.9994
4777.4937 0.9916
4778.5938 0.983
4779.6943 0.9624
4780.795 0.9786
4781.896 0.989
4782.997 0.9897
4784.0986 0.9916
4785.2 0.9943
4786.3022 0.9955
4787.4043 0.9932
4788.5070000000005 0.9888
4789.6094 0.9817
4790.7124 0.9943
4791.816 0.9966
4792.9194 1.0
4794.023 0.9959
4795.127 0.9922
4796.2314 0.9925
4797.335999999999 0.9825
4798.4404 0.9782
4799.5454 0.9883
4800.651 0.9901
4801.7563 0.9862
4802.862 0.9841
4803.9683 0.9642
4805.0740000000005 0.9578
4806.1807 0.9776
4807.2876 0.9913
4808.3945 0.9941
4809.502 1.002
4810.6094 0.9925
4811.7173 0.9947
4812.8257 0.9915
4813.9336 0.9987
4815.0425 1.0039
4816.1514 0.9956
4817.2603 1.008
4818.3696 0.9847
4819.479 0.9974
4820.589 1.0029
4821.6990000000005 0.9898
4822.8096 0.9771
4823.92 0.9632
4825.0312 0.9821
4826.142 0.9963
4827.2534 0.9936
4828.365 0.999
4829.477 0.9858
4830.5894 0.9954
4831.7017 0.9855
4832.8145 0.9931
4833.9272 0.9913
4835.0405 0.9884
4836.154 0.9853
4837.2676 0.9891
4838.3813 0.9884
4839.4956 0.9715
4840.6104 0.9753
4841.725 0.9848
4842.84 0.9678
4843.955 0.9604
4845.071 0.9601
4846.1865 0.9502
4847.3022 0.9416
4848.4185 0.9262
4849.535 0.9271
4850.652 0.931
4851.769 0.9243
4852.8859999999995 0.9011
4854.004 0.88
4855.1216 0.8612
4856.2397 0.8247
4857.358 0.7925
4858.4766 0.7006
4859.595 0.5466
4860.7144 0.4672
4861.834 0.5385
4862.9536 0.686
4864.073 0.7716
4865.1934 0.8168
4866.314 0.8519
4867.4346 0.8844
4868.555 0.9058
4869.6763 0.8969
4870.798 0.8864
4871.9194 0.8982
4873.0415 0.9198
4874.1636 0.9404
4875.286 0.9436
4876.4087 0.9349
4877.5317 0.9507
4878.6553 0.9572
4879.7783 0.9767
4880.9023 0.9731
4882.0264 0.9732
4883.1504 0.9603
4884.275 0.9556
4885.4 0.974
4886.525 0.9838
4887.65 0.9842
4888.776 0.9662
4889.9014 0.9329
4891.0273 0.9289
4892.154 0.958
4893.2803 0.9822
4894.407 0.9886
4895.5347 0.9919
4896.6616 0.996
4897.7896 0.9908
4898.9175 0.9855
4900.0454 0.9813
4901.174 0.9858
4902.3027 0.9808
4903.4316 0.9789
4904.5605 0.9936
4905.69 1.0011
4906.82 1.01
4907.9497 0.9923
4909.08 0.9878
4910.2104 0.9736
4911.3413 0.9864
4912.472 1.0067
4913.6035 1.0053
4914.735 0.9953
4915.8667 1.0011
4916.999 0.9874
4918.1313 0.9549
4919.2637 0.9332
4920.3965 0.9292
4921.53 0.9409
4922.663 0.9445
4923.7970000000005 0.9306
4924.9307 0.9596
4926.0645 0.9861
4927.1990000000005 0.9977
4928.334 0.9951
4929.4688 0.993
4930.604 0.9979
4931.7393 0.9758
4932.875 0.9433
4934.0107 0.9326
4935.147 0.9649
4936.2837 0.993
4937.4204 0.9779
4938.5576 0.9724
4939.695 0.9802
4940.8325 0.9944
4941.97 1.0065
4943.108 0.9988
4944.2466 0.9996
4945.3853 1.0056
4946.524 0.9959
4947.663 1.001
4948.8022 0.9983
4949.942 1.0
