3911.1108 1.0
3912.0115 0.9741
3912.9124 0.9871
3913.8135 0.9801
3914.7146 0.9732
3915.6162 0.9411
3916.5178 0.9397
3917.4197 0.9697
3918.3218 0.9431
3919.224 0.9362
3920.1267 0.9304
3921.0295 0.9643
3921.9324 0.9809
3922.8357 0.9677
3923.739 1.0002
3924.6426 0.9822
3925.5464 0.9411
3926.4504 0.9521
3927.3545 0.8793
3928.259 0.8368
3929.1636 0.7316
3930.0684 0.6753
3930.9734 0.5418
3931.8787 0.4096
3932.7842 0.2973
3933.6897 0.256
3934.5957 0.2941
3935.5017 0.4132
3936.408 0.564
3937.3145 0.6943
3938.2212 0.8321
3939.1282 0.903
3940.0354 0.9371
3940.9426 0.9306
3941.85 0.9622
3942.7578 0.9666
3943.6658 0.9475
3944.574 0.9502
3945.4824 0.9883
3946.3909999999996 0.9921
3947.2998 1.0094
3948.2087 1.0163
3949.118 0.959
3950.0273 0.9694
3950.937 0.9833
3951.847 0.9619
3952.7568 0.9854
3953.6672 1.0036
3954.5776 0.9831
3955.4883 0.9393
3956.3992 0.9953
3957.3103 0.9602
3958.2217 0.9504
3959.1333 0.9422
3960.045 0.9332
3960.9568 0.9021
3961.869 0.8869
3962.7812 0.8648
3963.6938 0.8195
3964.6067 0.7335
3965.5198 0.6357
3966.4329 0.4906
3967.3462 0.368
3968.26 0.2848
3969.1738 0.283
3970.0879999999997 0.3547
3971.002 0.4388
3971.9165 0.5695
3972.8313 0.6494
3973.7459999999996 0.7252
3974.6611 0.801
3975.5764 0.8441
3976.492 0.8701
3977.4077 0.9056
3978.3237 0.9542
3979.2397 0.9402
3980.1562 0.9283
3981.0728 0.9708
3981.9895 0.9326
3982.9065 0.9292
3983.8237 0.9575
3984.7412 0.9885
3985.6587 0.9985
3986.5767 1.0052
3987.4946 0.9926
3988.4128 0.9791
3989.3313 0.9878
3990.25 0.9814
3991.1690000000003 1.0056
3992.0881 1.0215
3993.0073 1.0166
3993.927 1.0262
3994.8467 0.9903
3995.7666 0.9619
3996.6868 0.9571
3997.6072 0.9264
3998.5278 0.9378
3999.4485 0.9783
4000.3696 0.9885
4001.2908 0.9782
4002.2122 0.9882
4003.1338 0.9621
4004.0557 0.9662
4004.9778 0.9296
4005.9001 0.9531
4006.8225 0.9559
4007.7454 0.9767
4008.6682 0.9964
4009.5913 0.9843
4010.5146 0.9803
4011.4382 0.9746
4012.362 0.9567
4013.2861 0.9573
4014.2102 0.9833
4015.1345 0.9788
4016.0593 1.0084
4016.9841 0.9603
4017.9092 1.0284
4018.8345 0.9934
4019.7598 1.0115
4020.6855 0.9817
4021.6116 1.0199
4022.5376 1.0017
4023.4639 0.9416
4024.3904 0.9718
4025.3171 0.967
4026.2441 0.9893
4027.1714 0.966
4028.0989 1.0195
4029.0264 0.9814
4029.954 0.9535
4030.8823 0.9096
4031.8105 0.9199
4032.739 0.9422
4033.6677 0.9225
4034.5964 0.9742
4035.5256 0.9777
4036.455 1.0094
4037.3845 0.9897
4038.3142 0.9909
4039.2441 1.0533
4040.1743 1.0359
4041.1047 0.9875
4042.0354 1.008
4042.9663 0.9893
4043.8972 0.952
4044.8286 0.9127
4045.76 0.9124
4046.6917 0.9266
4047.6235 1.0091
4048.5557 0.9922
4049.488 1.021
4050.4204 0.9995
4051.3533 1.0212
4052.2861 1.0199
4053.2195 1.0053
4054.1528 0.9764
4055.0864 0.9668
4056.0203 0.959
4056.9543 0.9837
4057.8884 0.9617
4058.823 0.9788
4059.7576 1.022
4060.6926 1.0108
4061.6277 0.9927
4062.563 0.9615
4063.4985 0.9567
4064.4343 0.9555
4065.3704 0.9872
4066.3064 1.0173
4067.243 0.9785
4068.1794 0.9696
4069.1165 0.9901
4070.0535 0.987
4070.9907 0.9576
4071.9282 0.9457
4072.866 0.9834
4073.8037 0.9899
4074.742 0.9578
4075.6804 0.9371
4076.619 0.9141
4077.5576 0.8885
4078.4966 0.8905
4079.4358 0.9368
4080.3752 0.9883
4081.315 0.9817
4082.255 0.9911
4083.1948 0.9853
4084.1353 0.9719
4085.0757 0.9459
4086.0164 0.964
4086.9575 0.9692
4087.8987 0.9675
4088.8398 0.9987
4089.7815 1.0066
4090.7234 0.9443
4091.6653 0.9586
4092.6077 0.9506
4093.55 0.9276
4094.4927 0.9557
4095.4358 0.893
4096.379 0.8718
4097.3223 0.85
4098.2656 0.8087
4099.2095 0.7877
4100.1533 0.6366
4101.0977 0.5877
4102.042 0.5529
4102.987 0.6255
4103.9316 0.7134
4104.8765 0.7901
4105.822 0.8474
4106.7676 0.8576
4107.7134 0.8724
4108.659000000001 0.8918
4109.6055 0.9153
4110.552 0.9076
4111.498 0.9413
4112.4453 0.9689
4113.392 0.972
4114.3394 0.9693
4115.2866 0.9878
4116.2344 0.984
4117.1826 0.9667
4118.1304 0.9267
4119.079000000001 0.958
4120.0273 0.9329
4120.976 0.9243
4121.9253 0.9227
4122.8745 0.9321
4123.8237 0.9305
4124.7734 0.9694
4125.7236 0.9745
4126.6733 0.9634
4127.624 0.9541
4128.5740000000005 0.9535
4129.525 0.9457
4130.476 0.9482
4131.4272 0.9294
4132.379 0.9289
4133.33 0.9123
4134.282 0.943
4135.2344 0.9685
4136.1865 0.9871
4137.139 0.9967
4138.092000000001 1.0067
4139.0444 1.0183
4139.998 1.0184
4140.951 1.019
4141.905 1.0086
4142.8584 0.9572
4143.8125 0.9386
4144.767 0.9671
4145.721 0.9895
4146.6763 0.9962
4147.630999999999 1.011
4148.585999999999 0.9894
4149.5415 0.9481
4150.497 0.9745
4151.4526 0.9875
4152.4087 0.9727
4153.365 0.9769
4154.322 0.9689
4155.2783 0.9402
4156.2354 0.9586
4157.1924 0.9593
4158.1494 0.9728
4159.107 0.9743
4160.065 0.9647
4161.023 0.974
4161.981 0.959
4162.9395 0.9716
4163.8984 1.0083
4164.857 0.9834
4165.8164 1.0176
4166.7754 0.9847
4167.7354 1.0092
4168.695 1.0108
4169.655 1.005
4170.615 0.9553
4171.5757 0.9177
4172.536 0.8871
4173.497 0.8822
4174.458 0.9127
4175.4194 0.9232
4176.380999999999 0.9293
4177.343 0.9048
4178.3047 0.9049
4179.267 0.9361
4180.2295 0.94
4181.192 0.9607
4182.155 0.9517
4183.1179999999995 0.9703
4184.081 0.9521
4185.045 0.9563
4186.009 0.9487
4186.9727 0.9428
4187.9365 0.9363
4188.9014 0.9733
4189.8657 0.9868
4190.8306 0.9874
4191.795999999999 0.9925
4192.7609999999995 1.0026
4193.7266 0.9926
4194.6924 1.0092
4195.657999999999 0.9738
4196.6245 0.9463
4197.590999999999 0.9347
4198.5576 0.9289
4199.5244 0.9186
4200.4917 0.9483
4201.459 0.9335
4202.4263 0.9337
4203.394 0.95
4204.3623 0.9547
4205.33 0.9797
4206.299 0.951
4207.2676 0.9751
4208.2363 0.9873
4209.2056 0.9905
4210.175 0.9701
4211.144 0.9804
4212.1140000000005 1.0082
4213.084 0.9963
4214.054 0.9815
4215.0244 0.9443
4215.995 0.9196
4216.9663 0.9538
4217.937 0.9681
4218.9087 0.9706
4219.88 0.9934
4220.852 0.9752
4221.8237 0.9842
4222.795999999999 0.9825
4223.7686 0.9597
4224.741 0.9491
4225.714 0.9111
4226.687 0.8753
4227.6606 0.8892
4228.6343 0.975
4229.608 1.0269
4230.582 1.0127
4231.556 0.9894
4232.531 0.9465
4233.5054 0.9333
4234.4805 0.9166
4235.4556 0.927
4236.4307 0.9618
4237.4062 0.9559
4238.3823 0.9448
4239.3584 0.939
4240.3345 0.9726
4241.311 0.9948
4242.2876 0.9846
4243.2646 0.9836
4244.2417 0.9725
4245.219 0.9576
4246.197 0.9235
4247.175 0.9094
4248.153 0.9255
4249.130999999999 0.9345
4250.1094 0.9219
4251.0884 0.922
4252.067 0.9633
4253.0464 0.9728
4254.026 0.9634
4255.0054 0.954
4255.9854 0.9762
4256.9653 0.9881
4257.946 0.9972
4258.9263 0.9737
4259.9067 0.9617
4260.8877 0.9397
4261.869000000001 0.9651
4262.8506 1.0175
4263.832 1.0077
4264.814 1.0332
4265.7964 1.0273
4266.779 1.0123
4267.7609999999995 1.0214
4268.744000000001 0.9791
4269.727 0.9599
4270.7104 0.9494
4271.694 0.9101
4272.6772 0.903
4273.6616 0.9461
4274.6455 0.9174
4275.63 0.9615
4276.6147 0.9764
4277.5996 1.0079
4278.5845 1.0105
4279.57 1.0101
4280.555 1.015
4281.541 0.9585
4282.527 0.9323
4283.513 0.9641
4284.4995 0.9782
4285.4863 0.981
4286.473 0.9891
4287.4604 0.942
4288.4478 0.897
4289.435 0.8676
4290.423 0.8516
4291.411 0.9357
4292.3994 0.9675
4293.3877 0.9318
4294.3765 0.9679
4295.365 0.972
4296.3545 0.9469
4297.3438 0.9385
4298.3335 0.8921
4299.323 0.8369
4300.3135 0.8438
4301.3037 0.8546
4302.2944 0.8507
4303.285 0.8753
4304.276 0.92
4305.267 0.9628
4306.259 0.936
4307.2505 0.8998
4308.242 0.8797
4309.2344 0.907
4310.2266 0.9547
4311.219 0.9652
4312.212 0.9643
4313.205 0.8856
4314.198 0.8578
4315.192 0.89
4316.1855 0.9276
4317.1797 0.9605
4318.174 0.9662
4319.168 0.9535
4320.1626 0.9234
4321.1577 0.9228
4322.153 0.9488
4323.148 0.9804
4324.1436 0.9317
4325.1396 0.8766
4326.1353 0.8974
4327.1320000000005 0.9109
4328.128 0.9731
4329.125 0.9728
4330.1216 0.9325
4331.119000000001 0.9058
4332.116 0.9223
4333.1140000000005 0.9499
4334.112 0.9191
4335.11 0.8892
4336.1084 0.8371
4337.107 0.7617
4338.1055 0.6823
4339.1045 0.6101
4340.1035 0.5361
4341.103 0.5424
4342.103 0.6427
4343.103 0.7453
4344.103 0.7933
4345.1035 0.8399
4346.104 0.9142
4347.105 0.9059
4348.106 0.9382
4349.1074 0.922
4350.109 0.9333
4351.1104 0.8618
4352.1123 0.8598
4353.1147 0.8892
4354.117 0.9436
4355.1196 0.955
4356.1226 0.9714
4357.126 0.98
4358.1294 0.9572
4359.133 0.976
4360.1367 0.9745
4361.1406 0.9798
4362.145 1.0165
4363.15 1.0148
4364.1543 1.0341
4365.1597 1.0276
4366.1646 1.0132
4367.17 0.9793
4368.1759999999995 0.9758
4369.1816 0.958
4370.188 0.9713
4371.1943 1.0112
4372.2007 0.991
4373.208 0.987
4374.215 0.8995
4375.222 0.8882
4376.2295 0.9469
4377.2373 0.9893
4378.2456 1.0315
4379.254 1.0359
4380.262 1.0128
4381.271 0.9974
4382.28 0.9822
4383.289000000001 0.9131
4384.2983 0.8959
4385.308 0.8991
4386.318 0.9469
4387.3279999999995 0.9864
4388.3384 0.9929
4389.349 0.999
4390.36 0.9901
4391.3706 0.9785
4392.3823 0.9759
4393.3936 0.9577
4394.4053 0.9058
4395.4175 0.8952
4396.4297 0.9373
4397.442 0.9766
4398.4546 0.9561
4399.4673 0.9094
4400.4805 0.8947
4401.494000000001 0.9295
4402.508 0.9565
4403.5215 0.9549
4404.5356 0.9448
4405.55 0.9483
4406.5645 0.9775
4407.579000000001 0.9747
4408.594 0.968
4409.6094 0.9626
4410.625 0.9716
4411.6406 0.9958
4412.6562 0.9938
4413.6724 0.9612
4414.689 0.9139
4415.7056 0.8904
4416.7227 0.8696
4417.7397 0.8903
4418.7570000000005 0.9383
4419.7744 0.9664
4420.7925 0.9805
4421.8105 0.9849
4422.8286 0.9539
4423.847 0.9707
4424.8657 0.9728
4425.885 0.939
4426.9043 0.9353
4427.9233 0.9537
4428.9434 0.9595
4429.963 0.983
4430.9834 0.9685
4432.004 0.9837
4433.0244 0.9648
4434.045 0.9504
4435.0664 0.9301
4436.0874 0.9379
4437.1094 0.9804
4438.130999999999 0.9997
4439.153 1.0089
4440.1753 0.9904
4441.1978 0.9695
4442.2207 0.9022
4443.2437 0.8749
4444.2666 0.8869
4445.29 0.9332
4446.314 0.9729
4447.338 0.9568
4448.362 0.9636
4449.3859999999995 0.9431
4450.411 0.9377
4451.4355 0.9509
4452.460999999999 0.9662
4453.4863 0.9554
4454.5117 0.9335
4455.5376 0.9262
4456.5635 0.9474
4457.59 0.9428
4458.616 0.9632
4459.643 0.9626
4460.67 0.9404
4461.6973 0.9534
4462.7246 0.9435
4463.7524 0.9587
4464.7803 0.9695
4465.8086 0.9807
4466.837 0.9484
4467.8657 0.9048
4468.8945 0.9102
4469.924 0.92
4470.9529999999995 0.9518
4471.9824 0.9745
4473.0127 0.9995
4474.0425 1.0265
4475.0728 1.0088
4476.1035 0.9875
4477.1343 0.9933
4478.165 1.0094
4479.1963 0.9908
4480.228 0.9403
4481.26 0.9105
4482.2915 0.9232
4483.3237 0.9595
4484.3564 0.9723
4485.389 0.9914
4486.4220000000005 1.0136
4487.455 0.9816
4488.4883 0.9587
4489.522 0.9354
4490.556 0.9416
4491.59 0.9666
4492.6245 0.9857
4493.659000000001 0.9689
4494.694 0.9624
4495.729 0.9707
4496.764 0.9867
4497.8 1.0053
4498.8354 1.0054
4499.8716 0.9707
4500.9077 0.9399
4501.9443 0.9357
4502.981 0.9781
4504.018 1.0376
4505.055 1.0098
4506.093 1.0134
4507.1304 0.98
4508.168 0.9735
4509.2065 0.987
4510.2446 0.9968
4511.282999999999 1.0152
4512.3223 1.0016
4513.3613 1.0234
4514.401 0.9641
4515.4404 0.986
4516.48 0.984
4517.5205 0.9983
4518.5605 0.9847
4519.601 0.9531
4520.642 0.9739
4521.683 0.9449
4522.724 0.9491
4523.7656 0.9501
4524.8076 0.9656
4525.8496 0.96
4526.8916 0.982
4527.934 0.9452
4528.977 0.9251
4530.02 0.9249
4531.063 0.9543
4532.1064 0.9439
4533.1504 0.8924
4534.1943 0.8696
4535.2383 0.9055
4536.2827 0.9714
4537.327 0.9866
4538.372 1.0084
4539.4175 0.993
4540.463 0.9677
4541.5083 0.9701
4542.554 0.9868
4543.6 0.9898
4544.6465 0.9825
4545.693 0.982
4546.7397 0.9976
4547.787 0.9806
4548.8345 0.8971
4549.8820000000005 0.874
4550.9297 0.9213
4551.9775 0.964
4553.026 0.936
4554.0740000000005 0.9053
4555.123 0.8916
4556.1720000000005 0.9255
4557.221 0.9436
4558.2705 0.9729
4559.3203 0.9805
4560.37 0.9916
4561.4204 1.0033
4562.4707 0.9587
4563.5215 0.9421
4564.5728 0.9382
4565.6235 0.9707
4566.6753 1.0114
4567.7266 1.0045
4568.779 1.0071
4569.8306 0.9942
4570.8833 0.9521
4571.9355 0.9206
4572.9883 0.9545
4574.0415 0.9806
4575.0947 0.9807
4576.1484 0.9769
4577.202 0.9811
4578.2563 0.9869
4579.3105 0.9829
4580.365 0.9514
4581.42 0.9276
4582.475 0.9389
4583.5303 0.9027
4584.585999999999 0.9274
4585.6416 0.955
4586.6978 0.9758
4587.754 0.9546
4588.8105 0.9409
4589.867 0.9469
4590.9243 0.9426
4591.9814 0.9533
4593.0386 0.9769
4594.0967 0.9858
4595.1543 0.989
4596.2124 1.0029
4597.271 0.9955
4598.3296 0.9955
4599.3887 0.9874
4600.4478 0.9803
4601.5073 0.989
4602.567 0.9726
4603.627 0.9624
4604.687 0.9812
4605.7476 1.0036
4606.808 1.0042
4607.8687 1.0007
4608.93 1.0015
4609.991 0.9839
4611.0527 0.9938
4612.1147 0.9802
4613.177 0.9928
4614.2393 0.984
4615.302 1.0029
4616.3647 0.9726
4617.4277 0.9845
4618.491 0.9711
4619.5547 0.9698
4620.6187 0.9727
4621.6826 0.9787
4622.747 1.0275
4623.8115 0.9825
4624.876 0.9941
4625.9414 0.9856
4627.0063 1.0017
4628.0723 0.9653
4629.1377 0.9372
4630.2036 0.9611
4631.27 1.0077
4632.3364 0.9842
4633.4033 0.9655
4634.47 0.9755
4635.5376 0.9811
4636.605 0.9963
4637.673 0.9927
4638.7407 1.0027
4639.809 1.0081
4640.8774 0.9954
4641.9463 0.9952
4643.015 0.9962
4644.0845 0.9945
4645.154 0.9946
4646.2236 0.9865
4647.2935 0.9792
4648.3640000000005 0.9754
4649.434 0.9832
4650.505 0.9989
4651.5757 0.9939
4652.647 0.9892
4653.7188 0.9924
4654.79 0.9817
4655.8623 0.9699
4656.934 0.9635
4658.0070000000005 0.982
4659.0796 1.0081
4660.1523 1.0129
4661.2256 1.0051
4662.299 0.9785
4663.3726 0.9824
4664.4463 0.9968
4665.5205 0.9968
4666.595 0.964
4667.6694 0.9534
4668.7446 0.9512
4669.82 0.9714
4670.895 0.9789
4671.9707 0.9728
4673.0464 1.0024
4674.1226 0.9964
4675.1990000000005 0.9929
4676.276 1.0062
4677.3525 1.0008
4678.4297 0.9973
4679.5073 0.9645
4680.585 0.9859
4681.6626 0.9897
4682.7407 0.991
4683.819 1.0164
4684.8975 0.9867
4685.9766 0.9945
4687.0557 0.9915
4688.1353 0.9976
4689.215 1.0017
4690.2944 0.9972
4691.3745 1.0004
4692.455 1.0099
4693.5356 0.9912
4694.616 0.9852
4695.6973 0.9942
4696.779 1.0036
4697.8604 1.0038
4698.9424 1.0066
4700.0244 0.9985
4701.107 0.9983
4702.1895 0.9663
4703.272 0.9611
4704.3555 0.9745
4705.4385 0.9919
4706.522 0.9906
4707.606 0.9654
4708.69 0.9668
4709.7744 0.9868
4710.859 1.003
4711.944 0.9955
4713.029 0.9964
4714.1143 0.9926
4715.1997 0.9715
4716.2856 1.0022
4717.372 1.0006
4718.458 0.9925
4719.545 1.0124
4720.6320000000005 1.014
4721.7188 0.9931
4722.806 0.9965
4723.8936 0.9963
4724.9814 1.0075
4726.07 1.0176
4727.1577 0.9832
4728.2466 0.9909
4729.3354 0.9833
4730.4243 0.9919
4731.5137 0.9756
4732.6035 0.9708
4733.6934 1.0051
4734.782999999999 0.99
4735.8735 0.9752
4736.9644 0.9725
4738.055 0.9709
4739.1465 0.9863
4740.238 0.9866
4741.329000000001 0.9767
4742.420999999999 0.9946
4743.513 1.0079
4744.6055 0.9909
4745.698 1.0024
4746.791 0.9956
4747.8843 0.9789
4748.9775 1.0042
4750.0713 0.9877
4751.165 0.9893
4752.2593 0.997
4753.3535 0.9814
4754.448 0.9775
4755.543 0.9743
4756.638 0.9733
4757.7334 0.9873
4758.829000000001 1.0009
4759.925 0.9981
4761.021 1.0002
4762.1177 0.9671
4763.2144 0.9557
4764.311 0.9395
4765.407999999999 0.9642
4766.505999999999 0.9892
4767.6035 0.9872
4768.701 0.9968
4769.7993 0.9979
4770.898 0.9856
4771.9966 0.984
4773.095 0.9875
4774.1943 1.0142
4775.294 1.0126
4776.3936 0.9925
4777.4937 1.0064
4778.5938 0.9938
4779.6943 0.9763
4780.795 0.9797
4781.896 0.9737
4782.997 0.9896
4784.0986 0.9862
4785.2 0.9872
4786.3022 0.9789
4787.4043 0.9813
4788.5070000000005 0.991
4789.6094 0.9848
4790.7124 0.9892
4791.816 1.0011
4792.9194 0.9923
4794.023 1.0025
4795.127 1.0015
4796.2314 1.0
4797.335999999999 0.9787
4798.4404 0.9799
4799.5454 0.9874
4800.651 0.9991
4801.7563 1.0001
4802.862 1.0012
4803.9683 0.9874
4805.0740000000005 0.9751
4806.1807 0.9582
4807.2876 1.0006
4808.3945 0.9937
4809.502 0.9796
4810.6094 0.9878
4811.7173 0.9817
4812.8257 0.9994
4813.9336 0.9995
4815.0425 0.9944
4816.1514 1.0135
4817.2603 1.0033
4818.3696 1.0041
4819.479 0.9999
4820.589 1.0011
4821.6990000000005 0.9975
4822.8096 0.9759
4823.92 0.9614
4825.0312 0.9674
4826.142 0.9862
4827.2534 0.9966
4828.365 0.9918
4829.477 0.9865
4830.5894 0.9918
4831.7017 0.998
4832.8145 0.9889
4833.9272 0.9906
4835.0405 0.995
4836.154 0.9827
4837.2676 0.9768
4838.3813 0.979
4839.4956 0.9913
4840.6104 0.9846
4841.725 0.9784
4842.84 0.9807
4843.955 0.9736
4845.071 0.9761
4846.1865 0.9754
4847.3022 0.9516
4848.4185 0.9461
4849.535 0.9399
4850.652 0.9509
4851.769 0.9605
4852.8859999999995 0.928
4854.004 0.9215
4855.1216 0.8876
4856.2397 0.8495
4857.358 0.8651
4858.4766 0.8054
4859.595 0.6916
4860.7144 0.547
4861.834 0.528
4862.9536 0.6419
4864.073 0.7883
4865.1934 0.8425
4866.314 0.8637
4867.4346 0.8923
4868.555 0.9114
4869.6763 0.9275
4870.798 0.878
4871.9194 0.8822
4873.0415 0.8998
4874.1636 0.9286
4875.286 0.9471
4876.4087 0.9465
4877.5317 0.9297
4878.6553 0.9477
4879.7783 0.9704
4880.9023 0.9799
4882.0264 0.9553
4883.1504 0.9668
4884.275 0.9569
4885.4 0.9735
4886.525 0.9829
4887.65 0.9821
4888.776 0.9724
4889.9014 0.9407
4891.0273 0.9224
4892.154 0.929
4893.2803 0.988
4894.407 0.999
4895.5347 0.9999
4896.6616 1.0058
4897.7896 0.9994
4898.9175 0.968
4900.0454 0.9667
4901.174 0.9856
4902.3027 0.9766
4903.4316 0.9688
4904.5605 0.9933
4905.69 0.9784
4906.82 0.9925
4907.9497 1.0028
4909.08 0.9929
4910.2104 0.9812
4911.3413 0.9839
4912.472 0.9868
4913.6035 1.0022
4914.735 0.9993
4915.8667 0.9964
4916.999 0.9873
4918.1313 0.9524
4919.2637 0.9185
4920.3965 0.9174
4921.53 0.943
4922.663 0.9298
4923.7970000000005 0.907
4924.9307 0.9404
4926.0645 0.9862
4927.1990000000005 1.0071
4928.334 0.9984
4929.4688 0.9852
4930.604 1.0009
4931.7393 0.9939
4932.875 0.9528
4934.0107 0.9244
4935.147 0.9441
4936.2837 0.9893
4937.4204 0.9675
4938.5576 0.9552
4939.695 0.9577
4940.8325 0.9768
4941.97 1.004
4943.108 1.0125
4944.2466 0.9929
4945.3853 0.9987
4946.524 0.9996
4947.663 0.9925
4948.8022 0.9989
4949.942 1.0
