3911.1108 1.0
3912.0115 1.0365
3912.9124 0.9791
3913.8135 1.0176
3914.7146 1.037
3915.6162 0.9566
3916.5178 0.9118
3917.4197 0.8929
3918.3218 0.8757
3919.224 0.8481
3920.1267 0.8554
3921.0295 0.8724
3921.9324 0.899
3922.8357 0.9592
3923.739 0.9397
3924.6426 0.872
3925.5464 0.8897
3926.4504 0.9357
3927.3545 0.8951
3928.259 0.9111
3929.1636 0.939
3930.0684 0.9036
3930.9734 0.9018
3931.8787 0.8195
3932.7842 0.8249
3933.6897 0.7494
3934.5957 0.6123
3935.5017 0.4837
3936.408 0.3625
3937.3145 0.3033
3938.2212 0.4277
3939.1282 0.5993
3940.0354 0.7546
3940.9426 0.8253
3941.85 0.8583
3942.7578 0.8565
3943.6658 0.8232
3944.574 0.9492
3945.4824 0.9119
3946.3909999999996 0.9057
3947.2998 0.9236
3948.2087 0.9307
3949.118 0.9974
3950.0273 0.9837
3950.937 0.9256
3951.847 0.9062
3952.7568 0.9289
3953.6672 0.9541
3954.5776 0.9487
3955.4883 0.9611
3956.3992 0.8895
3957.3103 0.9157
3958.2217 0.9162
3959.1333 0.8431
3960.045 0.8438
3960.9568 0.8404
3961.869 0.9652
3962.7812 0.8884
3963.6938 0.8458
3964.6067 0.8991
3965.5198 0.8794
3966.4329 0.8359
3967.3462 0.7724
3968.26 0.7435
3969.1738 0.6029
3970.0879999999997 0.4902
3971.002 0.3836
3971.9165 0.2617
3972.8313 0.2961
3973.7459999999996 0.3825
3974.6611 0.4566
3975.5764 0.5446
3976.492 0.6581
3977.4077 0.7591
3978.3237 0.7872
3979.2397 0.8125
3980.1562 0.8527
3981.0728 0.8631
3981.9895 0.8241
3982.9065 0.8825
3983.8237 0.9331
3984.7412 0.9313
3985.6587 0.9439
3986.5767 0.8496
3987.4946 0.968
3988.4128 0.9109
3989.3313 0.963
3990.25 0.8772
3991.1690000000003 0.9517
3992.0881 0.9888
3993.0073 0.9417
3993.927 0.9806
3994.8467 1.006
3995.7666 0.9323
3996.6868 0.9756
3997.6072 0.9743
3998.5278 1.0467
3999.4485 0.8981
4000.3696 0.9187
4001.2908 0.9393
4002.2122 0.9838
4003.1338 0.96
4004.0557 0.9196
4004.9778 1.0044
4005.9001 1.0392
4006.8225 1.0022
4007.7454 1.0104
4008.6682 0.8669
4009.5913 0.936
4010.5146 0.953
4011.4382 1.0337
4012.362 0.9387
4013.2861 1.0199
4014.2102 0.94
4015.1345 0.9173
4016.0593 0.9768
4016.9841 0.8888
4017.9092 0.9841
4018.8345 0.9226
4019.7598 0.9127
4020.6855 0.9792
4021.6116 0.9693
4022.5376 1.0197
4023.4639 0.9451
4024.3904 0.9347
4025.3171 0.9961
4026.2441 0.9539
4027.1714 0.9708
4028.0989 0.8603
4029.0264 0.8676
4029.954 1.0044
4030.8823 0.9569
4031.8105 0.9202
4032.739 0.9116
4033.6677 0.8708
4034.5964 0.8928
4035.5256 0.9691
4036.455 0.9264
4037.3845 0.8914
4038.3142 0.9476
4039.2441 0.9291
4040.1743 0.9862
4041.1047 1.0024
4042.0354 1.058
4042.9663 1.0194
4043.8972 1.0081
4044.8286 1.0377
4045.76 1.0315
4046.6917 0.9761
4047.6235 0.9694
4048.5557 0.9596
4049.488 0.924
4050.4204 1.0089
4051.3533 0.9804
4052.2861 0.9732
4053.2195 1.0114
4054.1528 1.0178
4055.0864 1.0158
4056.0203 0.9606
4056.9543 1.0127
4057.8884 0.9218
4058.823 0.9598
4059.7576 0.9977
4060.6926 0.9467
4061.6277 0.9823
4062.563 1.0068
4063.4985 1.0285
4064.4343 0.9405
4065.3704 0.9145
4066.3064 0.9088
4067.243 0.9591
4068.1794 0.9551
4069.1165 1.01
4070.0535 0.9084
4070.9907 1.0204
4071.9282 0.9805
4072.866 0.9772
4073.8037 0.9602
4074.742 0.9732
4075.6804 0.9273
4076.619 0.9603
4077.5576 0.9596
4078.4966 0.9468
4079.4358 0.9227
4080.3752 0.9566
4081.315 0.9075
4082.255 0.9238
4083.1948 0.9809
4084.1353 0.92
4085.0757 0.9607
4086.0164 0.9647
4086.9575 0.9599
4087.8987 0.933
4088.8398 0.8581
4089.7815 0.9368
4090.7234 0.9142
4091.6653 0.8739
4092.6077 0.9048
4093.55 0.9121
4094.4927 0.8681
4095.4358 0.8545
4096.379 0.8778
4097.3223 0.8165
4098.2656 0.8403
4099.2095 0.8269
4100.1533 0.7566
4101.0977 0.7792
4102.042 0.744
4102.987 0.6559
4103.9316 0.5658
4104.8765 0.4984
4105.822 0.4847
4106.7676 0.5696
4107.7134 0.6478
4108.659000000001 0.7002
4109.6055 0.7889
4110.552 0.7783
4111.498 0.8163
4112.4453 0.8454
4113.392 0.865
4114.3394 0.8757
4115.2866 0.9144
4116.2344 0.9735
4117.1826 0.8803
4118.1304 0.9514
4119.079000000001 0.9397
4120.0273 0.9186
4120.976 0.9069
4121.9253 0.8952
4122.8745 0.9039
4123.8237 0.9211
4124.7734 0.9376
4125.7236 0.9324
4126.6733 0.9513
4127.624 0.9525
4128.5740000000005 0.9837
4129.525 0.9189
4130.476 0.962
4131.4272 0.976
4132.379 0.9773
4133.33 0.9956
4134.282 0.8964
4135.2344 0.8494
4136.1865 0.8982
4137.139 0.8922
4138.092000000001 0.9501
4139.0444 0.9438
4139.998 0.9443
4140.951 0.9782
4141.905 0.9931
4142.8584 1.0201
4143.8125 0.9837
4144.767 0.9564
4145.721 0.9603
4146.6763 0.916
4147.630999999999 0.8961
4148.585999999999 0.8971
4149.5415 0.9147
4150.497 0.9826
4151.4526 0.9664
4152.4087 0.9701
4153.365 1.0216
4154.322 0.9642
4155.2783 0.9333
4156.2354 0.9147
4157.1924 0.9968
4158.1494 0.9443
4159.107 0.9767
4160.065 0.9648
4161.023 1.0045
4161.981 1.0083
4162.9395 1.0364
4163.8984 1.0114
4164.857 1.0099
4165.8164 0.9424
4166.7754 1.0545
4167.7354 0.9431
4168.695 1.0763
4169.655 0.9136
4170.615 0.9888
4171.5757 0.9782
4172.536 1.0079
4173.497 0.9634
4174.458 0.9831
4175.4194 0.9347
4176.380999999999 0.9561
4177.343 0.9522
4178.3047 0.9094
4179.267 0.9262
4180.2295 0.8877
4181.192 0.9636
4182.155 0.8949
4183.1179999999995 0.9214
4184.081 0.9427
4185.045 0.9708
4186.009 0.9937
4186.9727 1.0216
4187.9365 0.9813
4188.9014 0.9199
4189.8657 0.9544
4190.8306 0.963
4191.795999999999 0.9389
4192.7609999999995 0.946
4193.7266 0.9446
4194.6924 0.9746
4195.657999999999 0.9637
4196.6245 0.9929
4197.590999999999 1.0211
4198.5576 0.9958
4199.5244 0.9686
4200.4917 0.9851
4201.459 0.9841
4202.4263 0.921
4203.394 0.9291
4204.3623 0.9686
4205.33 0.9524
4206.299 0.9633
4207.2676 0.9637
4208.2363 0.9577
4209.2056 0.9961
4210.175 1.0109
4211.144 1.0507
4212.1140000000005 0.9824
4213.084 0.973
4214.054 0.9413
4215.0244 0.9352
4215.995 1.028
4216.9663 1.0525
4217.937 0.9317
4218.9087 0.93
4219.88 0.9074
4220.852 0.9549
4221.8237 0.9628
4222.795999999999 0.9811
4223.7686 0.9469
4224.741 0.9762
4225.714 0.9676
4226.687 0.9616
4227.6606 1.0007
4228.6343 0.8972
4229.608 0.9208
4230.582 0.8179
4231.556 0.8845
4232.531 0.9358
4233.5054 1.035
4234.4805 0.9901
4235.4556 0.9962
4236.4307 0.9291
4237.4062 0.8945
4238.3823 0.9173
4239.3584 0.9302
4240.3345 1.0032
4241.311 0.9702
4242.2876 1.0242
4243.2646 0.9658
4244.2417 0.9789
4245.219 1.0424
4246.197 1.0378
4247.175 0.9647
4248.153 1.0118
4249.130999999999 0.9568
4250.1094 0.9089
4251.0884 0.9351
4252.067 0.9198
4253.0464 0.9455
4254.026 0.9432
4255.0054 0.9004
4255.9854 0.9927
4256.9653 0.9909
4257.946 0.9139
4258.9263 1.0045
4259.9067 0.9817
4260.8877 0.9531
4261.869000000001 1.0107
4262.8506 0.9534
4263.832 0.9799
4264.814 0.9987
4265.7964 0.98
4266.779 1.0019
4267.7609999999995 0.9965
4268.744000000001 0.9785
4269.727 1.0082
4270.7104 1.0642
4271.694 1.0116
4272.6772 1.0043
4273.6616 0.9153
4274.6455 0.9551
4275.63 0.9124
4276.6147 0.9581
4277.5996 0.9343
4278.5845 0.9345
4279.57 0.966
4280.555 0.9874
4281.541 0.959
4282.527 1.0151
4283.513 1.0016
4284.4995 0.978
4285.4863 0.93
4286.473 0.9418
4287.4604 0.9799
4288.4478 0.9853
4289.435 0.9572
4290.423 0.9997
4291.411 0.9748
4292.3994 0.904
4293.3877 0.9484
4294.3765 0.9296
4295.365 1.0102
4296.3545 0.9599
4297.3438 0.9562
4298.3335 0.947
4299.323 0.9587
4300.3135 1.0137
4301.3037 0.9757
4302.2944 0.9355
4303.285 0.9215
4304.276 0.9125
4305.267 0.8837
4306.259 0.895
4307.2505 0.9018
4308.242 0.9611
4309.2344 1.0324
4310.2266 0.9518
4311.219 0.8692
4312.212 0.8817
4313.205 0.9235
4314.198 1.0104
4315.192 0.9601
4316.1855 0.9038
4317.1797 0.8995
4318.174 0.8746
4319.168 0.8919
4320.1626 0.9521
4321.1577 0.9886
4322.153 0.9584
4323.148 0.947
4324.1436 0.942
4325.1396 0.9321
4326.1353 0.9543
4327.1320000000005 0.9489
4328.128 0.8882
4329.125 0.8579
4330.1216 0.8294
4331.119000000001 0.8723
4332.116 0.896
4333.1140000000005 0.9176
4334.112 0.9229
4335.11 0.8492
4336.1084 0.8913
4337.107 0.8594
4338.1055 0.9063
4339.1045 0.8323
4340.1035 0.7905
4341.103 0.7407
4342.103 0.6493
4343.103 0.551
4344.103 0.4066
4345.1035 0.4574
4346.104 0.6809
4347.105 0.7304
4348.106 0.7374
4349.1074 0.7803
4350.109 0.8756
4351.1104 0.8713
4352.1123 0.8852
4353.1147 0.9104
4354.117 0.8756
4355.1196 0.8922
4356.1226 0.8768
4357.126 0.8914
4358.1294 0.8942
4359.133 0.883
4360.1367 0.9013
4361.1406 0.9775
4362.145 0.9697
4363.15 0.9843
4364.1543 0.9783
4365.1597 1.0004
4366.1646 1.0241
4367.17 1.0039
4368.1759999999995 1.0201
4369.1816 0.9933
4370.188 1.0337
4371.1943 0.9491
4372.2007 0.9479
4373.208 0.9985
4374.215 0.9792
4375.222 0.9829
4376.2295 0.9931
4377.2373 0.9664
4378.2456 0.9644
4379.254 0.9858
4380.262 0.9581
4381.271 0.9969
4382.28 1.0451
4383.289000000001 1.0019
4384.2983 1.0141
4385.308 1.0004
4386.318 0.9646
4387.3279999999995 0.9522
4388.3384 0.9231
4389.349 0.9175
4390.36 0.9528
4391.3706 0.9717
4392.3823 1.0042
4393.3936 1.0055
4394.4053 1.0224
4395.4175 0.9659
4396.4297 0.9819
4397.442 0.9892
4398.4546 0.9146
4399.4673 0.9166
4400.4805 0.9434
4401.494000000001 0.9165
4402.508 0.9456
4403.5215 0.9251
4404.5356 0.9179
4405.55 0.9566
4406.5645 1.0571
4407.579000000001 0.8961
4408.594 0.9451
4409.6094 0.949
4410.625 0.9518
4411.6406 1.0115
4412.6562 1.0299
4413.6724 0.9945
4414.689 1.0018
4415.7056 1.0232
4416.7227 0.9295
4417.7397 0.9635
4418.7570000000005 0.9595
4419.7744 0.8693
4420.7925 0.9044
4421.8105 0.8807
4422.8286 0.9076
4423.847 0.968
4424.8657 0.9673
4425.885 0.9635
4426.9043 0.96
4427.9233 1.0182
4428.9434 1.0073
4429.963 1.0034
4430.9834 0.98
4432.004 0.9924
4433.0244 1.0031
4434.045 0.9931
4435.0664 0.9716
4436.0874 0.9679
4437.1094 0.9696
4438.130999999999 0.9813
4439.153 0.9368
4440.1753 0.9222
4441.1978 0.9631
4442.2207 0.9795
4443.2437 0.9804
4444.2666 0.947
4445.29 0.9654
4446.314 0.9193
4447.338 0.8739
4448.362 0.942
4449.3859999999995 0.9408
4450.411 0.9607
4451.4355 0.944
4452.460999999999 0.9834
4453.4863 0.9432
4454.5117 0.9235
4455.5376 0.9757
4456.5635 1.0172
4457.59 0.9518
4458.616 0.9038
4459.643 1.0075
4460.67 0.9834
4461.6973 0.9731
4462.7246 0.9938
4463.7524 0.9651
4464.7803 0.9492
4465.8086 0.9714
4466.837 0.9069
4467.8657 0.9701
4468.8945 0.9251
4469.924 0.9569
4470.9529999999995 0.9234
4471.9824 0.9363
4473.0127 0.9273
4474.0425 0.9529
4475.0728 0.9174
4476.1035 0.9532
4477.1343 0.9752
4478.165 0.9625
4479.1963 1.0031
4480.228 0.9246
4481.26 0.9739
4482.2915 0.9805
4483.3237 1.0097
4484.3564 0.9788
4485.389 0.88
4486.4220000000005 0.964
4487.455 0.9741
4488.4883 0.954
4489.522 1.0091
4490.556 0.9987
4491.59 0.9455
4492.6245 0.9563
4493.659000000001 0.9587
4494.694 1.0031
4495.729 0.9858
4496.764 0.9652
4497.8 0.9691
4498.8354 0.9677
4499.8716 0.9616
4500.9077 0.9832
4501.9443 1.0058
4502.981 0.9826
4504.018 0.9886
4505.055 0.9331
4506.093 0.9333
4507.1304 1.0183
4508.168 0.9797
4509.2065 1.0363
4510.2446 1.0218
4511.282999999999 0.9636
4512.3223 0.9549
4513.3613 0.9614
4514.401 0.9775
4515.4404 1.0216
4516.48 1.0105
4517.5205 1.0063
4518.5605 0.9834
4519.601 0.9542
4520.642 0.9809
4521.683 0.9766
4522.724 0.97
4523.7656 0.9354
4524.8076 0.9884
4525.8496 0.9324
4526.8916 0.9822
4527.934 0.9614
4528.977 0.9004
4530.02 0.9485
4531.063 0.9841
4532.1064 0.9091
4533.1504 0.9804
4534.1943 0.9415
4535.2383 0.9301
4536.2827 0.9608
4537.327 0.9559
4538.372 0.8973
4539.4175 0.9637
4540.463 0.9869
4541.5083 1.001
4542.554 0.9958
4543.6 1.0
4544.6465 1.0189
4545.693 0.9649
4546.7397 0.9975
4547.787 0.9312
4548.8345 0.9904
4549.8820000000005 1.0124
4550.9297 1.0143
4551.9775 0.9739
4553.026 0.8957
4554.0740000000005 0.94
4555.123 0.9518
4556.1720000000005 0.9567
4557.221 0.9899
4558.2705 0.903
4559.3203 0.8945
4560.37 0.9515
4561.4204 0.9279
4562.4707 0.9631
4563.5215 0.9833
4564.5728 0.9415
4565.6235 0.9899
4566.6753 0.9674
4567.7266 0.8993
4568.779 0.9514
4569.8306 0.9925
4570.8833 0.9977
4571.9355 0.9727
4572.9883 1.0051
4574.0415 0.979
4575.0947 0.9319
4576.1484 0.9429
4577.202 0.9288
4578.2563 0.9818
4579.3105 0.9892
4580.365 0.9651
4581.42 0.9811
4582.475 0.99
4583.5303 0.9722
4584.585999999999 0.9361
4585.6416 0.9594
4586.6978 0.9108
4587.754 0.9569
4588.8105 0.9346
4589.867 0.9878
4590.9243 0.9759
4591.9814 0.9571
4593.0386 0.955
4594.0967 0.9567
4595.1543 0.931
4596.2124 0.9447
4597.271 0.9993
4598.3296 1.001
4599.3887 0.9527
4600.4478 1.0025
4601.5073 1.015
4602.567 1.0146
4603.627 0.9842
4604.687 0.9406
4605.7476 1.0068
4606.808 0.9819
4607.8687 0.9943
4608.93 0.9539
4609.991 0.9814
4611.0527 0.9809
4612.1147 0.9597
4613.177 1.0003
4614.2393 0.9999
4615.302 1.0242
4616.3647 0.9842
4617.4277 0.9609
4618.491 0.9647
4619.5547 0.9601
4620.6187 0.9948
4621.6826 0.9822
4622.747 0.9112
4623.8115 0.9362
4624.876 0.9891
4625.9414 0.97
4627.0063 0.9567
4628.0723 0.9821
4629.1377 1.0063
4630.2036 0.9879
4631.27 0.9788
4632.3364 0.9933
4633.4033 0.9715
4634.47 0.9663
4635.5376 0.9861
4636.605 0.9922
4637.673 0.9673
4638.7407 0.99
4639.809 1.0096
4640.8774 1.0062
4641.9463 0.9906
4643.015 0.9921
4644.0845 0.9837
4645.154 0.9744
4646.2236 0.9396
4647.2935 0.9867
4648.3640000000005 1.0244
4649.434 1.0173
4650.505 1.0067
4651.5757 1.0018
4652.647 1.0272
4653.7188 0.9652
4654.79 1.0239
4655.8623 0.9375
4656.934 1.0081
4658.0070000000005 0.9667
4659.0796 1.003
4660.1523 0.9245
4661.2256 0.9557
4662.299 0.9702
4663.3726 0.9673
4664.4463 1.0267
4665.5205 0.9899
4666.595 0.9829
4667.6694 1.0001
4668.7446 0.9997
4669.82 0.9387
4670.895 0.9539
4671.9707 0.9708
4673.0464 0.9713
4674.1226 0.9642
4675.1990000000005 1.011
4676.276 1.0255
4677.3525 1.0328
4678.4297 0.9569
4679.5073 0.9892
4680.585 0.9686
4681.6626 0.9854
4682.7407 0.9744
4683.819 0.9823
4684.8975 0.9961
4685.9766 1.0071
4687.0557 0.9842
4688.1353 0.9811
4689.215 0.9774
4690.2944 0.9719
4691.3745 0.9895
4692.455 1.0278
4693.5356 1.0406
4694.616 0.9897
4695.6973 0.9982
4696.779 0.9963
4697.8604 0.9736
4698.9424 1.0085
4700.0244 0.9866
4701.107 1.0069
4702.1895 0.9902
4703.272 1.0044
4704.3555 0.9809
4705.4385 0.9699
4706.522 0.9997
4707.606 0.9626
4708.69 0.962
4709.7744 1.002
4710.859 0.9901
4711.944 0.9858
4713.029 0.9549
4714.1143 1.0016
4715.1997 0.956
4716.2856 1.0535
4717.372 0.9591
4718.458 0.982
4719.545 0.9674
4720.6320000000005 1.0007
4721.7188 0.9987
4722.806 1.0197
4723.8936 0.9634
4724.9814 0.9893
4726.07 0.9933
4727.1577 0.971
4728.2466 1.0221
4729.3354 0.9727
4730.4243 0.9982
4731.5137 0.9802
4732.6035 0.9929
4733.6934 0.9658
4734.782999999999 0.9959
4735.8735 0.9919
4736.9644 0.9786
4738.055 0.9846
4739.1465 1.0117
4740.238 0.9606
4741.329000000001 1.0011
4742.420999999999 1.002
4743.513 0.973
4744.6055 0.987
4745.698 0.9796
4746.791 0.9745
4747.8843 0.9828
4748.9775 0.9915
4750.0713 1.0092
4751.165 0.9883
4752.2593 0.9884
4753.3535 1.0017
4754.448 0.9845
4755.543 1.0048
4756.638 0.9993
4757.7334 0.9875
4758.829000000001 0.9896
4759.925 0.9766
4761.021 1.0026
4762.1177 0.9908
4763.2144 0.9721
4764.311 0.9744
4765.407999999999 0.9675
4766.505999999999 1.0077
4767.6035 0.9964
4768.701 1.0003
4769.7993 1.0049
4770.898 1.0135
4771.9966 0.9783
4773.095 0.9695
4774.1943 0.9681
4775.294 0.9885
4776.3936 0.9621
4777.4937 0.9655
4778.5938 0.993
4779.6943 0.9755
4780.795 0.9707
4781.896 0.992
4782.997 0.9891
4784.0986 1.0147
4785.2 0.9662
4786.3022 0.9817
4787.4043 1.0004
4788.5070000000005 0.9474
4789.6094 0.9528
4790.7124 0.9836
4791.816 1.006
4792.9194 0.9761
4794.023 0.968
4795.127 0.9783
4796.2314 1.024
4797.335999999999 1.0099
4798.4404 0.9816
4799.5454 1.0036
4800.651 0.9747
4801.7563 0.9757
4802.862 1.0018
4803.9683 0.9567
4805.0740000000005 1.0189
4806.1807 0.9627
4807.2876 0.9895
4808.3945 0.9737
4809.502 0.981
4810.6094 0.9698
4811.7173 1.0043
4812.8257 0.9946
4813.9336 0.9694
4815.0425 0.9697
4816.1514 0.972
4817.2603 1.0201
4818.3696 1.0095
4819.479 0.9891
4820.589 0.9768
4821.6990000000005 1.0043
4822.8096 1.0016
4823.92 0.975
4825.0312 0.9802
4826.142 0.9476
4827.2534 0.9514
4828.365 0.9722
4829.477 0.9713
4830.5894 0.9906
4831.7017 0.9966
4832.8145 1.0
4833.9272 1.0012
4835.0405 0.9803
4836.154 0.9642
4837.2676 1.0037
4838.3813 0.9557
4839.4956 0.9914
4840.6104 0.9769
4841.725 0.964
4842.84 0.9635
4843.955 0.9484
4845.071 0.979
4846.1865 0.9104
4847.3022 0.9994
4848.4185 0.9578
4849.535 0.9371
4850.652 0.9291
4851.769 0.9391
4852.8859999999995 0.9012
4854.004 0.8818
4855.1216 0.9595
4856.2397 0.8736
4857.358 0.9487
4858.4766 0.9094
4859.595 0.8482
4860.7144 0.843
4861.834 0.8038
4862.9536 0.7534
4864.073 0.5759
4865.1934 0.4974
4866.314 0.4919
4867.4346 0.6577
4868.555 0.743
4869.6763 0.8031
4870.798 0.8601
4871.9194 0.858
4873.0415 0.9
4874.1636 0.9323
4875.286 0.8852
4876.4087 0.9293
4877.5317 0.9343
4878.6553 0.9511
4879.7783 0.9459
4880.9023 0.9638
4882.0264 0.9443
4883.1504 0.9436
4884.275 0.9755
4885.4 0.9317
4886.525 0.9628
4887.65 0.9668
4888.776 0.9622
4889.9014 0.974
4891.0273 0.9211
4892.154 0.9296
4893.2803 0.9811
4894.407 0.9605
4895.5347 0.9285
4896.6616 0.952
4897.7896 0.9783
4898.9175 1.0073
4900.0454 1.0033
4901.174 0.9618
4902.3027 0.9747
4903.4316 0.9849
4904.5605 0.9766
4905.69 0.9941
4906.82 0.9882
4907.9497 0.9576
4909.08 0.9809
4910.2104 0.9898
4911.3413 1.0009
4912.472 0.9523
4913.6035 0.9924
4914.735 0.9977
4915.8667 0.9419
4916.999 0.9623
4918.1313 0.9951
4919.2637 0.9542
4920.3965 1.0058
4921.53 1.0011
4922.663 0.9412
4923.7970000000005 0.97
4924.9307 0.9234
4926.0645 0.9453
4927.1990000000005 0.9552
4928.334 0.9403
4929.4688 0.8995
4930.604 0.9873
4931.7393 0.9384
4932.875 0.9543
4934.0107 0.984
4935.147 0.9842
4936.2837 0.9844
4937.4204 0.9335
4938.5576 0.9425
4939.695 0.9543
4940.8325 0.966
4941.97 1.0113
4943.108 0.9628
4944.2466 0.9835
4945.3853 0.949
4946.524 0.959
4947.663 1.0013
4948.8022 0.975
4949.942 1.0
