3911.1108 1.0
3912.0115 1.0131
3912.9124 1.0061
3913.8135 0.9218
3914.7146 0.8822
3915.6162 0.9448
3916.5178 0.937
3917.4197 0.9374
3918.3218 1.0294
3919.224 0.9329
3920.1267 0.9577
3921.0295 1.0178
3921.9324 0.9415
3922.8357 0.9976
3923.739 0.9256
3924.6426 0.9172
3925.5464 0.9426
3926.4504 0.9871
3927.3545 1.0474
3928.259 0.9511
3929.1636 0.8381
3930.0684 0.8634
3930.9734 1.0613
3931.8787 0.8934
3932.7842 0.8593
3933.6897 0.8247
3934.5957 0.6938
3935.5017 0.7272
3936.408 0.8044
3937.3145 0.9091
3938.2212 0.9472
3939.1282 1.0557
3940.0354 0.9998
3940.9426 0.8463
3941.85 0.9507
3942.7578 1.0033
3943.6658 0.9644
3944.574 0.9726
3945.4824 0.9459
3946.3909999999996 0.9918
3947.2998 1.0474
3948.2087 0.9729
3949.118 0.957
3950.0273 0.9222
3950.937 0.9018
3951.847 0.9501
3952.7568 0.9523
3953.6672 0.8611
3954.5776 0.8249
3955.4883 0.8677
3956.3992 0.8818
3957.3103 0.8666
3958.2217 0.7624
3959.1333 0.7856
3960.045 0.8162
3960.9568 0.7872
3961.869 0.7765
3962.7812 0.7132
3963.6938 0.6391
3964.6067 0.5571
3965.5198 0.6252
3966.4329 0.5921
3967.3462 0.4889
3968.26 0.4377
3969.1738 0.2911
3970.0879999999997 0.3502
3971.002 0.2196
3971.9165 0.3365
3972.8313 0.3944
3973.7459999999996 0.4053
3974.6611 0.5168
3975.5764 0.4535
3976.492 0.5652
3977.4077 0.7165
3978.3237 0.6759
3979.2397 0.7046
3980.1562 0.6516
3981.0728 0.6897
3981.9895 0.7196
3982.9065 0.7861
3983.8237 0.7541
3984.7412 0.7547
3985.6587 0.8387
3986.5767 0.8659
3987.4946 0.8798
3988.4128 0.8265
3989.3313 0.8754
3990.25 0.8944
3991.1690000000003 0.9348
3992.0881 0.8751
3993.0073 0.9389
3993.927 1.0138
3994.8467 0.9336
3995.7666 0.9105
3996.6868 0.9049
3997.6072 1.0174
3998.5278 0.9595
3999.4485 0.8698
4000.3696 0.8853
4001.2908 0.9731
4002.2122 0.8659
4003.1338 0.9186
4004.0557 0.8724
4004.9778 0.961
4005.9001 0.9815
4006.8225 0.9359
4007.7454 0.8892
4008.6682 1.026
4009.5913 0.9226
4010.5146 0.9399
4011.4382 0.8915
4012.362 0.8869
4013.2861 0.9303
4014.2102 0.9222
4015.1345 0.9147
4016.0593 0.9709
4016.9841 1.0027
4017.9092 0.8878
4018.8345 0.9813
4019.7598 0.7993
4020.6855 0.893
4021.6116 0.8384
4022.5376 1.0417
4023.4639 0.8995
4024.3904 0.9483
4025.3171 0.8894
4026.2441 0.964
4027.1714 0.9359
4028.0989 0.9317
4029.0264 0.8785
4029.954 0.9227
4030.8823 0.9159
4031.8105 0.8897
4032.739 0.944
4033.6677 0.9611
4034.5964 0.9938
4035.5256 0.9926
4036.455 0.9074
4037.3845 0.8883
4038.3142 0.9878
4039.2441 1.0054
4040.1743 0.9468
4041.1047 0.9993
4042.0354 0.8983
4042.9663 0.9566
4043.8972 0.9701
4044.8286 0.909
4045.76 0.9256
4046.6917 0.8875
4047.6235 0.9469
4048.5557 0.9025
4049.488 0.9832
4050.4204 0.9771
4051.3533 0.8853
4052.2861 0.9158
4053.2195 0.9273
4054.1528 0.8489
4055.0864 0.8591
4056.0203 1.0294
4056.9543 1.0337
4057.8884 0.8705
4058.823 0.9273
4059.7576 0.9151
4060.6926 0.9686
4061.6277 0.9501
4062.563 0.8578
4063.4985 1.0165
4064.4343 1.3277
4065.3704 1.0026
4066.3064 0.9522
4067.243 1.0078
4068.1794 0.9448
4069.1165 0.9159
4070.0535 0.8967
4070.9907 0.9205
4071.9282 0.9474
4072.866 0.972
4073.8037 0.9495
4074.742 0.9363
4075.6804 0.8906
4076.619 0.8724
4077.5576 0.9426
4078.4966 0.9348
4079.4358 0.9561
4080.3752 0.9708
4081.315 0.9219
4082.255 0.8476
4083.1948 0.7187
4084.1353 0.8287
4085.0757 0.816
4086.0164 0.8987
4086.9575 0.7805
4087.8987 0.8233
4088.8398 0.8502
4089.7815 0.7742
4090.7234 0.8438
4091.6653 0.6962
4092.6077 0.7383
4093.55 0.7894
4094.4927 0.6982
4095.4358 0.7216
4096.379 0.5478
4097.3223 0.6892
4098.2656 0.5981
4099.2095 0.5371
4100.1533 0.4367
4101.0977 0.3326
4102.042 0.3286
4102.987 0.3417
4103.9316 0.4068
4104.8765 0.3974
4105.822 0.4427
4106.7676 0.5057
4107.7134 0.5695
4108.659000000001 0.5518
4109.6055 0.6851
4110.552 0.6612
4111.498 0.7289
4112.4453 0.7358
4113.392 0.6785
4114.3394 0.7334
4115.2866 0.8095
4116.2344 0.8217
4117.1826 0.781
4118.1304 0.8423
4119.079000000001 0.8529
4120.0273 0.7528
4120.976 0.8253
4121.9253 0.9221
4122.8745 0.8587
4123.8237 0.7739
4124.7734 0.9206
4125.7236 0.9502
4126.6733 0.9168
4127.624 0.8269
4128.5740000000005 0.9104
4129.525 0.9109
4130.476 0.9289
4131.4272 0.9364
4132.379 0.9286
4133.33 0.9313
4134.282 0.8839
4135.2344 0.9681
4136.1865 0.9102
4137.139 0.8753
4138.092000000001 0.9457
4139.0444 0.8727
4139.998 0.9033
4140.951 0.959
4141.905 1.012
4142.8584 0.9294
4143.8125 0.9248
4144.767 1.0099
4145.721 1.1306
4146.6763 0.9513
4147.630999999999 0.9056
4148.585999999999 0.8667
4149.5415 0.923
4150.497 0.9397
4151.4526 1.0552
4152.4087 0.9559
4153.365 0.8821
4154.322 0.891
4155.2783 0.9803
4156.2354 0.9468
4157.1924 1.0409
4158.1494 0.9839
4159.107 0.9153
4160.065 0.9782
4161.023 0.9595
4161.981 0.9337
4162.9395 0.8424
4163.8984 0.9086
4164.857 0.9249
4165.8164 0.9522
4166.7754 0.9678
4167.7354 0.9445
4168.695 1.0184
4169.655 1.0052
4170.615 0.9544
4171.5757 0.907
4172.536 1.0043
4173.497 0.9532
4174.458 0.9366
4175.4194 0.9124
4176.380999999999 0.946
4177.343 0.8616
4178.3047 0.9048
4179.267 0.9543
4180.2295 0.9401
4181.192 0.9125
4182.155 0.9488
4183.1179999999995 0.9064
4184.081 0.9907
4185.045 0.9747
4186.009 1.0159
4186.9727 1.0075
4187.9365 0.9514
4188.9014 0.9427
4189.8657 0.9376
4190.8306 0.9736
4191.795999999999 1.0432
4192.7609999999995 0.9476
4193.7266 0.8911
4194.6924 0.9273
4195.657999999999 0.9247
4196.6245 0.9678
4197.590999999999 0.9172
4198.5576 0.9471
4199.5244 0.9657
4200.4917 0.9491
4201.459 0.9635
4202.4263 0.9707
4203.394 0.9541
4204.3623 0.9259
4205.33 0.9732
4206.299 0.9538
4207.2676 0.9112
4208.2363 0.9565
4209.2056 0.9716
4210.175 0.932
4211.144 0.8358
4212.1140000000005 1.0519
4213.084 0.9684
4214.054 0.9019
4215.0244 0.9803
4215.995 0.9161
4216.9663 0.9349
4217.937 0.934
4218.9087 0.987
4219.88 0.9282
4220.852 1.0012
4221.8237 0.899
4222.795999999999 0.9949
4223.7686 1.0574
4224.741 0.9348
4225.714 0.9788
4226.687 0.9297
4227.6606 0.9449
4228.6343 0.9314
4229.608 0.9441
4230.582 0.9382
4231.556 0.8725
4232.531 0.9253
4233.5054 0.9473
4234.4805 0.9292
4235.4556 0.8114
4236.4307 0.9567
4237.4062 1.002
4238.3823 0.907
4239.3584 0.9155
4240.3345 0.844
4241.311 0.9211
4242.2876 0.914
4243.2646 0.9273
4244.2417 0.9406
4245.219 0.9357
4246.197 0.9161
4247.175 0.8589
4248.153 0.9755
4249.130999999999 0.9304
4250.1094 0.9136
4251.0884 0.9789
4252.067 0.8731
4253.0464 0.9337
4254.026 0.9114
4255.0054 0.9838
4255.9854 0.9753
4256.9653 0.9513
4257.946 1.0542
4258.9263 0.8914
4259.9067 0.9554
4260.8877 0.833
4261.869000000001 0.8999
4262.8506 0.9351
4263.832 0.896
4264.814 0.9223
4265.7964 0.9745
4266.779 0.8825
4267.7609999999995 0.8469
4268.744000000001 0.978
4269.727 0.9658
4270.7104 0.9906
4271.694 0.9663
4272.6772 0.9063
4273.6616 0.9475
4274.6455 0.8812
4275.63 0.9243
4276.6147 0.9419
4277.5996 0.9453
4278.5845 0.9373
4279.57 0.9416
4280.555 0.9579
4281.541 0.9573
4282.527 0.9481
4283.513 0.9728
4284.4995 0.917
4285.4863 0.96
4286.473 1.0205
4287.4604 0.9077
4288.4478 0.944
4289.435 0.9363
4290.423 1.0839
4291.411 1.3181
4292.3994 0.9669
4293.3877 0.9152
4294.3765 1.0364
4295.365 0.8426
4296.3545 0.9055
4297.3438 0.9588
4298.3335 1.0023
4299.323 0.9293
4300.3135 0.9383
4301.3037 0.8117
4302.2944 0.8771
4303.285 0.9375
4304.276 0.878
4305.267 1.0013
4306.259 0.9326
4307.2505 0.9126
4308.242 0.8778
4309.2344 0.846
4310.2266 0.8066
4311.219 0.828
4312.212 0.9181
4313.205 0.9229
4314.198 0.858
4315.192 0.9051
4316.1855 0.9153
4317.1797 0.8223
4318.174 0.8543
4319.168 0.914
4320.1626 0.8879
4321.1577 0.8965
4322.153 0.8874
4323.148 0.9077
4324.1436 0.8216
4325.1396 0.8139
4326.1353 0.7683
4327.1320000000005 0.811
4328.128 0.8212
4329.125 0.8291
4330.1216 0.8202
4331.119000000001 0.8724
4332.116 0.7854
4333.1140000000005 0.679
4334.112 0.6747
4335.11 0.5758
4336.1084 0.5518
4337.107 0.5656
4338.1055 0.6005
4339.1045 0.4668
4340.1035 0.3958
4341.103 0.2976
4342.103 0.331
4343.103 0.3422
4344.103 0.4339
4345.1035 0.5574
4346.104 0.5898
4347.105 0.6101
4348.106 0.6487
4349.1074 0.5938
4350.109 0.5913
4351.1104 0.6785
4352.1123 0.7075
4353.1147 0.7259
4354.117 0.7592
4355.1196 0.885
4356.1226 0.841
4357.126 0.8435
4358.1294 0.9728
4359.133 0.8958
4360.1367 0.9477
4361.1406 0.9675
4362.145 0.9295
4363.15 0.9769
4364.1543 0.9219
4365.1597 0.8907
4366.1646 0.8498
4367.17 0.9921
4368.1759999999995 0.9413
4369.1816 0.9295
4370.188 0.8693
4371.1943 0.981
4372.2007 0.9645
4373.208 0.9294
4374.215 0.9469
4375.222 0.8746
4376.2295 0.8955
4377.2373 0.9089
4378.2456 0.9085
4379.254 0.9486
4380.262 0.8994
4381.271 0.9392
4382.28 0.9932
4383.289000000001 0.9591
4384.2983 0.9234
4385.308 0.8927
4386.318 1.0091
4387.3279999999995 0.91
4388.3384 1.0824
4389.349 0.9357
4390.36 0.9638
4391.3706 0.9992
4392.3823 1.0223
4393.3936 0.9256
4394.4053 0.8588
4395.4175 1.0091
4396.4297 0.9312
4397.442 0.9367
4398.4546 0.9429
4399.4673 1.0005
4400.4805 1.0451
4401.494000000001 0.9671
4402.508 0.9793
4403.5215 0.9073
4404.5356 0.9954
4405.55 0.9809
4406.5645 0.9281
4407.579000000001 0.9694
4408.594 1.0805
4409.6094 0.9468
4410.625 0.8589
4411.6406 1.0326
4412.6562 0.9946
4413.6724 0.9762
4414.689 0.9823
4415.7056 0.9962
4416.7227 0.9145
4417.7397 0.9234
4418.7570000000005 0.9727
4419.7744 0.9421
4420.7925 0.928
4421.8105 0.9918
4422.8286 1.0312
4423.847 1.0191
4424.8657 0.9789
4425.885 0.9981
4426.9043 1.0369
4427.9233 0.8976
4428.9434 0.9666
4429.963 0.9414
4430.9834 1.0154
4432.004 0.9622
4433.0244 0.9665
4434.045 0.9138
4435.0664 0.9247
4436.0874 0.9293
4437.1094 0.9677
4438.130999999999 0.9818
4439.153 0.946
4440.1753 0.9404
4441.1978 0.9863
4442.2207 0.9789
4443.2437 0.9563
4444.2666 0.9703
4445.29 0.8955
4446.314 0.8568
4447.338 0.8996
4448.362 0.8912
4449.3859999999995 1.0109
4450.411 0.9104
4451.4355 0.8457
4452.460999999999 0.9156
4453.4863 0.9574
4454.5117 0.926
4455.5376 0.9093
4456.5635 1.0015
4457.59 0.9479
4458.616 1.01
4459.643 0.9508
4460.67 0.947
4461.6973 0.9975
4462.7246 1.032
4463.7524 0.9517
4464.7803 0.8955
4465.8086 0.9597
4466.837 0.9732
4467.8657 0.9661
4468.8945 0.9981
4469.924 1.0063
4470.9529999999995 0.9032
4471.9824 0.8367
4473.0127 0.9979
4474.0425 1.0393
4475.0728 0.9474
4476.1035 0.9352
4477.1343 1.0142
4478.165 0.944
4479.1963 0.9113
4480.228 1.0539
4481.26 0.9247
4482.2915 0.9931
4483.3237 0.9539
4484.3564 0.9745
4485.389 0.9392
4486.4220000000005 1.041
4487.455 0.9966
4488.4883 0.9473
4489.522 1.0443
4490.556 0.8938
4491.59 0.9844
4492.6245 0.9339
4493.659000000001 0.9174
4494.694 0.9798
4495.729 0.9666
4496.764 0.9431
4497.8 1.0287
4498.8354 0.9109
4499.8716 0.9778
4500.9077 0.997
4501.9443 0.9069
4502.981 0.9052
4504.018 0.9771
4505.055 1.0539
4506.093 0.928
4507.1304 0.8875
4508.168 0.9655
4509.2065 0.9182
4510.2446 0.9397
4511.282999999999 0.9072
4512.3223 0.9127
4513.3613 0.9682
4514.401 0.9796
4515.4404 0.969
4516.48 0.8924
4517.5205 0.9867
4518.5605 0.9802
4519.601 0.9985
4520.642 1.0076
4521.683 0.9213
4522.724 0.9115
4523.7656 0.8742
4524.8076 0.986
4525.8496 0.9966
4526.8916 0.9539
4527.934 0.9389
4528.977 1.0517
4530.02 1.0078
4531.063 1.0012
4532.1064 0.9776
4533.1504 0.9658
4534.1943 0.9338
4535.2383 0.8662
4536.2827 1.0254
4537.327 0.9742
4538.372 0.8775
4539.4175 1.0531
4540.463 0.8349
4541.5083 0.9918
4542.554 0.9631
4543.6 1.0193
4544.6465 0.8475
4545.693 0.9791
4546.7397 0.9716
4547.787 0.9585
4548.8345 0.975
4549.8820000000005 0.9352
4550.9297 0.9241
4551.9775 0.8547
4553.026 0.9866
4554.0740000000005 1.0229
4555.123 0.9344
4556.1720000000005 0.9079
4557.221 0.8993
4558.2705 0.8898
4559.3203 0.8437
4560.37 0.8908
4561.4204 0.9585
4562.4707 0.9377
4563.5215 0.909
4564.5728 0.8736
4565.6235 0.9807
4566.6753 0.9117
4567.7266 0.9403
4568.779 0.9621
4569.8306 0.9384
4570.8833 0.9886
4571.9355 0.9936
4572.9883 0.9828
4574.0415 0.8006
4575.0947 0.908
4576.1484 0.9744
4577.202 1.0118
4578.2563 0.9337
4579.3105 1.0206
4580.365 0.8991
4581.42 1.0811
4582.475 1.0428
4583.5303 1.0194
4584.585999999999 0.9995
4585.6416 0.9558
4586.6978 0.9247
4587.754 0.9409
4588.8105 1.0094
4589.867 0.9703
4590.9243 0.9674
4591.9814 0.9772
4593.0386 0.9541
4594.0967 1.0353
4595.1543 1.0204
4596.2124 0.8668
4597.271 0.947
4598.3296 0.9831
4599.3887 0.8934
4600.4478 0.8884
4601.5073 0.9326
4602.567 0.9841
4603.627 0.9401
4604.687 0.9638
4605.7476 1.0168
4606.808 0.9764
4607.8687 0.9741
4608.93 0.9617
4609.991 0.931
4611.0527 0.916
4612.1147 0.9272
4613.177 0.8738
4614.2393 0.8912
4615.302 0.89
4616.3647 0.9344
4617.4277 0.9939
4618.491 1.0121
4619.5547 0.8861
4620.6187 0.8861
4621.6826 0.9142
4622.747 1.0543
4623.8115 1.0364
4624.876 0.9779
4625.9414 0.9002
4627.0063 0.9842
4628.0723 0.9999
4629.1377 0.9176
4630.2036 1.069
4631.27 1.035
4632.3364 0.8991
4633.4033 0.9426
4634.47 1.0488
4635.5376 0.9481
4636.605 0.9001
4637.673 0.9885
4638.7407 0.8874
4639.809 1.0101
4640.8774 0.898
4641.9463 0.9251
4643.015 0.9862
4644.0845 0.8921
4645.154 0.9025
4646.2236 0.9376
4647.2935 0.9731
4648.3640000000005 1.0101
4649.434 0.9511
4650.505 0.972
4651.5757 0.9714
4652.647 0.9657
4653.7188 0.9849
4654.79 0.9699
4655.8623 0.9434
4656.934 0.8498
4658.0070000000005 0.9011
4659.0796 0.9569
4660.1523 1.0364
4661.2256 1.0228
4662.299 0.8561
4663.3726 0.8883
4664.4463 0.9219
4665.5205 1.0663
4666.595 0.8499
4667.6694 1.0014
4668.7446 0.9987
4669.82 0.9814
4670.895 0.8949
4671.9707 1.031
4673.0464 1.0075
4674.1226 0.9714
4675.1990000000005 1.005
4676.276 0.9658
4677.3525 0.8979
4678.4297 0.8882
4679.5073 0.9496
4680.585 0.9013
4681.6626 0.9773
4682.7407 0.9535
4683.819 0.9676
4684.8975 0.933
4685.9766 0.9422
4687.0557 0.9845
4688.1353 1.0449
4689.215 0.987
4690.2944 0.9931
4691.3745 0.9363
4692.455 0.9863
4693.5356 0.9959
4694.616 0.9674
4695.6973 0.9598
4696.779 0.9402
4697.8604 0.8962
4698.9424 0.9772
4700.0244 0.9644
4701.107 0.902
4702.1895 1.0328
4703.272 1.0168
4704.3555 0.9133
4705.4385 0.9882
4706.522 0.9781
4707.606 0.9035
4708.69 1.0175
4709.7744 0.9077
4710.859 0.9868
4711.944 0.9561
4713.029 0.8766
4714.1143 0.8902
4715.1997 0.9491
4716.2856 0.9355
4717.372 0.9606
4718.458 0.9641
4719.545 1.0833
4720.6320000000005 0.9384
4721.7188 0.9625
4722.806 1.0387
4723.8936 0.9805
4724.9814 0.9295
4726.07 0.9701
4727.1577 0.972
4728.2466 1.0234
4729.3354 1.0705
4730.4243 0.9588
4731.5137 0.906
4732.6035 1.0332
4733.6934 0.9574
4734.782999999999 1.0073
4735.8735 0.8687
4736.9644 0.9682
4738.055 1.0322
4739.1465 1.0574
4740.238 0.9923
4741.329000000001 0.9421
4742.420999999999 0.9263
4743.513 0.9412
4744.6055 0.9355
4745.698 0.9438
4746.791 0.8563
4747.8843 0.8743
4748.9775 0.9759
4750.0713 0.9481
4751.165 0.9948
4752.2593 0.9765
4753.3535 0.9531
4754.448 1.0477
4755.543 0.9902
4756.638 0.9386
4757.7334 0.8832
4758.829000000001 0.95
4759.925 0.8668
4761.021 0.9343
4762.1177 1.0193
4763.2144 0.8975
4764.311 1.0896
4765.407999999999 0.9436
4766.505999999999 1.0066
4767.6035 0.9487
4768.701 0.9768
4769.7993 0.9386
4770.898 0.8579
4771.9966 0.9638
4773.095 0.9714
4774.1943 0.9434
4775.294 0.9487
4776.3936 1.0297
4777.4937 0.9859
4778.5938 0.931
4779.6943 0.9968
4780.795 0.9656
4781.896 0.8748
4782.997 0.9658
4784.0986 0.9834
4785.2 0.8597
4786.3022 1.0118
4787.4043 0.9735
4788.5070000000005 0.8762
4789.6094 0.9547
4790.7124 0.9389
4791.816 1.0411
4792.9194 0.9526
4794.023 0.8563
4795.127 1.0369
4796.2314 1.0718
4797.335999999999 0.9419
4798.4404 0.9373
4799.5454 0.9842
4800.651 1.0033
4801.7563 0.9797
4802.862 0.897
4803.9683 0.9362
4805.0740000000005 0.9199
4806.1807 0.902
4807.2876 0.9997
4808.3945 0.9593
4809.502 0.9411
4810.6094 1.0048
4811.7173 0.9322
4812.8257 0.9173
4813.9336 0.8644
4815.0425 0.9454
4816.1514 0.9025
4817.2603 1.0635
4818.3696 0.859
4819.479 0.9338
4820.589 1.0476
4821.6990000000005 0.964
4822.8096 0.945
4823.92 0.9203
4825.0312 0.859
4826.142 0.8709
4827.2534 0.9443
4828.365 0.8891
4829.477 0.8644
4830.5894 0.9371
4831.7017 0.9583
4832.8145 0.9021
4833.9272 0.9765
4835.0405 0.8905
4836.154 0.961
4837.2676 0.8557
4838.3813 0.8255
4839.4956 0.8399
4840.6104 0.8
4841.725 0.8441
4842.84 0.8597
4843.955 0.902
4845.071 0.8613
4846.1865 0.8989
4847.3022 0.9278
4848.4185 0.8466
4849.535 0.8755
4850.652 0.7686
4851.769 0.7862
4852.8859999999995 0.8574
4854.004 0.8263
4855.1216 0.8227
4856.2397 0.7413
4857.358 0.714
4858.4766 0.6428
4859.595 0.5656
4860.7144 0.5391
4861.834 0.4403
4862.9536 0.3307
4864.073 0.3539
4865.1934 0.473
4866.314 0.5791
4867.4346 0.5806
4868.555 0.626
4869.6763 0.6885
4870.798 0.7009
4871.9194 0.7173
4873.0415 0.8219
4874.1636 0.7386
4875.286 0.7901
4876.4087 0.7609
4877.5317 0.9178
4878.6553 0.91
4879.7783 0.9138
4880.9023 0.9212
4882.0264 0.8646
4883.1504 0.8616
4884.275 0.8387
4885.4 0.841
4886.525 0.8745
4887.65 0.8569
4888.776 0.9128
4889.9014 0.9042
4891.0273 0.8207
4892.154 0.86
4893.2803 0.9328
4894.407 1.0023
4895.5347 1.0162
4896.6616 0.9486
4897.7896 0.945
4898.9175 0.9766
4900.0454 0.9847
4901.174 0.9378
4902.3027 0.8605
4903.4316 0.8382
4904.5605 0.8408
4905.69 0.8929
4906.82 0.8388
4907.9497 0.9769
4909.08 1.0128
4910.2104 0.9811
4911.3413 0.906
4912.472 0.892
4913.6035 0.8481
4914.735 1.0059
4915.8667 1.0649
4916.999 0.9549
4918.1313 0.9329
4919.2637 0.9316
4920.3965 1.0799
4921.53 1.0538
4922.663 0.9816
4923.7970000000005 0.9675
4924.9307 0.9581
4926.0645 0.8985
4927.1990000000005 0.8745
4928.334 0.9436
4929.4688 0.8799
4930.604 0.9637
4931.7393 0.9065
4932.875 0.9631
4934.0107 0.9777
4935.147 0.938
4936.2837 0.9473
4937.4204 0.9453
4938.5576 0.9518
4939.695 0.994
4940.8325 0.9226
4941.97 0.9613
4943.108 0.9206
4944.2466 0.8911
4945.3853 0.9431
4946.524 0.8748
4947.663 0.9075
4948.8022 1.0252
4949.942 1.0
