3911.1108 1.0
3912.0115 0.8941
3912.9124 0.9355
3913.8135 0.9188
3914.7146 1.0936
3915.6162 0.9913
3916.5178 0.8716
3917.4197 1.0253
3918.3218 1.0859
3919.224 0.9608
3920.1267 0.9374
3921.0295 0.9786
3921.9324 1.0082
3922.8357 0.8957
3923.739 0.865
3924.6426 0.9077
3925.5464 0.9242
3926.4504 0.8523
3927.3545 0.7679
3928.259 0.8155
3929.1636 0.8233
3930.0684 0.7914
3930.9734 0.5887
3931.8787 0.4474
3932.7842 0.4601
3933.6897 0.4639
3934.5957 0.6167
3935.5017 0.7925
3936.408 0.8866
3937.3145 0.9744
3938.2212 0.9718
3939.1282 0.9422
3940.0354 0.9579
3940.9426 0.9597
3941.85 0.9691
3942.7578 0.9672
3943.6658 0.9058
3944.574 0.9978
3945.4824 0.9622
3946.3909999999996 0.9466
3947.2998 0.8865
3948.2087 0.9288
3949.118 0.999
3950.0273 0.9216
3950.937 0.9184
3951.847 0.9127
3952.7568 0.8635
3953.6672 0.9388
3954.5776 0.8362
3955.4883 0.8894
3956.3992 0.8468
3957.3103 0.7794
3958.2217 0.8596
3959.1333 0.8075
3960.045 0.7874
3960.9568 0.7164
3961.869 0.7719
3962.7812 0.7959
3963.6938 0.7627
3964.6067 0.5965
3965.5198 0.4982
3966.4329 0.3692
3967.3462 0.3435
3968.26 0.2592
3969.1738 0.3
3970.0879999999997 0.4016
3971.002 0.4431
3971.9165 0.5787
3972.8313 0.5926
3973.7459999999996 0.7399
3974.6611 0.6891
3975.5764 0.7292
3976.492 0.7956
3977.4077 0.7577
3978.3237 0.8233
3979.2397 0.775
3980.1562 0.8554
3981.0728 0.8419
3981.9895 0.8314
3982.9065 0.8091
3983.8237 0.8675
3984.7412 0.9191
3985.6587 0.9091
3986.5767 0.9113
3987.4946 0.9219
3988.4128 0.9616
3989.3313 0.9392
3990.25 0.96
3991.1690000000003 1.0213
3992.0881 1.0361
3993.0073 0.9804
3993.927 0.9089
3994.8467 0.9385
3995.7666 0.942
3996.6868 0.9419
3997.6072 0.9518
3998.5278 0.9679
3999.4485 1.0768
4000.3696 1.0437
4001.2908 1.0378
4002.2122 1.0316
4003.1338 0.9374
4004.0557 0.8279
4004.9778 0.8846
4005.9001 0.8406
4006.8225 0.9777
4007.7454 0.8964
4008.6682 0.9187
4009.5913 0.9621
4010.5146 0.9396
4011.4382 0.998
4012.362 0.9644
4013.2861 0.9233
4014.2102 1.0117
4015.1345 0.9717
4016.0593 1.0185
4016.9841 0.9537
4017.9092 0.9554
4018.8345 1.0192
4019.7598 1.0223
4020.6855 0.9708
4021.6116 0.957
4022.5376 0.9283
4023.4639 0.8763
4024.3904 0.961
4025.3171 0.9324
4026.2441 1.0404
4027.1714 0.9655
4028.0989 0.9423
4029.0264 0.939
4029.954 1.0045
4030.8823 0.9927
4031.8105 0.9654
4032.739 0.9858
4033.6677 1.0089
4034.5964 1.0291
4035.5256 0.9515
4036.455 1.0415
4037.3845 0.9734
4038.3142 0.9903
4039.2441 1.0445
4040.1743 1.0794
4041.1047 0.9044
4042.0354 0.9856
4042.9663 1.0097
4043.8972 0.9695
4044.8286 0.9529
4045.76 0.8766
4046.6917 0.9842
4047.6235 0.9951
4048.5557 1.0093
4049.488 0.9981
4050.4204 0.977
4051.3533 0.9341
4052.2861 0.9203
4053.2195 0.9431
4054.1528 0.9527
4055.0864 1.0191
4056.0203 0.999
4056.9543 0.9827
4057.8884 1.0022
4058.823 0.9975
4059.7576 0.9774
4060.6926 0.9686
4061.6277 0.9446
4062.563 0.9289
4063.4985 0.9267
4064.4343 1.0173
4065.3704 0.9302
4066.3064 1.0018
4067.243 0.9881
4068.1794 1.0191
4069.1165 0.934
4070.0535 0.8912
4070.9907 0.9595
4071.9282 0.9692
4072.866 0.9262
4073.8037 0.9939
4074.742 0.9768
4075.6804 0.9964
4076.619 0.9859
4077.5576 0.8416
4078.4966 0.9624
4079.4358 0.8959
4080.3752 1.0171
4081.315 0.9036
4082.255 0.9404
4083.1948 0.8997
4084.1353 0.9388
4085.0757 0.9088
4086.0164 0.9381
4086.9575 0.8781
4087.8987 0.9021
4088.8398 0.8262
4089.7815 0.8694
4090.7234 0.811
4091.6653 0.8748
4092.6077 0.7932
4093.55 0.8076
4094.4927 0.7912
4095.4358 0.792
4096.379 0.7449
4097.3223 0.6132
4098.2656 0.5592
4099.2095 0.5385
4100.1533 0.4064
4101.0977 0.3351
4102.042 0.4341
4102.987 0.5396
4103.9316 0.535
4104.8765 0.643
4105.822 0.7302
4106.7676 0.7877
4107.7134 0.7945
4108.659000000001 0.8176
4109.6055 0.814
4110.552 0.8043
4111.498 0.8518
4112.4453 0.8855
4113.392 0.8872
4114.3394 0.8956
4115.2866 0.9258
4116.2344 0.9315
4117.1826 0.9089
4118.1304 0.9388
4119.079000000001 0.9442
4120.0273 0.8722
4120.976 0.9397
4121.9253 0.9902
4122.8745 0.9528
4123.8237 0.9914
4124.7734 1.0216
4125.7236 0.9546
4126.6733 0.9153
4127.624 0.9847
4128.5740000000005 0.9247
4129.525 0.9597
4130.476 0.9584
4131.4272 0.9388
4132.379 0.9986
4133.33 0.9484
4134.282 0.9551
4135.2344 0.9789
4136.1865 1.0032
4137.139 0.9851
4138.092000000001 1.0108
4139.0444 0.919
4139.998 0.9676
4140.951 0.9884
4141.905 0.9348
4142.8584 0.9077
4143.8125 0.9269
4144.767 0.9411
4145.721 1.0137
4146.6763 1.0014
4147.630999999999 1.0204
4148.585999999999 1.0012
4149.5415 0.9257
4150.497 1.0244
4151.4526 1.0118
4152.4087 0.9933
4153.365 0.9668
4154.322 0.9442
4155.2783 0.9848
4156.2354 0.9684
4157.1924 0.9643
4158.1494 0.9812
4159.107 1.0148
4160.065 0.9898
4161.023 1.0214
4161.981 1.0153
4162.9395 0.9781
4163.8984 1.0124
4164.857 0.9637
4165.8164 0.9355
4166.7754 0.9657
4167.7354 0.9286
4168.695 0.9217
4169.655 0.9604
4170.615 0.8951
4171.5757 0.9056
4172.536 0.924
4173.497 0.8745
4174.458 0.957
4175.4194 0.9951
4176.380999999999 0.9404
4177.343 0.9385
4178.3047 0.9619
4179.267 0.9983
4180.2295 0.9744
4181.192 0.9592
4182.155 0.9917
4183.1179999999995 0.9907
4184.081 0.9396
4185.045 0.9948
4186.009 0.9845
4186.9727 0.9138
4187.9365 0.9575
4188.9014 1.0229
4189.8657 0.9674
4190.8306 0.9513
4191.795999999999 0.9604
4192.7609999999995 1.0173
4193.7266 1.0273
4194.6924 0.9611
4195.657999999999 0.9415
4196.6245 1.0106
4197.590999999999 0.8817
4198.5576 0.9356
4199.5244 0.9181
4200.4917 0.9441
4201.459 0.8976
4202.4263 0.9727
4203.394 0.9792
4204.3623 1.0108
4205.33 0.9575
4206.299 0.956
4207.2676 0.9738
4208.2363 0.9385
4209.2056 0.9774
4210.175 1.0021
4211.144 1.0112
4212.1140000000005 0.9209
4213.084 0.9454
4214.054 0.8832
4215.0244 0.9735
4215.995 0.9059
4216.9663 1.04
4217.937 1.0006
4218.9087 1.0068
4219.88 0.9748
4220.852 1.0241
4221.8237 1.0433
4222.795999999999 0.9989
4223.7686 0.9868
4224.741 0.9386
4225.714 0.9533
4226.687 0.9755
4227.6606 0.9518
4228.6343 0.983
4229.608 1.0636
4230.582 0.9927
4231.556 0.9575
4232.531 0.9755
4233.5054 0.9172
4234.4805 0.9079
4235.4556 0.9313
4236.4307 0.9787
4237.4062 1.0041
4238.3823 0.9861
4239.3584 0.9699
4240.3345 0.9915
4241.311 1.0305
4242.2876 0.9813
4243.2646 0.9972
4244.2417 0.9642
4245.219 0.9225
4246.197 0.9669
4247.175 0.9763
4248.153 0.9472
4249.130999999999 0.8717
4250.1094 0.9186
4251.0884 0.9782
4252.067 0.9138
4253.0464 0.9646
4254.026 0.9475
4255.0054 0.9459
4255.9854 1.0003
4256.9653 0.9449
4257.946 1.0502
4258.9263 0.9654
4259.9067 0.8592
4260.8877 0.9571
4261.869000000001 0.9503
4262.8506 1.0143
4263.832 0.9929
4264.814 1.0985
4265.7964 0.9963
4266.779 1.002
4267.7609999999995 0.9941
4268.744000000001 1.0062
4269.727 0.9421
4270.7104 0.9106
4271.694 0.9412
4272.6772 0.9508
4273.6616 1.0247
4274.6455 0.9681
4275.63 0.96
4276.6147 0.9619
4277.5996 0.9907
4278.5845 1.0137
4279.57 1.052
4280.555 0.982
4281.541 0.9487
4282.527 0.9466
4283.513 0.9854
4284.4995 0.9572
4285.4863 1.0244
4286.473 1.0064
4287.4604 0.9494
4288.4478 0.8855
4289.435 0.8021
4290.423 0.8566
4291.411 0.9982
4292.3994 0.991
4293.3877 0.9144
4294.3765 0.9251
4295.365 0.9385
4296.3545 0.9686
4297.3438 0.9405
4298.3335 0.904
4299.323 0.9297
4300.3135 0.9036
4301.3037 0.8694
4302.2944 0.9177
4303.285 0.954
4304.276 0.9531
4305.267 0.9809
4306.259 0.9276
4307.2505 0.9262
4308.242 0.9751
4309.2344 0.9577
4310.2266 1.0324
4311.219 0.9294
4312.212 0.8788
4313.205 0.8955
4314.198 0.9338
4315.192 0.9673
4316.1855 0.9478
4317.1797 1.0003
4318.174 0.8545
4319.168 0.9151
4320.1626 0.8818
4321.1577 0.9198
4322.153 0.9229
4323.148 0.887
4324.1436 0.8914
4325.1396 0.8553
4326.1353 0.9252
4327.1320000000005 0.8571
4328.128 0.8867
4329.125 0.8819
4330.1216 0.8367
4331.119000000001 0.8545
4332.116 0.8024
4333.1140000000005 0.7824
4334.112 0.7667
4335.11 0.6982
4336.1084 0.5942
4337.107 0.648
4338.1055 0.4515
4339.1045 0.4565
4340.1035 0.4221
4341.103 0.465
4342.103 0.5142
4343.103 0.6368
4344.103 0.711
4345.1035 0.7893
4346.104 0.8017
4347.105 0.7972
4348.106 0.869
4349.1074 0.8262
4350.109 0.8522
4351.1104 0.8569
4352.1123 0.8458
4353.1147 0.8941
4354.117 0.9163
4355.1196 0.9467
4356.1226 0.9578
4357.126 1.0009
4358.1294 0.9795
4359.133 0.9648
4360.1367 0.991
4361.1406 0.9589
4362.145 0.9663
4363.15 0.9757
4364.1543 0.9784
4365.1597 0.9668
4366.1646 0.9605
4367.17 1.0144
4368.1759999999995 0.9699
4369.1816 0.9409
4370.188 0.986
4371.1943 0.9775
4372.2007 0.9935
4373.208 0.9602
4374.215 0.893
4375.222 1.0111
4376.2295 0.9839
4377.2373 1.0329
4378.2456 0.9923
4379.254 0.9341
4380.262 1.0032
4381.271 0.9917
4382.28 0.9326
4383.289000000001 0.9083
4384.2983 0.9837
4385.308 0.989
4386.318 0.9636
4387.3279999999995 1.0032
4388.3384 0.98
4389.349 0.9922
4390.36 1.0232
4391.3706 0.9122
4392.3823 0.9322
4393.3936 0.9729
4394.4053 0.9404
4395.4175 0.9303
4396.4297 0.999
4397.442 0.9779
4398.4546 0.9801
4399.4673 1.0071
4400.4805 0.9399
4401.494000000001 1.01
4402.508 1.0062
4403.5215 1.0185
4404.5356 0.9954
4405.55 0.9978
4406.5645 0.9702
4407.579000000001 0.9865
4408.594 0.9546
4409.6094 1.0673
4410.625 1.0246
4411.6406 0.9807
4412.6562 0.9822
4413.6724 0.9773
4414.689 0.913
4415.7056 0.931
4416.7227 0.9272
4417.7397 0.9555
4418.7570000000005 1.0195
4419.7744 0.9631
4420.7925 0.955
4421.8105 0.9864
4422.8286 0.9999
4423.847 1.0263
4424.8657 1.0211
4425.885 0.9947
4426.9043 0.9964
4427.9233 0.9818
4428.9434 0.9571
4429.963 0.9555
4430.9834 0.9518
4432.004 0.9729
4433.0244 0.993
4434.045 0.9827
4435.0664 0.9766
4436.0874 0.9875
4437.1094 0.9879
4438.130999999999 0.9477
4439.153 0.9846
4440.1753 0.9658
4441.1978 0.9318
4442.2207 0.9163
4443.2437 0.9071
4444.2666 0.9245
4445.29 0.9862
4446.314 1.0222
4447.338 1.0057
4448.362 0.9831
4449.3859999999995 0.9367
4450.411 1.0148
4451.4355 0.9602
4452.460999999999 0.9833
4453.4863 0.9929
4454.5117 0.9758
4455.5376 1.0185
4456.5635 0.9499
4457.59 1.0106
4458.616 0.9487
4459.643 0.9865
4460.67 0.9983
4461.6973 0.992
4462.7246 1.0126
4463.7524 0.972
4464.7803 0.9907
4465.8086 0.9708
4466.837 0.996
4467.8657 0.8951
4468.8945 0.9613
4469.924 0.9865
4470.9529999999995 0.9386
4471.9824 0.9788
4473.0127 0.9924
4474.0425 0.9711
4475.0728 0.981
4476.1035 0.9599
4477.1343 0.9804
4478.165 1.0022
4479.1963 0.9425
4480.228 0.894
4481.26 0.9447
4482.2915 0.9704
4483.3237 0.9834
4484.3564 1.0172
4485.389 0.9882
4486.4220000000005 0.9971
4487.455 0.9647
4488.4883 0.9627
4489.522 0.9555
4490.556 0.9705
4491.59 0.9845
4492.6245 0.9868
4493.659000000001 0.985
4494.694 0.9893
4495.729 1.0135
4496.764 1.0115
4497.8 0.9774
4498.8354 0.9507
4499.8716 0.9846
4500.9077 0.9829
4501.9443 0.9798
4502.981 1.0234
4504.018 1.0044
4505.055 0.9731
4506.093 0.9731
4507.1304 0.9742
4508.168 0.9527
4509.2065 0.9786
4510.2446 0.9766
4511.282999999999 0.94
4512.3223 0.9853
4513.3613 0.9635
4514.401 0.9889
4515.4404 1.0165
4516.48 0.9768
4517.5205 0.9326
4518.5605 0.9997
4519.601 0.9877
4520.642 0.9948
4521.683 1.0099
4522.724 0.9723
4523.7656 1.0197
4524.8076 0.943
4525.8496 0.9797
4526.8916 0.9843
4527.934 0.9297
4528.977 0.9792
4530.02 1.0034
4531.063 0.9282
4532.1064 0.9416
4533.1504 0.9708
4534.1943 0.924
4535.2383 0.9546
4536.2827 0.9699
4537.327 0.9712
4538.372 1.0289
4539.4175 1.0473
4540.463 0.9996
4541.5083 0.9748
4542.554 1.0149
4543.6 0.9677
4544.6465 0.9806
4545.693 0.9756
4546.7397 0.9682
4547.787 0.9256
4548.8345 0.8981
4549.8820000000005 0.953
4550.9297 0.9629
4551.9775 0.9858
4553.026 0.9834
4554.0740000000005 0.9373
4555.123 0.9576
4556.1720000000005 0.9837
4557.221 0.9776
4558.2705 0.9796
4559.3203 1.0016
4560.37 0.9983
4561.4204 0.9487
4562.4707 0.9292
4563.5215 0.9615
4564.5728 0.9816
4565.6235 0.9758
4566.6753 0.992
4567.7266 1.001
4568.779 0.9792
4569.8306 0.9812
4570.8833 0.9543
4571.9355 0.9483
4572.9883 0.988
4574.0415 0.991
4575.0947 0.9841
4576.1484 0.9598
4577.202 0.9589
4578.2563 0.957
4579.3105 0.9712
4580.365 0.9575
4581.42 0.9453
4582.475 0.913
4583.5303 0.933
4584.585999999999 0.9178
4585.6416 0.9844
4586.6978 0.9772
4587.754 0.9659
4588.8105 1.0443
4589.867 0.9344
4590.9243 0.9658
4591.9814 0.9835
4593.0386 0.9842
4594.0967 0.9651
4595.1543 1.0369
4596.2124 0.8842
4597.271 0.989
4598.3296 1.0036
4599.3887 1.0005
4600.4478 0.9493
4601.5073 0.9888
4602.567 0.9997
4603.627 1.0093
4604.687 0.9824
4605.7476 0.9934
4606.808 1.0291
4607.8687 0.9872
4608.93 1.0089
4609.991 0.9614
4611.0527 0.9923
4612.1147 0.9962
4613.177 1.0289
4614.2393 1.0161
4615.302 0.9773
4616.3647 0.9668
4617.4277 0.9886
4618.491 1.0028
4619.5547 0.9362
4620.6187 0.9632
4621.6826 0.9662
4622.747 1.0137
4623.8115 1.0087
4624.876 0.9916
4625.9414 0.975
4627.0063 0.9628
4628.0723 0.9512
4629.1377 0.9866
4630.2036 0.9791
4631.27 0.9763
4632.3364 1.0189
4633.4033 0.9771
4634.47 0.9543
4635.5376 0.9371
4636.605 0.9735
4637.673 0.9788
4638.7407 0.9958
4639.809 0.9741
4640.8774 0.9731
4641.9463 1.0035
4643.015 0.9892
4644.0845 0.9665
4645.154 0.9969
4646.2236 0.9824
4647.2935 0.9566
4648.3640000000005 0.987
4649.434 0.981
4650.505 1.0201
4651.5757 0.9751
4652.647 0.9375
4653.7188 0.9936
4654.79 0.9767
4655.8623 0.9537
4656.934 0.9806
4658.0070000000005 0.9702
4659.0796 0.9889
4660.1523 0.9714
4661.2256 1.0014
4662.299 0.9751
4663.3726 1.0344
4664.4463 0.9707
4665.5205 0.9745
4666.595 0.9372
4667.6694 0.9942
4668.7446 0.9916
4669.82 0.9888
4670.895 0.9983
4671.9707 0.9819
4673.0464 0.9727
4674.1226 0.9625
4675.1990000000005 0.999
4676.276 0.985
4677.3525 0.9706
4678.4297 0.9844
4679.5073 0.9955
4680.585 1.0242
4681.6626 1.0255
4682.7407 1.0079
4683.819 0.9957
4684.8975 0.9597
4685.9766 0.9683
4687.0557 0.971
4688.1353 0.9951
4689.215 1.0096
4690.2944 0.9859
4691.3745 0.9406
4692.455 0.9835
4693.5356 0.9726
4694.616 0.9741
4695.6973 1.0
4696.779 0.9942
4697.8604 0.9981
4698.9424 1.0171
4700.0244 0.9849
4701.107 0.947
4702.1895 0.9626
4703.272 0.9651
4704.3555 0.9758
4705.4385 0.9631
4706.522 0.9598
4707.606 0.9756
4708.69 1.0325
4709.7744 0.9944
4710.859 0.9685
4711.944 0.9839
4713.029 0.9381
4714.1143 0.9627
4715.1997 0.9906
4716.2856 1.0149
4717.372 0.9689
4718.458 1.0113
4719.545 0.9601
4720.6320000000005 0.9847
4721.7188 0.9505
4722.806 0.9627
4723.8936 1.0222
4724.9814 1.0147
4726.07 0.9821
4727.1577 0.9422
4728.2466 1.0326
4729.3354 0.9487
4730.4243 0.995
4731.5137 0.9692
4732.6035 0.9915
4733.6934 0.9878
4734.782999999999 0.9788
4735.8735 0.9996
4736.9644 0.9824
4738.055 1.0144
4739.1465 0.9948
4740.238 1.0009
4741.329000000001 0.9619
4742.420999999999 0.989
4743.513 1.0143
4744.6055 0.9883
4745.698 0.9745
4746.791 0.9997
4747.8843 0.9843
4748.9775 1.0263
4750.0713 0.9909
4751.165 0.9744
4752.2593 0.9895
4753.3535 0.9791
4754.448 0.9921
4755.543 0.9707
4756.638 0.9867
4757.7334 1.004
4758.829000000001 1.0117
4759.925 0.9969
4761.021 0.993
4762.1177 0.9615
4763.2144 0.9551
4764.311 0.9604
4765.407999999999 0.9908
4766.505999999999 1.0126
4767.6035 0.9986
4768.701 1.0186
4769.7993 1.0147
4770.898 0.9929
4771.9966 0.9794
4773.095 0.984
4774.1943 1.0108
4775.294 0.9801
4776.3936 0.9838
4777.4937 0.9959
4778.5938 0.9887
4779.6943 0.9849
4780.795 0.9394
4781.896 0.9902
4782.997 1.0102
4784.0986 0.9829
4785.2 0.9754
4786.3022 0.9684
4787.4043 0.9817
4788.5070000000005 0.9921
4789.6094 0.9892
4790.7124 0.9879
4791.816 0.9891
4792.9194 1.0062
4794.023 1.0083
4795.127 0.9736
4796.2314 0.9925
4797.335999999999 0.9584
4798.4404 0.9505
4799.5454 1.0019
4800.651 0.9978
4801.7563 0.967
4802.862 0.9551
4803.9683 0.9965
4805.0740000000005 0.9424
4806.1807 0.9769
4807.2876 1.0002
4808.3945 0.996
4809.502 0.9851
4810.6094 0.9964
4811.7173 0.9774
4812.8257 0.9393
4813.9336 0.9852
4815.0425 0.9868
4816.1514 0.9879
4817.2603 0.9893
4818.3696 0.9644
4819.479 0.9803
4820.589 1.0034
4821.6990000000005 1.0087
4822.8096 0.9475
4823.92 0.967
4825.0312 0.9401
4826.142 0.9775
4827.2534 0.9731
4828.365 0.9397
4829.477 0.9753
4830.5894 0.9509
4831.7017 0.958
4832.8145 1.0395
4833.9272 0.9782
4835.0405 0.9192
4836.154 0.9499
4837.2676 0.9911
4838.3813 0.9442
4839.4956 0.9247
4840.6104 0.9376
4841.725 0.9249
4842.84 0.9123
4843.955 0.9071
4845.071 0.942
4846.1865 0.9038
4847.3022 0.9035
4848.4185 0.872
4849.535 0.8475
4850.652 0.8483
4851.769 0.8419
4852.8859999999995 0.8023
4854.004 0.8096
4855.1216 0.8318
4856.2397 0.7425
4857.358 0.6676
4858.4766 0.5955
4859.595 0.457
4860.7144 0.4279
4861.834 0.536
4862.9536 0.65
4864.073 0.66
4865.1934 0.7973
4866.314 0.7684
4867.4346 0.8236
4868.555 0.8203
4869.6763 0.8013
4870.798 0.8841
4871.9194 0.8524
4873.0415 0.9064
4874.1636 0.8742
4875.286 0.911
4876.4087 0.9268
4877.5317 0.923
4878.6553 0.9186
4879.7783 0.893
4880.9023 0.9589
4882.0264 0.9355
4883.1504 0.9545
4884.275 0.9088
4885.4 0.939
4886.525 0.9467
4887.65 0.9435
4888.776 0.9103
4889.9014 0.915
4891.0273 0.9121
4892.154 0.9804
4893.2803 0.9333
4894.407 0.9725
4895.5347 0.9881
4896.6616 0.9824
4897.7896 0.9359
4898.9175 0.9822
4900.0454 0.9562
4901.174 0.9591
4902.3027 0.9493
4903.4316 0.9271
4904.5605 0.9832
4905.69 0.9819
4906.82 0.9792
4907.9497 0.9663
4909.08 0.9879
4910.2104 0.9506
4911.3413 0.9449
4912.472 1.0013
4913.6035 0.9281
4914.735 0.9277
4915.8667 1.0059
4916.999 0.9692
4918.1313 0.929
4919.2637 0.959
4920.3965 0.939
4921.53 0.8977
4922.663 0.8891
4923.7970000000005 0.922
4924.9307 0.9577
4926.0645 0.9711
4927.1990000000005 0.9387
4928.334 0.9567
4929.4688 0.9652
4930.604 0.9679
4931.7393 0.9706
4932.875 0.9511
4934.0107 0.9385
4935.147 0.9418
4936.2837 1.023
4937.4204 0.9827
4938.5576 0.97
4939.695 0.8968
4940.8325 0.9911
4941.97 1.0193
4943.108 0.951
4944.2466 0.9627
4945.3853 0.9704
4946.524 0.9798
4947.663 1.0076
4948.8022 1.0092
4949.942 1.0
