3911.1108 1.0
3912.0115 0.7862
3912.9124 1.2635
3913.8135 0.7767
3914.7146 0.7491
3915.6162 1.047
3916.5178 0.7767
3917.4197 0.6797
3918.3218 0.8448
3919.224 0.8381
3920.1267 0.8955
3921.0295 0.9742
3921.9324 0.7195
3922.8357 0.8106
3923.739 0.8619
3924.6426 0.7281
3925.5464 1.0657
3926.4504 0.8543
3927.3545 0.8573
3928.259 0.5768
3929.1636 0.8472
3930.0684 1.0302
3930.9734 0.6567
3931.8787 0.7369
3932.7842 0.5892
3933.6897 0.9803
3934.5957 0.702
3935.5017 0.8151
3936.408 0.9624
3937.3145 0.7122
3938.2212 0.7833
3939.1282 0.9858
3940.0354 0.6561
3940.9426 1.0404
3941.85 1.0544
3942.7578 0.9359
3943.6658 0.9305
3944.574 0.7769
3945.4824 1.0978
3946.3909999999996 0.816
3947.2998 1.2154
3948.2087 0.6961
3949.118 0.9872
3950.0273 0.6251
3950.937 0.7823
3951.847 0.9967
3952.7568 0.7971
3953.6672 0.6714
3954.5776 0.8424
3955.4883 0.8291
3956.3992 0.5638
3957.3103 1.0773
3958.2217 0.7138
3959.1333 0.5086
3960.045 0.643
3960.9568 0.5863
3961.869 0.6826
3962.7812 0.5731
3963.6938 0.383
3964.6067 0.3552
3965.5198 0.3727
3966.4329 0.428
3967.3462 0.3398
3968.26 0.1692
3969.1738 0.2457
3970.0879999999997 0.4562
3971.002 0.4261
3971.9165 0.4629
3972.8313 0.6976
3973.7459999999996 0.6835
3974.6611 0.7466
3975.5764 0.7195
3976.492 0.7906
3977.4077 0.7015
3978.3237 0.8845
3979.2397 0.5623
3980.1562 0.7637
3981.0728 0.665
3981.9895 0.4581
3982.9065 0.8214
3983.8237 0.6867
3984.7412 0.6071
3985.6587 0.7357
3986.5767 0.8485
3987.4946 0.9268
3988.4128 0.7897
3989.3313 1.0457
3990.25 0.6153
3991.1690000000003 1.0097
3992.0881 1.188
3993.0073 0.7772
3993.927 0.8749
3994.8467 0.8035
3995.7666 1.0495
3996.6868 0.849
3997.6072 1.0663
3998.5278 0.7968
3999.4485 0.8581
4000.3696 1.0223
4001.2908 0.9718
4002.2122 1.1224
4003.1338 0.8867
4004.0557 1.0083
4004.9778 1.1751
4005.9001 0.9998
4006.8225 0.9353
4007.7454 1.0518
4008.6682 0.8765
4009.5913 1.0645
4010.5146 1.1587
4011.4382 0.8862
4012.362 0.6645
4013.2861 0.7984
4014.2102 0.9339
4015.1345 0.8881
4016.0593 0.9348
4016.9841 0.9744
4017.9092 0.878
4018.8345 0.8247
4019.7598 1.0398
4020.6855 0.9361
4021.6116 0.8068
4022.5376 0.927
4023.4639 0.9527
4024.3904 0.9658
4025.3171 0.6982
4026.2441 0.9478
4027.1714 0.9018
4028.0989 1.0382
4029.0264 0.6141
4029.954 0.8409
4030.8823 0.976
4031.8105 1.0183
4032.739 0.7924
4033.6677 1.0091
4034.5964 0.8675
4035.5256 1.03
4036.455 0.7152
4037.3845 1.0658
4038.3142 1.0855
4039.2441 0.4186
4040.1743 1.0814
4041.1047 0.7394
4042.0354 0.7169
4042.9663 0.7429
4043.8972 0.8048
4044.8286 0.9351
4045.76 1.0773
4046.6917 0.7607
4047.6235 1.1393
4048.5557 0.5737
4049.488 0.4451
4050.4204 1.005
4051.3533 1.0021
4052.2861 0.8277
4053.2195 0.8675
4054.1528 1.0866
4055.0864 0.7245
4056.0203 0.7326
4056.9543 1.1214
4057.8884 0.8474
4058.823 0.8636
4059.7576 1.0131
4060.6926 0.8185
4061.6277 0.9115
4062.563 0.8591
4063.4985 0.8846
4064.4343 1.0199
4065.3704 0.944
4066.3064 1.0637
4067.243 0.8367
4068.1794 0.8593
4069.1165 1.0223
4070.0535 1.0471
4070.9907 0.9751
4071.9282 0.9892
4072.866 0.9443
4073.8037 0.8649
4074.742 0.7025
4075.6804 0.7396
4076.619 0.9758
4077.5576 0.8569
4078.4966 0.8737
4079.4358 1.2448
4080.3752 0.9434
4081.315 0.9686
4082.255 0.8896
4083.1948 0.9054
4084.1353 0.8467
4085.0757 0.7101
4086.0164 0.8985
4086.9575 0.732
4087.8987 0.8477
4088.8398 0.6091
4089.7815 1.0007
4090.7234 0.7791
4091.6653 0.6477
4092.6077 0.9975
4093.55 0.742
4094.4927 0.5413
4095.4358 0.7251
4096.379 0.4725
4097.3223 0.3103
4098.2656 0.5414
4099.2095 0.4712
4100.1533 0.3877
4101.0977 0.5042
4102.042 0.6926
4102.987 0.4881
4103.9316 0.5547
4104.8765 0.6767
4105.822 0.6678
4106.7676 0.6778
4107.7134 0.7791
4108.659000000001 0.8005
4109.6055 0.6988
4110.552 0.7864
4111.498 0.8096
4112.4453 0.7429
4113.392 0.7718
4114.3394 0.7385
4115.2866 0.7819
4116.2344 0.842
4117.1826 0.9256
4118.1304 0.8367
4119.079000000001 0.8722
4120.0273 0.8373
4120.976 0.7606
4121.9253 0.7868
4122.8745 0.7742
4123.8237 0.9431
4124.7734 0.7848
4125.7236 1.0323
4126.6733 0.6933
4127.624 0.9559
4128.5740000000005 1.0328
4129.525 1.0332
4130.476 0.9648
4131.4272 0.8321
4132.379 0.9216
4133.33 0.8706
4134.282 0.8544
4135.2344 0.8199
4136.1865 0.9809
4137.139 1.057
4138.092000000001 0.9678
4139.0444 1.0489
4139.998 0.9882
4140.951 0.9364
4141.905 0.996
4142.8584 0.9131
4143.8125 1.0011
4144.767 1.0398
4145.721 0.8521
4146.6763 0.9798
4147.630999999999 1.0103
4148.585999999999 1.0072
4149.5415 0.87
4150.497 1.0184
4151.4526 1.0007
4152.4087 0.8876
4153.365 0.7461
4154.322 0.8676
4155.2783 0.8396
4156.2354 0.7335
4157.1924 1.0165
4158.1494 1.1204
4159.107 0.8873
4160.065 0.9447
4161.023 1.051
4161.981 1.1383
4162.9395 0.9715
4163.8984 0.6081
4164.857 0.995
4165.8164 0.8434
4166.7754 0.8173
4167.7354 0.8913
4168.695 0.7613
4169.655 0.8926
4170.615 0.9001
4171.5757 0.8605
4172.536 0.948
4173.497 0.887
4174.458 0.8775
4175.4194 0.7724
4176.380999999999 1.0186
4177.343 0.7827
4178.3047 0.8177
4179.267 0.8533
4180.2295 0.7495
4181.192 0.8262
4182.155 0.7542
4183.1179999999995 0.904
4184.081 0.8249
4185.045 0.8057
4186.009 0.8643
4186.9727 0.884
4187.9365 0.6982
4188.9014 0.6682
4189.8657 0.8197
4190.8306 0.6293
4191.795999999999 0.8577
4192.7609999999995 0.7949
4193.7266 0.455
4194.6924 0.6985
4195.657999999999 1.0058
4196.6245 0.8114
4197.590999999999 0.7381
4198.5576 0.691
4199.5244 0.9098
4200.4917 0.7985
4201.459 0.5987
4202.4263 0.7355
4203.394 0.7527
4204.3623 0.9107
4205.33 0.8591
4206.299 0.9371
4207.2676 0.9775
4208.2363 0.9325
4209.2056 1.0036
4210.175 1.0528
4211.144 0.9845
4212.1140000000005 0.7146
4213.084 0.8561
4214.054 0.8483
4215.0244 0.8248
4215.995 0.7258
4216.9663 0.8453
4217.937 0.867
4218.9087 0.9158
4219.88 1.0036
4220.852 0.9099
4221.8237 0.9466
4222.795999999999 1.0397
4223.7686 0.9177
4224.741 0.8366
4225.714 0.8798
4226.687 0.7583
4227.6606 0.8792
4228.6343 0.8702
4229.608 1.0796
4230.582 0.8947
4231.556 0.9171
4232.531 1.0284
4233.5054 0.8319
4234.4805 1.2432
4235.4556 0.9486
4236.4307 1.0208
4237.4062 1.053
4238.3823 1.1067
4239.3584 1.0953
4240.3345 0.8903
4241.311 0.7784
4242.2876 1.1036
4243.2646 0.6879
4244.2417 0.9009
4245.219 0.9518
4246.197 0.8629
4247.175 1.0028
4248.153 0.8862
4249.130999999999 0.7984
4250.1094 0.8892
4251.0884 0.9214
4252.067 0.9884
4253.0464 0.9493
4254.026 0.9221
4255.0054 0.99
4255.9854 0.8822
4256.9653 0.8363
4257.946 0.896
4258.9263 0.9259
4259.9067 0.8623
4260.8877 0.8135
4261.869000000001 0.9343
4262.8506 0.9015
4263.832 0.9098
4264.814 0.9306
4265.7964 0.8917
4266.779 0.8903
4267.7609999999995 0.8688
4268.744000000001 0.8912
4269.727 0.8484
4270.7104 0.8512
4271.694 0.8104
4272.6772 0.8804
4273.6616 1.0477
4274.6455 0.9325
4275.63 0.9239
4276.6147 0.8706
4277.5996 0.7719
4278.5845 0.864
4279.57 0.8806
4280.555 0.8574
4281.541 0.9644
4282.527 0.9678
4283.513 1.0556
4284.4995 0.9102
4285.4863 0.8412
4286.473 0.882
4287.4604 0.7513
4288.4478 0.8921
4289.435 0.9173
4290.423 0.9284
4291.411 0.7948
4292.3994 0.701
4293.3877 0.8455
4294.3765 0.8277
4295.365 0.9651
4296.3545 0.8943
4297.3438 0.8248
4298.3335 0.8074
4299.323 0.9631
4300.3135 0.8915
4301.3037 0.8296
4302.2944 0.9196
4303.285 0.8466
4304.276 0.8995
4305.267 0.8541
4306.259 0.8212
4307.2505 0.8786
4308.242 0.8597
4309.2344 0.9712
4310.2266 0.9775
4311.219 0.7763
4312.212 0.7824
4313.205 0.8941
4314.198 0.8703
4315.192 0.9652
4316.1855 1.0054
4317.1797 0.7894
4318.174 0.6925
4319.168 0.8028
4320.1626 0.7413
4321.1577 0.8481
4322.153 0.7369
4323.148 0.849
4324.1436 0.6483
4325.1396 0.7609
4326.1353 0.7168
4327.1320000000005 0.8459
4328.128 0.6709
4329.125 0.762
4330.1216 0.724
4331.119000000001 0.6144
4332.116 0.6048
4333.1140000000005 0.6111
4334.112 0.4743
4335.11 0.4667
4336.1084 0.3693
4337.107 0.3091
4338.1055 0.2978
4339.1045 0.3946
4340.1035 0.5371
4341.103 0.6082
4342.103 0.6114
4343.103 0.7664
4344.103 0.8227
4345.1035 0.6953
4346.104 0.9543
4347.105 0.7403
4348.106 0.7758
4349.1074 0.788
4350.109 0.799
4351.1104 0.8044
4352.1123 0.8966
4353.1147 0.9403
4354.117 0.8638
4355.1196 0.8264
4356.1226 0.7924
4357.126 0.7734
4358.1294 0.803
4359.133 0.7426
4360.1367 0.7424
4361.1406 0.8547
4362.145 0.8756
4363.15 0.896
4364.1543 0.8654
4365.1597 0.7163
4366.1646 0.7438
4367.17 0.7852
4368.1759999999995 0.6182
4369.1816 0.7976
4370.188 0.8248
4371.1943 0.7873
4372.2007 0.8543
4373.208 0.8689
4374.215 1.1409
4375.222 1.0453
4376.2295 1.0676
4377.2373 1.102
4378.2456 0.9085
4379.254 0.9457
4380.262 0.8933
4381.271 0.9887
4382.28 0.8767
4383.289000000001 0.976
4384.2983 0.9723
4385.308 0.962
4386.318 1.0103
4387.3279999999995 1.0539
4388.3384 1.1148
4389.349 0.9723
4390.36 0.9326
4391.3706 1.0159
4392.3823 0.9785
4393.3936 1.0697
4394.4053 0.9625
4395.4175 1.0523
4396.4297 0.982
4397.442 0.8999
4398.4546 0.8349
4399.4673 1.014
4400.4805 0.8504
4401.494000000001 1.0262
4402.508 1.0007
4403.5215 0.8444
4404.5356 0.8717
4405.55 0.9551
4406.5645 0.9258
4407.579000000001 0.9339
4408.594 0.9126
4409.6094 0.8645
4410.625 1.0006
4411.6406 1.0706
4412.6562 1.0376
4413.6724 0.9321
4414.689 0.8405
4415.7056 0.8913
4416.7227 0.7963
4417.7397 0.885
4418.7570000000005 0.9614
4419.7744 0.8741
4420.7925 0.8849
4421.8105 0.9977
4422.8286 0.9466
4423.847 0.9
4424.8657 0.901
4425.885 0.9045
4426.9043 0.8838
4427.9233 0.8028
4428.9434 1.0352
4429.963 0.8075
4430.9834 0.9809
4432.004 0.8332
4433.0244 1.0275
4434.045 0.7325
4435.0664 0.9501
4436.0874 1.0327
4437.1094 0.9527
4438.130999999999 0.8969
4439.153 0.9198
4440.1753 0.9565
4441.1978 0.8854
4442.2207 0.8668
4443.2437 0.8671
4444.2666 0.8843
4445.29 0.9754
4446.314 0.8371
4447.338 0.8507
4448.362 0.9424
4449.3859999999995 0.8836
4450.411 0.9607
4451.4355 0.9276
4452.460999999999 0.8225
4453.4863 0.9198
4454.5117 0.9008
4455.5376 0.9117
4456.5635 0.9227
4457.59 0.9044
4458.616 0.8449
4459.643 0.9389
4460.67 0.955
4461.6973 0.9032
4462.7246 0.944
4463.7524 0.9447
4464.7803 0.9066
4465.8086 0.9119
4466.837 0.9636
4467.8657 1.0092
4468.8945 1.0366
4469.924 0.9749
4470.9529999999995 0.9248
4471.9824 0.8578
4473.0127 0.9393
4474.0425 1.0149
4475.0728 0.9298
4476.1035 0.8659
4477.1343 0.9702
4478.165 0.8451
4479.1963 0.9326
4480.228 0.8492
4481.26 0.9442
4482.2915 0.9495
4483.3237 0.837
4484.3564 0.9206
4485.389 0.9557
4486.4220000000005 0.8551
4487.455 0.9215
4488.4883 0.9998
4489.522 1.0855
4490.556 0.9126
4491.59 0.8583
4492.6245 1.0249
4493.659000000001 0.9635
4494.694 1.0515
4495.729 0.9802
4496.764 0.8942
4497.8 0.8792
4498.8354 0.974
4499.8716 0.9502
4500.9077 0.8709
4501.9443 0.9123
4502.981 0.9734
4504.018 0.8908
4505.055 0.8932
4506.093 0.8515
4507.1304 1.0042
4508.168 0.9889
4509.2065 0.9784
4510.2446 1.0005
4511.282999999999 0.9487
4512.3223 0.8887
4513.3613 0.9283
4514.401 0.8979
4515.4404 0.9029
4516.48 0.9547
4517.5205 0.9264
4518.5605 0.9629
4519.601 0.9813
4520.642 0.9376
4521.683 0.888
4522.724 0.9642
4523.7656 1.0232
4524.8076 0.8583
4525.8496 0.9007
4526.8916 0.9832
4527.934 0.9357
4528.977 0.9636
4530.02 0.9595
4531.063 0.9788
4532.1064 0.8896
4533.1504 0.9874
4534.1943 0.9427
4535.2383 0.907
4536.2827 0.9565
4537.327 0.8514
4538.372 0.9704
4539.4175 1.0119
4540.463 0.956
4541.5083 1.0025
4542.554 0.8946
4543.6 1.0742
4544.6465 0.9531
4545.693 0.8496
4546.7397 0.8866
4547.787 0.92
4548.8345 0.8974
4549.8820000000005 0.9368
4550.9297 0.9563
4551.9775 0.8941
4553.026 0.913
4554.0740000000005 0.9622
4555.123 0.9288
4556.1720000000005 0.9037
4557.221 0.9812
4558.2705 0.9487
4559.3203 0.8456
4560.37 0.9376
4561.4204 0.829
4562.4707 0.8583
4563.5215 0.9447
4564.5728 0.866
4565.6235 0.858
4566.6753 0.9235
4567.7266 0.9225
4568.779 0.8963
4569.8306 0.8526
4570.8833 0.8654
4571.9355 0.8777
4572.9883 0.8752
4574.0415 0.9511
4575.0947 0.9639
4576.1484 0.9299
4577.202 0.8934
4578.2563 0.9951
4579.3105 0.9819
4580.365 1.0042
4581.42 0.9354
4582.475 0.8957
4583.5303 0.9117
4584.585999999999 0.8937
4585.6416 1.0474
4586.6978 0.8766
4587.754 0.9735
4588.8105 0.8969
4589.867 0.9156
4590.9243 0.9915
4591.9814 0.9022
4593.0386 0.8551
4594.0967 0.978
4595.1543 0.8611
4596.2124 0.9273
4597.271 0.926
4598.3296 0.94
4599.3887 0.8258
4600.4478 1.0106
4601.5073 0.8603
4602.567 0.9691
4603.627 0.8524
4604.687 0.8503
4605.7476 0.9288
4606.808 0.9421
4607.8687 1.0381
4608.93 1.0464
4609.991 1.0271
4611.0527 1.047
4612.1147 1.0104
4613.177 0.9473
4614.2393 0.8547
4615.302 0.8775
4616.3647 0.9529
4617.4277 0.9572
4618.491 0.924
4619.5547 0.9449
4620.6187 0.9468
4621.6826 0.976
4622.747 0.9395
4623.8115 0.898
4624.876 1.0235
4625.9414 1.0117
4627.0063 0.877
4628.0723 0.8968
4629.1377 0.9165
4630.2036 0.9696
4631.27 1.0009
4632.3364 0.8887
4633.4033 0.968
4634.47 0.9062
4635.5376 0.9152
4636.605 0.9877
4637.673 1.032
4638.7407 0.8983
4639.809 0.9039
4640.8774 0.9047
4641.9463 0.9399
4643.015 0.9336
4644.0845 0.8998
4645.154 0.9137
4646.2236 0.9686
4647.2935 0.9858
4648.3640000000005 0.9246
4649.434 0.9934
4650.505 0.8096
4651.5757 0.9931
4652.647 0.9136
4653.7188 0.9292
4654.79 1.0469
4655.8623 0.9892
4656.934 0.9167
4658.0070000000005 0.9872
4659.0796 0.9503
4660.1523 0.831
4661.2256 0.9574
4662.299 1.0219
4663.3726 1.0065
4664.4463 0.9109
4665.5205 0.9755
4666.595 0.9452
4667.6694 0.9328
4668.7446 0.8785
4669.82 0.9217
4670.895 0.9193
4671.9707 1.0078
4673.0464 0.9325
4674.1226 0.9174
4675.1990000000005 0.8338
4676.276 0.8846
4677.3525 1.0123
4678.4297 0.967
4679.5073 0.8858
4680.585 0.9753
4681.6626 1.093
4682.7407 0.9735
4683.819 0.9765
4684.8975 0.9907
4685.9766 1.0123
4687.0557 1.0199
4688.1353 1.0615
4689.215 0.9503
4690.2944 0.9038
4691.3745 0.9109
4692.455 0.9912
4693.5356 0.9793
4694.616 0.8823
4695.6973 0.8583
4696.779 0.9399
4697.8604 0.8664
4698.9424 1.0129
4700.0244 0.8852
4701.107 0.9588
4702.1895 1.0001
4703.272 0.9213
4704.3555 1.031
4705.4385 0.9046
4706.522 0.855
4707.606 0.9663
4708.69 0.9121
4709.7744 1.0206
4710.859 0.941
4711.944 0.8927
4713.029 0.9061
4714.1143 0.9731
4715.1997 0.954
4716.2856 0.9572
4717.372 0.9531
4718.458 0.9528
4719.545 0.9892
4720.6320000000005 1.0343
4721.7188 0.9694
4722.806 0.958
4723.8936 0.9601
4724.9814 0.827
4726.07 0.8418
4727.1577 0.9033
4728.2466 0.944
4729.3354 1.0303
4730.4243 0.9833
4731.5137 0.9755
4732.6035 0.9913
4733.6934 0.9339
4734.782999999999 0.9848
4735.8735 0.9918
4736.9644 0.9458
4738.055 0.9758
4739.1465 0.9514
4740.238 0.9351
4741.329000000001 0.9047
4742.420999999999 0.9335
4743.513 0.9963
4744.6055 0.9005
4745.698 0.9967
4746.791 1.0083
4747.8843 0.9685
4748.9775 1.012
4750.0713 0.8725
4751.165 0.9499
4752.2593 0.9154
4753.3535 0.9442
4754.448 0.8974
4755.543 1.1103
4756.638 0.9469
4757.7334 0.9616
4758.829000000001 0.9095
4759.925 1.0131
4761.021 0.9588
4762.1177 1.0561
4763.2144 0.933
4764.311 0.9314
4765.407999999999 0.8805
4766.505999999999 0.8896
4767.6035 0.9616
4768.701 0.9494
4769.7993 0.8631
4770.898 1.0312
4771.9966 1.0159
4773.095 0.9556
4774.1943 1.0443
4775.294 1.0167
4776.3936 0.9949
4777.4937 0.9355
4778.5938 0.8899
4779.6943 0.8801
4780.795 0.9478
4781.896 0.8388
4782.997 0.8781
4784.0986 0.9376
4785.2 0.916
4786.3022 1.0438
4787.4043 1.0222
4788.5070000000005 1.0559
4789.6094 1.0595
4790.7124 0.9494
4791.816 0.9226
4792.9194 0.9534
4794.023 1.0002
4795.127 0.9064
4796.2314 0.9386
4797.335999999999 0.9381
4798.4404 0.9761
4799.5454 1.0042
4800.651 0.95
4801.7563 0.9149
4802.862 0.8605
4803.9683 0.8573
4805.0740000000005 0.8725
4806.1807 0.9502
4807.2876 0.9603
4808.3945 0.9479
4809.502 0.8679
4810.6094 0.9604
4811.7173 0.937
4812.8257 0.9046
4813.9336 1.025
4815.0425 0.9503
4816.1514 0.9619
4817.2603 0.9397
4818.3696 0.9101
4819.479 0.8651
4820.589 0.9647
4821.6990000000005 0.9815
4822.8096 0.8057
4823.92 0.9558
4825.0312 0.9968
4826.142 0.9273
4827.2534 0.9189
4828.365 0.8548
4829.477 0.7933
4830.5894 0.9552
4831.7017 1.0083
4832.8145 0.8778
4833.9272 0.9106
4835.0405 0.9045
4836.154 0.9264
4837.2676 0.8767
4838.3813 0.8553
4839.4956 0.8959
4840.6104 0.9371
4841.725 0.9635
4842.84 0.9383
4843.955 0.8383
4845.071 0.8209
4846.1865 0.9233
4847.3022 0.872
4848.4185 0.836
4849.535 0.8073
4850.652 0.7564
4851.769 0.8697
4852.8859999999995 0.7623
4854.004 0.7055
4855.1216 0.7427
4856.2397 0.7088
4857.358 0.5273
4858.4766 0.3711
4859.595 0.4779
4860.7144 0.4932
4861.834 0.683
4862.9536 0.7481
4864.073 0.7297
4865.1934 0.7072
4866.314 0.7086
4867.4346 0.8035
4868.555 0.7723
4869.6763 0.7873
4870.798 0.8496
4871.9194 0.8076
4873.0415 0.905
4874.1636 0.8563
4875.286 0.9119
4876.4087 0.9172
4877.5317 0.8925
4878.6553 0.9306
4879.7783 1.0635
4880.9023 0.8247
4882.0264 0.8487
4883.1504 0.8876
4884.275 0.9251
4885.4 0.9289
4886.525 0.9389
4887.65 0.8072
4888.776 0.8425
4889.9014 0.8584
4891.0273 0.8871
4892.154 0.9507
4893.2803 0.9398
4894.407 0.9586
4895.5347 1.0325
4896.6616 0.9599
4897.7896 0.9582
4898.9175 0.9826
4900.0454 0.944
4901.174 0.918
4902.3027 0.9822
4903.4316 0.9886
4904.5605 0.9339
4905.69 0.9986
4906.82 1.0278
4907.9497 0.9333
4909.08 0.9399
4910.2104 0.9466
4911.3413 0.8879
4912.472 1.0161
4913.6035 0.9985
4914.735 0.9597
4915.8667 0.9094
4916.999 0.907
4918.1313 0.8723
4919.2637 0.9511
4920.3965 0.9391
4921.53 1.0324
4922.663 0.9228
4923.7970000000005 0.9868
4924.9307 0.9013
4926.0645 0.9562
4927.1990000000005 0.9601
4928.334 0.9142
4929.4688 0.932
4930.604 0.9249
4931.7393 1.0
4932.875 0.9884
4934.0107 0.9577
4935.147 0.9692
4936.2837 1.0149
4937.4204 0.9818
4938.5576 0.9865
4939.695 0.9597
4940.8325 1.0072
4941.97 0.9737
4943.108 0.9033
4944.2466 0.9383
4945.3853 0.979
4946.524 1.0151
4947.663 0.9237
4948.8022 0.9404
4949.942 1.0
