3911.1108 1.0
3912.0115 1.0042
3912.9124 0.9464
3913.8135 0.9887
3914.7146 0.9139
3915.6162 0.9703
3916.5178 0.9565
3917.4197 0.946
3918.3218 0.9327
3919.224 0.8274
3920.1267 0.8379
3921.0295 0.8194
3921.9324 0.8872
3922.8357 0.8842
3923.739 0.8413
3924.6426 0.8551
3925.5464 0.8361
3926.4504 0.7554
3927.3545 0.6793
3928.259 0.5883
3929.1636 0.5646
3930.0684 0.4687
3930.9734 0.4017
3931.8787 0.3763
3932.7842 0.3163
3933.6897 0.2587
3934.5957 0.2864
3935.5017 0.329
3936.408 0.3844
3937.3145 0.4319
3938.2212 0.5656
3939.1282 0.6198
3940.0354 0.6707
3940.9426 0.7307
3941.85 0.7359
3942.7578 0.7318
3943.6658 0.7507
3944.574 0.8157
3945.4824 0.8319
3946.3909999999996 0.8689
3947.2998 0.8785
3948.2087 0.8828
3949.118 0.9228
3950.0273 0.9116
3950.937 0.9291
3951.847 0.9532
3952.7568 0.9225
3953.6672 0.929
3954.5776 0.9079
3955.4883 0.8974
3956.3992 0.911
3957.3103 0.8701
3958.2217 0.9579
3959.1333 0.9725
3960.045 0.8915
3960.9568 0.8157
3961.869 0.7107
3962.7812 0.6573
3963.6938 0.6365
3964.6067 0.5571
3965.5198 0.5247
3966.4329 0.4524
3967.3462 0.3702
3968.26 0.3594
3969.1738 0.3038
3970.0879999999997 0.3558
3971.002 0.386
3971.9165 0.4932
3972.8313 0.5434
3973.7459999999996 0.5969
3974.6611 0.6787
3975.5764 0.6706
3976.492 0.7666
3977.4077 0.8191
3978.3237 0.8602
3979.2397 0.9267
3980.1562 0.9606
3981.0728 0.9542
3981.9895 0.9379
3982.9065 0.9003
3983.8237 0.9216
3984.7412 0.9357
3985.6587 0.8939
3986.5767 0.9421
3987.4946 0.9254
3988.4128 0.9461
3989.3313 0.9785
3990.25 0.9808
3991.1690000000003 0.973
3992.0881 0.9791
3993.0073 1.0237
3993.927 1.0179
3994.8467 0.9637
3995.7666 0.9274
3996.6868 0.9242
3997.6072 0.9129
3998.5278 0.9415
3999.4485 0.9904
4000.3696 0.9945
4001.2908 1.0089
4002.2122 1.0441
4003.1338 1.0023
4004.0557 0.9525
4004.9778 0.9135
4005.9001 0.8699
4006.8225 0.8593
4007.7454 0.9265
4008.6682 0.989
4009.5913 0.9499
4010.5146 0.9736
4011.4382 1.0072
4012.362 0.9973
4013.2861 0.9705
4014.2102 0.9997
4015.1345 0.9868
4016.0593 0.97
4016.9841 0.9873
4017.9092 0.9593
4018.8345 1.0096
4019.7598 1.0081
4020.6855 1.0302
4021.6116 1.0285
4022.5376 1.0129
4023.4639 0.9903
4024.3904 0.9803
4025.3171 0.9463
4026.2441 1.0042
4027.1714 1.038
4028.0989 1.03
4029.0264 0.9925
4029.954 0.9337
4030.8823 0.8967
4031.8105 0.8662
4032.739 0.8854
4033.6677 0.9095
4034.5964 0.918
4035.5256 0.9393
4036.455 0.9904
4037.3845 1.0565
4038.3142 1.0359
4039.2441 1.0142
4040.1743 1.0394
4041.1047 1.0311
4042.0354 1.0195
4042.9663 0.9818
4043.8972 0.93
4044.8286 0.8612
4045.76 0.8472
4046.6917 0.9029
4047.6235 0.9896
4048.5557 0.9969
4049.488 1.0309
4050.4204 1.0501
4051.3533 1.0268
4052.2861 0.9951
4053.2195 0.8933
4054.1528 0.8993
4055.0864 0.8654
4056.0203 0.8907
4056.9543 0.8456
4057.8884 0.8815
4058.823 0.9307
4059.7576 0.9095
4060.6926 0.9704
4061.6277 0.946
4062.563 0.895
4063.4985 0.8605
4064.4343 0.8352
4065.3704 0.8787
4066.3064 0.9087
4067.243 0.932
4068.1794 0.9216
4069.1165 0.9694
4070.0535 0.9485
4070.9907 0.9369
4071.9282 0.9138
4072.866 0.934
4073.8037 0.947
4074.742 0.9169
4075.6804 0.8963
4076.619 0.8437
4077.5576 0.8078
4078.4966 0.8364
4079.4358 0.8967
4080.3752 0.9469
4081.315 0.991
4082.255 1.0119
4083.1948 0.9383
4084.1353 0.9236
4085.0757 0.9315
4086.0164 0.9392
4086.9575 0.9682
4087.8987 0.9963
4088.8398 1.017
4089.7815 0.9895
4090.7234 0.9897
4091.6653 0.9916
4092.6077 0.9336
4093.55 0.9626
4094.4927 0.949
4095.4358 0.906
4096.379 0.8732
4097.3223 0.8525
4098.2656 0.8212
4099.2095 0.7781
4100.1533 0.7052
4101.0977 0.6325
4102.042 0.6324
4102.987 0.6524
4103.9316 0.7071
4104.8765 0.7944
4105.822 0.8684
4106.7676 0.8825
4107.7134 0.8827
4108.659000000001 0.8978
4109.6055 0.9159
4110.552 0.9221
4111.498 0.9335
4112.4453 0.923
4113.392 0.938
4114.3394 0.9674
4115.2866 0.9988
4116.2344 1.0237
4117.1826 1.0083
4118.1304 0.9981
4119.079000000001 0.9595
4120.0273 0.932
4120.976 0.948
4121.9253 0.9754
4122.8745 0.9657
4123.8237 0.9463
4124.7734 0.969
4125.7236 0.9613
4126.6733 0.9542
4127.624 0.9196
4128.5740000000005 0.9178
4129.525 0.9299
4130.476 0.9431
4131.4272 0.9031
4132.379 0.8834
4133.33 0.8895
4134.282 0.9223
4135.2344 0.9207
4136.1865 0.9833
4137.139 0.9965
4138.092000000001 1.0043
4139.0444 1.0271
4139.998 1.038
4140.951 1.0004
4141.905 0.9465
4142.8584 0.928
4143.8125 0.8987
4144.767 0.9355
4145.721 0.9543
4146.6763 0.958
4147.630999999999 0.9589
4148.585999999999 0.9512
4149.5415 0.9688
4150.497 0.9491
4151.4526 0.9413
4152.4087 0.9397
4153.365 0.9229
4154.322 0.9205
4155.2783 0.924
4156.2354 0.8804
4157.1924 0.9093
4158.1494 0.9567
4159.107 0.9443
4160.065 0.9403
4161.023 0.9718
4161.981 1.0207
4162.9395 1.0342
4163.8984 1.0289
4164.857 1.0391
4165.8164 1.0278
4166.7754 0.9714
4167.7354 0.9611
4168.695 0.9733
4169.655 0.953
4170.615 0.9494
4171.5757 0.8616
4172.536 0.8287
4173.497 0.7977
4174.458 0.8449
4175.4194 0.8954
4176.380999999999 0.8754
4177.343 0.886
4178.3047 0.9003
4179.267 0.8927
4180.2295 0.9233
4181.192 0.9231
4182.155 0.9306
4183.1179999999995 0.8958
4184.081 0.9052
4185.045 0.9244
4186.009 0.9005
4186.9727 0.8955
4187.9365 0.9142
4188.9014 0.918
4189.8657 0.9262
4190.8306 0.9422
4191.795999999999 0.9916
4192.7609999999995 0.9839
4193.7266 1.0048
4194.6924 0.9961
4195.657999999999 0.9306
4196.6245 0.8907
4197.590999999999 0.8708
4198.5576 0.8402
4199.5244 0.849
4200.4917 0.8749
4201.459 0.8612
4202.4263 0.8974
4203.394 0.908
4204.3623 0.9087
4205.33 0.9382
4206.299 0.9488
4207.2676 0.9652
4208.2363 0.9782
4209.2056 0.9862
4210.175 1.003
4211.144 1.0014
4212.1140000000005 1.014
4213.084 1.0334
4214.054 1.0075
4215.0244 0.9695
4215.995 0.9343
4216.9663 0.9141
4217.937 0.9469
4218.9087 0.9892
4219.88 0.9977
4220.852 1.0186
4221.8237 0.9921
4222.795999999999 0.9575
4223.7686 0.9328
4224.741 0.8187
4225.714 0.7847
4226.687 0.7637
4227.6606 0.8008
4228.6343 0.8841
4229.608 0.9526
4230.582 0.9774
4231.556 1.0005
4232.531 0.9794
4233.5054 0.9481
4234.4805 0.9178
4235.4556 0.9072
4236.4307 0.8988
4237.4062 0.9003
4238.3823 0.8974
4239.3584 0.9087
4240.3345 0.9261
4241.311 0.915
4242.2876 0.9691
4243.2646 0.9989
4244.2417 0.9974
4245.219 0.9822
4246.197 0.9808
4247.175 0.9307
4248.153 0.91
4249.130999999999 0.8954
4250.1094 0.9045
4251.0884 0.9242
4252.067 0.9399
4253.0464 0.9524
4254.026 0.9409
4255.0054 0.9278
4255.9854 0.9473
4256.9653 0.978
4257.946 0.9505
4258.9263 0.8861
4259.9067 0.8721
4260.8877 0.875
4261.869000000001 0.8788
4262.8506 0.9533
4263.832 1.0002
4264.814 1.0232
4265.7964 1.007
4266.779 0.9765
4267.7609999999995 0.9686
4268.744000000001 0.9473
4269.727 0.8826
4270.7104 0.8432
4271.694 0.8185
4272.6772 0.8296
4273.6616 0.85
4274.6455 0.8771
4275.63 0.9122
4276.6147 0.9258
4277.5996 0.9397
4278.5845 0.9673
4279.57 0.9631
4280.555 0.9527
4281.541 0.9361
4282.527 0.9499
4283.513 0.9526
4284.4995 0.9073
4285.4863 0.9533
4286.473 0.887
4287.4604 0.8777
4288.4478 0.8469
4289.435 0.8162
4290.423 0.8236
4291.411 0.8593
4292.3994 0.8732
4293.3877 0.919
4294.3765 0.9083
4295.365 0.885
4296.3545 0.8855
4297.3438 0.8328
4298.3335 0.7648
4299.323 0.7143
4300.3135 0.6802
4301.3037 0.6922
4302.2944 0.6989
4303.285 0.704
4304.276 0.7438
4305.267 0.7407
4306.259 0.728
4307.2505 0.728
4308.242 0.7111
4309.2344 0.6951
4310.2266 0.7111
4311.219 0.7616
4312.212 0.8016
4313.205 0.8164
4314.198 0.8728
4315.192 0.8973
4316.1855 0.9641
4317.1797 0.9876
4318.174 1.0387
4319.168 1.0292
4320.1626 1.0001
4321.1577 0.9676
4322.153 0.9477
4323.148 0.8745
4324.1436 0.8157
4325.1396 0.7779
4326.1353 0.7913
4327.1320000000005 0.8473
4328.128 0.9174
4329.125 0.9378
4330.1216 0.9666
4331.119000000001 0.9412
4332.116 0.953
4333.1140000000005 0.9563
4334.112 0.9502
4335.11 0.9418
4336.1084 0.8739
4337.107 0.7901
4338.1055 0.7088
4339.1045 0.6224
4340.1035 0.5823
4341.103 0.5726
4342.103 0.6379
4343.103 0.7316
4344.103 0.7756
4345.1035 0.8247
4346.104 0.8863
4347.105 0.9167
4348.106 0.9357
4349.1074 0.9382
4350.109 0.8986
4351.1104 0.8682
4352.1123 0.8597
4353.1147 0.8599
4354.117 0.9089
4355.1196 0.9434
4356.1226 0.957
4357.126 0.9577
4358.1294 0.9706
4359.133 0.9712
4360.1367 0.9824
4361.1406 0.9775
4362.145 1.0339
4363.15 0.992
4364.1543 1.0446
4365.1597 1.0614
4366.1646 1.0242
4367.17 0.9863
4368.1759999999995 0.9689
4369.1816 0.944
4370.188 0.9775
4371.1943 0.9681
4372.2007 0.9643
4373.208 0.9245
4374.215 0.8921
4375.222 0.8675
4376.2295 0.9078
4377.2373 0.9589
4378.2456 1.0043
4379.254 0.9645
4380.262 0.9909
4381.271 0.9322
4382.28 0.8598
4383.289000000001 0.783
4384.2983 0.7646
4385.308 0.7801
4386.318 0.8267
4387.3279999999995 0.873
4388.3384 0.8942
4389.349 0.8906
4390.36 0.8705
4391.3706 0.8817
4392.3823 0.9029
4393.3936 0.8995
4394.4053 0.906
4395.4175 0.9046
4396.4297 0.9243
4397.442 0.9711
4398.4546 0.9482
4399.4673 0.926
4400.4805 0.9001
4401.494000000001 0.8834
4402.508 0.8815
4403.5215 0.892
4404.5356 0.8836
4405.55 0.8774
4406.5645 0.9062
4407.579000000001 0.9117
4408.594 0.9197
4409.6094 0.9387
4410.625 0.9428
4411.6406 0.9938
4412.6562 0.9868
4413.6724 0.9746
4414.689 0.92
4415.7056 0.8946
4416.7227 0.8912
4417.7397 0.9332
4418.7570000000005 0.9558
4419.7744 0.9921
4420.7925 0.9952
4421.8105 0.971
4422.8286 0.9377
4423.847 0.9392
4424.8657 0.9536
4425.885 0.9564
4426.9043 0.9589
4427.9233 0.9781
4428.9434 0.967
4429.963 0.9295
4430.9834 0.932
4432.004 0.9369
4433.0244 0.9165
4434.045 0.892
4435.0664 0.8992
4436.0874 0.9022
4437.1094 0.9294
4438.130999999999 0.9856
4439.153 1.0118
4440.1753 0.987
4441.1978 0.9266
4442.2207 0.8918
4443.2437 0.8842
4444.2666 0.894
4445.29 0.9448
4446.314 0.9778
4447.338 0.9842
4448.362 0.9802
4449.3859999999995 0.9577
4450.411 0.9535
4451.4355 0.9571
4452.460999999999 0.9487
4453.4863 0.9195
4454.5117 0.8525
4455.5376 0.8726
4456.5635 0.8253
4457.59 0.8245
4458.616 0.8446
4459.643 0.8661
4460.67 0.85
4461.6973 0.8622
4462.7246 0.8779
4463.7524 0.9004
4464.7803 0.9174
4465.8086 0.9045
4466.837 0.9113
4467.8657 0.9139
4468.8945 0.8883
4469.924 0.893
4470.9529999999995 0.9102
4471.9824 0.9285
4473.0127 0.9717
4474.0425 0.9862
4475.0728 1.0034
4476.1035 0.9888
4477.1343 1.0159
4478.165 0.9924
4479.1963 0.9507
4480.228 0.8954
4481.26 0.8544
4482.2915 0.8623
4483.3237 0.9091
4484.3564 0.953
4485.389 1.0035
4486.4220000000005 1.0102
4487.455 0.9565
4488.4883 0.9384
4489.522 0.9178
4490.556 0.9009
4491.59 0.9378
4492.6245 0.9458
4493.659000000001 0.9392
4494.694 0.9332
4495.729 0.9483
4496.764 0.9377
4497.8 0.9567
4498.8354 0.9789
4499.8716 0.9705
4500.9077 0.959
4501.9443 0.9702
4502.981 0.9857
4504.018 1.0175
4505.055 1.0149
4506.093 1.0407
4507.1304 1.003
4508.168 1.0007
4509.2065 0.9926
4510.2446 1.0234
4511.282999999999 1.019
4512.3223 1.0149
4513.3613 0.9649
4514.401 0.9553
4515.4404 0.9427
4516.48 0.9363
4517.5205 0.9484
4518.5605 0.9589
4519.601 0.974
4520.642 0.983
4521.683 0.9481
4522.724 0.9745
4523.7656 0.9491
4524.8076 0.9133
4525.8496 0.9016
4526.8916 0.8704
4527.934 0.8523
4528.977 0.8556
4530.02 0.8589
4531.063 0.8747
4532.1064 0.8789
4533.1504 0.864
4534.1943 0.8511
4535.2383 0.8752
4536.2827 0.9266
4537.327 0.9681
4538.372 0.9922
4539.4175 0.9787
4540.463 0.9635
4541.5083 0.9614
4542.554 0.9698
4543.6 0.9563
4544.6465 0.95
4545.693 0.941
4546.7397 0.9493
4547.787 0.9191
4548.8345 0.876
4549.8820000000005 0.8779
4550.9297 0.8873
4551.9775 0.8956
4553.026 0.9338
4554.0740000000005 0.9121
4555.123 0.9039
4556.1720000000005 0.8944
4557.221 0.9288
4558.2705 0.9695
4559.3203 0.9804
4560.37 0.9837
4561.4204 1.0042
4562.4707 0.9834
4563.5215 0.9641
4564.5728 0.9361
4565.6235 0.9158
4566.6753 0.9336
4567.7266 0.9865
4568.779 0.9998
4569.8306 0.9914
4570.8833 0.9644
4571.9355 0.9495
4572.9883 0.976
4574.0415 0.9984
4575.0947 1.0039
4576.1484 0.9994
4577.202 0.9934
4578.2563 0.9766
4579.3105 0.9565
4580.365 0.9206
4581.42 0.9053
4582.475 0.8961
4583.5303 0.8965
4584.585999999999 0.9041
4585.6416 0.8983
4586.6978 0.9286
4587.754 0.955
4588.8105 0.9693
4589.867 0.9524
4590.9243 0.9423
4591.9814 0.9291
4593.0386 0.937
4594.0967 0.9345
4595.1543 0.9352
4596.2124 0.9487
4597.271 0.9443
4598.3296 0.9526
4599.3887 0.925
4600.4478 0.9305
4601.5073 0.9418
4602.567 0.9362
4603.627 0.9717
4604.687 0.9451
4605.7476 0.9771
4606.808 0.9749
4607.8687 0.9817
4608.93 0.996
4609.991 0.9946
4611.0527 0.9829
4612.1147 0.9843
4613.177 0.9775
4614.2393 0.9902
4615.302 0.9661
4616.3647 0.9854
4617.4277 0.9656
4618.491 0.9542
4619.5547 0.9668
4620.6187 0.986
4621.6826 0.9947
4622.747 0.9944
4623.8115 0.9906
4624.876 0.9981
4625.9414 1.0012
4627.0063 1.0013
4628.0723 1.0062
4629.1377 0.9952
4630.2036 0.9936
4631.27 1.014
4632.3364 1.0133
4633.4033 0.9847
4634.47 0.9714
4635.5376 0.969
4636.605 0.9548
4637.673 0.9593
4638.7407 0.9551
4639.809 0.9508
4640.8774 0.9674
4641.9463 0.9668
4643.015 0.9764
4644.0845 0.9534
4645.154 0.9278
4646.2236 0.8965
4647.2935 0.8907
4648.3640000000005 0.9036
4649.434 0.9233
4650.505 0.9375
4651.5757 0.9978
4652.647 0.9703
4653.7188 0.9787
4654.79 0.9543
4655.8623 0.9549
4656.934 0.961
4658.0070000000005 0.9708
4659.0796 1.0153
4660.1523 1.0095
4661.2256 0.9955
4662.299 0.9828
4663.3726 0.9697
4664.4463 0.9418
4665.5205 0.9145
4666.595 0.8608
4667.6694 0.8299
4668.7446 0.8611
4669.82 0.9049
4670.895 0.9356
4671.9707 0.9591
4673.0464 0.9518
4674.1226 0.9591
4675.1990000000005 0.972
4676.276 0.98
4677.3525 0.9823
4678.4297 0.9705
4679.5073 0.9458
4680.585 0.9249
4681.6626 0.9322
4682.7407 0.9562
4683.819 0.9794
4684.8975 0.9817
4685.9766 0.9667
4687.0557 0.9771
4688.1353 0.9769
4689.215 0.9684
4690.2944 0.9612
4691.3745 0.9428
4692.455 0.9549
4693.5356 0.9584
4694.616 0.9847
4695.6973 0.9973
4696.779 0.969
4697.8604 0.9583
4698.9424 0.9224
4700.0244 0.9153
4701.107 0.8918
4702.1895 0.8881
4703.272 0.9008
4704.3555 0.9122
4705.4385 0.9298
4706.522 0.9104
4707.606 0.9234
4708.69 0.9045
4709.7744 0.9332
4710.859 0.9439
4711.944 0.9555
4713.029 0.9668
4714.1143 0.9408
4715.1997 0.9353
4716.2856 0.9502
4717.372 0.972
4718.458 1.0056
4719.545 1.0015
4720.6320000000005 1.0038
4721.7188 1.0026
4722.806 0.9896
4723.8936 1.0212
4724.9814 1.0129
4726.07 0.9913
4727.1577 0.9768
4728.2466 0.9167
4729.3354 0.8989
4730.4243 0.9053
4731.5137 0.9141
4732.6035 0.9433
4733.6934 0.9539
4734.782999999999 0.9652
4735.8735 0.9526
4736.9644 0.9536
4738.055 0.961
4739.1465 0.9622
4740.238 0.9875
4741.329000000001 0.9803
4742.420999999999 0.9932
4743.513 0.9948
4744.6055 0.9606
4745.698 1.0027
4746.791 1.0104
4747.8843 0.9795
4748.9775 0.9891
4750.0713 0.9858
4751.165 1.002
4752.2593 0.9549
4753.3535 0.9393
4754.448 0.9447
4755.543 0.9266
4756.638 0.9435
4757.7334 0.9696
4758.829000000001 0.9743
4759.925 0.9744
4761.021 0.9622
4762.1177 0.9201
4763.2144 0.9164
4764.311 0.887
4765.407999999999 0.8764
4766.505999999999 0.9031
4767.6035 0.9242
4768.701 0.9375
4769.7993 0.9437
4770.898 0.9556
4771.9966 0.9426
4773.095 0.9657
4774.1943 0.9809
4775.294 0.9912
4776.3936 0.9956
4777.4937 1.0043
4778.5938 1.0147
4779.6943 1.0096
4780.795 0.9949
4781.896 0.9809
4782.997 0.9726
4784.0986 0.96
4785.2 0.9501
4786.3022 0.9556
4787.4043 0.9499
4788.5070000000005 0.942
4789.6094 0.966
4790.7124 0.9588
4791.816 0.9606
4792.9194 0.9889
4794.023 1.0055
4795.127 1.0396
4796.2314 1.014
4797.335999999999 1.0103
4798.4404 0.982
4799.5454 0.977
4800.651 0.9687
4801.7563 0.9545
4802.862 0.9884
4803.9683 0.9924
4805.0740000000005 0.9813
4806.1807 0.9597
4807.2876 0.9539
4808.3945 0.9545
4809.502 0.9597
4810.6094 0.9629
4811.7173 0.973
4812.8257 0.9849
4813.9336 0.9934
4815.0425 0.994
4816.1514 0.9894
4817.2603 1.0201
4818.3696 1.0168
4819.479 1.0284
4820.589 1.0099
4821.6990000000005 0.9988
4822.8096 0.9656
4823.92 0.9439
4825.0312 0.9631
4826.142 0.9703
4827.2534 0.9766
4828.365 0.9737
4829.477 0.9607
4830.5894 0.954
4831.7017 0.9647
4832.8145 0.9739
4833.9272 0.9695
4835.0405 0.9756
4836.154 0.9721
4837.2676 0.9604
4838.3813 0.962
4839.4956 0.9516
4840.6104 0.9329
4841.725 0.9257
4842.84 0.9469
4843.955 0.9677
4845.071 0.9613
4846.1865 0.9614
4847.3022 0.9494
4848.4185 0.95
4849.535 0.9426
4850.652 0.9301
4851.769 0.9479
4852.8859999999995 0.9214
4854.004 0.8935
4855.1216 0.8466
4856.2397 0.8242
4857.358 0.8103
4858.4766 0.7579
4859.595 0.6784
4860.7144 0.6016
4861.834 0.5646
4862.9536 0.6286
4864.073 0.6991
4865.1934 0.7681
4866.314 0.8339
4867.4346 0.8592
4868.555 0.8669
4869.6763 0.8689
4870.798 0.8686
4871.9194 0.8456
4873.0415 0.8525
4874.1636 0.8708
4875.286 0.9112
4876.4087 0.9107
4877.5317 0.9259
4878.6553 0.9627
4879.7783 0.9657
4880.9023 0.9593
4882.0264 0.9621
4883.1504 0.9579
4884.275 0.9269
4885.4 0.9013
4886.525 0.9021
4887.65 0.8945
4888.776 0.8922
4889.9014 0.8884
4891.0273 0.8731
4892.154 0.893
4893.2803 0.9387
4894.407 0.9825
4895.5347 1.0229
4896.6616 1.0078
4897.7896 0.9964
4898.9175 0.9903
4900.0454 1.0026
4901.174 0.9853
4902.3027 0.974
4903.4316 0.9708
4904.5605 0.9974
4905.69 1.0077
4906.82 0.9829
4907.9497 0.9938
4909.08 0.927
4910.2104 0.9221
4911.3413 0.9191
4912.472 0.9318
4913.6035 0.964
4914.735 0.9904
4915.8667 0.9878
4916.999 0.9568
4918.1313 0.9074
4919.2637 0.8572
4920.3965 0.8518
4921.53 0.8665
4922.663 0.8749
4923.7970000000005 0.8864
4924.9307 0.9068
4926.0645 0.9391
4927.1990000000005 0.9627
4928.334 0.9938
4929.4688 0.991
4930.604 0.9915
4931.7393 0.9792
4932.875 0.9538
4934.0107 0.9452
4935.147 0.9343
4936.2837 0.9232
4937.4204 0.9128
4938.5576 0.9052
4939.695 0.9086
4940.8325 0.9339
4941.97 0.9858
4943.108 1.0065
4944.2466 1.005
4945.3853 0.9988
4946.524 0.9825
4947.663 0.9995
4948.8022 1.0027
4949.942 1.0
