3911.1108 1.0
3912.0115 0.9808
3912.9124 1.0126
3913.8135 1.001
3914.7146 0.9222
3915.6162 0.9017
3916.5178 0.8897
3917.4197 0.9166
3918.3218 0.9136
3919.224 0.8849
3920.1267 0.9041
3921.0295 0.9599
3921.9324 0.9664
3922.8357 0.959
3923.739 0.9828
3924.6426 0.9824
3925.5464 1.0022
3926.4504 0.9911
3927.3545 0.9664
3928.259 0.9462
3929.1636 0.885
3930.0684 0.8263
3930.9734 0.7525
3931.8787 0.6912
3932.7842 0.5804
3933.6897 0.3991
3934.5957 0.2556
3935.5017 0.1416
3936.408 0.1654
3937.3145 0.3104
3938.2212 0.4941
3939.1282 0.6098
3940.0354 0.7305
3940.9426 0.8775
3941.85 0.9144
3942.7578 0.9559
3943.6658 0.9664
3944.574 0.9597
3945.4824 0.9247
3946.3909999999996 0.9085
3947.2998 0.8767
3948.2087 0.9746
3949.118 0.984
3950.0273 0.9436
3950.937 0.9095
3951.847 0.8714
3952.7568 0.978
3953.6672 0.9028
3954.5776 0.9325
3955.4883 0.89
3956.3992 0.9952
3957.3103 0.9254
3958.2217 0.8714
3959.1333 0.8001
3960.045 0.8381
3960.9568 0.934
3961.869 0.9115
3962.7812 0.8197
3963.6938 0.797
3964.6067 0.7434
3965.5198 0.7022
3966.4329 0.6629
3967.3462 0.6231
3968.26 0.4702
3969.1738 0.2896
3970.0879999999997 0.1847
3971.002 0.1486
3971.9165 0.1875
3972.8313 0.3079
3973.7459999999996 0.4284
3974.6611 0.4964
3975.5764 0.5705
3976.492 0.6754
3977.4077 0.723
3978.3237 0.7518
3979.2397 0.7815
3980.1562 0.7929
3981.0728 0.8385
3981.9895 0.8959
3982.9065 0.901
3983.8237 0.8374
3984.7412 0.8381
3985.6587 0.9147
3986.5767 0.937
3987.4946 0.9431
3988.4128 0.919
3989.3313 0.8636
3990.25 0.9106
3991.1690000000003 0.9386
3992.0881 0.9259
3993.0073 0.958
3993.927 0.9756
3994.8467 1.0395
3995.7666 0.9672
3996.6868 0.9817
3997.6072 0.9371
3998.5278 0.9191
3999.4485 0.8471
4000.3696 0.8859
4001.2908 0.994
4002.2122 1.0041
4003.1338 1.0028
4004.0557 1.0145
4004.9778 0.9909
4005.9001 0.9424
4006.8225 0.9021
4007.7454 0.8816
4008.6682 0.9384
4009.5913 0.9722
4010.5146 0.9595
4011.4382 0.9825
4012.362 1.0293
4013.2861 0.9788
4014.2102 0.9772
4015.1345 0.9682
4016.0593 0.9798
4016.9841 1.0386
4017.9092 0.9651
4018.8345 0.9238
4019.7598 1.0131
4020.6855 1.0418
4021.6116 1.0715
4022.5376 1.0301
4023.4639 1.0435
4024.3904 0.9922
4025.3171 0.9667
4026.2441 0.9605
4027.1714 0.9435
4028.0989 0.939
4029.0264 1.0515
4029.954 1.002
4030.8823 0.9415
4031.8105 0.9203
4032.739 0.9108
4033.6677 0.9121
4034.5964 0.9234
4035.5256 0.922
4036.455 0.9076
4037.3845 0.9526
4038.3142 0.9851
4039.2441 1.007
4040.1743 1.0118
4041.1047 1.0008
4042.0354 0.9828
4042.9663 0.9742
4043.8972 1.0089
4044.8286 1.0128
4045.76 0.9712
4046.6917 0.9095
4047.6235 0.8934
4048.5557 0.9269
4049.488 0.954
4050.4204 1.0373
4051.3533 1.018
4052.2861 1.0111
4053.2195 1.0302
4054.1528 0.9976
4055.0864 0.939
4056.0203 0.9305
4056.9543 0.9665
4057.8884 0.9424
4058.823 0.9847
4059.7576 0.9595
4060.6926 0.9457
4061.6277 0.9798
4062.563 1.0383
4063.4985 1.039
4064.4343 0.9731
4065.3704 0.8958
4066.3064 0.881
4067.243 0.9532
4068.1794 0.9385
4069.1165 0.9466
4070.0535 0.9378
4070.9907 1.0001
4071.9282 1.01
4072.866 0.9742
4073.8037 0.9701
4074.742 0.9473
4075.6804 0.9908
4076.619 1.0148
4077.5576 0.9609
4078.4966 0.9297
4079.4358 0.8416
4080.3752 0.847
4081.315 0.8931
4082.255 0.9237
4083.1948 0.9866
4084.1353 0.9412
4085.0757 0.9335
4086.0164 0.9177
4086.9575 0.9156
4087.8987 0.9131
4088.8398 0.9146
4089.7815 0.9552
4090.7234 0.9039
4091.6653 0.931
4092.6077 0.9318
4093.55 0.894
4094.4927 0.8579
4095.4358 0.8505
4096.379 0.8316
4097.3223 0.794
4098.2656 0.7759
4099.2095 0.7162
4100.1533 0.6935
4101.0977 0.6201
4102.042 0.5257
4102.987 0.4604
4103.9316 0.3744
4104.8765 0.4305
4105.822 0.498
4106.7676 0.6353
4107.7134 0.6954
4108.659000000001 0.7505
4109.6055 0.7917
4110.552 0.8026
4111.498 0.827
4112.4453 0.8577
4113.392 0.8809
4114.3394 0.863
4115.2866 0.9094
4116.2344 0.9043
4117.1826 0.9529
4118.1304 0.966
4119.079000000001 1.017
4120.0273 0.9186
4120.976 0.9233
4121.9253 0.909
4122.8745 0.9071
4123.8237 0.9049
4124.7734 0.8833
4125.7236 0.9312
4126.6733 0.9426
4127.624 0.9482
4128.5740000000005 0.9623
4129.525 0.9637
4130.476 0.8979
4131.4272 0.8923
4132.379 0.9957
4133.33 0.9107
4134.282 0.9023
4135.2344 0.8476
4136.1865 0.8838
4137.139 0.9396
4138.092000000001 0.9714
4139.0444 0.9709
4139.998 0.9769
4140.951 1.0266
4141.905 1.0333
4142.8584 0.9832
4143.8125 1.0115
4144.767 0.9493
4145.721 0.9118
4146.6763 0.9208
4147.630999999999 0.955
4148.585999999999 0.9752
4149.5415 1.0162
4150.497 0.9635
4151.4526 0.9554
4152.4087 0.9771
4153.365 1.0152
4154.322 0.9961
4155.2783 0.9447
4156.2354 0.9188
4157.1924 0.9096
4158.1494 0.9329
4159.107 0.9228
4160.065 0.9234
4161.023 0.9776
4161.981 1.0007
4162.9395 1.0004
4163.8984 0.9896
4164.857 0.9734
4165.8164 0.9953
4166.7754 0.9909
4167.7354 1.0074
4168.695 1.0116
4169.655 1.0175
4170.615 1.0057
4171.5757 1.0239
4172.536 0.9909
4173.497 0.8937
4174.458 0.8504
4175.4194 0.8257
4176.380999999999 0.8757
4177.343 0.9063
4178.3047 0.9471
4179.267 0.8875
4180.2295 0.887
4181.192 0.8929
4182.155 0.9846
4183.1179999999995 0.9622
4184.081 0.9385
4185.045 0.926
4186.009 0.8933
4186.9727 0.9326
4187.9365 0.9431
4188.9014 0.9463
4189.8657 0.9262
4190.8306 0.9198
4191.795999999999 0.9684
4192.7609999999995 0.9562
4193.7266 0.9661
4194.6924 0.9786
4195.657999999999 1.0077
4196.6245 1.0182
4197.590999999999 0.9858
4198.5576 0.9553
4199.5244 0.9715
4200.4917 0.8956
4201.459 0.9129
4202.4263 0.9403
4203.394 0.9485
4204.3623 0.9283
4205.33 0.9377
4206.299 0.9435
4207.2676 1.0005
4208.2363 1.0095
4209.2056 0.9811
4210.175 1.0107
4211.144 0.9921
4212.1140000000005 0.9474
4213.084 0.9817
4214.054 1.0439
4215.0244 1.0334
4215.995 1.0005
4216.9663 0.9795
4217.937 0.9068
4218.9087 0.894
4219.88 0.9756
4220.852 0.9702
4221.8237 0.9486
4222.795999999999 0.9863
4223.7686 0.9975
4224.741 1.0156
4225.714 0.9561
4226.687 0.9216
4227.6606 0.8627
4228.6343 0.8348
4229.608 0.8435
4230.582 0.8902
4231.556 0.9969
4232.531 1.009
4233.5054 0.9992
4234.4805 0.9235
4235.4556 0.9182
4236.4307 0.8722
4237.4062 0.9419
4238.3823 0.9469
4239.3584 0.9564
4240.3345 0.983
4241.311 0.9199
4242.2876 0.9705
4243.2646 0.9803
4244.2417 1.0254
4245.219 0.9676
4246.197 1.0322
4247.175 0.9856
4248.153 0.9618
4249.130999999999 0.9434
4250.1094 0.9226
4251.0884 0.9623
4252.067 0.9477
4253.0464 0.9517
4254.026 0.9392
4255.0054 1.0018
4255.9854 0.9879
4256.9653 0.9539
4257.946 1.0005
4258.9263 1.009
4259.9067 0.9674
4260.8877 0.9871
4261.869000000001 0.9406
4262.8506 0.9306
4263.832 0.9306
4264.814 0.9654
4265.7964 1.0435
4266.779 1.0694
4267.7609999999995 1.0109
4268.744000000001 0.9988
4269.727 1.0175
4270.7104 0.9858
4271.694 0.9592
4272.6772 0.9425
4273.6616 0.9052
4274.6455 0.9
4275.63 0.9432
4276.6147 0.9405
4277.5996 0.9447
4278.5845 0.9751
4279.57 0.9634
4280.555 0.9871
4281.541 1.0086
4282.527 1.0198
4283.513 0.9849
4284.4995 0.9151
4285.4863 0.941
4286.473 0.9721
4287.4604 0.9932
4288.4478 0.9968
4289.435 0.9629
4290.423 0.9366
4291.411 0.8908
4292.3994 0.8593
4293.3877 0.9181
4294.3765 0.9706
4295.365 0.9634
4296.3545 0.9395
4297.3438 0.9479
4298.3335 0.9728
4299.323 0.9712
4300.3135 0.9276
4301.3037 0.8996
4302.2944 0.8118
4303.285 0.8393
4304.276 0.8223
4305.267 0.8565
4306.259 0.9043
4307.2505 0.9693
4308.242 0.9403
4309.2344 0.9503
4310.2266 0.8963
4311.219 0.8871
4312.212 0.9422
4313.205 1.0007
4314.198 0.9866
4315.192 0.9153
4319.168 0.9833
4320.1626 0.9862
4321.1577 0.9559
4322.153 0.9189
4323.148 0.9004
4324.1436 0.9135
4325.1396 0.9811
4326.1353 0.9238
4327.1320000000005 0.8605
4328.128 0.8189
4329.125 0.8497
4330.1216 0.8796
4331.119000000001 0.9032
4332.116 0.8662
4333.1140000000005 0.8311
4334.112 0.8265
4335.11 0.8287
4336.1084 0.8392
4337.107 0.78
4338.1055 0.7132
4339.1045 0.656
4340.1035 0.5808
4341.103 0.4803
4342.103 0.403
4343.103 0.3787
4344.103 0.4539
4345.1035 0.5692
4346.104 0.6185
4347.105 0.6547
4348.106 0.7368
4349.1074 0.771
4350.109 0.7992
4351.1104 0.8517
4352.1123 0.8502
4353.1147 0.816
4354.117 0.766
4355.1196 0.8028
4356.1226 0.8393
4357.126 0.8954
4358.1294 0.9333
4359.133 0.9445
4360.1367 0.9376
4361.1406 0.9655
4362.145 0.9465
4363.15 0.9614
4364.1543 0.977
4365.1597 0.9825
4366.1646 1.0121
4367.17 0.9884
4368.1759999999995 1.0065
4369.1816 0.9745
4370.188 0.923
4371.1943 0.936
4372.2007 0.9167
4373.208 0.9671
4374.215 0.998
4375.222 0.9755
4376.2295 0.9034
4377.2373 0.8632
4378.2456 0.8848
4379.254 0.9775
4380.262 1.0166
4381.271 1.0216
4382.28 1.0353
4383.289000000001 1.0369
4384.2983 0.9957
4385.308 0.9291
4386.318 0.8608
4387.3279999999995 0.8405
4388.3384 0.9016
4389.349 0.957
4390.36 0.9649
4391.3706 0.9689
4392.3823 0.9574
4393.3936 0.9755
4394.4053 0.9483
4395.4175 0.9436
4396.4297 0.9131
4397.442 0.887
4398.4546 0.9131
4399.4673 0.985
4400.4805 0.9868
4401.494000000001 0.9204
4402.508 0.8774
4403.5215 0.9162
4404.5356 0.9753
4405.55 0.9613
4406.5645 0.965
4407.579000000001 0.9735
4408.594 0.994
4409.6094 1.0007
4410.625 0.955
4411.6406 0.9558
4412.6562 0.9669
4413.6724 0.9651
4414.689 1.0042
4415.7056 1.0048
4416.7227 0.9465
4417.7397 0.8727
4418.7570000000005 0.84
4419.7744 0.8806
4420.7925 0.9203
4421.8105 0.9881
4422.8286 1.0205
4423.847 0.9676
4424.8657 0.9639
4425.885 0.994
4426.9043 0.9958
4427.9233 0.9867
4428.9434 0.9671
4429.963 0.9608
4430.9834 0.9586
4432.004 1.0
4433.0244 0.9669
4434.045 0.9785
4435.0664 0.9836
4436.0874 0.9609
4437.1094 0.9413
4438.130999999999 0.9522
4439.153 0.9814
4440.1753 1.0244
4441.1978 1.0229
4442.2207 1.021
4443.2437 0.9881
4444.2666 0.9223
4445.29 0.8755
4446.314 0.8495
4447.338 0.9145
4448.362 0.9711
4449.3859999999995 0.9554
4450.411 0.9932
4451.4355 1.0002
4452.460999999999 0.9769
4453.4863 0.9708
4454.5117 0.997
4455.5376 0.983
4456.5635 0.9375
4457.59 0.9348
4458.616 0.9239
4459.643 0.9297
4460.67 0.955
4461.6973 0.9261
4462.7246 0.9204
4463.7524 0.9391
4464.7803 0.9618
4465.8086 0.9573
4466.837 0.955
4467.8657 0.9378
4468.8945 0.9724
4469.924 0.9277
4470.9529999999995 0.892
4471.9824 0.8759
4473.0127 0.9191
4474.0425 0.9623
4475.0728 0.979
4476.1035 0.9862
4477.1343 0.9718
4478.165 0.974
4479.1963 0.9822
4480.228 0.993
4481.26 0.9942
4482.2915 0.936
4483.3237 0.8615
4484.3564 0.8528
4485.389 0.8945
4486.4220000000005 0.9869
4487.455 1.0024
4488.4883 1.0217
4489.522 1.0314
4490.556 0.971
4491.59 0.9439
4492.6245 0.9075
4493.659000000001 0.9733
4494.694 0.9911
4495.729 0.9832
4496.764 0.9922
4497.8 0.9859
4498.8354 1.0089
4499.8716 1.0191
4500.9077 1.0215
4501.9443 1.0008
4502.981 0.9465
4504.018 0.9382
4505.055 0.9412
4506.093 1.0064
4507.1304 1.0231
4508.168 1.0142
4509.2065 1.0031
4510.2446 0.9956
4511.282999999999 0.9837
4512.3223 0.9748
4513.3613 1.026
4514.401 1.0
4515.4404 1.0506
4516.48 0.9815
4517.5205 0.9619
4518.5605 0.9343
4519.601 0.9948
4520.642 0.9675
4521.683 0.9713
4522.724 0.9502
4523.7656 0.9388
4524.8076 0.9366
4525.8496 0.9335
4526.8916 0.9518
4527.934 0.9651
4528.977 0.9692
4530.02 0.9472
4531.063 0.9405
4532.1064 0.8911
4533.1504 0.9237
4534.1943 0.918
4535.2383 0.9101
4536.2827 0.8836
4537.327 0.8687
4538.372 0.9328
4539.4175 1.0032
4540.463 1.0139
4541.5083 1.0027
4542.554 0.9864
4543.6 0.967
4544.6465 0.958
4545.693 0.9664
4546.7397 0.9622
4547.787 0.9458
4548.8345 0.9771
4549.8820000000005 0.9746
4550.9297 0.9055
4551.9775 0.8501
4553.026 0.8682
4554.0740000000005 0.9646
4555.123 0.9554
4556.1720000000005 0.9062
4557.221 0.8915
4558.2705 0.8868
4559.3203 0.92
4560.37 0.9473
4561.4204 0.962
4562.4707 0.9652
4563.5215 0.9909
4564.5728 1.012
4565.6235 0.9445
4566.6753 0.9018
4567.7266 0.9616
4568.779 0.9678
4569.8306 0.9784
4570.8833 0.9577
4571.9355 1.0053
4572.9883 0.9531
4574.0415 0.9278
4575.0947 0.9319
4576.1484 0.9937
4577.202 0.995
4578.2563 0.966
4579.3105 0.955
4580.365 0.9751
4581.42 1.0032
4582.475 0.952
4583.5303 0.9724
4584.585999999999 0.9265
4585.6416 0.8975
4586.6978 0.868
4587.754 0.9338
4588.8105 0.9427
4589.867 0.9599
4590.9243 0.9291
4591.9814 0.9377
4593.0386 0.96
4594.0967 0.9392
4595.1543 0.9409
4596.2124 0.9545
4597.271 0.9758
4598.3296 0.9905
4599.3887 0.9939
4600.4478 0.9997
4601.5073 0.9682
4602.567 0.9684
4603.627 0.9639
4604.687 0.9557
4605.7476 0.9784
4606.808 0.9907
4607.8687 0.9874
4608.93 0.9903
4609.991 1.0026
4611.0527 0.9792
4612.1147 1.0052
4613.177 1.0198
4614.2393 0.9849
4615.302 0.996
4616.3647 0.9814
4617.4277 0.9945
4618.491 0.9835
4619.5547 0.9531
4620.6187 0.9371
4621.6826 0.9444
4622.747 0.9641
4623.8115 0.9724
4624.876 0.9721
4625.9414 0.9883
4627.0063 0.9919
4628.0723 0.9896
4629.1377 1.0023
4630.2036 1.0092
4631.27 0.9618
4632.3364 0.9623
4633.4033 0.9489
4634.47 0.9747
4635.5376 0.9851
4636.605 0.9421
4637.673 0.9519
4638.7407 0.9743
4639.809 0.9494
4640.8774 0.977
4641.9463 0.9987
4643.015 0.9892
4644.0845 1.0061
4645.154 1.0231
4646.2236 0.9924
4647.2935 0.9946
4648.3640000000005 0.9726
4649.434 0.9364
4650.505 0.9811
4651.5757 0.9744
4652.647 0.9971
4653.7188 0.9898
4654.79 0.9867
4655.8623 1.0137
4656.934 0.9573
4658.0070000000005 0.953
4659.0796 0.9565
4660.1523 0.9588
4661.2256 0.9835
4662.299 1.0076
4663.3726 0.9927
4664.4463 1.0272
4665.5205 0.9952
4666.595 0.9964
4667.6694 0.9893
4668.7446 0.963
4669.82 0.9427
4670.895 0.9489
4671.9707 0.9403
4673.0464 0.9528
4674.1226 0.9719
4675.1990000000005 1.005
4676.276 0.9977
4677.3525 0.9925
4678.4297 1.0217
4679.5073 1.0017
4680.585 0.9699
4681.6626 0.9815
4682.7407 1.0045
4683.819 1.0095
4684.8975 1.0039
4685.9766 0.9969
4687.0557 0.9998
4688.1353 1.0084
4689.215 1.0077
4690.2944 1.0056
4691.3745 1.012
4692.455 0.9859
4693.5356 0.9804
4694.616 1.0018
4695.6973 1.0055
4696.779 0.9829
4697.8604 0.9653
4698.9424 0.9865
4700.0244 1.0046
4701.107 0.9672
4702.1895 0.9795
4703.272 1.0268
4704.3555 0.98
4705.4385 0.9433
4706.522 0.9404
4707.606 0.9639
4708.69 0.9775
4709.7744 0.9502
4710.859 0.9291
4711.944 0.9656
4713.029 0.995
4714.1143 0.985
4715.1997 0.9971
4716.2856 0.9858
4717.372 0.9741
4718.458 0.9869
4719.545 0.9955
4720.6320000000005 0.9875
4721.7188 1.0084
4722.806 0.9377
4723.8936 0.9917
4724.9814 0.9967
4726.07 0.9941
4727.1577 0.9872
4728.2466 0.9949
4729.3354 1.0001
4730.4243 1.0019
4731.5137 0.9852
4732.6035 0.9619
4733.6934 0.9522
4734.782999999999 1.001
4735.8735 0.9905
4736.9644 1.0138
4738.055 1.0129
4739.1465 0.9868
4740.238 0.9818
4741.329000000001 0.9911
4742.420999999999 0.987
4743.513 1.0029
4744.6055 0.9957
4745.698 0.997
4746.791 1.0092
4747.8843 0.9941
4748.9775 0.9841
4750.0713 0.9851
4751.165 1.0163
4752.2593 1.0148
4753.3535 0.9754
4754.448 0.9972
4755.543 1.0051
4756.638 0.9836
4757.7334 0.9832
4758.829000000001 0.9719
4759.925 0.9734
4761.021 0.9845
4762.1177 0.9872
4763.2144 0.9885
4764.311 0.9482
4765.407999999999 0.918
4766.505999999999 0.8843
4767.6035 0.9479
4768.701 0.9695
4769.7993 0.9595
4770.898 0.9982
4771.9966 0.9985
4773.095 0.9988
4774.1943 0.9948
4775.294 0.9701
4776.3936 1.007
4777.4937 0.9957
4778.5938 0.9759
4779.6943 0.9963
4780.795 1.0007
4781.896 0.9685
4782.997 0.9664
4784.0986 0.9684
4785.2 0.986
4786.3022 0.9921
4787.4043 0.9978
4788.5070000000005 0.9997
4789.6094 0.9782
4790.7124 0.9639
4791.816 0.9915
4792.9194 0.9754
4794.023 1.0017
4795.127 0.9748
4796.2314 1.0014
4797.335999999999 1.0081
4798.4404 1.0195
4799.5454 0.9993
4800.651 0.9974
4801.7563 0.9725
4802.862 1.0024
4803.9683 1.0064
4805.0740000000005 0.9764
4806.1807 0.9823
4807.2876 0.9555
4808.3945 0.9311
4809.502 0.9677
4810.6094 0.9858
4811.7173 0.9823
4812.8257 0.9685
4813.9336 0.9603
4815.0425 0.9749
4816.1514 0.9868
4817.2603 0.9898
4818.3696 1.0047
4819.479 0.9839
4820.589 0.969
4821.6990000000005 0.986
4822.8096 0.9814
4823.92 0.9772
4825.0312 0.9702
4826.142 0.937
4827.2534 0.9217
4828.365 0.9712
4829.477 0.9556
4830.5894 0.9704
4831.7017 0.9818
4832.8145 0.9391
4833.9272 0.9565
4835.0405 0.9623
4836.154 0.9853
4837.2676 0.9774
4838.3813 0.9521
4839.4956 0.9504
4840.6104 0.976
4841.725 0.9797
4842.84 0.9502
4843.955 0.9515
4845.071 0.9602
4846.1865 0.9333
4847.3022 0.9434
4848.4185 0.9461
4849.535 0.9318
4850.652 0.9096
4851.769 0.8657
4852.8859999999995 0.8922
4854.004 0.902
4855.1216 0.8987
4856.2397 0.8553
4857.358 0.8118
4858.4766 0.7505
4859.595 0.7471
4860.7144 0.7178
4861.834 0.6104
4862.9536 0.4872
4864.073 0.4168
4865.1934 0.4999
4866.314 0.601
4867.4346 0.647
4868.555 0.736
4869.6763 0.7785
4870.798 0.8152
4871.9194 0.8214
4873.0415 0.844
4874.1636 0.8249
4875.286 0.8075
4876.4087 0.8615
4877.5317 0.872
4878.6553 0.8893
4879.7783 0.8655
4880.9023 0.8927
4882.0264 0.936
4883.1504 0.9453
4884.275 0.9401
4885.4 0.9229
4886.525 0.9152
4887.65 0.9179
4888.776 0.9337
4889.9014 0.9377
4891.0273 0.9395
4892.154 0.9256
4893.2803 0.8909
4894.407 0.8897
4895.5347 0.9355
4896.6616 0.9756
4897.7896 0.9735
4898.9175 0.9865
4900.0454 1.0188
4901.174 1.0289
4902.3027 0.9506
4903.4316 0.9889
4904.5605 0.974
4905.69 1.0116
4906.82 0.98
4907.9497 0.9513
4909.08 0.9964
4910.2104 0.9764
4911.3413 0.9871
4912.472 0.9458
4913.6035 0.9636
4914.735 0.9484
4915.8667 0.9867
4916.999 0.9911
4918.1313 0.9931
4919.2637 1.0075
4920.3965 0.9664
4921.53 0.9125
4922.663 0.9076
4923.7970000000005 0.9147
4924.9307 0.9247
4926.0645 0.9181
4927.1990000000005 0.9058
4928.334 0.9429
4929.4688 1.0066
4930.604 0.9943
4931.7393 1.0172
4932.875 1.0177
4934.0107 0.9798
4935.147 0.9682
4936.2837 0.9527
4937.4204 0.9361
4938.5576 0.9896
4939.695 0.9951
4940.8325 0.954
4941.97 0.9481
4943.108 0.949
4944.2466 0.9876
4945.3853 0.9965
4946.524 1.0093
4947.663 1.0004
4948.8022 1.0053
4949.942 1.0
