3911.1108 1.0
3912.0115 1.0005
3912.9124 0.9338
3913.8135 0.8845
3914.7146 0.9134
3915.6162 0.923
3916.5178 0.9244
3917.4197 1.0276
3918.3218 0.9783
3919.224 0.9502
3920.1267 0.9407
3921.0295 0.9359
3921.9324 0.901
3922.8357 0.86
3923.739 0.8289
3924.6426 0.9235
3925.5464 0.9039
3926.4504 0.9056
3927.3545 0.9907
3928.259 1.0136
3929.1636 0.8923
3930.0684 0.8477
3930.9734 0.7729
3931.8787 0.6864
3932.7842 0.5334
3933.6897 0.496
3934.5957 0.3021
3935.5017 0.4332
3936.408 0.5275
3937.3145 0.6586
3938.2212 0.8675
3939.1282 0.9011
3940.0354 0.8362
3940.9426 0.9266
3941.85 0.981
3942.7578 0.8475
3943.6658 0.9447
3944.574 0.9718
3945.4824 0.8629
3946.3909999999996 0.8879
3947.2998 0.9783
3948.2087 0.9224
3949.118 0.8916
3950.0273 0.9384
3950.937 0.9495
3951.847 0.7682
3952.7568 0.9607
3953.6672 0.96
3954.5776 0.9353
3955.4883 0.9526
3956.3992 0.8667
3957.3103 0.9277
3958.2217 0.8475
3959.1333 0.7174
3960.045 0.8748
3960.9568 0.8738
3961.869 0.7542
3962.7812 0.7452
3963.6938 0.8916
3964.6067 0.7385
3965.5198 0.7425
3966.4329 0.6893
3967.3462 0.6007
3968.26 0.47
3969.1738 0.355
3970.0879999999997 0.2745
3971.002 0.309
3971.9165 0.4215
3972.8313 0.5319
3973.7459999999996 0.5819
3974.6611 0.5912
3975.5764 0.6538
3976.492 0.7083
3977.4077 0.7592
3978.3237 0.7363
3979.2397 0.7667
3980.1562 0.8182
3981.0728 0.863
3981.9895 0.8853
3982.9065 0.8177
3983.8237 0.8083
3984.7412 0.9074
3985.6587 0.9012
3986.5767 0.8359
3987.4946 0.9507
3988.4128 0.9325
3989.3313 0.8459
3990.25 0.8714
3991.1690000000003 0.9469
3992.0881 0.9031
3993.0073 0.9737
3993.927 0.9755
3994.8467 0.9118
3995.7666 0.9543
3996.6868 0.9856
3997.6072 0.9799
3998.5278 1.021
3999.4485 0.8745
4000.3696 0.8994
4001.2908 1.0165
4002.2122 0.9964
4003.1338 1.0305
4004.0557 0.9773
4004.9778 0.8661
4005.9001 0.7903
4006.8225 0.9691
4007.7454 0.9713
4008.6682 1.029
4009.5913 0.9906
4010.5146 0.9984
4011.4382 0.9392
4012.362 1.0427
4013.2861 0.8324
4014.2102 0.9351
4015.1345 0.9946
4016.0593 0.9169
4016.9841 0.8455
4017.9092 0.9318
4018.8345 0.9843
4019.7598 1.0593
4020.6855 1.0062
4021.6116 1.0676
4022.5376 1.0078
4023.4639 0.9634
4024.3904 0.8936
4025.3171 1.0304
4026.2441 0.9516
4027.1714 0.9052
4028.0989 0.9325
4029.0264 0.94
4029.954 0.9729
4030.8823 0.8722
4031.8105 0.913
4032.739 0.9052
4033.6677 0.9131
4034.5964 0.9332
4035.5256 0.9551
4036.455 0.9241
4037.3845 0.9761
4038.3142 0.994
4039.2441 1.0123
4040.1743 1.055
4041.1047 1.0388
4042.0354 0.9975
4042.9663 1.0272
4043.8972 0.9728
4044.8286 0.9281
4045.76 0.9433
4046.6917 0.9849
4047.6235 0.9543
4048.5557 0.9151
4049.488 0.9438
4050.4204 0.9528
4051.3533 0.9663
4052.2861 0.9419
4053.2195 0.9409
4054.1528 1.0149
4055.0864 1.0174
4056.0203 1.0108
4056.9543 1.0377
4057.8884 1.0049
4058.823 0.9458
4059.7576 0.9385
4060.6926 0.9911
4061.6277 1.0216
4062.563 1.0292
4063.4985 0.9679
4064.4343 0.8859
4065.3704 0.8875
4066.3064 1.0003
4067.243 0.9666
4068.1794 0.9606
4069.1165 0.9387
4070.0535 0.9599
4070.9907 0.9381
4071.9282 0.9819
4072.866 0.8896
4073.8037 0.9548
4074.742 0.9257
4075.6804 0.8997
4076.619 0.9078
4077.5576 1.0327
4078.4966 0.8022
4079.4358 0.8879
4080.3752 0.9276
4081.315 0.9675
4082.255 0.997
4083.1948 0.9906
4084.1353 1.0088
4085.0757 0.8976
4086.0164 0.9311
4086.9575 0.9349
4087.8987 0.9869
4088.8398 0.8844
4089.7815 0.8697
4090.7234 0.8861
4091.6653 0.8931
4092.6077 0.8928
4093.55 0.9182
4094.4927 0.8227
4095.4358 0.819
4096.379 0.7448
4097.3223 0.7371
4098.2656 0.7349
4099.2095 0.7114
4100.1533 0.6329
4101.0977 0.5481
4102.042 0.5044
4102.987 0.4454
4103.9316 0.5509
4104.8765 0.5962
4105.822 0.6973
4106.7676 0.745
4107.7134 0.7022
4108.659000000001 0.8296
4109.6055 0.819
4110.552 0.8263
4111.498 0.8665
4112.4453 0.911
4113.392 0.9035
4114.3394 0.9271
4115.2866 0.933
4116.2344 0.9436
4117.1826 0.9109
4118.1304 0.904
4119.079000000001 0.9835
4120.0273 0.9421
4120.976 0.9459
4121.9253 0.969
4122.8745 0.9267
4123.8237 0.9512
4124.7734 0.959
4125.7236 0.9835
4126.6733 0.9849
4127.624 1.0011
4128.5740000000005 0.9737
4129.525 0.9048
4130.476 0.8687
4131.4272 0.9542
4132.379 0.912
4133.33 0.9339
4134.282 0.9828
4135.2344 0.9553
4136.1865 0.983
4137.139 0.941
4138.092000000001 0.9127
4139.0444 0.9659
4139.998 0.9779
4140.951 1.026
4141.905 1.0047
4142.8584 0.9916
4143.8125 0.9093
4144.767 0.8993
4145.721 0.8612
4146.6763 0.9525
4147.630999999999 0.9979
4148.585999999999 0.9717
4149.5415 0.949
4150.497 0.9243
4151.4526 0.9816
4152.4087 1.021
4153.365 0.9605
4154.322 1.006
4155.2783 0.9863
4156.2354 0.9784
4157.1924 0.9189
4158.1494 0.9628
4159.107 0.9512
4160.065 0.9984
4161.023 0.9786
4161.981 0.9518
4162.9395 0.9814
4163.8984 0.8926
4164.857 0.9789
4165.8164 1.0296
4166.7754 0.9719
4167.7354 1.022
4168.695 0.9652
4169.655 0.9528
4170.615 0.9383
4171.5757 0.9624
4172.536 0.9556
4173.497 0.8396
4174.458 0.9037
4175.4194 0.8953
4176.380999999999 0.9783
4177.343 0.9463
4178.3047 0.8915
4179.267 0.8849
4180.2295 0.9074
4181.192 0.9695
4182.155 1.0087
4183.1179999999995 0.9282
4184.081 0.9289
4185.045 0.9778
4186.009 0.963
4186.9727 0.9865
4187.9365 0.9655
4188.9014 0.9721
4189.8657 0.9841
4190.8306 0.9743
4191.795999999999 0.9898
4192.7609999999995 0.9805
4193.7266 0.9877
4194.6924 0.9777
4195.657999999999 0.9763
4196.6245 0.9667
4197.590999999999 0.9905
4198.5576 1.0084
4199.5244 0.9303
4200.4917 0.9029
4201.459 0.8976
4202.4263 0.9434
4203.394 0.9875
4204.3623 0.9964
4205.33 0.9832
4206.299 0.9885
4207.2676 0.99
4208.2363 1.0466
4209.2056 1.0696
4210.175 1.0118
4211.144 0.9604
4212.1140000000005 0.9284
4213.084 0.9704
4214.054 0.9929
4215.0244 1.0232
4215.995 0.9001
4216.9663 0.9296
4217.937 0.9401
4218.9087 0.9348
4219.88 1.0068
4220.852 0.9425
4221.8237 0.9448
4222.795999999999 1.0106
4223.7686 0.9424
4224.741 1.0455
4225.714 0.9533
4226.687 0.8667
4227.6606 0.8908
4228.6343 0.8942
4229.608 0.9705
4230.582 1.0213
4231.556 1.0266
4232.531 0.949
4233.5054 0.9751
4234.4805 0.9175
4235.4556 0.8479
4236.4307 0.8688
4237.4062 0.9904
4238.3823 0.9732
4239.3584 0.972
4240.3345 0.9396
4241.311 0.9442
4242.2876 0.9608
4243.2646 0.9653
4244.2417 1.0162
4245.219 0.9702
4246.197 0.9887
4247.175 0.9458
4248.153 0.9103
4249.130999999999 0.9013
4250.1094 0.9482
4251.0884 0.9347
4252.067 0.9306
4253.0464 0.9299
4254.026 0.9706
4255.0054 0.9494
4255.9854 0.9253
4256.9653 0.9792
4257.946 1.0113
4258.9263 1.0111
4259.9067 0.9779
4260.8877 0.9418
4261.869000000001 0.907
4262.8506 0.9487
4263.832 1.0228
4264.814 0.9971
4265.7964 1.0049
4266.779 1.0137
4267.7609999999995 0.9874
4268.744000000001 0.9869
4269.727 0.9646
4270.7104 0.9914
4271.694 0.9587
4272.6772 0.8965
4273.6616 0.9334
4274.6455 0.9195
4275.63 0.8738
4276.6147 0.9604
4277.5996 0.9799
4278.5845 1.0064
4279.57 1.0438
4280.555 1.0563
4281.541 0.9736
4282.527 1.0273
4283.513 0.8893
4284.4995 0.9631
4285.4863 1.0084
4286.473 1.0563
4287.4604 1.0169
4288.4478 0.9811
4289.435 1.0085
4290.423 0.8796
4291.411 0.8673
4292.3994 0.8725
4293.3877 0.9947
4294.3765 1.0258
4295.365 0.9299
4296.3545 0.9428
4297.3438 0.9937
4298.3335 0.95
4299.323 0.9644
4300.3135 0.8544
4301.3037 0.8466
4302.2944 0.8564
4303.285 0.8793
4304.276 0.8414
4305.267 0.9469
4306.259 0.968
4307.2505 1.0007
4308.242 0.947
4309.2344 0.887
4310.2266 0.9259
4311.219 0.9448
4312.212 0.9746
4313.205 0.9493
4314.198 0.8971
4315.192 0.8415
4316.1855 0.8498
4317.1797 0.9448
4318.174 0.9528
4319.168 0.9409
4320.1626 0.9176
4321.1577 0.9223
4322.153 0.9107
4323.148 0.9271
4324.1436 0.9549
4325.1396 0.9405
4326.1353 0.8918
4327.1320000000005 0.8579
4328.128 0.909
4329.125 0.9019
4330.1216 0.9106
4331.119000000001 0.8953
4332.116 0.8593
4333.1140000000005 0.8295
4334.112 0.8313
4335.11 0.852
4336.1084 0.8279
4337.107 0.7708
4338.1055 0.6811
4339.1045 0.6048
4340.1035 0.5643
4341.103 0.5169
4342.103 0.4934
4343.103 0.5639
4344.103 0.6271
4345.1035 0.6836
4346.104 0.7535
4347.105 0.8199
4348.106 0.8201
4349.1074 0.8811
4350.109 0.9063
4351.1104 0.8826
4352.1123 0.8402
4353.1147 0.8047
4354.117 0.9015
4355.1196 0.9369
4356.1226 0.967
4357.126 0.9824
4358.1294 1.0158
4359.133 1.0031
4360.1367 1.0471
4361.1406 0.9112
4362.145 0.9927
4363.15 0.9837
4364.1543 1.0352
4365.1597 0.9308
4366.1646 1.0421
4367.17 0.9719
4368.1759999999995 0.9666
4369.1816 0.9492
4370.188 0.9967
4371.1943 0.9689
4372.2007 0.9905
4373.208 0.9937
4374.215 0.9576
4375.222 1.0006
4376.2295 0.8947
4377.2373 0.9365
4378.2456 0.9509
4379.254 1.0254
4380.262 0.9877
4381.271 0.9925
4382.28 0.9239
4383.289000000001 0.9782
4384.2983 0.9015
4385.308 0.9003
4386.318 0.9145
4387.3279999999995 0.9125
4388.3384 1.0136
4389.349 1.0474
4390.36 1.0018
4391.3706 0.9987
4392.3823 0.9749
4393.3936 0.9961
4394.4053 0.9401
4395.4175 0.9513
4396.4297 0.9314
4397.442 0.9291
4398.4546 0.9976
4399.4673 1.0195
4400.4805 0.954
4401.494000000001 0.9369
4402.508 0.9262
4403.5215 0.9578
4404.5356 1.0187
4405.55 0.9662
4406.5645 0.9552
4407.579000000001 1.0091
4408.594 0.9599
4409.6094 0.9511
4410.625 0.9969
4411.6406 0.9639
4412.6562 0.995
4413.6724 1.0392
4414.689 0.9771
4415.7056 0.9458
4416.7227 0.9111
4417.7397 0.8602
4418.7570000000005 0.8619
4419.7744 0.8841
4420.7925 0.9703
4421.8105 1.0134
4422.8286 0.9529
4423.847 1.0045
4424.8657 0.996
4425.885 1.0191
4426.9043 0.9392
4427.9233 0.9936
4428.9434 0.9682
4429.963 0.9921
4430.9834 0.9306
4432.004 0.9971
4433.0244 0.9696
4434.045 1.0013
4435.0664 0.9813
4436.0874 0.9292
4437.1094 0.9984
4438.130999999999 0.9955
4439.153 1.0253
4440.1753 0.9755
4441.1978 1.0241
4442.2207 0.9273
4443.2437 0.9234
4444.2666 0.8983
4445.29 0.846
4446.314 0.985
4447.338 0.9496
4448.362 1.0132
4449.3859999999995 1.0083
4450.411 0.956
4451.4355 0.9655
4452.460999999999 0.9719
4453.4863 0.9887
4454.5117 0.9512
4455.5376 0.9579
4456.5635 0.8932
4457.59 1.0019
4458.616 0.9564
4459.643 0.9762
4460.67 0.9673
4461.6973 0.972
4462.7246 0.9695
4463.7524 0.9754
4464.7803 0.9681
4465.8086 0.9837
4466.837 0.9703
4467.8657 0.941
4468.8945 0.9239
4469.924 0.9039
4470.9529999999995 0.9103
4471.9824 0.9627
4473.0127 0.9645
4474.0425 0.945
4475.0728 0.9701
4476.1035 1.0208
4477.1343 1.0048
4478.165 0.9964
4479.1963 0.9963
4480.228 0.9925
4481.26 0.9283
4482.2915 0.9049
4483.3237 0.9325
4484.3564 0.9581
4485.389 0.9808
4486.4220000000005 0.956
4487.455 0.9521
4488.4883 0.9868
4489.522 0.9698
4490.556 0.9612
4491.59 0.9655
4492.6245 0.954
4493.659000000001 0.9896
4494.694 0.9637
4495.729 0.9943
4496.764 0.9871
4497.8 0.9575
4498.8354 1.0311
4499.8716 1.0032
4500.9077 0.9573
4501.9443 0.939
4502.981 0.9634
4504.018 0.9514
4505.055 1.0344
4506.093 1.0157
4507.1304 1.0063
4508.168 1.0307
4509.2065 0.9765
4510.2446 0.939
4511.282999999999 0.9893
4512.3223 0.9802
4513.3613 0.978
4514.401 1.0657
4515.4404 0.9687
4516.48 0.9164
4517.5205 0.9849
4518.5605 1.0057
4519.601 0.9836
4520.642 1.0023
4521.683 0.9958
4522.724 0.962
4523.7656 0.9266
4524.8076 0.9297
4525.8496 1.0087
4526.8916 0.9636
4527.934 0.9575
4528.977 0.9281
4530.02 0.978
4531.063 0.9829
4532.1064 0.9763
4533.1504 1.0178
4534.1943 0.9467
4535.2383 0.9025
4536.2827 0.9445
4537.327 1.0002
4538.372 1.0616
4539.4175 0.9434
4540.463 0.9454
4541.5083 1.0366
4542.554 1.0107
4543.6 0.9467
4544.6465 0.9937
4545.693 0.958
4546.7397 0.9787
4547.787 0.9893
4548.8345 0.9551
4549.8820000000005 0.8917
4550.9297 0.8316
4551.9775 0.9252
4553.026 1.0221
4554.0740000000005 0.9794
4555.123 0.9409
4556.1720000000005 0.9396
4557.221 0.8855
4558.2705 0.9145
4559.3203 0.9396
4560.37 0.9017
4561.4204 0.9688
4562.4707 1.0046
4563.5215 0.9644
4564.5728 0.9617
4565.6235 0.9572
4566.6753 1.0008
4567.7266 1.0337
4568.779 0.9771
4569.8306 0.9883
4570.8833 0.9935
4571.9355 0.9223
4572.9883 0.9153
4574.0415 0.9238
4575.0947 0.9848
4576.1484 0.9609
4577.202 0.9515
4578.2563 0.9859
4579.3105 0.9908
4580.365 0.9218
4581.42 0.9849
4582.475 0.9816
4583.5303 0.9439
4584.585999999999 0.8957
4585.6416 0.891
4586.6978 0.955
4587.754 0.9879
4588.8105 0.9447
4589.867 0.9206
4590.9243 0.952
4591.9814 0.9542
4593.0386 0.9878
4594.0967 0.9479
4595.1543 0.9926
4596.2124 0.9892
4597.271 0.994
4598.3296 0.9392
4599.3887 0.9949
4600.4478 1.014
4601.5073 1.0153
4602.567 0.9661
4603.627 0.9602
4604.687 0.9808
4605.7476 0.9891
4606.808 0.9993
4607.8687 0.9567
4608.93 0.9854
4609.991 0.9618
4611.0527 0.9907
4612.1147 0.9744
4613.177 0.9598
4614.2393 0.9648
4615.302 1.008
4616.3647 0.9771
4617.4277 0.9854
4618.491 0.9135
4619.5547 0.9912
4620.6187 0.9509
4621.6826 0.9637
4622.747 1.0165
4623.8115 0.985
4624.876 1.0259
4625.9414 0.9521
4627.0063 0.9769
4628.0723 0.9976
4629.1377 0.9826
4630.2036 0.9477
4631.27 0.9471
4632.3364 0.9444
4633.4033 0.9895
4634.47 0.992
4635.5376 0.9926
4636.605 0.9998
4637.673 0.9726
4638.7407 0.9669
4639.809 0.975
4640.8774 0.9601
4641.9463 0.9841
4643.015 0.9957
4644.0845 0.9986
4645.154 1.0345
4646.2236 0.9986
4647.2935 1.0104
4648.3640000000005 1.0097
4649.434 0.9348
4650.505 0.9573
4651.5757 0.9915
4652.647 0.9861
4653.7188 0.9784
4654.79 1.0219
4655.8623 0.9641
4656.934 0.9587
4658.0070000000005 0.9874
4659.0796 0.9556
4660.1523 0.9551
4661.2256 0.9857
4662.299 1.0257
4663.3726 0.9677
4664.4463 0.972
4665.5205 0.9736
4666.595 0.9792
4667.6694 0.9317
4668.7446 0.9642
4669.82 0.9562
4670.895 0.938
4671.9707 0.9986
4673.0464 0.9723
4674.1226 0.963
4675.1990000000005 0.9937
4676.276 0.9716
4677.3525 0.9701
4678.4297 0.9821
4679.5073 0.9675
4680.585 0.9819
4681.6626 0.9426
4682.7407 1.0069
4683.819 1.0163
4684.8975 0.9858
4685.9766 1.0379
4687.0557 0.956
4688.1353 1.0229
4689.215 0.9555
4690.2944 0.98
4691.3745 0.9852
4692.455 0.9666
4693.5356 0.9767
4694.616 0.9827
4695.6973 1.0171
4696.779 0.9719
4697.8604 0.9975
4698.9424 1.0006
4700.0244 1.0062
4701.107 0.9776
4702.1895 0.9686
4703.272 0.9494
4704.3555 0.9327
4705.4385 0.9615
4706.522 0.9776
4707.606 0.978
4708.69 0.9599
4709.7744 0.9528
4710.859 0.9538
4711.944 0.9788
4713.029 0.9518
4714.1143 0.9507
4715.1997 0.9783
4716.2856 1.0094
4717.372 1.0077
4718.458 1.0111
4719.545 0.9992
4720.6320000000005 0.9593
4721.7188 0.9843
4722.806 1.0053
4723.8936 0.9685
4724.9814 0.9589
4726.07 0.9959
4727.1577 0.9884
4728.2466 0.9728
4729.3354 1.0052
4730.4243 0.9967
4731.5137 0.969
4732.6035 0.9613
4733.6934 1.0059
4734.782999999999 1.0115
4735.8735 0.9695
4736.9644 0.9465
4738.055 0.9523
4739.1465 0.9945
4740.238 0.9456
4741.329000000001 1.0004
4742.420999999999 0.9915
4743.513 0.9795
4744.6055 1.007
4745.698 0.9999
4746.791 1.0014
4747.8843 0.9699
4748.9775 0.9782
4750.0713 0.9761
4751.165 0.9722
4752.2593 0.9631
4753.3535 1.0066
4754.448 0.9396
4755.543 1.0034
4756.638 0.9302
4757.7334 1.0093
4758.829000000001 0.9794
4759.925 1.0345
4761.021 0.9631
4762.1177 1.0036
4763.2144 0.9957
4764.311 0.9971
4765.407999999999 0.9669
4766.505999999999 0.9813
4767.6035 0.9625
4768.701 0.9819
4769.7993 1.0126
4770.898 0.9649
4771.9966 0.9708
4773.095 0.9739
4774.1943 0.9417
4775.294 0.9768
4776.3936 0.9867
4777.4937 0.977
4778.5938 0.9977
4779.6943 1.0024
4780.795 0.9714
4781.896 0.9894
4782.997 0.9692
4784.0986 0.9944
4785.2 0.9615
4786.3022 0.9715
4787.4043 0.9579
4788.5070000000005 0.971
4789.6094 0.9859
4790.7124 0.978
4791.816 0.9404
4792.9194 0.972
4794.023 0.9642
4795.127 1.0309
4796.2314 1.0099
4797.335999999999 1.0144
4798.4404 1.0106
4799.5454 0.9631
4800.651 0.9748
4801.7563 0.9863
4802.862 0.9955
4803.9683 0.9654
4805.0740000000005 0.9625
4806.1807 0.9863
4807.2876 0.9595
4808.3945 0.9658
4809.502 0.9919
4810.6094 0.9634
4811.7173 0.9717
4812.8257 0.963
4813.9336 0.941
4815.0425 0.9969
4816.1514 0.9727
4817.2603 1.0044
4818.3696 0.9845
4819.479 0.9716
4820.589 0.9821
4821.6990000000005 0.9902
4822.8096 0.9402
4823.92 0.9905
4825.0312 0.9631
4826.142 0.8848
4827.2534 0.9834
4828.365 0.966
4829.477 1.0128
4830.5894 0.9956
4831.7017 0.9708
4832.8145 0.974
4833.9272 0.9464
4835.0405 0.9493
4836.154 0.9778
4837.2676 1.0205
4838.3813 0.9468
4839.4956 0.9751
4840.6104 0.9759
4841.725 0.9363
4842.84 0.9465
4843.955 0.9577
4845.071 0.9784
4846.1865 0.9494
4847.3022 0.9253
4848.4185 0.9471
4849.535 0.9072
4850.652 0.8696
4851.769 0.9237
4852.8859999999995 0.865
4854.004 0.9259
4855.1216 0.822
4856.2397 0.8506
4857.358 0.833
4858.4766 0.7693
4859.595 0.7186
4860.7144 0.6711
4861.834 0.6031
4862.9536 0.4774
4864.073 0.5213
4865.1934 0.6994
4866.314 0.7076
4867.4346 0.811
4868.555 0.8386
4869.6763 0.8382
4870.798 0.8911
4871.9194 0.8505
4873.0415 0.8448
4874.1636 0.8774
4875.286 0.8824
4876.4087 0.9134
4877.5317 0.9168
4878.6553 0.9059
4879.7783 0.9264
4880.9023 0.9251
4882.0264 0.9538
4883.1504 0.9466
4884.275 0.9396
4885.4 0.9384
4886.525 0.9322
4887.65 0.957
4888.776 0.9543
4889.9014 0.9796
4891.0273 0.9526
4892.154 0.886
4893.2803 0.8839
4894.407 0.9507
4895.5347 0.9841
4896.6616 0.9979
4897.7896 0.9806
4898.9175 0.9671
4900.0454 0.9946
4901.174 0.9391
4902.3027 0.9953
4903.4316 0.9807
4904.5605 0.9443
4905.69 0.9889
4906.82 0.9644
4907.9497 0.9525
4909.08 0.9963
4910.2104 0.9776
4911.3413 0.9586
4912.472 0.9658
4913.6035 0.9497
4914.735 0.9734
4915.8667 0.997
4916.999 1.0237
4918.1313 1.0423
4919.2637 0.9626
4920.3965 0.9663
4921.53 0.8995
4922.663 0.9698
4923.7970000000005 0.9911
4924.9307 0.903
4926.0645 0.8893
4927.1990000000005 0.9715
4928.334 0.981
4929.4688 0.9662
4930.604 1.0172
4931.7393 0.9817
4932.875 0.9856
4934.0107 0.9642
4935.147 0.9245
4936.2837 0.9196
4937.4204 0.9668
4938.5576 0.9227
4939.695 0.9621
4940.8325 0.9697
4941.97 1.0043
4943.108 0.939
4944.2466 0.973
4945.3853 1.0042
4946.524 0.9781
4947.663 0.9768
4948.8022 0.9818
4949.942 1.0
