      3900.00      143.371      9.16383
      3901.40      157.848      9.38899
      3902.80      167.442      9.53096
      3904.20      149.711      9.25379
      3905.60      170.810      9.88625
      3907.00      174.571      9.60383
      3908.40      171.728      10.0435
      3909.80      167.296      10.1837
      3911.20      179.235      9.82258
      3912.60      199.518      9.96089
      3914.00      197.192      10.0180
      3915.40      172.594      9.69876
      3916.80      201.308      9.84315
      3918.20      199.238      9.64145
      3919.60      205.040      9.85601
      3921.00      186.565      9.39876
      3922.40      180.143      9.14939
      3923.80      194.950      9.26840
      3925.20      182.530      9.06080
      3926.60      187.957      9.15007
      3928.00      195.037      9.23609
      3929.40      193.331      8.99965
      3930.80      188.545      8.75769
      3932.20      181.397      8.77804
      3933.60      178.945      8.74708
      3935.00      168.419      8.28756
      3936.40      119.696      7.58490
      3937.80      106.130      7.48431
      3939.20      140.158      8.35884
      3940.60      185.743      9.36222
      3942.00      175.559      9.43554
      3943.40      185.417      9.84232
      3944.80      185.675      9.13246
      3946.20      196.267      9.19163
      3947.60      182.005      9.15734
      3949.00      196.942      9.68062
      3950.40      181.128      9.33500
      3951.80      185.349      9.15348
      3953.20      191.164      9.03418
      3954.60      179.944      8.79385
      3956.00      177.465      8.71161
      3957.40      184.995      8.68738
      3958.80      187.822      8.81644
      3960.20      165.037      8.38371
      3961.60      174.506      8.54649
      3963.00      175.055      8.61124
      3964.40      151.518      8.16496
      3965.80      144.301      7.67605
      3967.20      147.977      7.57723
      3968.60      133.878      7.32367
      3970.00      123.479      7.28338
      3971.40      74.7877      6.55763
      3972.80      55.1670      6.11690
      3974.20      77.7467      6.56582
      3975.60      86.4160      6.78913
      3977.00      106.766      7.39927
      3978.40      130.157      8.05266
      3979.80      131.693      8.01312
      3981.20      149.792      8.17652
      3982.60      144.867      7.91855
      3984.00      169.092      8.48549
      3985.40      142.906      8.16977
      3986.80      166.907      8.57697
      3988.20      164.633      8.35214
      3989.60      183.357      8.56805
      3991.00      166.782      8.29018
      3992.40      178.010      8.49588
      3993.80      194.647      8.98511
      3995.20      192.872      8.95852
      3996.60      188.487      8.60948
      3998.00      188.402      8.43117
      3999.40      195.923      8.61384
      4000.80      191.413      8.73537
      4002.20      196.274      8.64795
      4003.60      193.104      8.58733
      4005.00      191.697      8.49718
      4006.40      189.524      8.40462
      4007.80      194.099      9.24881
      4009.20      184.699      9.46373
      4010.60      184.795      8.88400
      4012.00      195.961      8.62082
      4013.40      201.087      8.90443
      4014.80      200.858      9.16018
      4016.20      176.963      8.66369
      4017.60      197.679      8.59098
      4019.00      182.557      8.25582
      4020.40      188.589      8.51770
      4021.80      198.272      8.68764
      4023.20      184.141      8.46261
      4024.60      211.293      8.94104
      4026.00      203.757      8.91747
      4027.40      199.837      8.50280
      4028.80      186.028      8.88018
      4030.20      194.849      8.89582
      4031.60      189.707      8.72291
      4033.00      174.505      8.12346
      4034.40      194.462      8.44662
      4035.80      201.069      8.54971
      4037.20      193.312      8.48634
      4038.60      190.888      8.75062
      4040.00      202.366      8.55137
      4041.40      199.117      8.34368
      4042.80      198.034      8.40210
      4044.20      185.308      8.25494
      4045.60      193.512      8.34780
      4047.00      199.611      8.94569
      4048.40      191.049      8.87852
      4049.80      189.239      8.42569
      4051.20      193.072      8.38365
      4052.60      191.991      8.42015
      4054.00      201.271      8.71534
      4055.40      196.762      9.00795
      4056.80      198.507      8.47632
      4058.20      196.254      8.19657
      4059.60      185.664      8.02316
      4061.00      185.696      8.23110
      4062.40      192.452      8.52798
      4063.80      191.803      8.40670
      4065.20      188.994      7.95652
      4066.60      196.291      8.16757
      4068.00      188.873      8.22612
      4069.40      185.793      8.24348
      4070.80      182.737      8.02725
      4072.20      178.653      7.81065
      4073.60      186.550      8.09083
      4075.00      185.419      7.98168
      4076.40      186.084      8.10581
      4077.80      191.110      8.23334
      4079.20      175.803      7.97685
      4080.60      179.236      8.21788
      4082.00      171.397      8.16096
      4083.40      187.779      8.67176
      4084.80      181.443      8.38053
      4086.20      169.991      7.84259
      4087.60      188.455      8.01025
      4089.00      165.403      7.74879
      4090.40      166.187      8.57838
      4091.80      166.640      9.28099
      4093.20      162.784      8.29101
      4094.60      158.321      7.63505
      4096.00      159.222      7.73241
      4097.40      156.266      7.71655
      4098.80      141.592      7.12672
      4100.20      133.473      7.07219
      4101.60      117.812      6.50180
      4103.00      102.016      6.15394
      4104.40      103.831      6.26090
      4105.80      78.1591      5.94046
      4107.20      85.6330      6.17891
      4108.60      110.012      6.52972
      4110.00      129.270      6.75573
      4111.40      151.045      7.11137
      4112.80      138.541      7.03653
      4114.20      152.604      7.24786
      4115.60      156.125      7.33128
      4117.00      168.223      8.06555
      4118.40      161.484      7.88015
      4119.80      171.125      7.43063
      4121.20      187.484      7.70376
      4122.60      174.584      7.69354
      4124.00      191.041      7.80134
      4125.40      171.100      7.38254
      4126.80      169.804      7.42029
      4128.20      179.509      7.59608
      4129.60      187.852      7.60701
      4131.00      180.580      7.44347
      4132.40      183.834      7.63507
      4133.80      170.019      7.30780
      4135.20      175.613      7.37524
      4136.60      167.524      7.24048
      4138.00      188.710      7.63886
      4139.40      184.516      7.76314
      4140.80      191.698      7.83860
      4142.20      185.221      7.52759
      4143.60      189.336      7.49552
      4145.00      182.733      7.37451
      4146.40      185.545      7.46022
      4147.80      176.326      7.27598
      4149.20      187.091      7.51126
      4150.60      186.777      7.61147
      4152.00      175.279      7.47507
      4153.40      186.088      7.84417
      4154.80      192.028      8.28684
      4156.20      199.119      8.34397
      4157.60      197.792      7.83676
      4159.00      194.900      7.52236
      4160.40      200.751      7.63098
      4161.80      192.427      7.64093
      4163.20      197.166      7.88447
      4164.60      189.043      7.74205
      4166.00      189.033      7.59037
      4167.40      176.472      7.34045
      4168.80      189.425      7.56228
      4170.20      182.668      7.34627
      4171.60      180.016      7.26690
      4173.00      189.748      7.47140
      4174.40      188.680      7.69066
      4175.80      183.147      7.54986
      4177.20      183.863      7.53322
      4178.60      182.034      7.48578
      4180.00      172.185      7.45494
      4181.40      191.568      7.98961
      4182.80      180.782      7.67205
      4184.20      190.697      7.37040
      4185.60      180.597      7.13005
      4187.00      191.426      7.71283
      4188.40      183.987      7.81893
      4189.80      189.894      7.42511
      4191.20      190.734      7.35638
      4192.60      180.632      7.05269
      4194.00      193.233      7.32711
      4195.40      186.215      7.32187
      4196.80      185.583      7.20482
      4198.20      185.738      7.35107
      4199.60      193.082      7.64754
      4201.00      168.563      7.04584
      4202.40      180.290      6.99038
      4203.80      171.083      6.83624
      4205.20      177.238      7.02302
      4206.60      165.646      6.94259
      4208.00      186.193      7.27165
      4209.40      182.745      7.25975
      4210.80      182.898      7.21161
      4212.20      188.698      7.29572
      4213.60      184.310      7.39207
      4215.00      185.145      7.71948
      4216.40      181.446      7.99906
      4217.80      180.803      7.75386
      4219.20      189.429      7.28796
      4220.60      182.555      7.05220
      4222.00      186.227      7.22029
      4223.40      177.050      7.04799
      4224.80      188.405      7.00092
      4226.20      172.666      7.36243
      4227.60      178.150      11.9615
      4229.00      174.148      7.36086
      4230.40      167.679      7.19303
      4231.80      171.513      7.27207
      4233.20      175.036      7.02488
      4234.60      180.688      6.97001
      4236.00      172.264      6.88149
      4237.40      171.190      6.84238
      4238.80      175.661      6.91153
      4240.20      164.851      6.64989
      4241.60      167.671      6.66925
      4243.00      196.377      7.19881
      4244.40      187.762      7.01875
      4245.80      176.581      6.90676
      4247.20      172.755      7.12618
      4248.60      171.332      7.14352
      4250.00      176.415      6.77806
      4251.40      171.501      6.62939
      4252.80      172.527      6.73886
      4254.20      175.035      6.87393
      4255.60      175.507      6.85252
      4257.00      168.968      6.77059
      4258.40      181.482      7.00629
      4259.80      183.503      6.96936
      4261.20      184.665      6.82930
      4262.60      184.764      7.17745
      4264.00      182.207      7.35545
      4265.40      177.441      7.15204
      4266.80      187.575      7.16147
      4268.20      191.303      7.10533
      4269.60      184.215      6.90215
      4271.00      170.257      6.48583
      4272.40      189.717      6.76043
      4273.80      172.511      6.51243
      4275.20      179.840      6.70041
      4276.60      171.297      6.64400
      4278.00      175.992      6.79859
      4279.40      172.515      7.11553
      4280.80      178.448      7.35416
      4282.20      180.383      7.11593
      4283.60      173.336      6.83961
      4285.00      172.495      6.62715
      4286.40      171.191      6.51903
      4287.80      182.169      6.89716
      4289.20      174.798      7.17065
      4290.60      194.047      7.37832
      4292.00      173.099      7.00806
      4293.40      177.158      7.02719
      4294.80      164.675      6.76119
      4296.20      172.109      6.92498
      4297.60      176.564      6.98907
      4299.00      167.584      6.47411
      4300.40      177.692      6.44332
      4301.80      160.494      6.21870
      4303.20      158.469      6.69224
      4304.60      148.802      6.48545
      4306.00      166.885      6.35041
      4307.40      158.437      6.05209
      4308.80      167.837      6.14464
      4310.20      153.931      5.96042
      4311.60      154.074      6.09140
      4313.00      159.523      6.21008
      4314.40      159.980      6.54456
      4315.80      166.300      6.51131
      4317.20      166.136      6.68979
      4318.60      161.958      7.15199
      4320.00      145.765      6.88177
      4321.40      153.837      6.38932
      4322.80      167.051      6.45034
      4324.20      168.325      6.38338
      4325.60      167.872      6.41489
      4327.00      162.523      6.33943
      4328.40      156.800      6.24810
      4329.80      153.422      6.19639
      4331.20      160.347      6.28828
      4332.60      147.617      6.11931
      4334.00      155.437      6.30907
      4335.40      134.819      6.03551
      4336.80      138.691      6.12129
      4338.20      127.931      6.07262
      4339.60      128.447      5.89236
      4341.00      110.008      5.30005
      4342.40      87.0706      4.94889
      4343.80      80.3696      5.03947
      4345.20      78.2834      5.12437
      4346.60      89.5623      5.36552
      4348.00      108.334      5.66528
      4349.40      119.035      5.73708
      4350.80      123.685      5.78747
      4352.20      130.391      6.22233
      4353.60      146.232      6.96012
      4355.00      142.431      6.41507
      4356.40      146.824      6.07013
      4357.80      141.036      6.77528
      4359.20      142.710      7.71203
      4360.60      153.347      7.73803
      4362.00      153.021      6.77529
      4363.40      163.245      6.44150
      4364.80      149.291      6.16285
      4366.20      163.541      6.37700
      4367.60      163.868      6.35864
      4369.00      164.907      6.36338
      4370.40      166.802      6.26704
      4371.80      160.110      6.26105
      4373.20      165.398      6.55495
      4374.60      166.771      6.77299
      4376.00      172.438      6.53145
      4377.40      169.154      6.33235
      4378.80      168.276      6.29970
      4380.20      170.457      6.32504
      4381.60      172.140      6.35612
      4383.00      165.056      6.11054
      4384.40      164.321      5.95611
      4385.80      174.087      6.28828
      4387.20      165.926      6.27390
      4388.60      165.560      6.18465
      4390.00      168.227      6.29431
      4391.40      163.051      6.47046
      4392.80      159.811      6.48230
      4394.20      165.621      6.54154
      4395.60      162.865      6.37817
      4397.00      162.803      6.31830
      4398.40      170.924      6.40147
      4399.80      166.316      6.16098
      4401.20      161.084      6.05165
      4402.60      161.545      6.22443
      4404.00      168.254      6.38951
      4405.40      167.876      6.23123
      4406.80      171.175      6.22587
      4408.20      161.995      6.14560
      4409.60      172.148      6.26764
      4411.00      160.296      6.11507
      4412.40      155.214      6.19006
      4413.80      176.979      6.65462
      4415.20      168.468      6.32830
      4416.60      163.461      6.19982
      4418.00      162.204      6.25108
      4419.40      154.486      6.20731
      4420.80      164.587      6.36123
      4422.20      168.862      6.45048
      4423.60      163.649      6.34489
      4425.00      167.053      6.22872
      4426.40      163.624      6.14345
      4427.80      160.963      6.06026
      4429.20      163.136      6.13324
      4430.60      156.658      6.01054
      4432.00      173.139      6.37945
      4433.40      172.095      6.68985
      4434.80      165.778      6.19349
      4436.20      170.104      6.26752
      4437.60      172.717      6.44707
      4439.00      164.267      6.54282
      4440.40      158.075      6.03173
      4441.80      164.421      6.06550
      4443.20      164.203      6.32486
      4444.60      171.874      6.82488
      4446.00      169.042      6.33653
      4447.40      163.066      6.08358
      4448.80      169.837      6.16463
      4450.20      156.189      6.01930
      4451.60      167.289      6.25727
      4453.00      170.237      6.18989
      4454.40      171.078      6.21292
      4455.80      164.911      6.19876
      4457.20      155.748      5.98762
      4458.60      161.082      5.96903
      4460.00      167.230      6.00033
      4461.40      171.086      6.08851
      4462.80      165.615      6.16381
      4464.20      169.034      6.29381
      4465.60      177.614      6.19951
      4467.00      165.669      5.96751
      4468.40      165.738      5.95613
      4469.80      160.456      5.85580
      4471.20      155.715      5.88676
      4472.60      161.418      6.11130
      4474.00      158.627      6.09487
      4475.40      160.026      6.18063
      4476.80      156.335      6.71103
      4478.20      158.930      6.77942
      4479.60      156.311      6.36753
      4481.00      157.522      6.03286
      4482.40      166.663      5.99927
      4483.80      161.985      5.83003
      4485.20      157.676      5.97280
      4486.60      162.615      6.13867
      4488.00      158.663      6.01568
      4489.40      158.123      5.88568
      4490.80      161.672      6.17411
      4492.20      165.157      6.52857
      4493.60      166.397      6.22663
      4495.00      158.725      5.86732
      4496.40      163.989      5.96468
      4497.80      165.443      6.04720
      4499.20      169.922      6.07497
      4500.60      152.695      5.99970
      4502.00      168.598      6.19416
      4503.40      165.726      5.99039
      4504.80      164.951      5.97205
      4506.20      165.806      5.94112
      4507.60      163.529      5.93522
      4509.00      160.392      5.92255
      4510.40      162.350      5.95971
      4511.80      164.279      5.93846
      4513.20      158.506      5.93338
      4514.60      160.940      5.88516
      4516.00      161.026      6.24870
      4517.40      157.153      6.20871
      4518.80      160.510      6.00249
      4520.20      166.802      6.10251
      4521.60      151.114      6.25531
      4523.00      166.793      6.42494
      4524.40      162.052      6.17297
      4525.80      151.823      5.88891
      4527.20      153.865      5.61719
      4528.60      167.160      5.81524
      4530.00      165.883      5.86199
      4531.40      156.050      5.75535
      4532.80      165.514      5.79884
      4534.20      161.524      5.74355
      4535.60      160.876      5.75845
      4537.00      158.318      5.77416
      4538.40      159.474      5.76119
      4539.80      155.851      5.72598
      4541.20      167.001      5.90537
      4542.60      165.326      5.97982
      4544.00      166.546      6.31780
      4545.40      163.171      6.00608
      4546.80      157.300      5.71880
      4548.20      166.135      5.84954
      4549.60      161.038      5.91946
      4551.00      168.550      5.82804
      4552.40      153.786      5.59531
      4553.80      154.098      5.62740
      4555.20      146.758      5.62091
      4556.60      159.153      5.77481
      4558.00      165.710      5.84839
      4559.40      155.531      5.81516
      4560.80      161.889      6.25480
      4562.20      154.392      6.61590
      4563.60      163.546      6.65451
      4565.00      168.646      6.54671
      4566.40      150.735      5.84001
      4567.80      155.005      5.73351
      4569.20      156.476      5.59890
      4570.60      153.010      5.70546
      4572.00      163.975      6.07376
      4573.40      151.954      5.82622
      4574.80      159.657      5.99974
      4576.20      150.967      6.09393
      4577.60      150.684      6.33217
      4579.00      162.804      6.17196
      4580.40      156.199      5.89162
      4581.80      154.561      5.86702
      4583.20      157.479      5.85552
      4584.60      164.056      5.68300
      4586.00      157.953      5.53802
      4587.40      150.420      5.44044
      4588.80      156.809      5.65949
      4590.20      153.357      5.63398
      4591.60      152.390      5.54577
      4593.00      154.882      5.62176
      4594.40      148.839      5.64198
      4595.80      149.455      5.48387
      4597.20      154.644      5.64410
      4598.60      153.310      5.66518
      4600.00      158.218      5.80616
      4601.40      153.971      5.54961
      4602.80      146.134      5.30333
      4604.20      155.229      5.45341
      4605.60      155.309      5.45738
      4607.00      163.885      6.57008
      4608.40      166.982      6.36930
      4609.80      158.488      5.57741
      4611.20      165.500      5.63181
      4612.60      164.270      5.70603
      4614.00      161.186      5.83524
      4615.40      163.430      5.86486
      4616.80      161.428      5.78147
      4618.20      143.373      5.55807
      4619.60      159.606      5.66323
      4621.00      155.659      5.41748
      4622.40      166.714      5.60163
      4623.80      164.348      5.62113
      4625.20      160.878      5.55564
      4626.60      152.475      5.40493
      4628.00      159.189      5.61182
      4629.40      156.433      5.48065
      4630.80      168.551      5.62928
      4632.20      144.389      5.28290
      4633.60      148.399      5.53943
      4635.00      156.786      6.45707
      4636.40      156.934      6.39648
      4637.80      148.599      5.53208
      4639.20      147.587      5.41201
      4640.60      151.392      5.69523
      4642.00      156.570      5.88059
      4643.40      151.819      5.57826
      4644.80      147.596      5.39723
      4646.20      163.912      5.51796
      4647.60      156.657      5.37377
      4649.00      153.646      5.31673
      4650.40      158.823      5.56540
      4651.80      155.177      5.53954
      4653.20      155.527      5.42943
      4654.60      158.009      5.49680
      4656.00      151.846      5.36791
      4657.40      155.887      5.61720
      4658.80      158.117      5.67860
      4660.20      160.531      5.67280
      4661.60      157.901      5.62588
      4663.00      162.227      5.62420
      4664.40      156.761      5.43428
      4665.80      157.331      5.40496
      4667.20      147.634      5.21324
      4668.60      156.730      5.33892
      4670.00      149.086      5.26997
      4671.40      157.755      5.53123
      4672.80      161.123      5.61023
      4674.20      159.235      5.54293
      4675.60      162.581      5.66778
      4677.00      157.119      5.58606
      4678.40      152.336      5.69399
      4679.80      160.721      6.01386
      4681.20      151.541      5.79180
      4682.60      156.414      5.67633
      4684.00      154.371      5.47235
      4685.40      146.062      5.28484
      4686.80      151.060      5.34211
      4688.20      151.277      5.32585
      4689.60      152.244      5.29606
      4691.00      155.098      5.31336
      4692.40      152.465      5.32144
      4693.80      153.628      5.49079
      4695.20      154.951      5.45658
      4696.60      152.512      5.30814
      4698.00      155.149      5.47231
      4699.40      153.315      5.52849
      4700.80      152.188      5.66603
      4702.20      151.752      5.60981
      4703.60      146.612      5.44955
      4705.00      149.164      5.34830
      4706.40      155.003      5.45726
      4707.80      151.664      5.53779
      4709.20      154.484      5.57049
      4710.60      155.227      5.37666
      4712.00      156.250      5.30676
      4713.40      147.506      5.17848
      4714.80      152.710      5.33189
      4716.20      151.045      5.43314
      4717.60      153.626      5.43124
      4719.00      159.524      5.43539
      4720.40      145.184      5.18842
      4721.80      146.069      5.57696
      4723.20      145.747      6.32521
      4724.60      145.748      5.24881
      4726.00      150.451      5.21988
      4727.40      143.027      5.07682
      4728.80      151.796      5.22686
      4730.20      156.191      5.40830
      4731.60      140.869      5.11889
      4733.00      153.202      5.20668
      4734.40      152.282      5.20371
      4735.80      160.691      5.37959
      4737.20      156.135      5.40665
      4738.60      150.912      5.43559
      4740.00      155.024      5.49350
      4741.40      150.303      5.66664
      4742.80      145.729      5.63879
      4744.20      148.203      5.33273
      4745.60      152.043      5.33310
      4747.00      149.403      5.29922
      4748.40      152.676      5.31197
      4749.80      143.962      5.13079
      4751.20      154.663      5.33020
      4752.60      151.465      5.20722
      4754.00      151.562      5.23256
      4755.40      157.855      5.46749
      4756.80      148.676      5.27801
      4758.20      149.464      5.16770
      4759.60      152.093      5.34859
      4761.00      150.193      5.63203
      4762.40      153.237      5.67168
      4763.80      150.647      5.21827
      4765.20      150.899      5.12706
      4766.60      148.677      5.08024
      4768.00      154.578      5.18347
      4769.40      152.477      5.28220
      4770.80      149.963      5.35456
      4772.20      154.088      5.36214
      4773.60      153.352      5.28362
      4775.00      153.058      5.33466
      4776.40      158.650      5.38863
      4777.80      153.558      5.50979
      4779.20      145.056      6.97323
      4780.60      150.194      6.40403
      4782.00      147.050      5.64424
      4783.40      151.500      5.65407
      4784.80      155.200      5.46964
      4786.20      149.102      5.14496
      4787.60      146.938      5.05212
      4789.00      154.497      5.24031
      4790.40      140.858      5.08802
      4791.80      140.792      4.97969
      4793.20      145.050      5.02433
      4794.60      147.031      5.04295
      4796.00      148.836      5.34993
      4797.40      147.293      5.47758
      4798.80      153.940      5.56270
      4800.20      156.480      5.39696
      4801.60      150.320      5.22991
      4803.00      153.949      5.42313
      4804.40      146.381      5.52590
      4805.80      149.226      5.44067
      4807.20      147.893      5.25170
      4808.60      152.278      5.31370
      4810.00      148.539      5.19796
      4811.40      148.124      5.10246
      4812.80      152.315      5.16747
      4814.20      144.093      5.13443
      4815.60      145.339      5.39350
      4817.00      151.148      5.48668
      4818.40      154.023      5.32778
      4819.80      145.205      5.06725
      4821.20      146.713      5.05391
      4822.60      148.027      5.09908
      4824.00      136.778      5.12263
      4825.40      139.426      5.15071
      4826.80      135.903      5.19977
      4828.20      139.769      5.29998
      4829.60      134.577      5.10678
      4831.00      135.561      5.02345
      4832.40      142.002      4.99909
      4833.80      148.409      5.17917
      4835.20      143.155      5.31950
      4836.60      141.958      5.36746
      4838.00      142.570      5.38841
      4839.40      146.632      5.60424
      4840.80      144.533      5.68052
      4842.20      133.122      5.25301
      4843.60      132.663      5.02585
      4845.00      138.838      4.94245
      4846.40      135.814      4.93081
      4847.80      136.328      5.08592
      4849.20      135.799      5.14899
      4850.60      126.531      4.83934
      4852.00      135.714      4.88154
      4853.40      129.396      4.85572
      4854.80      119.730      4.80142
      4856.20      112.563      4.66860
      4857.60      112.801      4.57852
      4859.00      107.942      4.59352
      4860.40      104.904      4.29659
      4861.80      100.339      4.11954
      4863.20      90.8682      4.06751
      4864.60      73.5925      3.85375
      4866.00      60.5042      3.68992
      4867.40      69.7289      3.92191
      4868.80      84.4422      4.16795
      4870.20      101.009      4.43364
      4871.60      100.787      4.35952
      4873.00      108.111      4.42224
      4874.40      112.799      4.61292
      4875.80      114.934      4.93256
      4877.20      120.572      5.02587
      4878.60      122.846      4.93072
      4880.00      122.206      4.86478
      4881.40      128.242      4.94514
      4882.80      128.746      4.91378
      4884.20      133.478      4.96279
      4885.60      132.171      4.92560
      4887.00      134.093      4.98224
      4888.40      138.720      5.27784
      4889.80      137.011      5.07941
      4891.20      137.863      5.10610
      4892.60      134.376      5.02710
      4894.00      142.488      5.19130
      4895.40      134.829      5.00804
      4896.80      131.986      4.95129
      4898.20      134.476      5.01156
      4899.60      150.081      5.18695
      4901.00      142.071      5.23182
      4902.40      138.579      4.99932
      4903.80      136.837      5.11898
      4905.20      144.184      5.58312
      4906.60      144.133      5.64281
      4908.00      137.295      5.04739
      4909.40      135.833      5.02774
      4910.80      137.969      5.01355
      4912.20      138.334      5.06073
      4913.60      135.484      4.90460
      4915.00      144.933      5.01847
      4916.40      138.713      5.18314
      4917.80      132.865      5.03408
      4919.20      142.200      4.91265
      4920.60      139.541      4.76855
      4922.00      144.097      4.84988
      4923.40      138.878      5.02968
      4924.80      133.160      4.95343
      4926.20      141.379      4.95177
      4927.60      131.659      4.78999
      4929.00      132.868      4.89190
      4930.40      136.536      4.87611
      4931.80      135.478      4.81757
      4933.20      141.021      4.81066
      4934.60      136.359      4.72809
      4936.00      138.634      4.83587
      4937.40      141.044      5.01831
      4938.80      137.142      4.85974
      4940.20      136.149      4.74229
      4941.60      135.287      4.77482
      4943.00      129.583      4.89842
      4944.40      133.633      4.87251
      4945.80      134.395      4.80858
      4947.20      134.999      4.81233
      4948.60      137.162      4.82581
      4950.00      136.092      4.86480
      4951.40      133.289      4.77613
      4952.80      143.368      4.93575
      4954.20      140.847      4.84923
      4955.60      136.342      4.88815
      4957.00      137.264      5.03792
      4958.40      132.013      5.00060
      4959.80      133.598      4.90539
      4961.20      129.110      4.76057
      4962.60      135.169      4.79649
      4964.00      134.412      4.81376
      4965.40      131.667      4.64679
      4966.80      135.028      4.67811
      4968.20      138.289      4.75121
      4969.60      135.674      4.69891
      4971.00      140.216      4.75595
      4972.40      140.995      4.81568
      4973.80      135.120      4.88825
      4975.20      137.095      5.17648
      4976.60      140.047      5.20678
      4978.00      134.029      4.87548
      4979.40      136.816      4.73767
      4980.80      132.517      4.69606
      4982.20      134.003      4.74224
      4983.60      138.954      4.82793
      4985.00      145.336      4.97535
      4986.40      131.845      4.78454
      4987.80      131.092      4.74606
      4989.20      136.041      4.82812
      4990.60      141.113      4.93809
      4992.00      132.459      4.76090
      4993.40      133.125      4.80005
      4994.80      131.037      4.89379
      4996.20      136.469      4.87848
      4997.60      132.096      4.62956
      4999.00      129.524      4.53247
