      3900.00      134.696      11.7464
      3901.40      126.314      11.3776
      3902.80      156.115      11.6350
      3904.20      147.374      11.0729
      3905.60      146.566      10.8974
      3907.00      146.643      10.7616
      3908.40      140.754      10.8529
      3909.80      145.646      10.8845
      3911.20      150.403      11.1268
      3912.60      162.082      12.1253
      3914.00      159.444      12.0659
      3915.40      149.952      10.9935
      3916.80      154.617      10.4426
      3918.20      160.754      10.3677
      3919.60      155.867      10.3057
      3921.00      151.918      10.4711
      3922.40      154.587      10.5826
      3923.80      152.442      10.7144
      3925.20      152.312      10.4818
      3926.60      145.159      10.1561
      3928.00      147.909      10.0772
      3929.40      129.226      9.38801
      3930.80      127.774      9.34398
      3932.20      90.3568      8.48823
      3933.60      53.4578      7.62212
      3935.00      34.3753      7.08568
      3936.40      54.0694      7.63891
      3937.80      85.8287      8.50421
      3939.20      107.859      8.99819
      3940.60      139.485      10.0721
      3942.00      152.277      10.1654
      3943.40      152.138      10.3674
      3944.80      159.591      10.8350
      3946.20      150.574      10.6637
      3947.60      161.586      10.7931
      3949.00      157.769      10.7196
      3950.40      122.104      9.85810
      3951.80      155.998      10.5696
      3953.20      155.027      11.0265
      3954.60      141.465      11.0983
      3956.00      141.512      11.4327
      3957.40      141.720      11.6690
      3958.80      130.241      11.5261
      3960.20      141.114      11.5566
      3961.60      143.397      11.9673
      3963.00      144.457      11.0593
      3964.40      125.438      10.5132
      3965.80      114.556      10.0633
      3967.20      112.269      9.76900
      3968.60      58.7968      8.29481
      3970.00      30.0809      7.41358
      3971.40      43.8516      7.46208
      3972.80      103.990      8.62536
      3974.20      105.709      8.82705
      3975.60      127.705      9.43369
      3977.00      147.189      9.74577
      3978.40      142.953      9.60544
      3979.80      153.033      9.71422
      3981.20      136.247      9.32550
      3982.60      146.442      9.44554
      3984.00      142.089      9.22390
      3985.40      149.634      9.20989
      3986.80      152.355      9.35813
      3988.20      154.042      9.37513
      3989.60      159.210      9.65186
      3991.00      156.645      9.16846
      3992.40      145.405      8.83810
      3993.80      155.589      9.13306
      3995.20      164.525      9.12533
      3996.60      164.582      9.07455
      3998.00      151.757      8.81167
      3999.40      164.035      9.25942
      4000.80      170.020      9.53370
      4002.20      155.187      9.33994
      4003.60      168.349      9.98874
      4005.00      169.648      9.43398
      4006.40      162.537      9.57039
      4007.80      154.458      9.91352
      4009.20      168.559      10.2055
      4010.60      161.857      9.61173
      4012.00      148.958      9.16384
      4013.40      166.162      9.47932
      4014.80      137.794      9.06709
      4016.20      158.313      9.20309
      4017.60      167.653      9.14450
      4019.00      160.359      9.07146
      4020.40      163.393      9.30236
      4021.80      175.499      9.74860
      4023.20      158.744      9.43256
      4024.60      165.287      9.40833
      4026.00      172.298      9.46071
      4027.40      147.530      9.07434
      4028.80      170.941      10.0781
      4030.20      158.276      9.79805
      4031.60      143.447      9.02394
      4033.00      162.981      9.17072
      4034.40      146.147      8.89065
      4035.80      155.795      9.52773
      4037.20      143.996      9.39742
      4038.60      152.866      9.31523
      4040.00      167.902      9.34202
      4041.40      151.600      8.94188
      4042.80      163.601      9.19701
      4044.20      166.411      9.35898
      4045.60      162.661      9.75258
      4047.00      143.410      10.2466
      4048.40      159.732      10.2934
      4049.80      163.689      9.60885
      4051.20      179.487      9.78453
      4052.60      160.325      9.60852
      4054.00      167.779      9.66994
      4055.40      169.700      9.59039
      4056.80      164.993      9.49742
      4058.20      148.432      9.23127
      4059.60      165.312      9.78328
      4061.00      164.719      10.1148
      4062.40      159.582      10.1235
      4063.80      155.321      9.31434
      4065.20      149.576      9.33296
      4066.60      157.994      9.77934
      4068.00      149.833      9.77673
      4069.40      149.475      9.39351
      4070.80      174.405      9.32713
      4072.20      162.606      9.09367
      4073.60      134.979      8.44369
      4075.00      145.227      8.69807
      4076.40      152.489      8.73029
      4077.80      154.986      8.75651
      4079.20      142.300      8.91504
      4080.60      148.454      9.14970
      4082.00      156.150      9.11710
      4083.40      155.264      8.49380
      4084.80      162.322      8.61080
      4086.20      137.422      8.26435
      4087.60      149.190      8.66080
      4089.00      150.988      8.95729
      4090.40      171.784      9.11897
      4091.80      148.457      8.27435
      4093.20      143.929      8.25562
      4094.60      150.468      8.48460
      4096.00      150.778      8.72512
      4097.40      136.067      8.09818
      4098.80      146.106      8.18024
      4100.20      126.290      7.90705
      4101.60      99.1362      7.52305
      4103.00      96.9395      7.55457
      4104.40      99.7082      7.49067
      4105.80      118.487      7.68064
      4107.20      107.798      7.42917
      4108.60      146.206      8.03904
      4110.00      134.589      7.71322
      4111.40      145.017      7.90101
      4112.80      146.122      8.10894
      4114.20      137.307      7.91155
      4115.60      154.683      8.67829
      4117.00      149.814      8.54641
      4118.40      152.601      8.31866
      4119.80      148.951      8.12378
      4121.20      141.171      7.99253
      4122.60      141.816      8.03162
      4124.00      141.797      7.99693
      4125.40      149.828      8.18703
      4126.80      161.763      8.59161
      4128.20      163.386      8.65290
      4129.60      161.550      8.34326
      4131.00      153.975      7.98240
      4132.40      142.745      7.77403
      4133.80      155.674      7.98368
      4135.20      154.201      7.95008
      4136.60      163.342      8.06066
      4138.00      152.224      8.01817
      4139.40      153.592      7.90649
      4140.80      168.332      8.25998
      4142.20      157.018      7.92184
      4143.60      151.568      7.69248
      4145.00      155.802      7.86814
      4146.40      145.440      7.82788
      4147.80      147.376      7.67597
      4149.20      164.734      7.87984
      4150.60      159.417      7.78257
      4152.00      155.202      7.76467
      4153.40      168.518      8.07149
      4154.80      150.673      7.75767
      4156.20      151.049      7.75692
      4157.60      151.530      7.81014
      4159.00      158.181      7.94006
      4160.40      152.849      7.98190
      4161.80      158.092      7.93247
      4163.20      150.479      7.59869
      4164.60      151.430      7.60400
      4166.00      155.428      7.78154
      4167.40      157.218      7.79751
      4168.80      149.624      7.57472
      4170.20      172.659      7.92554
      4171.60      161.417      7.70239
      4173.00      146.557      7.48758
      4174.40      138.392      7.63685
      4175.80      136.160      7.50797
      4177.20      149.930      7.81610
      4178.60      153.320      7.64404
      4180.00      158.549      7.73947
      4181.40      154.879      7.53660
      4182.80      146.854      7.37847
      4184.20      158.847      7.70815
      4185.60      156.851      7.92583
      4187.00      152.294      7.62724
      4188.40      140.884      7.25917
      4189.80      144.587      7.15094
      4191.20      148.579      7.50145
      4192.60      145.317      7.52657
      4194.00      146.799      7.51879
      4195.40      143.939      7.46891
      4196.80      158.636      8.74357
      4198.20      139.643      7.48083
      4199.60      138.883      7.03972
      4201.00      147.173      7.30515
      4202.40      154.152      7.56619
      4203.80      152.443      7.66204
      4205.20      146.185      7.62553
      4206.60      171.737      8.05568
      4208.00      169.065      8.08668
      4209.40      159.133      8.01342
      4210.80      146.880      7.41434
      4212.20      149.887      7.20410
      4213.60      151.472      7.27927
      4215.00      148.741      7.42917
      4216.40      144.335      7.14684
      4217.80      147.255      7.25255
      4219.20      149.215      7.28392
      4220.60      159.662      7.41464
      4222.00      158.325      7.37217
      4223.40      145.267      7.03446
      4224.80      155.235      7.31964
      4226.20      150.428      7.30326
      4227.60      134.882      6.89373
      4229.00      136.619      6.78738
      4230.40      147.725      7.07546
      4231.80      165.773      7.37935
      4233.20      155.429      7.58221
      4234.60      148.009      7.20143
      4236.00      142.057      6.90740
      4237.40      155.387      7.23100
      4238.80      137.656      7.06533
      4240.20      146.988      7.19627
      4241.60      148.581      7.23880
      4243.00      154.780      7.28319
      4244.40      163.385      7.41514
      4245.80      145.386      7.01459
      4247.20      152.385      7.11889
      4248.60      146.964      7.04884
      4250.00      156.442      7.27595
      4251.40      146.527      7.10348
      4252.80      145.659      7.09843
      4254.20      154.525      7.26248
      4255.60      145.128      6.96999
      4257.00      158.286      7.23369
      4258.40      167.641      7.80037
      4259.80      156.231      7.78449
      4261.20      167.386      7.89906
      4262.60      151.916      7.57109
      4264.00      157.107      7.36316
      4265.40      161.226      7.33267
      4266.80      161.109      7.39301
      4268.20      169.081      7.85638
      4269.60      152.559      7.69645
      4271.00      150.724      7.38175
      4272.40      142.859      6.93212
      4273.80      145.444      6.79797
      4275.20      147.381      6.79609
      4276.60      154.476      6.94855
      4278.00      146.014      6.87348
      4279.40      152.934      7.13708
      4280.80      164.941      7.37470
      4282.20      150.567      6.96207
      4283.60      150.024      6.93652
      4285.00      148.787      6.83608
      4286.40      162.818      7.12873
      4287.80      154.583      7.06683
      4289.20      151.679      7.09385
      4290.60      141.325      6.77989
      4292.00      138.326      6.85611
      4293.40      141.409      7.26496
      4294.80      138.053      7.22044
      4296.20      136.421      6.94106
      4297.60      146.527      6.96321
      4299.00      148.766      7.05225
      4300.40      136.256      6.70102
      4301.80      141.157      6.67302
      4303.20      141.008      6.70270
      4304.60      142.352      6.75468
      4306.00      141.973      6.87310
      4307.40      141.761      6.87083
      4308.80      130.633      6.61524
      4310.20      140.427      6.81470
      4311.60      145.617      6.84588
      4313.00      144.727      6.84641
      4314.40      134.426      6.77552
      4315.80      120.856      7.07225
      4317.20      139.263      7.43238
      4318.60      143.516      7.05571
      4320.00      153.251      7.09104
      4321.40      130.452      6.83332
      4322.80      141.817      6.94507
      4324.20      142.596      6.77757
      4325.60      141.792      6.60884
      4327.00      143.231      6.61669
      4328.40      153.131      6.73589
      4329.80      149.230      6.72250
      4331.20      156.481      7.00313
      4332.60      138.333      6.52348
      4334.00      137.002      6.54221
      4335.40      142.393      6.64708
      4336.80      126.614      6.48531
      4338.20      116.622      6.17762
      4339.60      106.990      5.84860
      4341.00      82.5652      5.53794
      4342.40      78.1731      5.45107
      4343.80      106.423      5.88999
      4345.20      126.072      6.30268
      4346.60      127.873      6.58133
      4348.00      130.886      6.92408
      4349.40      137.439      7.11265
      4350.80      139.113      6.80805
      4352.20      136.003      6.37828
      4353.60      138.890      6.46082
      4355.00      146.000      6.61391
      4356.40      145.021      6.72704
      4357.80      144.172      7.34787
      4359.20      146.775      8.00530
      4360.60      150.264      7.64438
      4362.00      141.097      7.09934
      4363.40      152.558      6.98299
      4364.80      148.946      6.75734
      4366.20      150.293      6.75553
      4367.60      144.867      6.68554
      4369.00      154.754      6.90093
      4370.40      149.478      6.96828
      4371.80      156.322      7.09216
      4373.20      155.918      6.91521
      4374.60      140.345      6.55446
      4376.00      147.076      7.57939
      4377.40      145.990      6.74766
      4378.80      152.837      6.68362
      4380.20      162.106      6.89466
      4381.60      155.709      6.77711
      4383.00      148.438      6.55891
      4384.40      148.953      6.52584
      4385.80      144.694      6.61676
      4387.20      140.076      6.57780
      4388.60      147.398      6.68068
      4390.00      151.490      6.66447
      4391.40      148.319      6.88755
      4392.80      146.932      6.62609
      4394.20      158.892      6.76458
      4395.60      132.793      6.30745
      4397.00      138.938      6.49452
      4398.40      144.624      6.62607
      4399.80      162.922      7.02200
      4401.20      133.674      6.47959
      4402.60      130.143      6.28548
      4404.00      148.038      6.45712
      4405.40      150.055      6.45965
      4406.80      151.626      6.57569
      4408.20      149.885      6.66972
      4409.60      148.744      6.60835
      4411.00      141.728      6.47077
      4412.40      156.682      6.83573
      4413.80      154.295      6.86460
      4415.20      144.580      6.62902
      4416.60      145.596      6.48800
      4418.00      139.557      6.21478
      4419.40      141.492      6.27442
      4420.80      150.422      6.60524
      4422.20      156.890      6.77556
      4423.60      145.157      6.55390
      4425.00      156.301      6.72014
      4426.40      145.390      6.70042
      4427.80      143.362      6.94682
      4429.20      145.334      7.18869
      4430.60      151.560      6.81655
      4432.00      148.963      6.41232
      4433.40      140.702      6.21391
      4434.80      147.870      6.30214
      4436.20      140.422      6.12130
      4437.60      147.248      6.33318
      4439.00      153.565      6.51477
      4440.40      151.997      6.59608
      4441.80      147.001      6.30202
      4443.20      143.005      6.12735
      4444.60      134.922      6.05740
      4446.00      131.770      6.06051
      4447.40      147.543      6.32800
      4448.80      147.170      6.45000
      4450.20      143.625      6.23973
      4451.60      147.040      6.31050
      4453.00      148.832      6.35380
      4454.40      153.117      6.39678
      4455.80      145.464      6.30348
      4457.20      147.264      6.40340
      4458.60      152.894      6.43676
      4460.00      144.767      6.37574
      4461.40      139.608      6.19334
      4462.80      145.571      6.11382
      4464.20      155.128      6.29314
      4465.60      150.098      6.29956
      4467.00      139.631      6.29381
      4468.40      146.831      6.31951
      4469.80      145.876      6.29700
      4471.20      132.973      6.12859
      4472.60      141.365      6.44531
      4474.00      144.973      6.62881
      4475.40      147.272      6.62681
      4476.80      152.796      6.48486
      4478.20      152.571      6.54116
      4479.60      154.445      6.39562
      4481.00      151.853      6.52919
      4482.40      151.441      6.40437
      4483.80      142.690      6.01524
      4485.20      145.849      6.09110
      4486.60      137.424      6.03192
      4488.00      144.367      6.09043
      4489.40      151.725      6.25130
      4490.80      139.971      6.00273
      4492.20      140.271      5.96930
      4493.60      139.079      5.98449
      4495.00      142.857      6.14764
      4496.40      148.486      6.32455
      4497.80      140.959      6.18236
      4499.20      140.561      6.08785
      4500.60      143.433      6.04752
      4502.00      146.314      6.19551
      4503.40      143.043      6.12900
      4504.80      150.986      6.15621
      4506.20      156.486      6.32654
      4507.60      150.246      6.41339
      4509.00      148.471      6.37617
      4510.40      153.903      6.34005
      4511.80      145.510      5.99480
      4513.20      147.687      6.08980
      4514.60      142.072      6.10211
      4516.00      132.736      6.14587
      4517.40      142.375      6.33920
      4518.80      141.977      6.29305
      4520.20      148.656      6.45838
      4521.60      145.216      6.37018
      4523.00      140.346      6.09069
      4524.40      140.358      6.02038
      4525.80      145.147      6.11668
      4527.20      136.543      6.26823
      4528.60      147.289      6.44790
      4530.00      141.815      6.33072
      4531.40      146.573      6.85098
      4532.80      150.728      7.39454
      4534.20      140.465      6.77669
      4535.60      135.494      6.15976
      4537.00      146.826      6.21568
      4538.40      166.285      6.58910
      4539.80      153.783      6.62959
      4541.20      137.936      6.60773
      4542.60      144.084      6.41422
      4544.00      145.951      6.24996
      4545.40      147.156      6.24491
      4546.80      147.872      6.58112
      4548.20      150.258      6.45701
      4549.60      153.376      6.11466
      4551.00      135.328      5.79838
      4552.40      133.641      6.05078
      4553.80      141.545      6.28694
      4555.20      140.025      6.07173
      4556.60      139.301      6.22798
      4558.00      141.876      6.22796
      4559.40      141.503      6.08813
      4560.80      137.080      5.75037
      4562.20      143.552      5.85389
      4563.60      154.474      6.13651
      4565.00      147.126      5.95853
      4566.40      138.019      5.76844
      4567.80      147.476      5.91868
      4569.20      149.032      6.04426
      4570.60      154.169      6.12333
      4572.00      143.004      5.84682
      4573.40      136.370      5.69659
      4574.80      148.559      5.90418
      4576.20      153.652      6.04813
      4577.60      145.493      5.93996
      4579.00      144.274      5.88981
      4580.40      143.866      5.79995
      4581.80      144.417      5.82444
      4583.20      151.292      6.03357
      4584.60      138.448      5.75188
      4586.00      147.924      5.79863
      4587.40      149.466      5.87368
      4588.80      147.221      6.21098
      4590.20      153.961      6.39651
      4591.60      136.178      5.77227
      4593.00      142.862      5.74873
      4594.40      140.251      5.78264
      4595.80      150.831      5.88916
      4597.20      149.002      6.02713
      4598.60      147.169      5.93956
      4600.00      155.536      5.95139
      4601.40      153.335      5.92016
      4602.80      157.683      6.08930
      4604.20      145.672      5.84941
      4605.60      138.757      5.66146
      4607.00      144.702      5.99779
      4608.40      143.390      7.32589
      4609.80      145.520      5.90970
      4611.20      142.126      5.85485
      4612.60      146.993      5.95815
      4614.00      149.021      5.89520
      4615.40      150.833      6.01931
      4616.80      146.785      6.10494
      4618.20      146.179      6.09304
      4619.60      151.261      6.06837
      4621.00      147.149      5.89167
      4622.40      137.705      5.75313
      4623.80      140.443      5.82095
      4625.20      140.195      5.75440
      4626.60      151.704      5.89412
      4628.00      143.974      5.71526
      4629.40      140.623      5.77679
      4630.80      136.592      5.54454
      4632.20      149.826      5.82109
      4633.60      149.765      5.89842
      4635.00      142.966      5.79939
      4636.40      149.031      5.89701
      4637.80      137.876      5.70992
      4639.20      134.668      5.67532
      4640.60      145.725      5.81503
      4642.00      145.619      5.76490
      4643.40      146.708      5.76766
      4644.80      141.833      5.77057
      4646.20      147.190      5.91191
      4647.60      148.673      5.74319
      4649.00      146.260      5.69457
      4650.40      144.268      5.68830
      4651.80      140.125      5.60575
      4653.20      148.084      5.71337
      4654.60      145.902      5.78490
      4656.00      144.160      5.74569
      4657.40      141.052      5.75850
      4658.80      149.984      5.98288
      4660.20      132.422      5.75232
      4661.60      145.947      6.86137
      4663.00      149.150      7.53616
      4664.40      146.655      6.04810
      4665.80      143.287      5.64112
      4667.20      147.943      5.94877
      4668.60      139.685      5.51053
      4670.00      141.278      5.58119
      4671.40      139.224      5.57103
      4672.80      134.156      5.52764
      4674.20      142.241      5.72519
      4675.60      144.066      5.74029
      4677.00      136.109      5.57661
      4678.40      146.252      5.75179
      4679.80      149.169      5.64239
      4681.20      150.079      6.19556
      4682.60      144.742      7.27573
      4684.00      139.398      5.96088
      4685.40      142.624      5.97490
      4686.80      146.729      5.88499
      4688.20      141.314      5.84319
      4689.60      134.903      5.65266
      4691.00      142.925      5.87809
      4692.40      141.486      5.70182
      4693.80      137.383      5.58446
      4695.20      147.690      5.75366
      4696.60      145.417      5.69748
      4698.00      145.499      5.67965
      4699.40      140.911      5.63713
      4700.80      145.996      5.75084
      4702.20      145.786      5.87066
      4703.60      132.171      5.63457
      4705.00      138.498      5.60833
      4706.40      142.688      5.74778
      4707.80      141.707      5.95566
      4709.20      134.345      5.96289
      4710.60      139.809      5.98109
      4712.00      146.153      5.89263
      4713.40      148.409      5.81806
      4714.80      148.249      5.83719
      4716.20      145.263      6.04428
      4717.60      137.828      5.98118
      4719.00      145.371      5.98341
      4720.40      144.913      5.92865
      4721.80      132.340      5.70537
      4723.20      149.185      5.94803
      4724.60      146.609      6.01787
      4726.00      150.652      5.96981
      4727.40      150.330      5.71278
      4728.80      141.238      5.53594
      4730.20      139.470      5.49226
      4731.60      142.940      5.63472
      4733.00      138.664      5.62441
      4734.40      142.125      5.85117
      4735.80      136.955      5.47318
      4737.20      143.882      5.47477
      4738.60      154.004      5.66689
      4740.00      144.096      5.59637
      4741.40      151.766      5.73940
      4742.80      152.757      5.80579
      4744.20      145.088      5.69173
      4745.60      150.540      5.81875
      4747.00      148.471      5.85850
      4748.40      151.932      5.84254
      4749.80      150.747      5.67093
      4751.20      147.150      5.66863
      4752.60      138.173      5.57410
      4754.00      140.981      5.65225
      4755.40      142.745      5.53670
      4756.80      140.949      5.47757
      4758.20      141.652      5.54114
      4759.60      144.931      5.58380
      4761.00      141.333      5.55482
      4762.40      137.599      5.32059
      4763.80      135.130      5.34414
      4765.20      144.571      5.56598
      4766.60      140.451      5.54486
      4768.00      145.482      5.49318
      4769.40      136.940      5.51819
      4770.80      138.974      5.68144
      4772.20      152.347      5.77003
      4773.60      147.863      5.56379
      4775.00      143.297      5.58612
      4776.40      143.806      5.68375
      4777.80      143.401      5.64427
      4779.20      149.241      5.69742
      4780.60      141.640      5.60050
      4782.00      139.445      5.54801
      4783.40      142.841      5.43857
      4784.80      159.023      5.70883
      4786.20      146.626      5.56893
      4787.60      141.253      5.70513
      4789.00      140.152      6.99127
      4790.40      141.478      6.40218
      4791.80      146.790      5.62078
      4793.20      141.600      5.38911
      4794.60      141.546      5.37562
      4796.00      147.154      5.55757
      4797.40      142.813      5.40892
      4798.80      160.335      5.67825
      4800.20      146.606      5.50988
      4801.60      149.511      5.69325
      4803.00      140.166      5.49681
      4804.40      142.345      5.51989
      4805.80      128.772      5.18129
      4807.20      142.544      5.51128
      4808.60      142.705      5.54961
      4810.00      141.991      5.47472
      4811.40      147.385      5.43896
      4812.80      141.597      5.36248
      4814.20      137.476      5.45819
      4815.60      139.685      5.67241
      4817.00      137.593      5.55179
      4818.40      143.343      5.53899
      4819.80      140.705      5.62429
      4821.20      146.213      5.72242
      4822.60      144.569      5.61612
      4824.00      136.436      5.35688
      4825.40      132.184      5.29981
      4826.80      143.454      5.50993
      4828.20      138.362      5.38103
      4829.60      143.893      5.44385
      4831.00      141.464      5.38271
      4832.40      139.615      5.36791
      4833.80      145.690      5.41159
      4835.20      140.151      5.33916
      4836.60      143.697      5.40827
      4838.00      147.743      5.51453
      4839.40      143.684      5.45617
      4840.80      144.829      5.50719
      4842.20      139.903      5.56409
      4843.60      134.730      5.66818
      4845.00      141.297      5.55181
      4846.40      135.670      5.27217
      4847.80      141.094      5.40293
      4849.20      133.447      5.39833
      4850.60      137.332      5.60238
      4852.00      131.008      5.65948
      4853.40      125.378      5.90351
      4854.80      134.815      6.24807
      4856.20      120.909      5.70244
      4857.60      130.283      5.42923
      4859.00      130.290      5.21434
      4860.40      115.040      5.06963
      4861.80      99.2434      5.04247
      4863.20      79.7537      4.97184
      4864.60      96.2168      5.43340
      4866.00      117.783      5.23170
      4867.40      125.981      5.10699
      4868.80      133.123      5.28718
      4870.20      135.452      5.41269
      4871.60      130.566      5.25175
      4873.00      135.915      5.19113
      4874.40      130.828      5.14200
      4875.80      126.813      5.12823
      4877.20      136.645      5.24259
      4878.60      139.708      5.26560
      4880.00      139.410      5.26464
      4881.40      138.662      5.61168
      4882.80      140.094      5.56192
      4884.20      135.933      5.29170
      4885.60      140.012      5.25820
      4887.00      134.462      5.12964
      4888.40      133.331      5.11557
      4889.80      140.021      5.29747
      4891.20      137.015      5.23872
      4892.60      123.410      4.97759
      4894.00      124.427      5.05271
      4895.40      135.151      5.25377
      4896.80      138.455      5.23438
      4898.20      136.030      5.12732
      4899.60      141.454      5.24816
      4901.00      139.704      5.46550
      4902.40      144.619      5.67327
      4903.80      133.614      5.41125
      4905.20      138.097      5.23558
      4906.60      144.684      5.26170
      4908.00      132.110      5.07694
      4909.40      141.558      5.30824
      4910.80      134.027      5.24321
      4912.20      139.130      5.15801
      4913.60      134.576      5.03928
      4915.00      140.934      5.19448
      4916.40      136.398      5.29968
      4917.80      144.762      5.49372
      4919.20      141.273      5.46178
      4920.60      135.033      5.33809
      4922.00      134.868      5.29365
      4923.40      137.434      5.22228
      4924.80      129.773      4.97878
      4926.20      130.686      5.11463
      4927.60      134.807      5.21698
      4929.00      138.309      5.60758
      4930.40      142.727      5.96922
      4931.80      137.838      5.71597
      4933.20      136.052      5.34550
      4934.60      127.543      5.04028
      4936.00      129.568      5.00548
      4937.40      135.888      5.01478
      4938.80      140.219      5.26668
      4940.20      134.220      5.55038
      4941.60      139.418      5.62245
      4943.00      140.816      5.28845
      4944.40      150.048      5.40611
      4945.80      142.324      5.12627
      4947.20      133.807      4.93691
      4948.60      139.012      5.15005
      4950.00      134.029      5.27578
      4951.40      140.321      5.30613
      4952.80      141.444      5.13580
      4954.20      138.004      5.10950
      4955.60      139.122      5.17666
      4957.00      138.357      5.18690
      4958.40      139.081      5.31528
      4959.80      128.338      5.13041
      4961.20      139.336      5.20175
      4962.60      139.902      5.33178
      4964.00      140.693      5.49423
      4965.40      139.001      5.21459
      4966.80      139.707      5.03722
      4968.20      138.074      5.03521
      4969.60      145.049      5.24069
      4971.00      141.826      5.39514
      4972.40      136.505      5.57954
      4973.80      144.595      5.63400
      4975.20      135.150      5.02869
      4976.60      134.155      5.01455
      4978.00      134.742      5.03846
      4979.40      140.515      5.21783
      4980.80      142.864      5.24725
      4982.20      140.282      5.18164
      4983.60      135.171      5.17063
      4985.00      127.823      5.10265
      4986.40      134.828      5.13007
      4987.80      138.600      5.13714
      4989.20      139.301      5.06555
      4990.60      133.188      5.00151
      4992.00      133.696      5.04774
      4993.40      131.943      5.01659
      4994.80      136.544      4.99578
      4996.20      132.833      4.94829
      4997.60      130.735      5.05061
      4999.00      135.522      5.23515
