      3900.00      199.063      11.8177
      3901.40      189.005      11.8609
      3902.80      172.998      11.6137
      3904.20      192.425      12.4959
      3905.60      200.069      12.9029
      3907.00      178.432      12.1759
      3908.40      195.184      12.3084
      3909.80      222.770      12.7504
      3911.20      219.003      12.3405
      3912.60      224.638      12.8162
      3914.00      221.841      12.5662
      3915.40      228.180      12.8735
      3916.80      227.811      12.6582
      3918.20      243.165      12.6705
      3919.60      205.184      11.7615
      3921.00      216.395      11.9149
      3922.40      231.284      12.1004
      3923.80      218.141      11.8862
      3925.20      230.904      12.1741
      3926.60      204.481      11.8469
      3928.00      213.998      12.3382
      3929.40      207.619      11.9543
      3930.80      206.339      12.0681
      3932.20      202.472      11.8948
      3933.60      180.401      11.3139
      3935.00      124.675      9.73575
      3936.40      153.831      10.2032
      3937.80      194.388      11.1884
      3939.20      216.973      12.2062
      3940.60      224.579      12.9175
      3942.00      230.915      12.5696
      3943.40      220.591      12.3189
      3944.80      207.589      12.0686
      3946.20      223.170      12.5851
      3947.60      227.832      12.7230
      3949.00      230.336      12.5043
      3950.40      218.481      11.8159
      3951.80      198.248      11.1111
      3953.20      219.297      11.5503
      3954.60      213.127      11.5625
      3956.00      215.641      11.5418
      3957.40      190.174      10.8619
      3958.80      191.838      10.7422
      3960.20      189.583      10.6405
      3961.60      196.576      10.6128
      3963.00      171.300      10.0458
      3964.40      166.615      10.1140
      3965.80      148.775      10.1044
      3967.20      131.517      9.46232
      3968.60      107.823      9.17055
      3970.00      84.6898      8.56199
      3971.40      64.0279      8.10462
      3972.80      91.1122      8.67398
      3974.20      125.456      9.46403
      3975.60      131.574      9.78944
      3977.00      147.570      10.3331
      3978.40      160.664      10.6676
      3979.80      177.853      10.8180
      3981.20      192.041      10.7493
      3982.60      191.940      10.5709
      3984.00      186.887      10.4276
      3985.40      192.706      10.3627
      3986.80      204.713      10.9937
      3988.20      205.201      10.5328
      3989.60      207.295      10.7524
      3991.00      188.281      10.3717
      3992.40      206.694      10.7438
      3993.80      205.318      10.7461
      3995.20      196.952      10.2124
      3996.60      212.759      10.4943
      3998.00      205.029      10.3541
      3999.40      212.802      10.7450
      4000.80      209.567      10.6337
      4002.20      227.569      10.7942
      4003.60      215.827      10.6260
      4005.00      222.725      10.9632
      4006.40      217.434      10.7979
      4007.80      226.798      11.2328
      4009.20      217.463      10.6607
      4010.60      211.000      10.8170
      4012.00      219.190      11.2368
      4013.40      206.143      10.7434
      4014.80      216.508      10.6877
      4016.20      224.796      10.4923
      4017.60      225.442      10.6699
      4019.00      230.553      10.8989
      4020.40      228.098      10.9682
      4021.80      211.597      10.4500
      4023.20      235.072      10.7025
      4024.60      228.595      11.0173
      4026.00      224.881      11.5621
      4027.40      237.225      11.9672
      4028.80      218.082      11.2681
      4030.20      220.789      10.7125
      4031.60      221.993      10.3342
      4033.00      214.217      10.1769
      4034.40      219.150      10.2267
      4035.80      219.919      10.3681
      4037.20      211.185      10.3034
      4038.60      196.794      10.1179
      4040.00      227.330      10.6248
      4041.40      223.559      10.5171
      4042.80      200.444      10.0973
      4044.20      217.079      10.5864
      4045.60      207.596      11.0190
      4047.00      220.316      11.7468
      4048.40      208.588      11.1015
      4049.80      224.586      10.5623
      4051.20      217.854      10.3925
      4052.60      213.147      10.3427
      4054.00      197.248      9.98655
      4055.40      219.744      10.3972
      4056.80      226.216      10.4159
      4058.20      206.136      10.0752
      4059.60      235.238      10.8649
      4061.00      211.510      11.5170
      4062.40      237.622      12.1202
      4063.80      238.212      10.7471
      4065.20      201.498      10.0208
      4066.60      208.951      10.2682
      4068.00      214.156      10.4047
      4069.40      209.784      10.3058
      4070.80      210.152      10.2439
      4072.20      202.671      10.0095
      4073.60      198.456      9.82294
      4075.00      220.779      10.1435
      4076.40      194.275      10.2322
      4077.80      204.174      10.3300
      4079.20      203.740      9.96675
      4080.60      200.006      9.88024
      4082.00      194.303      9.90441
      4083.40      194.894      10.3395
      4084.80      193.734      10.2319
      4086.20      182.860      9.53133
      4087.60      180.629      9.36765
      4089.00      186.430      9.22583
      4090.40      184.368      9.34151
      4091.80      188.293      9.55843
      4093.20      181.743      9.46380
      4094.60      170.100      9.06645
      4096.00      165.863      8.81449
      4097.40      155.026      8.56434
      4098.80      147.544      8.47825
      4100.20      135.640      8.17432
      4101.60      115.145      7.80562
      4103.00      70.7759      6.89612
      4104.40      84.3245      7.19496
      4105.80      126.272      7.95601
      4107.20      142.807      8.49684
      4108.60      162.580      9.02094
      4110.00      151.511      8.68732
      4111.40      164.844      8.77748
      4112.80      181.621      9.22825
      4114.20      178.170      8.80290
      4115.60      185.233      8.99810
      4117.00      174.620      8.84982
      4118.40      188.952      9.01859
      4119.80      186.822      9.01311
      4121.20      195.613      9.32149
      4122.60      197.542      9.58424
      4124.00      205.612      9.66691
      4125.40      205.246      9.65362
      4126.80      199.709      9.58038
      4128.20      205.953      9.64613
      4129.60      206.510      9.85374
      4131.00      214.876      9.77280
      4132.40      193.470      9.31952
      4133.80      212.597      9.73015
      4135.20      209.710      9.65667
      4136.60      192.678      9.25863
      4138.00      206.847      10.0438
      4139.40      207.475      9.40694
      4140.80      213.931      9.41933
      4142.20      221.998      9.55071
      4143.60      217.935      9.40146
      4145.00      217.881      9.43864
      4146.40      202.974      9.16774
      4147.80      206.900      9.08549
      4149.20      193.483      9.04599
      4150.60      199.495      8.98972
      4152.00      193.085      8.92668
      4153.40      201.251      9.35485
      4154.80      194.366      9.31934
      4156.20      191.769      8.99891
      4157.60      197.564      9.00092
      4159.00      200.104      9.06603
      4160.40      200.309      9.27675
      4161.80      202.774      9.28877
      4163.20      202.766      9.26147
      4164.60      193.551      8.94543
      4166.00      197.556      8.84559
      4167.40      226.509      9.44091
      4168.80      214.870      9.27115
      4170.20      214.757      9.37803
      4171.60      210.427      9.22632
      4173.00      203.381      9.04078
      4174.40      200.457      8.90418
      4175.80      205.426      9.01410
      4177.20      208.172      9.17876
      4178.60      205.637      9.33614
      4180.00      186.238      9.07397
      4181.40      200.895      9.23361
      4182.80      200.010      9.18775
      4184.20      195.889      9.13392
      4185.60      193.894      8.95187
      4187.00      194.246      8.64042
      4188.40      197.446      8.72850
      4189.80      199.590      8.75030
      4191.20      217.713      9.31434
      4192.60      192.468      8.91635
      4194.00      218.434      9.21770
      4195.40      213.988      9.02782
      4196.80      208.782      8.93365
      4198.20      213.831      9.21129
      4199.60      186.045      8.76119
      4201.00      211.202      9.27667
      4202.40      208.387      9.20662
      4203.80      203.377      8.74073
      4205.20      194.157      8.58327
      4206.60      198.634      8.61859
      4208.00      194.652      8.98090
      4209.40      199.104      8.70449
      4210.80      194.620      8.55805
      4212.20      193.604      8.58835
      4213.60      200.066      8.71832
      4215.00      194.321      8.57383
      4216.40      193.261      8.51293
      4217.80      189.388      8.33171
      4219.20      197.339      8.51570
      4220.60      202.807      8.68663
      4222.00      213.447      9.06694
      4223.40      207.988      9.02387
      4224.80      215.310      8.98916
      4226.20      202.629      30.0748
      4227.60      188.588      10.4842
      4229.00      184.444      8.30839
      4230.40      202.573      8.85678
      4231.80      185.874      8.58473
      4233.20      195.776      8.69783
      4234.60      189.361      8.40449
      4236.00      204.352      8.65501
      4237.40      211.459      8.70218
      4238.80      181.299      8.07651
      4240.20      198.233      8.46838
      4241.60      206.300      8.65459
      4243.00      213.906      8.80549
      4244.40      203.381      9.10015
      4245.80      200.482      8.98088
      4247.20      180.434      8.55560
      4248.60      200.104      8.61709
      4250.00      194.568      8.36558
      4251.40      201.886      8.54951
      4252.80      185.951      8.35750
      4254.20      210.953      8.78542
      4255.60      191.260      8.24724
      4257.00      193.283      8.38583
      4258.40      195.364      8.47792
      4259.80      210.232      8.61812
      4261.20      189.261      8.23380
      4262.60      194.174      8.31984
      4264.00      196.410      8.31887
      4265.40      208.162      8.46403
      4266.80      201.486      8.62206
      4268.20      205.483      8.68790
      4269.60      207.374      8.67717
      4271.00      202.790      8.55783
      4272.40      196.235      8.30172
      4273.80      199.930      8.34056
      4275.20      195.370      8.51449
      4276.60      191.610      8.27458
      4278.00      205.230      8.62987
      4279.40      195.149      8.53021
      4280.80      197.207      8.62551
      4282.20      225.880      9.12596
      4283.60      206.071      8.66515
      4285.00      204.405      8.44843
      4286.40      181.729      8.01126
      4287.80      203.879      8.44617
      4289.20      195.184      8.20742
      4290.60      195.965      8.29116
      4292.00      185.815      8.27438
      4293.40      194.577      8.56761
      4294.80      195.459      8.36299
      4296.20      182.626      8.00772
      4297.60      196.017      8.36311
      4299.00      186.638      8.21042
      4300.40      186.892      8.26708
      4301.80      182.605      7.88910
      4303.20      178.602      7.81249
      4304.60      184.536      7.94699
      4306.00      189.128      8.02491
      4307.40      193.212      8.23957
      4308.80      189.455      8.02703
      4310.20      190.530      8.03091
      4311.60      190.043      8.06758
      4313.00      186.589      8.15072
      4314.40      192.019      8.21110
      4315.80      188.400      8.24478
      4317.20      189.508      8.05860
      4318.60      184.357      8.03997
      4320.00      185.346      8.40785
      4321.40      167.506      8.54849
      4322.80      176.436      8.65136
      4324.20      181.921      8.42282
      4325.60      168.723      7.87273
      4327.00      171.400      7.81915
      4328.40      169.134      7.72494
      4329.80      160.666      7.52324
      4331.20      165.927      7.51672
      4332.60      161.879      7.38023
      4334.00      154.848      7.23416
      4335.40      147.292      7.06327
      4336.80      137.788      6.93102
      4338.20      126.087      6.76713
      4339.60      121.400      6.70220
      4341.00      102.117      6.40633
      4342.40      84.4707      6.18458
      4343.80      95.9006      6.44838
      4345.20      114.584      6.59274
      4346.60      129.286      6.86444
      4348.00      134.003      7.25180
      4349.40      143.759      7.28343
      4350.80      143.490      7.15184
      4352.20      160.696      7.47066
      4353.60      151.332      7.47164
      4355.00      160.475      7.63476
      4356.40      171.615      7.83628
      4357.80      169.503      8.73494
      4359.20      161.503      10.2335
      4360.60      168.927      9.75989
      4362.00      173.738      7.94175
      4363.40      174.416      7.64488
      4364.80      173.604      7.69159
      4366.20      185.615      7.96445
      4367.60      180.367      7.92701
      4369.00      179.582      7.78287
      4370.40      186.627      8.05555
      4371.80      180.585      7.94180
      4373.20      181.421      7.78278
      4374.60      184.529      7.83524
      4376.00      180.836      7.65443
      4377.40      181.883      7.64659
      4378.80      199.201      7.99549
      4380.20      203.063      8.05963
      4381.60      181.025      7.66468
      4383.00      181.705      7.68336
      4384.40      167.559      7.51272
      4385.80      172.775      7.56942
      4387.20      194.337      7.96307
      4388.60      180.680      7.69788
      4390.00      185.051      7.84823
      4391.40      194.502      8.36730
      4392.80      183.721      7.79669
      4394.20      176.717      7.55869
      4395.60      169.759      7.49628
      4397.00      190.962      7.77941
      4398.40      192.253      7.70455
      4399.80      183.264      7.61404
      4401.20      188.946      7.71120
      4402.60      194.426      8.04859
      4404.00      172.329      7.79700
      4405.40      182.839      7.92102
      4406.80      174.876      7.85375
      4408.20      178.877      8.09054
      4409.60      188.196      8.11905
      4411.00      183.670      7.92480
      4412.40      179.021      7.86624
      4413.80      180.501      8.22163
      4415.20      169.741      11.4591
      4416.60      178.649      7.92064
      4418.00      182.523      7.72798
      4419.40      177.287      7.92772
      4420.80      169.627      7.95240
      4422.20      186.847      7.88081
      4423.60      177.786      7.46410
      4425.00      188.083      7.62804
      4426.40      179.830      7.55432
      4427.80      186.152      8.09574
      4429.20      202.598      8.37187
      4430.60      183.339      7.67942
      4432.00      169.237      7.48698
      4433.40      181.511      7.74566
      4434.80      181.741      7.69113
      4436.20      160.743      7.08384
      4437.60      170.514      7.23930
      4439.00      181.692      7.61036
      4440.40      173.518      7.38322
      4441.80      184.075      7.79890
      4443.20      184.750      7.57777
      4444.60      182.237      7.39435
      4446.00      180.708      7.39031
      4447.40      177.952      7.39699
      4448.80      183.192      7.47892
      4450.20      182.519      7.48118
      4451.60      181.448      7.68970
      4453.00      171.782      7.26492
      4454.40      176.624      7.32361
      4455.80      186.301      7.45295
      4457.20      185.916      7.42329
      4458.60      180.899      7.32358
      4460.00      181.596      7.56461
      4461.40      192.563      7.68230
      4462.80      175.925      7.37972
      4464.20      181.807      7.34651
      4465.60      190.033      7.45303
      4467.00      174.436      7.25774
      4468.40      170.045      7.43076
      4469.80      178.166      7.49244
      4471.20      179.645      7.37500
      4472.60      168.573      7.11476
      4474.00      174.371      7.88900
      4475.40      172.711      10.8029
      4476.80      180.458      7.97799
      4478.20      174.696      7.60101
      4479.60      184.392      7.53081
      4481.00      187.980      7.51212
      4482.40      176.036      7.25778
      4483.80      178.493      7.45259
      4485.20      182.456      7.77624
      4486.60      187.502      7.62424
      4488.00      181.899      7.37221
      4489.40      179.834      7.24903
      4490.80      189.630      7.47127
      4492.20      186.192      7.53297
      4493.60      180.505      7.46016
      4495.00      176.488      7.45083
      4496.40      170.469      7.22750
      4497.80      180.967      7.31547
      4499.20      173.649      7.19939
      4500.60      172.518      7.18273
      4502.00      178.662      7.37375
      4503.40      174.241      7.32663
      4504.80      180.689      7.20589
      4506.20      172.539      7.02434
      4507.60      170.980      7.20435
      4509.00      170.078      7.02088
      4510.40      165.843      6.97781
      4511.80      176.559      7.21903
      4513.20      174.187      7.17358
      4514.60      177.291      7.32676
      4516.00      175.497      7.21144
      4517.40      176.884      7.18811
      4518.80      179.331      7.50461
      4520.20      174.061      7.44866
      4521.60      178.472      7.49073
      4523.00      174.785      7.21142
      4524.40      176.067      7.07122
      4525.80      183.127      7.22899
      4527.20      173.685      6.99782
      4528.60      183.553      7.20973
      4530.00      179.284      7.11576
      4531.40      172.641      6.99079
      4532.80      175.939      7.08007
      4534.20      173.081      7.08909
      4535.60      165.251      6.88470
      4537.00      172.603      7.02772
      4538.40      174.048      7.07230
      4539.80      170.049      7.22791
      4541.20      173.285      7.16498
      4542.60      177.129      7.24085
      4544.00      175.951      7.29591
      4545.40      177.130      17.8528
      4546.80      181.570      7.39692
      4548.20      175.024      7.15435
      4549.60      175.705      6.98241
      4551.00      171.635      6.88911
      4552.40      167.790      6.94646
      4553.80      184.003      7.36328
      4555.20      164.960      7.42158
      4556.60      185.323      7.28052
      4558.00      179.727      7.10429
      4559.40      185.569      7.16557
      4560.80      176.918      7.11075
      4562.20      181.515      7.20862
      4563.60      179.178      7.11111
      4565.00      170.364      6.86918
      4566.40      182.439      7.11581
      4567.80      154.518      6.58679
      4569.20      167.345      6.85992
      4570.60      176.315      7.00515
      4572.00      173.956      6.86705
      4573.40      163.430      6.79226
      4574.80      154.292      6.59900
      4576.20      170.916      6.85474
      4577.60      183.193      7.04211
      4579.00      167.553      6.70378
      4580.40      164.520      6.68632
      4581.80      170.170      6.80723
      4583.20      176.190      6.96392
      4584.60      166.850      6.75388
      4586.00      167.645      6.77786
      4587.40      176.117      7.01353
      4588.80      161.346      6.84044
      4590.20      168.979      6.85146
      4591.60      179.756      6.92303
      4593.00      175.787      6.93647
      4594.40      154.881      6.66486
      4595.80      173.639      7.27252
      4597.20      173.744      6.94748
      4598.60      177.781      7.02077
      4600.00      183.235      7.17764
      4601.40      167.246      6.84663
      4602.80      178.106      7.05548
      4604.20      178.905      6.98193
      4605.60      157.491      6.49101
      4607.00      171.065      6.73141
      4608.40      173.621      6.75533
      4609.80      165.943      6.65642
      4611.20      167.889      6.69409
      4612.60      172.811      6.82756
      4614.00      171.951      7.27041
      4615.40      169.187      6.84142
      4616.80      180.991      6.89511
      4618.20      174.505      6.78423
      4619.60      165.710      6.59064
      4621.00      169.965      6.64546
      4622.40      182.243      6.92950
      4623.80      182.533      7.03511
      4625.20      159.576      6.67973
      4626.60      174.198      6.91903
      4628.00      160.967      6.58164
      4629.40      172.454      6.78398
      4630.80      165.507      6.73446
      4632.20      158.080      6.53942
      4633.60      165.687      6.73906
      4635.00      172.343      6.73753
      4636.40      169.590      6.75210
      4637.80      167.023      6.77598
      4639.20      160.282      6.51466
      4640.60      174.205      6.81191
      4642.00      172.962      6.76389
      4643.40      171.295      6.66491
      4644.80      163.236      6.56386
      4646.20      171.848      6.77235
      4647.60      161.958      6.53016
      4649.00      165.594      6.54923
      4650.40      174.785      6.88476
      4651.80      170.347      6.76807
      4653.20      175.756      6.97363
      4654.60      160.851      6.69103
      4656.00      158.922      6.66289
      4657.40      169.833      6.92445
      4658.80      154.733      6.78445
      4660.20      162.030      6.90065
      4661.60      165.537      6.81287
      4663.00      181.176      6.90655
      4664.40      172.250      6.70331
      4665.80      167.538      6.59719
      4667.20      171.068      6.67798
      4668.60      165.881      6.66188
      4670.00      166.627      6.76946
      4671.40      172.874      6.84809
      4672.80      171.131      6.78028
      4674.20      162.109      6.61533
      4675.60      166.461      6.63531
      4677.00      170.000      6.73562
      4678.40      168.568      6.80405
      4679.80      176.117      6.93804
      4681.20      155.374      6.53487
      4682.60      153.012      6.35437
      4684.00      159.793      6.44491
      4685.40      158.013      6.40095
      4686.80      170.613      6.85402
      4688.20      165.793      6.68917
      4689.60      165.467      6.53844
      4691.00      167.524      6.54220
      4692.40      144.661      6.11385
      4693.80      155.302      6.35295
      4695.20      162.744      6.67034
      4696.60      161.163      6.57892
      4698.00      175.665      7.03382
      4699.40      172.057      7.02750
      4700.80      165.504      6.73044
      4702.20      168.697      6.65974
      4703.60      178.709      6.76599
      4705.00      159.305      6.38082
      4706.40      172.675      6.64849
      4707.80      169.250      6.61047
      4709.20      175.931      6.67307
      4710.60      164.093      6.48085
      4712.00      167.388      6.55714
      4713.40      159.649      6.38789
      4714.80      156.313      6.32162
      4716.20      152.252      6.27221
      4717.60      169.462      6.57768
      4719.00      161.847      6.51595
      4720.40      159.086      6.53574
      4721.80      168.040      6.79451
      4723.20      162.375      6.70644
      4724.60      155.247      6.39186
      4726.00      165.273      6.46181
      4727.40      164.467      6.42192
      4728.80      161.657      6.40348
      4730.20      166.947      6.67434
      4731.60      163.803      6.60647
      4733.00      165.458      6.51344
      4734.40      158.569      6.31189
      4735.80      159.011      6.35372
      4737.20      161.142      6.62165
      4738.60      155.286      6.44574
      4740.00      162.815      6.70965
      4741.40      166.931      6.58946
      4742.80      148.664      6.30620
      4744.20      161.540      6.45910
      4745.60      151.705      6.29797
      4747.00      157.008      6.33212
      4748.40      162.417      6.52507
      4749.80      153.800      6.37084
      4751.20      160.183      6.44486
      4752.60      170.043      6.45966
      4754.00      170.671      6.46093
      4755.40      170.133      6.46448
      4756.80      149.762      6.13184
      4758.20      162.068      6.53325
      4759.60      155.655      6.39030
      4761.00      158.798      6.29349
      4762.40      161.801      6.34931
      4763.80      165.690      6.52332
      4765.20      160.883      6.39387
      4766.60      161.993      6.48388
      4768.00      150.122      6.07888
      4769.40      155.267      6.18414
      4770.80      163.472      6.37167
      4772.20      159.618      6.27652
      4773.60      162.629      6.46753
      4775.00      164.457      6.50160
      4776.40      160.791      6.46312
      4777.80      167.212      6.53215
      4779.20      164.268      6.43355
      4780.60      168.082      6.48114
      4782.00      162.767      6.40231
      4783.40      154.050      6.20190
      4784.80      168.311      6.40132
      4786.20      161.839      6.25258
      4787.60      166.066      6.33229
      4789.00      161.352      6.26833
      4790.40      157.377      6.32685
      4791.80      157.841      6.42499
      4793.20      157.455      6.32752
      4794.60      149.278      6.13254
      4796.00      149.791      6.10531
      4797.40      145.359      6.04471
      4798.80      168.749      6.33133
      4800.20      150.681      6.04634
      4801.60      155.143      6.24378
      4803.00      164.142      6.38324
      4804.40      166.728      6.43994
      4805.80      157.198      6.46353
      4807.20      150.991      6.48727
      4808.60      156.124      6.38492
      4810.00      156.234      6.32870
      4811.40      158.990      6.19842
      4812.80      158.040      6.22355
      4814.20      162.680      6.32974
      4815.60      157.904      6.18653
      4817.00      147.604      6.01523
      4818.40      160.165      6.30129
      4819.80      164.628      6.32133
      4821.20      155.732      6.16995
      4822.60      155.588      6.60701
      4824.00      151.060      6.56499
      4825.40      154.404      6.40161
      4826.80      157.797      6.20621
      4828.20      151.304      6.06492
      4829.60      157.053      6.17488
      4831.00      160.224      6.30029
      4832.40      154.325      6.16173
      4833.80      157.941      6.27625
      4835.20      163.259      6.42573
      4836.60      153.731      6.26019
      4838.00      147.614      6.02336
      4839.40      145.397      6.05981
      4840.80      143.944      6.15291
      4842.20      154.481      6.20605
      4843.60      151.362      6.06804
      4845.00      141.777      5.92572
      4846.40      145.321      5.94097
      4847.80      133.797      5.72622
      4849.20      148.993      6.00605
      4850.60      136.829      5.78957
      4852.00      145.818      5.96925
      4853.40      139.462      5.88841
      4854.80      142.384      5.94093
      4856.20      136.317      5.97462
      4857.60      126.595      5.75077
      4859.00      116.380      5.65630
      4860.40      96.0658      5.18134
      4861.80      84.0184      4.76304
      4863.20      72.6901      4.41680
      4864.60      76.2630      4.50367
      4866.00      101.116      5.03008
      4867.40      93.6225      4.99159
      4868.80      116.977      5.59866
      4870.20      126.869      5.81865
      4871.60      122.477      5.61566
      4873.00      125.605      5.57816
      4874.40      124.374      5.53892
      4875.80      140.547      6.09480
      4877.20      134.687      6.10691
      4878.60      136.142      6.03074
      4880.00      137.770      5.96206
      4881.40      139.314      5.94355
      4882.80      148.578      6.17350
      4884.20      154.374      6.24363
      4885.60      161.935      6.32795
      4887.00      148.861      6.05939
      4888.40      145.814      6.13998
      4889.80      146.505      6.30011
      4891.20      138.661      6.26599
      4892.60      141.963      6.22341
      4894.00      144.946      6.14613
      4895.40      147.186      6.17300
      4896.80      138.028      6.05110
      4898.20      150.315      6.22136
      4899.60      157.788      6.47683
      4901.00      160.683      6.51023
      4902.40      154.354      6.23163
      4903.80      152.148      6.55196
      4905.20      158.849      6.52871
      4906.60      157.074      6.30865
      4908.00      153.945      6.31621
      4909.40      158.195      6.51290
      4910.80      153.898      6.45667
      4912.20      143.665      6.09342
      4913.60      146.007      6.05318
      4915.00      146.277      5.89482
      4916.40      152.178      6.03411
      4917.80      151.059      6.09552
      4919.20      157.017      6.36687
      4920.60      156.786      6.25729
      4922.00      150.388      6.12800
      4923.40      152.363      6.15466
      4924.80      144.028      5.90762
      4926.20      144.354      5.85191
      4927.60      137.744      5.72480
      4929.00      150.937      6.05507
      4930.40      151.745      6.18281
      4931.80      145.586      6.18137
      4933.20      138.822      6.04974
      4934.60      142.679      5.89004
      4936.00      149.118      5.84704
      4937.40      157.114      6.01256
      4938.80      140.986      5.72898
      4940.20      147.994      5.88524
      4941.60      159.473      6.09734
      4943.00      147.240      5.99646
      4944.40      155.704      6.10926
      4945.80      143.886      5.76883
      4947.20      148.003      5.85574
      4948.60      140.939      5.92050
      4950.00      148.450      6.15519
      4951.40      151.958      6.08733
      4952.80      160.035      6.07082
      4954.20      146.359      5.83109
      4955.60      157.394      6.01192
      4957.00      147.542      5.77623
      4958.40      139.209      5.66384
      4959.80      149.492      5.95091
      4961.20      145.910      5.95817
      4962.60      137.773      5.70779
      4964.00      150.125      5.83810
      4965.40      161.316      6.01620
      4966.80      154.779      5.97076
      4968.20      158.646      6.10112
      4969.60      148.493      5.92139
      4971.00      151.406      6.16170
      4972.40      148.201      6.19724
      4973.80      148.674      6.10091
      4975.20      150.859      5.90341
      4976.60      145.326      5.73365
      4978.00      144.210      5.79256
      4979.40      146.989      5.91849
      4980.80      154.417      6.03020
      4982.20      148.346      5.95357
      4983.60      145.374      6.00908
      4985.00      157.679      6.25359
      4986.40      155.900      6.10984
      4987.80      154.057      5.95534
      4989.20      145.740      5.82312
      4990.60      142.267      5.77335
      4992.00      145.181      5.81165
      4993.40      156.945      5.96220
      4994.80      154.333      5.89871
      4996.20      146.776      5.88036
      4997.60      140.749      5.81493
      4999.00      149.989      5.76580
