      3900.00      125.602      10.2188
      3901.40      130.019      10.2156
      3902.80      127.494      10.0710
      3904.20      130.508      10.1683
      3905.60      134.668      10.2988
      3907.00      154.445      11.0259
      3908.40      149.060      11.1393
      3909.80      146.001      11.2398
      3911.20      158.924      11.3895
      3912.60      162.648      11.3689
      3914.00      133.674      10.7020
      3915.40      173.104      11.4184
      3916.80      151.839      10.8858
      3918.20      103.623      9.74429
      3919.60      154.247      10.8295
      3921.00      132.180      10.3582
      3922.40      165.063      10.8571
      3923.80      160.777      10.6804
      3925.20      150.729      10.3459
      3926.60      134.063      9.80996
      3928.00      143.899      9.89180
      3929.40      121.300      9.26258
      3930.80      87.3480      8.50926
      3932.20      87.4697      8.50545
      3933.60      33.5143      7.04714
      3935.00      37.5344      7.04204
      3936.40      103.034      8.35728
      3937.80      113.624      8.51413
      3939.20      122.978      8.82116
      3940.60      144.778      9.35348
      3942.00      146.231      9.35065
      3943.40      138.765      9.28213
      3944.80      135.115      9.26366
      3946.20      142.940      9.73577
      3947.60      146.549      9.77508
      3949.00      142.322      9.23155
      3950.40      154.273      9.36184
      3951.80      148.347      9.14949
      3953.20      132.410      8.83275
      3954.60      159.335      9.40487
      3956.00      135.231      8.93419
      3957.40      142.982      9.20959
      3958.80      143.562      9.33276
      3960.20      142.219      9.52838
      3961.60      129.237      9.30732
      3963.00      127.977      9.05690
      3964.40      119.932      8.70870
      3965.80      104.543      8.21024
      3967.20      70.9304      7.35224
      3968.60      38.9227      6.47899
      3970.00      40.6540      6.71471
      3971.40      63.8752      7.53434
      3972.80      85.5158      8.31325
      3974.20      104.304      8.97021
      3975.60      122.305      9.79113
      3977.00      132.285      10.0493
      3978.40      135.093      10.0277
      3979.80      123.124      9.90719
      3981.20      140.167      10.3587
      3982.60      130.816      10.2848
      3984.00      140.454      10.5004
      3985.40      150.159      10.8699
      3986.80      144.124      10.3713
      3988.20      148.379      10.3162
      3989.60      153.093      10.2229
      3991.00      159.009      10.2886
      3992.40      165.161      10.2520
      3993.80      157.772      10.0768
      3995.20      145.269      9.77929
      3996.60      163.190      9.79832
      3998.00      147.239      9.33487
      3999.40      157.512      9.42450
      4000.80      167.212      9.57083
      4002.20      160.856      9.30334
      4003.60      158.716      8.98936
      4005.00      159.174      8.88515
      4006.40      158.597      8.84097
      4007.80      157.193      8.82963
      4009.20      170.030      9.22537
      4010.60      164.644      8.98395
      4012.00      158.773      8.77700
      4013.40      144.474      8.42480
      4014.80      167.465      8.78454
      4016.20      179.424      9.04107
      4017.60      150.584      8.51213
      4019.00      158.286      8.83518
      4020.40      160.695      8.83469
      4021.80      153.688      8.57434
      4023.20      153.333      8.68968
      4024.60      147.369      8.27297
      4026.00      155.605      8.51320
      4027.40      165.267      8.82096
      4028.80      167.695      8.92623
      4030.20      157.658      8.53246
      4031.60      162.954      8.51616
      4033.00      151.822      8.45611
      4034.40      151.599      8.93206
      4035.80      148.350      8.81309
      4037.20      153.998      8.74152
      4038.60      159.887      8.85313
      4040.00      161.298      8.75257
      4041.40      165.445      8.75575
      4042.80      165.806      8.86948
      4044.20      157.091      8.59103
      4045.60      145.072      8.53008
      4047.00      140.624      8.91166
      4048.40      175.857      9.91029
      4049.80      168.127      9.06299
      4051.20      173.788      9.01776
      4052.60      168.993      8.98560
      4054.00      160.418      8.84525
      4055.40      156.655      9.02289
      4056.80      149.791      9.00573
      4058.20      163.048      9.01546
      4059.60      157.256      8.82991
      4061.00      172.127      9.42342
      4062.40      166.033      10.0118
      4063.80      162.301      11.6979
      4065.20      166.391      9.39191
      4066.60      162.486      9.15819
      4068.00      144.077      8.79405
      4069.40      156.431      9.35575
      4070.80      151.719      9.18951
      4072.20      136.545      8.73680
      4073.60      160.108      9.16400
      4075.00      151.837      9.12251
      4076.40      144.477      9.20938
      4077.80      131.756      8.96173
      4079.20      139.008      9.11769
      4080.60      151.394      9.31229
      4082.00      163.514      9.59609
      4083.40      147.297      9.22699
      4084.80      128.267      8.80795
      4086.20      132.381      8.97489
      4087.60      142.865      9.38270
      4089.00      144.129      9.64360
      4090.40      130.748      9.30654
      4091.80      147.976      9.68111
      4093.20      141.027      9.60208
      4094.60      147.391      10.3958
      4096.00      156.896      11.3629
      4097.40      157.817      1732.05
      4098.80      157.584      1732.05
      4100.20      157.568      1732.05
      4101.60      157.461      1732.05
      4103.00      157.337      1732.05
      4104.40      157.209      1732.05
      4105.80      157.079      1732.05
      4107.20      156.945      1732.05
      4108.60      156.809      1732.05
      4110.00      156.668      1732.05
      4111.40      156.525      1732.05
      4112.80      156.380      1732.05
      4114.20      156.230      1732.05
      4115.60      156.079      1732.05
      4117.00      155.925      1732.05
      4118.40      155.766      1732.05
      4119.80      155.606      1732.05
      4121.20      155.442      1732.05
      4122.60      155.274      1732.05
      4124.00      155.104      1732.05
      4125.40      154.930      1732.05
      4126.80      154.754      1732.05
      4128.20      154.574      1732.05
      4129.60      154.393      1732.05
      4131.00      154.205      1732.05
      4132.40      154.018      1732.05
      4133.80      153.825      1732.05
      4135.20      153.630      1732.05
      4136.60      153.396      1732.05
      4138.00      152.739      9.84851
      4139.40      144.246      9.19624
      4140.80      160.758      9.23263
      4142.20      149.236      8.90722
      4143.60      146.106      8.56194
      4145.00      141.259      8.44468
      4146.40      158.798      8.79920
      4147.80      156.456      8.51116
      4149.20      165.479      8.63692
      4150.60      144.890      8.14956
      4152.00      155.543      8.35344
      4153.40      147.045      8.04749
      4154.80      152.353      8.05266
      4156.20      165.173      8.23117
      4157.60      152.020      7.89346
      4159.00      152.829      7.87488
      4160.40      167.071      8.09329
      4161.80      158.690      7.88260
      4163.20      170.208      8.11012
      4164.60      161.718      8.17395
      4166.00      167.123      8.25452
      4167.40      165.311      7.86591
      4168.80      167.773      7.99462
      4170.20      162.911      13.6181
      4171.60      158.282      1414.22
      4173.00      146.935      1414.22
      4174.40      135.594      1414.22
      4175.80      130.312      1414.22
      4177.20      119.851      22.5992
      4178.60      134.360      8.07306
      4180.00      140.043      7.20302
      4181.40      148.916      7.30636
      4182.80      164.644      7.66659
      4184.20      159.406      7.43749
      4185.60      151.900      7.22245
      4187.00      149.517      7.13951
      4188.40      146.034      7.21359
      4189.80      147.968      7.41883
      4191.20      161.840      7.60606
      4192.60      159.275      7.32534
      4194.00      158.812      7.31301
      4195.40      161.055      7.43826
      4196.80      156.937      7.30601
      4198.20      147.702      7.06090
      4199.60      141.583      6.92820
      4201.00      153.017      7.14494
      4202.40      156.996      7.24654
      4203.80      141.900      6.99246
      4205.20      148.557      7.24769
      4206.60      150.599      7.47024
      4208.00      166.587      7.77463
      4209.40      154.536      7.46112
      4210.80      155.039      7.24437
      4212.20      149.047      7.01782
      4213.60      144.497      6.92526
      4215.00      148.963      7.29424
      4216.40      139.329      6.78666
      4217.80      144.772      6.92353
      4219.20      146.689      6.97469
      4220.60      152.390      7.11603
      4222.00      153.868      7.18749
      4223.40      158.599      7.48725
      4224.80      148.654      7.12853
      4226.20      135.710      6.73504
      4227.60      134.534      6.65609
      4229.00      147.262      7.07952
      4230.40      160.402      7.61748
      4231.80      163.683      7.56414
      4233.20      145.634      6.94428
      4234.60      145.199      6.86510
      4236.00      156.981      7.16203
      4237.40      151.318      7.29568
      4238.80      161.436      7.46721
      4240.20      143.530      6.89127
      4241.60      156.437      7.29471
      4243.00      158.284      7.02471
      4244.40      155.299      7.04818
      4245.80      158.950      7.18084
      4247.20      143.091      7.04646
      4248.60      145.942      7.03368
      4250.00      149.828      7.15621
      4251.40      142.543      7.18008
      4252.80      150.901      7.34255
      4254.20      160.802      7.43866
      4255.60      146.086      6.94813
      4257.00      161.977      7.14966
      4258.40      145.206      6.81021
      4259.80      148.612      6.88699
      4261.20      154.352      6.94415
      4262.60      171.440      7.30138
      4264.00      175.304      7.49905
      4265.40      154.733      7.02035
      4266.80      168.405      7.20906
      4268.20      159.357      7.07738
      4269.60      156.350      7.36022
      4271.00      148.542      7.36532
      4272.40      146.633      7.13732
      4273.80      146.928      6.94476
      4275.20      141.202      6.69800
      4276.60      152.623      6.87371
      4278.00      151.927      6.83451
      4279.40      156.965      7.22978
      4280.80      157.134      7.05074
      4282.20      154.319      6.88650
      4283.60      149.435      6.78964
      4285.00      151.881      6.81435
      4286.40      158.127      7.16423
      4287.80      155.455      7.20746
      4289.20      136.292      6.60746
      4290.60      130.150      6.34080
      4292.00      132.490      6.49574
      4293.40      144.113      6.84201
      4294.80      141.728      6.78688
      4296.20      141.580      6.94176
      4297.60      141.886      6.78566
      4299.00      128.882      6.28503
      4300.40      127.482      6.33079
      4301.80      123.456      6.22099
      4303.20      124.460      6.10574
      4304.60      132.275      6.21409
      4306.00      143.236      6.63342
      4307.40      135.039      6.56387
      4308.80      139.571      6.59979
      4310.20      152.575      6.75812
      4311.60      145.331      6.69381
      4313.00      145.530      6.63677
      4314.40      140.398      6.67356
      4315.80      133.200      6.56894
      4317.20      148.741      6.94506
      4318.60      138.390      6.57914
      4320.00      140.348      6.52090
      4321.40      137.704      6.47596
      4322.80      143.896      6.89582
      4324.20      138.659      7.00123
      4325.60      129.014      6.45875
      4327.00      140.925      6.58104
      4328.40      149.098      6.63219
      4329.80      151.208      6.62078
      4331.20      143.597      6.44747
      4332.60      147.231      6.46198
      4334.00      146.453      6.46566
      4335.40      125.714      6.23570
      4336.80      126.404      6.23067
      4338.20      120.099      6.04074
      4339.60      85.0071      5.26974
      4341.00      75.3576      5.06090
      4342.40      129.916      6.06305
      4343.80      154.742      15.0465
      4345.20      164.182      7.17414
      4346.60      166.989      7.96741
      4348.00      153.185      6.66603
      4349.40      151.200      6.63027
      4350.80      145.709      6.66988
      4352.20      136.520      6.94299
      4353.60      143.845      6.68789
      4355.00      161.200      6.89532
      4356.40      149.475      6.83876
      4357.80      163.387      7.72653
      4359.20      169.380      8.41418
      4360.60      165.739      7.84238
      4362.00      159.432      6.98782
      4363.40      163.497      6.77811
      4364.80      163.588      6.71988
      4366.20      154.889      6.54778
      4367.60      155.619      6.56406
      4369.00      143.375      6.42504
      4370.40      151.809      6.79072
      4371.80      153.567      6.89908
      4373.20      151.892      6.61632
      4374.60      144.496      6.37510
      4376.00      150.253      6.48892
      4377.40      146.390      6.61687
      4378.80      154.552      7.16575
      4380.20      153.572      6.64269
      4381.60      152.098      6.52272
      4383.00      157.915      6.60538
      4384.40      136.580      6.19927
      4385.80      146.023      6.44053
      4387.20      150.247      6.60881
      4388.60      150.409      6.83669
      4390.00      162.036      6.62531
      4391.40      155.792      6.50837
      4392.80      153.076      6.55397
      4394.20      137.422      6.36604
      4395.60      133.014      6.25564
      4397.00      143.943      6.42913
      4398.40      149.913      6.69887
      4399.80      134.269      6.24873
      4401.20      137.675      6.32444
      4402.60      163.813      6.88920
      4404.00      159.776      6.78766
      4405.40      152.621      6.62281
      4406.80      160.922      6.79725
      4408.20      163.831      6.88522
      4409.60      140.778      6.47367
      4411.00      152.964      6.67363
      4412.40      156.903      6.64914
      4413.80      160.008      6.69989
      4415.20      152.158      6.49051
      4416.60      140.913      6.24690
      4418.00      127.457      5.99281
      4419.40      143.196      6.27758
      4420.80      157.797      6.54747
      4422.20      160.417      6.56478
      4423.60      154.006      6.42162
      4425.00      145.537      6.33209
      4426.40      141.057      6.28782
      4427.80      146.722      6.27697
      4429.20      160.675      6.48168
      4430.60      156.270      6.38084
      4432.00      149.357      6.29792
      4433.40      144.067      6.30078
      4434.80      147.705      6.39257
      4436.20      146.030      6.22268
      4437.60      154.662      6.30803
      4439.00      158.105      6.46666
      4440.40      157.218      6.36041
      4441.80      150.553      6.22508
      4443.20      151.873      6.23169
      4444.60      136.179      5.90776
      4446.00      148.951      6.26150
      4447.40      156.597      6.61578
      4448.80      149.071      6.42065
      4450.20      138.559      6.04834
      4451.60      134.392      6.00715
      4453.00      143.630      6.14787
      4454.40      148.445      6.14356
      4455.80      139.604      6.00433
      4457.20      143.736      6.12816
      4458.60      130.896      6.82433
      4460.00      138.761      7.40716
      4461.40      145.080      6.10513
      4462.80      142.899      6.00594
      4464.20      144.732      6.27423
      4465.60      142.555      5.92497
      4467.00      134.053      5.80409
      4468.40      141.677      5.95508
      4469.80      143.912      5.98332
      4471.20      141.435      5.99900
      4472.60      152.166      6.32073
      4474.00      151.913      6.34956
      4475.40      156.734      6.44859
      4476.80      154.869      6.23825
      4478.20      158.510      6.27627
      4479.60      150.589      6.13014
      4481.00      142.119      5.93433
      4482.40      143.062      6.00119
      4483.80      151.240      6.13430
      4485.20      158.595      6.25675
      4486.60      151.804      6.13765
      4488.00      154.211      6.17295
      4489.40      150.838      6.03912
      4490.80      151.236      6.05742
      4492.20      151.830      6.08133
      4493.60      152.397      6.15960
      4495.00      142.215      5.99075
      4496.40      148.371      6.14626
      4497.80      154.863      6.21611
      4499.20      153.981      6.18744
      4500.60      144.494      6.14367
      4502.00      141.948      6.21705
      4503.40      149.871      6.24867
      4504.80      162.386      6.42898
      4506.20      159.511      6.30343
      4507.60      158.971      6.34955
      4509.00      140.919      5.86425
      4510.40      159.491      6.24434
      4511.80      149.098      6.08760
      4513.20      154.711      6.18126
      4514.60      162.018      6.45416
      4516.00      150.422      6.34890
      4517.40      150.772      6.18512
      4518.80      159.826      6.19012
      4520.20      155.453      6.02007
      4521.60      140.092      5.82190
      4523.00      140.734      5.96763
      4524.40      146.120      5.96146
      4525.80      155.958      6.04237
      4527.20      151.762      5.95208
      4528.60      158.060      6.10657
      4530.00      135.792      5.76401
      4531.40      146.682      6.00760
      4532.80      142.512      5.81686
      4534.20      136.375      5.74873
      4535.60      126.698      5.59884
      4537.00      156.733      6.19640
      4538.40      157.556      6.20126
      4539.80      149.677      6.01768
      4541.20      150.823      6.03696
      4542.60      149.937      6.02014
      4544.00      145.271      5.96652
      4545.40      153.115      6.08888
      4546.80      149.695      6.17193
      4548.20      154.452      6.42060
      4549.60      134.222      6.05275
      4551.00      137.788      5.97257
      4552.40      146.844      6.04346
      4553.80      144.242      6.17709
      4555.20      147.669      6.05989
      4556.60      139.165      5.85530
      4558.00      145.406      5.92704
      4559.40      148.731      6.10008
      4560.80      150.846      6.07073
      4562.20      148.438      6.02925
      4563.60      150.409      5.97791
      4565.00      152.476      6.04839
      4566.40      149.043      5.97328
      4567.80      152.789      6.15406
      4569.20      157.471      6.22946
      4570.60      147.500      5.88829
      4572.00      135.063      5.60641
      4573.40      134.619      5.67747
      4574.80      140.352      5.99961
      4576.20      148.886      6.03935
      4577.60      155.919      6.01668
      4579.00      145.944      5.75103
      4580.40      151.564      5.90704
      4581.80      146.692      5.82815
      4583.20      140.810      5.64870
      4584.60      130.364      5.43569
      4586.00      142.859      5.74176
      4587.40      147.155      5.78989
      4588.80      154.425      5.89096
      4590.20      160.627      6.00126
      4591.60      151.804      5.79470
      4593.00      158.363      5.89980
      4594.40      143.556      5.67962
      4595.80      152.043      5.90686
      4597.20      159.881      6.05898
      4598.60      144.572      5.70047
      4600.00      154.266      5.81155
      4601.40      150.302      5.74541
      4602.80      159.365      5.92369
      4604.20      160.402      5.92636
      4605.60      154.984      5.81540
      4607.00      152.232      5.79080
      4608.40      165.141      6.06527
      4609.80      155.934      5.89040
      4611.20      145.762      5.64109
      4612.60      147.997      5.67512
      4614.00      149.336      5.72010
      4615.40      146.364      5.85958
      4616.80      150.687      5.82021
      4618.20      147.559      5.84290
      4619.60      141.923      5.62450
      4621.00      155.027      5.88942
      4622.40      163.265      6.06167
      4623.80      153.926      5.86840
      4625.20      153.506      5.97136
      4626.60      151.925      5.77452
      4628.00      153.656      5.83821
      4629.40      152.449      5.84508
      4630.80      143.710      5.65710
      4632.20      152.661      5.78629
      4633.60      156.815      5.84547
      4635.00      153.352      5.73040
      4636.40      151.901      5.84520
      4637.80      148.948      5.64807
      4639.20      161.537      5.91013
      4640.60      155.705      5.81675
      4642.00      159.702      5.88634
      4643.40      144.855      5.61767
      4644.80      160.240      5.87335
      4646.20      152.918      5.75252
      4647.60      146.535      5.61559
      4649.00      153.302      5.72020
      4650.40      158.752      5.91504
      4651.80      157.855      6.06063
      4653.20      156.475      6.03959
      4654.60      157.852      5.97785
      4656.00      145.088      5.58934
      4657.40      156.454      5.83865
      4658.80      149.199      5.77423
      4660.20      156.061      5.95290
      4661.60      154.666      5.89388
      4663.00      160.219      5.93343
      4664.40      150.501      5.73123
      4665.80      153.788      5.84219
      4667.20      150.427      5.91887
      4668.60      136.495      5.63648
      4670.00      143.394      5.58112
      4671.40      143.116      5.58761
      4672.80      152.462      5.82393
      4674.20      146.380      5.68359
      4675.60      142.923      5.81412
      4677.00      153.256      6.07033
      4678.40      155.325      5.92610
      4679.80      162.063      5.85818
      4681.20      153.600      5.70710
      4682.60      158.782      5.81669
      4684.00      157.960      5.78688
      4685.40      152.166      5.67494
      4686.80      153.223      5.68672
      4688.20      147.696      5.54807
      4689.60      148.947      5.59160
      4691.00      147.994      5.56189
      4692.40      155.654      5.81681
      4693.80      150.215      5.72491
      4695.20      151.976      5.64647
      4696.60      150.147      5.72102
      4698.00      147.769      5.73723
      4699.40      144.355      5.56112
      4700.80      145.813      5.52159
      4702.20      140.634      5.38771
      4703.60      131.755      5.20267
      4705.00      142.999      5.41271
      4706.40      144.294      5.54376
      4707.80      146.841      5.56716
      4709.20      151.708      5.59185
      4710.60      153.966      5.60318
      4712.00      153.995      5.60589
      4713.40      151.990      5.60024
      4714.80      146.328      5.56326
      4716.20      155.372      5.81482
      4717.60      163.133      6.01186
      4719.00      155.083      5.78562
      4720.40      154.227      5.98210
      4721.80      144.390      5.55673
      4723.20      149.462      5.68251
      4724.60      146.339      5.67100
      4726.00      150.364      5.72276
      4727.40      147.969      5.83154
      4728.80      150.467      5.72344
      4730.20      144.850      5.66003
      4731.60      153.020      5.77891
      4733.00      145.034      5.62012
      4734.40      155.095      5.84888
      4735.80      150.807      5.81251
      4737.20      152.200      5.85196
      4738.60      138.606      5.58569
      4740.00      148.949      5.77801
      4741.40      154.163      5.89157
      4742.80      151.286      5.82160
      4744.20      152.360      5.84490
      4745.60      149.686      5.80922
      4747.00      147.235      5.72293
      4748.40      152.479      5.78325
      4749.80      161.044      5.90851
      4751.20      152.100      6.45138
      4752.60      135.487      14.5261
      4754.00      149.199      5.77121
      4755.40      148.236      5.80576
      4756.80      154.202      5.92329
      4758.20      147.629      5.63856
      4759.60      142.620      5.34903
      4761.00      146.704      5.39240
      4762.40      143.061      5.29970
      4763.80      146.586      5.35284
      4765.20      140.513      5.21612
      4766.60      153.225      5.45353
      4768.00      145.851      5.29562
      4769.40      146.457      5.37398
      4770.80      149.603      5.48421
      4772.20      153.959      5.60882
      4773.60      147.395      5.39191
      4775.00      149.731      5.38523
      4776.40      145.323      5.30409
      4777.80      146.141      5.33193
      4779.20      147.997      5.38435
      4780.60      153.723      5.50606
      4782.00      151.690      5.43569
      4783.40      149.970      5.36756
      4784.80      152.375      5.64196
      4786.20      142.139      5.33413
      4787.60      145.684      5.40461
      4789.00      151.399      5.48257
      4790.40      148.241      5.40554
      4791.80      144.693      5.36128
      4793.20      149.933      5.44400
      4794.60      153.470      5.50094
      4796.00      154.491      5.52350
      4797.40      159.997      5.98015
      4798.80      165.380      6.96630
      4800.20      152.524      9.75224
      4801.60      161.812      5.87238
      4803.00      156.090      5.50244
      4804.40      150.492      5.38634
      4805.80      145.070      5.38935
      4807.20      146.705      5.32886
      4808.60      147.449      5.41111
      4810.00      145.527      5.34068
      4811.40      142.259      5.22793
      4812.80      148.080      5.32981
      4814.20      148.502      5.37762
      4815.60      146.831      5.35296
      4817.00      149.240      5.36284
      4818.40      153.627      5.45188
      4819.80      151.689      5.52479
      4821.20      149.238      5.59153
      4822.60      149.162      5.55503
      4824.00      145.157      5.32861
      4825.40      143.068      5.28867
      4826.80      143.278      5.30196
      4828.20      141.956      5.25801
      4829.60      149.333      5.36770
      4831.00      150.855      5.37423
      4832.40      144.316      5.26434
      4833.80      149.373      5.38451
      4835.20      154.542      5.54882
      4836.60      152.419      5.64875
      4838.00      145.029      5.79653
      4839.40      147.296      5.44002
      4840.80      147.065      5.33416
      4842.20      145.819      5.27027
      4843.60      148.804      5.31423
      4845.00      152.536      5.42123
      4846.40      155.702      5.48802
      4847.80      154.982      5.49406
      4849.20      148.613      5.35337
      4850.60      145.417      5.27296
      4852.00      143.051      5.26958
      4853.40      140.689      5.18675
      4854.80      139.304      5.22189
      4856.20      138.546      5.17516
      4857.60      132.627      5.12675
      4859.00      121.664      5.12910
      4860.40      94.3383      4.70714
      4861.80      79.6944      4.34026
      4863.20      87.3901      4.25950
      4864.60      116.416      4.74423
      4866.00      118.178      4.78238
      4867.40      134.757      5.11357
      4868.80      136.300      5.37856
      4870.20      142.671      5.51734
      4871.60      140.564      5.36285
      4873.00      120.680      4.88974
      4874.40      138.374      5.22828
      4875.80      146.729      5.41768
      4877.20      135.476      5.24787
      4878.60      156.081      5.68076
      4880.00      143.935      5.46142
      4881.40      141.218      5.42828
      4882.80      140.847      5.38399
      4884.20      138.969      5.30605
      4885.60      144.553      5.38214
      4887.00      148.583      5.47504
      4888.40      144.242      5.38255
      4889.80      138.905      5.25584
      4891.20      137.879      5.27270
      4892.60      132.277      5.35518
      4894.00      144.846      5.47812
      4895.40      143.116      5.33383
      4896.80      143.754      5.28608
      4898.20      143.771      5.43870
      4899.60      140.541      5.28315
      4901.00      143.797      5.52669
      4902.40      144.616      5.33391
      4903.80      149.896      5.34558
      4905.20      143.674      5.21760
      4906.60      147.064      5.30165
      4908.00      153.075      5.40023
      4909.40      145.794      5.23886
      4910.80      147.240      5.24845
      4912.20      148.739      5.26523
      4913.60      145.955      5.30502
      4915.00      142.905      5.27005
      4916.40      143.342      5.22589
      4917.80      140.693      5.17319
      4919.20      137.224      5.03810
      4920.60      135.774      4.97113
      4922.00      144.148      5.10640
      4923.40      132.841      4.91190
      4924.80      127.537      4.79960
      4926.20      141.686      5.06203
      4927.60      150.167      5.23452
      4929.00      150.055      5.24094
      4930.40      153.244      5.29393
      4931.80      145.452      5.16380
      4933.20      139.870      5.03543
      4934.60      129.162      4.82293
      4936.00      145.715      5.17147
      4937.40      143.813      5.23291
      4938.80      150.233      5.35643
      4940.20      146.057      5.37504
      4941.60      139.208      5.16258
      4943.00      142.969      5.14139
      4944.40      147.437      5.24536
      4945.80      149.115      5.18142
      4947.20      149.024      5.18198
      4948.60      145.337      5.10030
      4950.00      145.691      5.12390
      4951.40      144.558      5.10677
      4952.80      140.349      5.00706
      4954.20      135.656      5.02705
      4955.60      146.418      5.23559
      4957.00      136.732      4.97383
      4958.40      128.754      4.77935
      4959.80      140.755      4.99992
      4961.20      144.955      5.14148
      4962.60      145.341      5.11320
      4964.00      141.841      5.04946
      4965.40      143.601      5.09203
      4966.80      141.170      5.19508
      4968.20      143.710      5.27838
      4969.60      142.620      5.18228
      4971.00      146.737      5.29718
      4972.40      144.300      5.31386
      4973.80      142.754      5.18657
      4975.20      147.352      5.20492
      4976.60      151.728      5.36721
      4978.00      145.827      5.27458
      4979.40      140.782      5.18226
      4980.80      151.181      5.37648
      4982.20      139.071      5.17447
      4983.60      135.991      5.10791
      4985.00      137.812      5.20258
      4986.40      150.287      5.50225
      4987.80      139.268      5.35909
      4989.20      143.475      5.32971
      4990.60      142.024      5.16086
      4992.00      148.636      5.29725
      4993.40      147.071      6.83514
      4994.80      149.619      5.59612
      4996.20      154.386      5.38918
      4997.60      148.075      5.31589
      4999.00      138.920      5.10260
