      3900.00      737.609      17.9097
      3901.40      806.267      18.9297
      3902.80      885.623      20.1171
      3904.20      852.796      19.5250
      3905.60      831.785      19.1366
      3907.00      854.316      19.4894
      3908.40      936.314      20.7434
      3909.80      962.904      21.2590
      3911.20      973.119      21.2777
      3912.60      947.237      20.9116
      3914.00      892.228      20.0628
      3915.40      952.578      21.7615
      3916.80      949.289      21.6401
      3918.20      947.324      21.9535
      3919.60      949.701      22.0486
      3921.00      897.673      20.0968
      3922.40      921.565      20.4753
      3923.80      961.297      21.1686
      3925.20      957.771      21.5705
      3926.60      942.764      20.6055
      3928.00      886.844      19.6334
      3929.40      863.821      19.3330
      3930.80      738.809      17.3263
      3932.20      533.281      13.6554
      3933.60      283.834      9.78812
      3935.00      378.826      11.2459
      3936.40      691.290      16.1550
      3937.80      857.718      18.9306
      3939.20      890.852      19.4825
      3940.60      921.892      20.0357
      3942.00      915.477      20.8475
      3943.40      909.346      20.2658
      3944.80      875.114      19.1501
      3946.20      910.279      19.7242
      3947.60      901.828      19.6162
      3949.00      862.620      19.0081
      3950.40      895.533      19.4753
      3951.80      876.034      19.2285
      3953.20      892.275      19.4466
      3954.60      888.955      19.2912
      3956.00      817.363      18.1204
      3957.40      778.206      17.5047
      3958.80      822.878      18.4314
      3960.20      811.511      18.4786
      3961.60      783.394      17.7561
      3963.00      722.767      16.8784
      3964.40      664.125      15.6116
      3965.80      560.813      13.9930
      3967.20      404.765      11.5502
      3968.60      208.636      8.32172
      3970.00      225.463      8.42860
      3971.40      368.335      10.7297
      3972.80      506.265      13.1117
      3974.20      588.390      14.4376
      3975.60      677.884      15.8138
      3977.00      710.848      16.6205
      3978.40      764.850      17.2620
      3979.80      807.533      17.8375
      3981.20      834.950      18.1080
      3982.60      833.387      18.0232
      3984.00      866.995      18.5439
      3985.40      871.620      18.6093
      3986.80      865.380      18.5233
      3988.20      888.401      18.8701
      3989.60      928.790      19.4442
      3991.00      932.935      19.4904
      3992.40      942.809      19.7737
      3993.80      940.430      19.9765
      3995.20      942.756      19.6121
      3996.60      912.154      19.1509
      3998.00      894.765      18.8896
      3999.40      920.105      19.3470
      4000.80      966.391      19.9559
      4002.20      981.765      20.1628
      4003.60      975.077      20.0489
      4005.00      885.102      18.6015
      4006.40      900.498      18.8405
      4007.80      956.866      19.7346
      4009.20      973.280      20.0933
      4010.60      976.409      20.2011
      4012.00      963.539      19.9425
      4013.40      929.480      19.3202
      4014.80      971.627      20.3141
      4016.20      1004.22      20.4377
      4017.60      981.992      20.0654
      4019.00      1012.56      20.5049
      4020.40      1006.76      20.6730
      4021.80      966.304      20.0469
      4023.20      973.154      20.5198
      4024.60      955.626      19.8201
      4026.00      969.193      19.8052
      4027.40      986.129      20.0399
      4028.80      960.269      20.0155
      4030.20      942.020      19.4018
      4031.60      909.586      18.8571
      4033.00      932.062      19.0959
      4034.40      968.225      19.6182
      4035.80      978.085      19.7790
      4037.20      997.087      20.1742
      4038.60      1028.72      20.5601
      4040.00      1022.28      20.4752
      4041.40      1025.07      20.5785
      4042.80      997.108      20.1458
      4044.20      969.495      19.6441
      4045.60      875.964      18.3609
      4047.00      936.566      19.6097
      4048.40      981.388      20.1880
      4049.80      974.537      19.7436
      4051.20      961.719      19.6424
      4052.60      957.454      19.4785
      4054.00      944.615      19.2742
      4055.40      936.677      19.1468
      4056.80      928.209      19.1601
      4058.20      936.672      19.0512
      4059.60      962.557      19.4237
      4061.00      953.873      19.4651
      4062.40      910.434      18.6800
      4063.80      864.843      17.8609
      4065.20      936.343      18.9715
      4066.60      919.727      18.6986
      4068.00      909.560      18.5752
      4069.40      927.195      19.2645
      4070.80      917.851      18.6499
      4072.20      901.331      18.3779
      4073.60      912.388      18.6097
      4075.00      926.020      19.1083
      4076.40      857.857      18.0036
      4077.80      842.571      17.5677
      4079.20      853.503      17.6477
      4080.60      874.920      18.2736
      4082.00      876.163      18.5375
      4083.40      881.339      18.0085
      4084.80      861.222      17.7501
      4086.20      836.603      17.3287
      4087.60      857.806      17.6452
      4089.00      820.887      17.0412
      4090.40      820.575      17.1684
      4091.80      778.307      16.3580
      4093.20      750.423      15.9858
      4094.60      729.251      15.6984
      4096.00      670.426      14.6033
      4097.40      657.072      14.4832
      4098.80      567.616      13.0434
      4100.20      469.417      11.4136
      4101.60      356.973      9.67311
      4103.00      391.024      10.2311
      4104.40      513.766      12.1585
      4105.80      597.763      13.4467
      4107.20      650.889      14.2901
      4108.60      695.025      15.0140
      4110.00      729.589      15.5775
      4111.40      751.897      16.2912
      4112.80      783.547      16.3625
      4114.20      800.680      16.5599
      4115.60      845.925      17.3144
      4117.00      870.114      17.6658
      4118.40      841.526      17.1326
      4119.80      842.292      17.1358
      4121.20      835.366      17.0607
      4122.60      860.237      17.4515
      4124.00      864.882      17.6004
      4125.40      865.169      17.7340
      4126.80      860.436      17.5286
      4128.20      852.262      17.4175
      4129.60      867.683      17.5816
      4131.00      874.127      17.6690
      4132.40      867.033      17.5857
      4133.80      864.380      17.4942
      4135.20      898.038      17.9570
      4136.60      910.491      18.5282
      4138.00      920.879      18.2570
      4139.40      958.856      18.8486
      4140.80      937.648      18.5440
      4142.20      923.095      18.2892
      4143.60      843.309      17.0402
      4145.00      869.067      17.4239
      4146.40      931.174      18.4427
      4147.80      940.151      18.5917
      4149.20      925.770      18.4231
      4150.60      919.453      18.4348
      4152.00      917.128      18.6389
      4153.40      899.457      18.1574
      4154.80      879.641      17.8526
      4156.20      891.269      17.8487
      4157.60      874.387      17.5147
      4159.00      914.140      18.2026
      4160.40      919.207      18.3349
      4161.80      922.368      18.1871
      4163.20      920.888      18.1520
      4164.60      944.846      18.5370
      4166.00      931.803      18.5784
      4167.40      906.389      17.9264
      4168.80      929.516      18.6040
      4170.20      920.324      18.5069
      4171.60      867.923      17.3290
      4173.00      820.339      16.6227
      4174.40      854.357      17.1650
      4175.80      864.769      17.4220
      4177.20      887.846      17.7001
      4178.60      846.083      16.9518
      4180.00      892.170      17.6370
      4181.40      890.717      17.6175
      4182.80      888.522      17.5568
      4184.20      893.322      17.6427
      4185.60      886.308      17.6309
      4187.00      860.247      17.0885
      4188.40      857.691      17.0465
      4189.80      904.433      17.7869
      4191.20      892.432      17.6809
      4192.60      925.958      18.3024
      4194.00      941.516      18.5482
      4195.40      919.974      18.0835
      4196.80      867.940      17.1642
      4198.20      841.539      16.7562
      4199.60      843.118      16.8168
      4201.00      865.050      17.1514
      4202.40      861.743      17.0410
      4203.80      866.290      17.0897
      4205.20      894.077      17.5197
      4206.60      922.483      18.0136
      4208.00      915.657      18.0683
      4209.40      918.723      17.9388
      4210.80      926.234      18.1096
      4212.20      919.269      17.9187
      4213.60      923.400      18.0324
      4215.00      866.259      17.1481
      4216.40      855.256      16.9526
      4217.80      874.636      17.2465
      4219.20      895.676      17.5424
      4220.60      915.181      17.8503
      4222.00      907.722      17.7368
      4223.40      887.230      17.4422
      4224.80      858.982      16.9706
      4226.20      815.195      16.2967
      4227.60      797.040      15.9980
      4229.00      869.303      17.0865
      4230.40      921.848      17.8826
      4231.80      921.203      17.8680
      4233.20      824.754      16.3672
      4234.60      844.009      16.6455
      4236.00      868.801      17.0374
      4237.40      866.300      17.0116
      4238.80      856.051      16.9240
      4240.20      878.833      17.2880
      4241.60      879.410      17.1900
      4243.00      896.353      17.4545
      4244.40      890.915      17.7077
      4245.80      886.727      17.6094
      4247.20      818.171      16.4319
      4248.60      862.893      17.0336
      4250.00      834.266      16.5112
      4251.40      824.310      16.3376
      4252.80      871.314      17.2678
      4254.20      867.858      17.2563
      4255.60      855.260      17.3545
      4257.00      897.181      17.4449
      4258.40      883.494      17.2100
      4259.80      850.637      16.7135
      4261.20      837.285      16.5055
      4262.60      883.309      17.2361
      4264.00      891.453      17.4885
      4265.40      893.622      17.7675
      4266.80      886.555      17.4457
      4268.20      886.550      17.3192
      4269.60      880.454      17.3894
      4271.00      851.486      16.7004
      4272.40      806.953      16.0597
      4273.80      855.687      16.8214
      4275.20      865.030      16.9470
      4276.60      905.738      17.6864
      4278.00      883.847      17.2090
      4279.40      920.723      17.7334
      4280.80      901.366      17.4480
      4282.20      866.234      16.9270
      4283.60      861.535      16.8684
      4285.00      879.959      17.1308
      4286.40      883.584      17.3159
      4287.80      852.497      16.7363
      4289.20      816.488      16.1521
      4290.60      804.077      15.9385
      4292.00      856.250      16.7459
      4293.40      865.817      17.1622
      4294.80      837.969      16.5021
      4296.20      859.319      16.8562
      4297.60      846.060      16.6024
      4299.00      800.275      15.8436
      4300.40      759.298      15.2059
      4301.80      752.256      15.0595
      4303.20      772.479      15.3296
      4304.60      827.729      16.1990
      4306.00      851.271      16.5683
      4307.40      807.809      15.9019
      4308.80      803.405      15.8796
      4310.20      850.245      16.6102
      4311.60      830.682      16.2672
      4313.00      812.465      15.9991
      4314.40      758.518      15.2022
      4315.80      782.704      15.5752
      4317.20      828.791      16.2963
      4318.60      810.660      16.0500
      4320.00      809.221      15.9814
      4321.40      804.797      15.9851
      4322.80      819.487      16.2184
      4324.20      789.758      15.9525
      4325.60      735.395      14.8075
      4327.00      745.412      14.9426
      4328.40      750.811      15.1197
      4329.80      734.327      14.9561
      4331.20      707.786      14.4121
      4332.60      699.030      14.4837
      4334.00      661.302      13.6846
      4335.40      635.057      13.2048
      4336.80      559.093      11.9955
      4338.20      473.125      10.6369
      4339.60      383.629      9.24280
      4341.00      321.858      8.34693
      4342.40      416.059      9.84582
      4343.80      523.502      11.5728
      4345.20      593.601      12.6474
      4346.60      643.110      13.3488
      4348.00      681.263      14.3022
      4349.40      710.515      14.5832
      4350.80      702.466      14.2515
      4352.20      686.536      13.9987
      4353.60      742.344      14.8855
      4355.00      789.774      15.6669
      4356.40      804.383      15.9638
      4357.80      803.071      16.6816
      4359.20      810.054      16.7243
      4360.60      820.705      16.3973
      4362.00      847.375      16.5281
      4363.40      842.918      16.5060
      4364.80      845.288      16.4784
      4366.20      853.687      16.4833
      4367.60      811.626      15.8187
      4369.00      812.454      15.8046
      4370.40      834.715      16.1685
      4371.80      856.362      16.5456
      4373.20      853.646      16.5280
      4374.60      814.306      15.8859
      4376.00      823.262      16.0059
      4377.40      842.452      16.3436
      4378.80      847.037      16.8573
      4380.20      871.813      16.8778
      4381.60      877.631      16.7904
      4383.00      796.445      15.5481
      4384.40      762.514      15.0210
      4385.80      789.380      15.4281
      4387.20      833.086      16.1246
      4388.60      835.646      16.2888
      4390.00      837.630      16.2376
      4391.40      859.168      16.4680
      4392.80      857.359      16.4340
      4394.20      813.527      15.7600
      4395.60      782.342      15.3320
      4397.00      812.593      15.8346
      4398.40      848.838      16.3711
      4399.80      822.727      15.9480
      4401.20      810.127      15.7911
      4402.60      841.411      16.2175
      4404.00      817.265      15.7857
      4405.40      804.060      15.5986
      4406.80      830.184      16.0414
      4408.20      832.994      16.4344
      4409.60      831.476      16.0059
      4411.00      832.608      16.1599
      4412.40      836.111      16.1048
      4413.80      831.407      16.1194
      4415.20      784.413      15.3040
      4416.60      746.850      14.7335
      4418.00      745.668      14.6891
      4419.40      817.806      15.7650
      4420.80      852.134      16.3220
      4422.20      850.078      16.2953
      4423.60      844.038      16.2057
      4425.00      820.106      15.9100
      4426.40      826.625      15.9440
      4427.80      828.325      15.9566
      4429.20      813.968      15.7126
      4430.60      828.471      15.9286
      4432.00      825.455      15.8516
      4433.40      822.198      15.7960
      4434.80      793.154      15.3140
      4436.20      815.536      15.6355
      4437.60      843.994      16.0991
      4439.00      855.437      16.3163
      4440.40      859.891      16.3795
      4441.80      796.361      15.4153
      4443.20      753.486      14.7435
      4444.60      771.605      14.9771
      4446.00      828.387      15.9052
      4447.40      816.604      15.8165
      4448.80      827.179      15.9711
      4450.20      813.046      15.6926
      4451.60      805.317      15.4828
      4453.00      827.417      15.8117
      4454.40      792.948      15.3084
      4455.80      779.854      15.1547
      4457.20      814.545      15.6712
      4458.60      814.620      15.6490
      4460.00      800.573      15.4272
      4461.40      821.423      15.7173
      4462.80      805.793      15.4843
      4464.20      808.724      15.5317
      4465.60      797.211      15.3437
      4467.00      800.819      15.3930
      4468.40      768.470      14.9125
      4469.80      769.013      14.9499
      4471.20      804.537      15.5239
      4472.60      818.658      15.8213
      4474.00      827.261      15.8161
      4475.40      824.277      15.7014
      4476.80      813.578      15.5422
      4478.20      830.537      15.8536
      4479.60      807.404      15.5805
      4481.00      749.431      14.6754
      4482.40      729.715      14.2923
      4483.80      813.774      15.5553
      4485.20      818.129      15.6065
      4486.60      835.432      15.8577
      4488.00      808.610      15.4398
      4489.40      780.408      14.9986
      4490.80      792.434      15.1769
      4492.20      805.857      15.3977
      4493.60      811.131      15.4620
      4495.00      793.419      15.1723
      4496.40      819.078      15.5739
      4497.80      830.577      15.8788
      4499.20      838.061      15.8698
      4500.60      801.006      15.2824
      4502.00      789.166      15.0926
      4503.40      813.258      15.4480
      4504.80      808.950      15.4107
      4506.20      817.951      15.5604
      4507.60      789.106      15.0857
      4509.00      773.522      14.8315
      4510.40      820.472      15.5670
      4511.80      819.304      15.5556
      4513.20      827.037      15.6469
      4514.60      809.683      15.3607
      4516.00      801.447      15.2389
      4517.40      807.623      15.3457
      4518.80      810.245      15.4028
      4520.20      786.895      15.0804
      4521.60      778.628      14.9560
      4523.00      778.414      14.8984
      4524.40      799.410      15.1928
      4525.80      796.623      15.4960
      4527.20      788.344      15.0186
      4528.60      780.366      14.8866
      4530.00      766.039      14.6664
      4531.40      791.570      15.0700
      4532.80      767.023      14.6870
      4534.20      745.229      14.3518
      4535.60      776.924      14.8238
      4537.00      806.183      15.2601
      4538.40      815.189      15.4389
      4539.80      813.756      15.4285
      4541.20      810.146      15.4610
      4542.60      779.125      14.9080
      4544.00      801.611      15.3441
      4545.40      807.405      15.3124
      4546.80      817.618      15.4773
      4548.20      760.362      14.6249
      4549.60      720.449      13.9626
      4551.00      741.043      14.2251
      4552.40      787.864      15.0789
      4553.80      768.880      14.6992
      4555.20      733.155      14.1364
      4556.60      747.424      14.3184
      4558.00      784.062      14.8863
      4559.40      793.969      15.1991
      4560.80      793.868      15.0589
      4562.20      798.697      15.2874
      4563.60      774.288      14.8077
      4565.00      754.928      14.4816
      4566.40      810.885      15.3174
      4567.80      813.478      15.3193
      4569.20      813.125      15.3069
      4570.60      792.134      15.0034
      4572.00      762.407      14.6056
      4573.40      771.707      14.7638
      4574.80      793.115      15.1983
      4576.20      779.530      14.8128
      4577.60      781.206      14.7919
      4579.00      781.200      14.7831
      4580.40      770.637      14.6326
      4581.80      768.842      14.5973
      4583.20      737.688      14.1089
      4584.60      747.055      14.2541
      4586.00      781.076      14.7783
      4587.40      781.142      14.8257
      4588.80      768.013      14.6215
      4590.20      776.756      14.7294
      4591.60      767.633      14.5868
      4593.00      768.348      14.6227
      4594.40      789.299      14.9481
      4595.80      776.819      14.7250
      4597.20      789.788      14.9060
      4598.60      797.257      15.0164
      4600.00      790.093      14.8954
      4601.40      776.576      14.6700
      4602.80      786.038      14.8166
      4604.20      780.090      14.7115
      4605.60      793.109      14.8983
      4607.00      773.828      14.6014
      4608.40      801.314      15.0289
      4609.80      799.406      15.0069
      4611.20      794.925      14.9474
      4612.60      776.990      14.6912
      4614.00      786.357      14.8710
      4615.40      801.231      15.1240
      4616.80      753.279      14.3390
      4618.20      762.272      14.4529
      4619.60      765.429      14.5026
      4621.00      773.791      14.6047
      4622.40      800.300      15.0025
      4623.80      801.010      15.0272
      4625.20      778.854      14.7226
      4626.60      784.074      14.9418
      4628.00      792.269      15.0143
      4629.40      746.073      14.2172
      4630.80      757.635      14.3533
      4632.20      784.290      14.7536
      4633.60      757.385      14.3291
      4635.00      761.979      14.3890
      4636.40      782.880      14.7285
      4637.80      772.476      14.5706
      4639.20      777.325      14.7919
      4640.60      776.178      14.7417
      4642.00      779.395      14.6780
      4643.40      781.883      14.7091
      4644.80      778.243      14.6353
      4646.20      792.587      14.8381
      4647.60      768.595      14.4845
      4649.00      786.679      14.7719
      4650.40      788.153      14.8056
      4651.80      781.458      14.7086
      4653.20      796.650      14.9355
      4654.60      790.265      14.8220
      4656.00      766.084      14.4434
      4657.40      757.524      14.3236
      4658.80      774.718      14.5991
      4660.20      784.876      14.7455
      4661.60      784.687      14.7352
      4663.00      784.059      14.7839
      4664.40      778.506      14.7549
      4665.80      763.779      14.4274
      4667.20      747.216      14.1836
      4668.60      752.788      14.2727
      4670.00      766.947      14.4870
      4671.40      761.365      14.3904
      4672.80      776.132      14.7351
      4674.20      777.248      14.7488
      4675.60      777.779      14.7765
      4677.00      780.867      14.7032
      4678.40      768.184      14.4667
      4679.80      763.919      14.3877
      4681.20      789.176      14.7929
      4682.60      786.807      14.7647
      4684.00      774.643      14.5739
      4685.40      785.150      14.7175
      4686.80      764.185      14.3868
      4688.20      768.005      14.4836
      4689.60      786.285      14.7794
      4691.00      773.200      14.5331
      4692.40      783.878      14.6646
      4693.80      766.873      14.4088
      4695.20      774.292      14.5368
      4696.60      763.950      14.3767
      4698.00      775.343      14.5195
      4699.40      758.776      14.2933
      4700.80      764.284      14.3607
      4702.20      757.844      14.2461
      4703.60      751.673      14.1437
      4705.00      761.622      14.2969
      4706.40      766.547      14.3721
      4707.80      751.429      14.1320
      4709.20      750.574      14.1161
      4710.60      756.692      14.2416
      4712.00      785.531      14.6824
      4713.40      785.039      14.6493
      4714.80      781.464      14.5752
      4716.20      782.950      14.7531
      4717.60      770.740      14.7916
      4719.00      757.610      14.2478
      4720.40      756.411      14.2845
      4721.80      779.671      14.6452
      4723.20      774.851      14.5360
      4724.60      772.435      14.5278
      4726.00      776.901      14.4789
      4727.40      757.490      14.1796
      4728.80      748.332      14.0804
      4730.20      743.192      14.0300
      4731.60      748.977      14.0933
      4733.00      753.243      14.2310
      4734.40      764.184      14.3995
      4735.80      750.944      14.1097
      4737.20      756.838      14.1803
      4738.60      760.443      14.3192
      4740.00      766.179      14.4506
      4741.40      763.888      14.3570
      4742.80      759.008      14.2662
      4744.20      758.679      14.2194
      4745.60      770.508      14.3837
      4747.00      759.058      14.1926
      4748.40      774.246      14.4826
      4749.80      761.330      14.4243
      4751.20      759.770      14.2783
      4752.60      747.876      14.0600
      4754.00      744.573      13.9739
      4755.40      749.927      14.1488
      4756.80      741.398      13.8958
      4758.20      761.379      14.2989
      4759.60      759.463      14.2022
      4761.00      748.397      13.9987
      4762.40      750.148      14.0200
      4763.80      724.718      13.6299
      4765.20      724.599      13.6153
      4766.60      741.113      13.8655
      4768.00      763.242      14.3089
      4769.40      753.071      14.0801
      4770.80      756.056      14.1997
      4772.20      742.760      13.9638
      4773.60      746.910      13.9718
      4775.00      761.906      14.2285
      4776.40      754.209      14.1789
      4777.80      766.493      14.3655
      4779.20      760.707      14.2595
      4780.60      744.036      13.9758
      4782.00      759.030      14.1833
      4783.40      749.090      14.0376
      4784.80      740.058      13.8841
      4786.20      750.485      14.0379
      4787.60      753.967      14.1014
      4789.00      760.127      14.1713
      4790.40      746.237      13.9454
      4791.80      754.082      14.0770
      4793.20      763.069      14.2033
      4794.60      751.102      14.2414
      4796.00      758.430      14.1787
      4797.40      748.727      14.0013
      4798.80      747.576      13.9876
      4800.20      750.644      14.0512
      4801.60      754.820      14.1056
      4803.00      756.174      14.0955
      4804.40      723.935      13.6089
      4805.80      717.322      13.5232
      4807.20      746.904      13.9764
      4808.60      757.487      14.1312
      4810.00      736.573      13.7927
      4811.40      744.537      13.9213
      4812.80      735.120      13.7642
      4814.20      736.088      13.7747
      4815.60      744.116      13.8989
      4817.00      727.400      13.6396
      4818.40      721.315      13.5556
      4819.80      738.484      13.8401
      4821.20      747.760      14.1861
      4822.60      738.887      13.9035
      4824.00      721.313      13.6300
      4825.40      718.166      13.5615
      4826.80      737.989      13.8300
      4828.20      733.738      13.7764
      4829.60      708.903      13.4219
      4831.00      723.048      13.6331
      4832.40      708.584      13.4055
      4833.80      717.086      13.5193
      4835.20      697.015      13.2233
      4836.60      704.467      13.3280
      4838.00      705.509      13.3225
      4839.40      695.420      13.1718
      4840.80      686.518      13.1945
      4842.20      678.711      12.9434
      4843.60      680.166      12.9338
      4845.00      670.499      12.7758
      4846.40      661.610      12.6608
      4847.80      643.605      12.4394
      4849.20      638.372      12.4090
      4850.60      633.636      12.3290
      4852.00      618.276      12.1677
      4853.40      600.776      11.8318
      4854.80      568.544      11.2836
      4856.20      550.221      11.0057
      4857.60      502.987      10.2968
      4859.00      452.933      9.52983
      4860.40      363.244      8.06933
      4861.80      296.323      7.10994
      4863.20      373.355      8.28320
      4864.60      440.381      9.31661
      4866.00      511.310      10.4364
      4867.40      544.520      10.9606
      4868.80      578.301      11.6338
      4870.20      584.301      11.7128
      4871.60      594.178      11.8265
      4873.00      601.308      11.9101
      4874.40      628.362      12.2849
      4875.80      639.682      12.5551
      4877.20      632.013      12.3416
      4878.60      640.922      12.4662
      4880.00      660.820      12.8536
      4881.40      671.990      13.0739
      4882.80      679.973      13.0670
      4884.20      688.566      13.1820
      4885.60      694.280      13.2552
      4887.00      694.821      13.2863
      4888.40      697.705      13.2857
      4889.80      674.111      12.8799
      4891.20      661.712      12.6949
      4892.60      662.312      12.7158
      4894.00      703.369      13.3620
      4895.40      718.992      13.5888
      4896.80      715.181      13.5675
      4898.20      711.362      13.5778
      4899.60      715.305      13.5032
      4901.00      715.561      13.4533
      4902.40      705.621      13.3207
      4903.80      707.473      13.3801
      4905.20      703.553      13.4610
      4906.60      711.026      13.3873
      4908.00      708.048      13.3874
      4909.40      706.074      13.4131
      4910.80      721.431      13.7322
      4912.20      714.534      14.1195
      4913.60      735.006      14.4548
      4915.00      723.505      15.0993
      4916.40      729.469      13.7655
      4917.80      702.049      13.2107
      4919.20      672.715      12.7192
      4920.60      671.706      12.7025
      4922.00      685.783      12.9128
      4923.40      658.837      12.4902
      4924.80      647.815      12.3235
      4926.20      690.339      12.9617
      4927.60      717.114      13.3688
      4929.00      714.487      13.3253
      4930.40      709.918      13.3418
      4931.80      707.875      13.2574
      4933.20      688.293      12.9170
      4934.60      682.353      12.8166
      4936.00      693.674      12.9955
      4937.40      699.521      13.1418
      4938.80      699.861      13.1861
      4940.20      702.605      13.1486
      4941.60      714.373      13.3226
      4943.00      714.873      13.3173
      4944.40      705.809      13.1989
      4945.80      712.380      13.3185
      4947.20      699.073      13.1137
      4948.60      697.903      13.0859
      4950.00      714.993      13.3056
      4951.40      711.457      13.2831
      4952.80      713.257      13.4192
      4954.20      716.505      13.3529
      4955.60      715.129      13.3238
      4957.00      678.706      12.7848
      4958.40      656.625      12.4608
      4959.80      685.689      12.9857
      4961.20      700.688      13.2067
      4962.60      698.697      13.0385
      4964.00      697.202      13.0183
      4965.40      701.856      13.1958
      4966.80      692.249      13.0435
      4968.20      700.527      13.1046
      4969.60      699.393      13.0442
      4971.00      690.746      12.9268
      4972.40      693.148      12.9674
      4973.80      693.774      12.9851
      4975.20      705.657      13.1387
      4976.60      709.743      13.2049
      4978.00      700.252      13.0669
      4979.40      698.094      13.0389
      4980.80      681.652      12.7837
      4982.20      674.266      12.6683
      4983.60      652.568      12.3494
      4985.00      671.047      12.6162
      4986.40      680.849      12.7842
      4987.80      686.865      13.0411
      4989.20      696.290      12.9737
      4990.60      690.725      12.8935
      4992.00      675.273      12.6535
      4993.40      689.263      12.8800
      4994.80      692.237      12.9223
      4996.20      696.500      12.9776
      4997.60      693.211      12.9317
      4999.00      685.832      12.8308
