      3900.00      68.3290      4.04962
      3901.40      71.0827      4.10807
      3902.80      72.3126      4.15667
      3904.20      78.0355      4.29564
      3905.60      69.6770      4.45958
      3907.00      67.6459      4.37264
      3908.40      74.6566      4.58061
      3909.80      75.4742      4.52322
      3911.20      72.7540      4.21902
      3912.60      72.4962      4.14032
      3914.00      80.6003      4.38121
      3915.40      74.6257      4.20884
      3916.80      74.5772      4.22186
      3918.20      86.2336      4.58209
      3919.60      72.0640      4.10634
      3921.00      76.3191      4.09012
      3922.40      77.8421      4.12833
      3923.80      79.1005      4.16058
      3925.20      78.1618      4.35994
      3926.60      80.9868      4.34042
      3928.00      79.2208      4.27675
      3929.40      76.0006      4.07051
      3930.80      67.7887      3.81184
      3932.20      51.3926      3.39771
      3933.60      60.7627      3.62006
      3935.00      64.7218      3.75235
      3936.40      68.6506      3.91124
      3937.80      73.1519      4.32466
      3939.20      72.6553      4.08002
      3940.60      84.0068      4.32524
      3942.00      80.6023      4.20330
      3943.40      86.2692      4.28209
      3944.80      78.0038      4.05747
      3946.20      70.5914      3.87731
      3947.60      80.1905      4.10035
      3949.00      76.7511      4.08228
      3950.40      74.0950      4.05505
      3951.80      73.0446      4.01902
      3953.20      71.4492      3.91367
      3954.60      69.0863      3.77914
      3956.00      75.3819      3.93643
      3957.40      71.9782      3.82789
      3958.80      64.1067      3.61461
      3960.20      55.5192      3.50093
      3961.60      55.9891      3.40859
      3963.00      46.4861      3.15079
      3964.40      39.2242      2.93029
      3965.80      34.0994      2.79662
      3967.20      24.4629      2.51643
      3968.60      21.9701      2.49639
      3970.00      34.9645      2.88707
      3971.40      43.6860      3.15282
      3972.80      53.1858      3.44525
      3974.20      55.6479      3.56610
      3975.60      53.8073      3.51465
      3977.00      64.1209      3.73560
      3978.40      63.1251      3.69793
      3979.80      64.3937      3.66077
      3981.20      78.2664      3.88973
      3982.60      71.0417      3.72250
      3984.00      70.4221      3.72976
      3985.40      71.2234      3.83312
      3986.80      73.9712      4.83599
      3988.20      72.5245      10.6599
      3989.60      81.4419      4.34382
      3991.00      75.9227      4.05365
      3992.40      74.6562      3.78850
      3993.80      78.9138      3.97065
      3995.20      75.7881      3.83580
      3996.60      76.0620      3.83427
      3998.00      75.3931      3.90087
      3999.40      68.6904      3.76771
      4000.80      75.6100      3.98669
      4002.20      75.0902      3.87580
      4003.60      80.7589      4.00862
      4005.00      72.5152      3.77262
      4006.40      77.2396      3.88417
      4007.80      76.9643      3.85179
      4009.20      79.3877      3.94042
      4010.60      76.4642      3.90015
      4012.00      75.8008      3.87635
      4013.40      79.2336      3.94725
      4014.80      74.6502      3.84237
      4016.20      73.5851      3.83577
      4017.60      81.3395      4.00983
      4019.00      72.8646      3.77641
      4020.40      74.1902      3.73724
      4021.80      81.3568      3.87402
      4023.20      75.4885      3.79091
      4024.60      75.8535      3.85344
      4026.00      81.2141      4.02258
      4027.40      76.7902      4.04856
      4028.80      76.7647      3.87635
      4030.20      76.0587      3.82489
      4031.60      74.9624      3.62333
      4033.00      75.6583      3.64422
      4034.40      76.0061      3.65302
      4035.80      80.3648      3.74836
      4037.20      74.3731      3.59793
      4038.60      81.5023      3.76593
      4040.00      78.6482      3.70006
      4041.40      74.2004      3.66259
      4042.80      77.8334      3.77180
      4044.20      74.3401      3.64363
      4045.60      75.4014      3.67952
      4047.00      80.6064      3.96570
      4048.40      75.3661      3.84193
      4049.80      84.3680      3.87339
      4051.20      79.9184      3.71866
      4052.60      80.8855      3.72542
      4054.00      80.1917      3.70485
      4055.40      77.0832      3.64871
      4056.80      76.5378      3.65768
      4058.20      75.6147      3.78734
      4059.60      74.7422      3.60492
      4061.00      70.0452      3.43918
      4062.40      73.4413      3.48418
      4063.80      79.7048      3.65667
      4065.20      73.9352      3.56729
      4066.60      77.5289      3.65192
      4068.00      72.7673      3.50307
      4069.40      73.9539      3.53090
      4070.80      69.2863      3.39956
      4072.20      73.7200      3.47760
      4073.60      74.4222      3.49931
      4075.00      65.2173      3.30451
      4076.40      64.7493      3.30347
      4077.80      71.8220      3.46693
      4079.20      70.3385      3.44433
      4080.60      70.4908      3.45726
      4082.00      80.3501      3.74941
      4083.40      73.9663      3.62326
      4084.80      67.5514      3.48029
      4086.20      72.0481      3.49556
      4087.60      59.6264      3.15389
      4089.00      59.5210      3.35547
      4090.40      65.9002      3.35713
      4091.80      57.0457      3.18421
      4093.20      52.5578      2.98248
      4094.60      51.3761      2.91635
      4096.00      49.6481      2.85060
      4097.40      42.3842      2.63853
      4098.80      25.9382      2.18202
      4100.20      26.0014      2.20929
      4101.60      30.9040      2.35607
      4103.00      42.4298      2.64461
      4104.40      50.4608      2.93981
      4105.80      50.6149      3.01891
      4107.20      62.2038      3.22977
      4108.60      58.9599      3.06666
      4110.00      61.0765      3.11756
      4111.40      65.6537      3.21666
      4112.80      65.9105      3.21147
      4114.20      68.8891      3.27768
      4115.60      65.6193      3.19600
      4117.00      67.1996      3.27424
      4118.40      70.3590      3.44953
      4119.80      71.4575      3.52824
      4121.20      69.1933      3.49667
      4122.60      70.7106      3.78816
      4124.00      65.9645      3.25573
      4125.40      69.8798      3.27625
      4126.80      71.4633      3.32764
      4128.20      75.0454      3.38549
      4129.60      73.6715      3.40162
      4131.00      65.7203      3.15988
      4132.40      75.7038      3.40955
      4133.80      75.0363      3.40419
      4135.20      79.7916      3.49951
      4136.60      71.3132      3.29714
      4138.00      76.8522      3.55418
      4139.40      77.9869      3.67138
      4140.80      72.1826      3.49495
      4142.20      81.0005      3.57418
      4143.60      74.7972      3.35979
      4145.00      72.0202      3.31994
      4146.40      72.5228      3.40993
      4147.80      72.1472      3.29897
      4149.20      76.1600      3.37984
      4150.60      72.5633      3.29328
      4152.00      74.7934      3.34089
      4153.40      72.2731      3.28416
      4154.80      70.7325      3.29242
      4156.20      70.4742      3.24024
      4157.60      72.5504      3.34458
      4159.00      73.6240      3.42013
      4160.40      75.2096      3.39944
      4161.80      75.5792      3.34290
      4163.20      74.8943      3.32163
      4164.60      72.4160      3.26205
      4166.00      72.3987      3.31783
      4167.40      69.3619      3.24945
      4168.80      71.6787      3.27938
      4170.20      72.6677      3.34488
      4171.60      71.8501      3.25506
      4173.00      75.6317      3.34852
      4174.40      73.5043      3.26243
      4175.80      68.3400      3.12416
      4177.20      77.4468      3.36468
      4178.60      75.5603      3.37488
      4180.00      72.4599      3.29431
      4181.40      74.2344      3.31088
      4182.80      71.6859      3.20943
      4184.20      73.5051      3.26005
      4185.60      71.7600      3.23856
      4187.00      73.5226      3.30980
      4188.40      73.0938      3.22874
      4189.80      67.9659      3.09097
      4191.20      70.6553      3.16740
      4192.60      75.9130      3.28406
      4194.00      71.6339      3.16769
      4195.40      70.6821      3.17635
      4196.80      73.9207      3.28631
      4198.20      69.0999      3.20452
      4199.60      74.5001      3.33138
      4201.00      72.2285      3.22947
      4202.40      73.0023      3.19273
      4203.80      67.1944      3.05829
      4205.20      74.2840      3.23437
      4206.60      73.8887      3.31314
      4208.00      75.0592      3.35046
      4209.40      75.8458      3.33414
      4210.80      74.4488      3.27193
      4212.20      73.5672      3.22539
      4213.60      74.8977      3.32290
      4215.00      73.4689      3.20178
      4216.40      71.6139      3.15454
      4217.80      76.4807      3.28691
      4219.20      71.3276      3.17955
      4220.60      70.9358      3.19757
      4222.00      76.9472      3.31832
      4223.40      68.9553      3.10068
      4224.80      69.0273      3.07477
      4226.20      69.0424      3.06930
      4227.60      66.0704      2.97333
      4229.00      67.3557      3.04065
      4230.40      72.6127      3.15529
      4231.80      71.9599      3.13809
      4233.20      74.8310      3.21161
      4234.60      68.4536      3.08510
      4236.00      61.7532      2.94091
      4237.40      68.0848      3.06936
      4238.80      69.2401      3.06920
      4240.20      74.4705      3.18913
      4241.60      75.5299      3.23532
      4243.00      76.1519      3.29695
      4244.40      72.7221      3.22175
      4245.80      76.7901      3.32502
      4247.20      71.2269      3.16553
      4248.60      69.9724      3.08864
      4250.00      78.1790      3.26737
      4251.40      70.5651      3.10470
      4252.80      71.5426      3.18210
      4254.20      63.0880      3.02717
      4255.60      69.8649      3.33332
      4257.00      70.4521      3.18005
      4258.40      69.7850      3.37901
      4259.80      69.2785      3.12180
      4261.20      67.7591      3.13579
      4262.60      69.2904      3.19622
      4264.00      69.0484      3.18331
      4265.40      69.2029      3.13414
      4266.80      70.7893      3.10919
      4268.20      72.9321      3.13393
      4269.60      65.6556      2.96426
      4271.00      73.3328      3.18569
      4272.40      64.2221      2.95211
      4273.80      71.1776      3.08724
      4275.20      75.5962      3.19238
      4276.60      66.9312      3.00529
      4278.00      67.0506      3.03411
      4279.40      72.0723      3.18011
      4280.80      74.0251      3.24581
      4282.20      71.2206      3.17203
      4283.60      68.3989      3.06655
      4285.00      73.7142      3.21007
      4286.40      69.6674      3.13263
      4287.80      66.8446      3.07845
      4289.20      70.5919      3.14248
      4290.60      68.8774      2.99486
      4292.00      69.1957      3.18497
      4293.40      68.5028      3.15586
      4294.80      70.0038      3.22051
      4296.20      68.0676      3.04662
      4297.60      63.8870      2.87402
      4299.00      67.9006      3.01317
      4300.40      70.7587      3.19711
      4301.80      66.6727      3.14073
      4303.20      65.2374      3.02606
      4304.60      71.6249      3.10769
      4306.00      64.2724      2.99675
      4307.40      70.5928      3.21758
      4308.80      68.0726      3.10031
      4310.20      68.2826      2.97038
      4311.60      67.4900      2.94409
      4313.00      68.6610      2.97526
      4314.40      69.4187      3.05830
      4315.80      69.1037      3.10546
      4317.20      61.4993      2.86779
      4318.60      66.7291      2.96901
      4320.00      64.8289      3.05179
      4321.40      61.1903      2.98123
      4322.80      58.0552      2.81544
      4324.20      56.7292      2.70597
      4325.60      65.2158      2.91946
      4327.00      63.1606      2.94918
      4328.40      58.9606      2.87175
      4329.80      56.1416      2.80474
      4331.20      55.8603      2.74426
      4332.60      47.1279      2.54212
      4334.00      46.0557      2.49210
      4335.40      42.3280      2.37213
      4336.80      30.7809      2.09228
      4338.20      19.2067      1.84610
      4339.60      27.0574      2.14080
      4341.00      35.3331      2.33183
      4342.40      44.0306      2.45084
      4343.80      42.8472      2.41269
      4345.20      50.0896      2.57566
      4346.60      59.3215      2.77611
      4348.00      63.9332      2.87754
      4349.40      58.2621      2.72744
      4350.80      63.3615      2.93367
      4352.20      62.4847      2.88697
      4353.60      61.8050      2.94412
      4355.00      64.4678      3.01471
      4356.40      64.6465      2.94508
      4357.80      67.5713      3.08487
      4359.20      64.3174      3.26515
      4360.60      69.1530      3.28192
      4362.00      66.8284      3.04815
      4363.40      66.6761      2.98635
      4364.80      62.8578      2.88838
      4366.20      66.2025      2.98282
      4367.60      66.9711      3.03078
      4369.00      65.2995      2.95934
      4370.40      69.1877      3.10269
      4371.80      68.4707      2.92254
      4373.20      68.4038      2.92375
      4374.60      68.5559      3.11394
      4376.00      66.3162      3.04676
      4377.40      69.4312      3.04064
      4378.80      68.5218      2.90915
      4380.20      67.7560      2.91073
      4381.60      65.0154      2.87332
      4383.00      66.7229      3.02580
      4384.40      67.9507      2.95437
      4385.80      65.3521      2.85264
      4387.20      65.6842      2.83708
      4388.60      69.0961      2.90247
      4390.00      70.4249      2.93002
      4391.40      67.3136      2.86393
      4392.80      61.3020      2.72859
      4394.20      58.6487      2.66749
      4395.60      69.3091      2.92437
      4397.00      66.3022      2.85386
      4398.40      63.6769      2.81411
      4399.80      70.8595      3.02301
      4401.20      72.0219      3.07874
      4402.60      68.3273      2.94795
      4404.00      63.8636      2.77767
      4405.40      73.9545      3.00444
      4406.80      70.9546      2.94330
      4408.20      69.6471      2.91606
      4409.60      66.2259      3.00237
      4411.00      67.1902      3.05578
      4412.40      67.7116      2.92160
      4413.80      63.5216      2.78138
      4415.20      66.6917      2.95282
      4416.60      64.9928      2.79257
      4418.00      63.0276      2.75896
      4419.40      63.0494      2.73846
      4420.80      68.3277      2.87523
      4422.20      65.7626      2.83652
      4423.60      66.3649      2.87576
      4425.00      66.8917      3.07726
      4426.40      67.3484      2.88181
      4427.80      64.4016      2.77709
      4429.20      67.8279      2.84485
      4430.60      66.7343      2.96598
      4432.00      63.2727      2.75911
      4433.40      65.5367      2.81943
      4434.80      67.7076      2.83959
      4436.20      68.2360      2.84382
      4437.60      68.5277      2.93499
      4439.00      71.9122      3.09952
      4440.40      71.5225      3.07350
      4441.80      64.5998      2.80200
      4443.20      62.5215      2.68395
      4444.60      67.7624      2.81293
      4446.00      63.9597      2.73912
      4447.40      71.6138      2.90905
      4448.80      66.4675      2.79211
      4450.20      66.7797      2.79681
      4451.60      70.0275      2.87642
      4453.00      66.6526      2.91554
      4454.40      63.6219      2.96242
      4455.80      67.4202      3.03511
      4457.20      67.1737      2.88190
      4458.60      64.2982      2.77290
      4460.00      65.1009      2.87970
      4461.40      65.7720      2.96714
      4462.80      63.6526      2.91336
      4464.20      61.4400      2.68289
      4465.60      66.3851      2.76578
      4467.00      70.0473      2.84717
      4468.40      63.6837      2.73249
      4469.80      64.2876      2.75558
      4471.20      69.1568      2.86447
      4472.60      65.8236      2.76992
      4474.00      68.5242      2.83368
      4475.40      67.5963      2.80677
      4476.80      64.6898      2.74680
      4478.20      66.9607      2.79078
      4479.60      64.2533      2.71139
      4481.00      66.7970      3.73698
      4482.40      67.6253      4.08264
      4483.80      66.4638      2.80179
      4485.20      68.0377      2.84522
      4486.60      69.6725      2.91927
      4488.00      62.6471      2.67673
      4489.40      64.7221      2.73671
      4490.80      65.6031      2.73493
      4492.20      61.7720      2.64921
      4493.60      65.9997      2.79929
      4495.00      58.8835      2.64709
      4496.40      68.6858      2.87953
      4497.80      66.0641      2.84238
      4499.20      62.2845      2.80363
      4500.60      65.1729      2.84584
      4502.00      67.8400      2.85864
      4503.40      66.2938      2.74810
      4504.80      71.7394      2.86023
      4506.20      65.2344      2.72977
      4507.60      65.8144      2.78519
      4509.00      66.5618      2.81224
      4510.40      64.6580      2.70294
      4511.80      65.6418      2.71464
      4513.20      62.2449      2.63919
      4514.60      60.8113      2.60034
      4516.00      69.7652      2.82777
      4517.40      66.0750      2.74751
      4518.80      62.8360      2.65941
      4520.20      62.6485      2.64406
      4521.60      65.4490      2.72258
      4523.00      64.2557      2.75937
      4524.40      65.3830      2.69275
      4525.80      61.2346      2.59331
      4527.20      64.0340      2.66481
      4528.60      63.5700      2.69372
      4530.00      66.3896      2.70263
      4531.40      64.4014      2.67799
      4532.80      61.0372      2.58620
      4534.20      65.1068      2.68688
      4535.60      60.4595      2.57418
      4537.00      66.0078      2.70882
      4538.40      66.5033      2.71996
      4539.80      66.8335      2.74590
      4541.20      62.0788      2.66384
      4542.60      66.7977      2.72514
      4544.00      70.6613      2.81930
      4545.40      65.4898      2.74568
      4546.80      62.5212      2.71106
      4548.20      60.9063      2.59605
      4549.60      66.7706      2.69789
      4551.00      66.1837      2.69240
      4552.40      64.6403      2.70353
      4553.80      63.8567      2.70322
      4555.20      63.2821      2.66988
      4556.60      65.1071      2.68084
      4558.00      62.4075      2.60047
      4559.40      66.9468      2.69882
      4560.80      59.4483      2.52017
      4562.20      63.7130      2.62431
      4563.60      68.2836      2.74742
      4565.00      64.2499      2.71463
      4566.40      69.6601      2.78863
      4567.80      66.5710      2.67743
      4569.20      65.9048      2.66574
      4570.60      63.7415      2.61765
      4572.00      65.2351      2.64873
      4573.40      66.8071      2.69042
      4574.80      66.8426      2.69799
      4576.20      66.2181      2.66574
      4577.60      68.4987      2.76789
      4579.00      69.0298      2.91027
      4580.40      61.3771      2.62485
      4581.80      57.5811      2.46085
      4583.20      58.8951      2.48888
      4584.60      66.5354      2.70083
      4586.00      62.3284      2.69578
      4587.40      65.7728      2.76347
      4588.80      63.3844      2.70540
      4590.20      66.2264      2.73423
      4591.60      66.5509      2.67836
      4593.00      64.3914      2.61418
      4594.40      67.1817      2.68383
      4595.80      61.7755      2.60053
      4597.20      63.1638      2.71906
      4598.60      64.6246      2.71811
      4600.00      70.7586      2.79201
      4601.40      67.0588      2.68782
      4602.80      63.8629      2.64700
      4604.20      63.9389      2.66449
      4605.60      64.8710      2.67968
      4607.00      67.2696      2.71790
      4608.40      66.6163      2.71013
      4609.80      65.2628      2.63715
      4611.20      62.2456      2.55861
      4612.60      64.5598      2.62672
      4614.00      61.7476      2.53776
      4615.40      62.6457      2.54371
      4616.80      61.8713      2.54617
      4618.20      64.1321      2.66921
      4619.60      62.4787      2.69170
      4621.00      61.8492      2.59875
      4622.40      63.8207      2.61702
      4623.80      63.0633      2.57550
      4625.20      64.3822      2.60373
      4626.60      62.2297      2.54074
      4628.00      64.0896      2.58444
      4629.40      60.5974      2.49459
      4630.80      69.3270      2.75103
      4632.20      62.2009      2.75456
      4633.60      63.6755      2.80684
      4635.00      66.5989      2.69684
      4636.40      62.6377      2.54132
      4637.80      65.8051      2.65146
      4639.20      68.9869      2.87261
      4640.60      61.5499      2.67259
      4642.00      67.7776      2.67789
      4643.40      61.6946      2.52079
      4644.80      63.9914      2.57472
      4646.20      63.4746      2.55862
      4647.60      63.9875      2.61359
      4649.00      63.3684      2.63237
      4650.40      63.3366      2.63596
      4651.80      62.4674      2.55228
      4653.20      61.8985      2.51917
      4654.60      58.8855      2.50166
      4656.00      60.3573      2.52587
      4657.40      63.6416      2.55205
      4658.80      68.7726      2.67543
      4660.20      63.8969      2.58634
      4661.60      64.1200      2.61068
      4663.00      63.1769      2.62158
      4664.40      60.3523      2.57555
      4665.80      58.6722      2.52230
      4667.20      60.1850      2.47615
      4668.60      61.8451      2.50624
      4670.00      62.2757      2.51322
      4671.40      63.1730      2.55925
      4672.80      67.7990      2.66535
      4674.20      65.7770      2.61192
      4675.60      61.5291      2.51956
      4677.00      64.8490      2.59762
      4678.40      66.3665      2.63103
      4679.80      66.1401      2.60710
      4681.20      63.5611      2.59625
      4682.60      63.6979      2.72703
      4684.00      67.0645      2.79169
      4685.40      65.3388      2.71046
      4686.80      60.4733      2.60754
      4688.20      62.2816      2.66981
      4689.60      61.0113      2.57865
      4691.00      63.3927      2.54670
      4692.40      65.1964      2.60869
      4693.80      65.4356      2.63939
      4695.20      64.0549      2.57967
      4696.60      60.6400      2.48009
      4698.00      63.1688      2.64112
      4699.40      61.7684      2.62469
      4700.80      61.9704      2.61040
      4702.20      61.4523      2.51558
      4703.60      61.2375      2.49012
      4705.00      62.1461      2.56217
      4706.40      62.5301      2.60198
      4707.80      62.8618      2.56079
      4709.20      62.3446      2.51409
      4710.60      62.7978      2.52455
      4712.00      62.2923      2.49717
      4713.40      62.4884      2.50793
      4714.80      65.1184      2.60283
      4716.20      66.4767      2.66821
      4717.60      64.1295      2.64373
      4719.00      66.7507      2.68932
      4720.40      63.8463      2.59846
      4721.80      65.6671      2.59945
      4723.20      57.7018      2.38256
      4724.60      59.1938      2.43019
      4726.00      62.6242      2.51051
      4727.40      58.7579      2.41472
      4728.80      61.2600      2.46798
      4730.20      61.2852      2.47145
      4731.60      62.3514      2.49829
      4733.00      60.9014      2.49348
      4734.40      61.9733      2.52963
      4735.80      61.4567      2.52020
      4737.20      60.5071      2.54134
      4738.60      61.5642      2.49247
      4740.00      63.1254      2.53422
      4741.40      61.5214      2.51782
      4742.80      64.2444      2.63957
      4744.20      61.1173      2.63064
      4745.60      64.2293      2.66097
      4747.00      63.3706      2.58460
      4748.40      62.7008      2.66456
      4749.80      61.5807      2.51091
      4751.20      64.5173      2.56687
      4752.60      63.5612      2.52206
      4754.00      55.0783      2.32955
      4755.40      63.6395      2.51555
      4756.80      63.1401      2.50220
      4758.20      66.7280      2.58995
      4759.60      63.6893      2.52309
      4761.00      62.4908      2.48120
      4762.40      64.5948      2.53618
      4763.80      62.6077      2.50153
      4765.20      60.7099      2.49607
      4766.60      60.8173      2.49413
      4768.00      64.9748      2.55559
      4769.40      61.4604      2.47786
      4770.80      57.8150      2.39679
      4772.20      59.7456      2.42641
      4773.60      61.5127      2.44608
      4775.00      64.0694      2.50384
      4776.40      61.2649      2.46043
      4777.80      60.2556      2.48526
      4779.20      66.1096      2.63902
      4780.60      57.0271      2.42743
      4782.00      57.6318      2.62586
      4783.40      57.5845      3.28404
      4784.80      60.9759      3.39233
      4786.20      59.1839      3.33036
      4787.60      58.8421      3.27368
      4789.00      64.1255      2.96101
      4790.40      65.0552      2.52932
      4791.80      58.3764      2.38600
      4793.20      58.6779      2.40360
      4794.60      62.9197      2.47872
      4796.00      60.9820      2.43008
      4797.40      62.6845      2.48029
      4798.80      53.5975      2.26340
      4800.20      57.8344      2.45194
      4801.60      63.9771      2.62328
      4803.00      60.9087      2.51477
      4804.40      55.7314      2.30905
      4805.80      62.4664      2.45710
      4807.20      63.3360      2.48390
      4808.60      63.8237      2.48901
      4810.00      61.4447      2.42852
      4811.40      60.7963      2.41976
      4812.80      57.9253      2.35163
      4814.20      57.9058      2.35643
      4815.60      59.6863      2.40890
      4817.00      59.0175      2.39775
      4818.40      60.9052      2.42986
      4819.80      61.8078      2.44541
      4821.20      58.8744      2.39552
      4822.60      62.0420      2.54989
      4824.00      62.0932      2.62551
      4825.40      63.7183      2.69185
      4826.80      59.8848      2.56353
      4828.20      58.1880      2.48906
      4829.60      62.4255      2.60238
      4831.00      61.7888      2.58886
      4832.40      59.3276      2.38934
      4833.80      61.7845      2.43254
      4835.20      57.0598      2.32964
      4836.60      56.7198      2.33836
      4838.00      55.2853      2.39052
      4839.40      51.4162      2.35016
      4840.80      56.3085      2.55777
      4842.20      58.9256      2.38301
      4843.60      53.9377      2.26200
      4845.00      54.1839      2.28801
      4846.40      50.3794      2.21471
      4847.80      55.4947      2.32842
      4849.20      52.3994      2.23656
      4850.60      49.3305      2.14225
      4852.00      47.6317      2.16956
      4853.40      42.4593      2.05356
      4854.80      42.2659      2.05513
      4856.20      40.2751      1.92865
      4857.60      29.3162      1.62235
      4859.00      22.1753      1.47897
      4860.40      26.7378      1.64008
      4861.80      33.4869      1.84886
      4863.20      41.3838      2.01860
      4864.60      44.4262      2.03977
      4866.00      45.9748      2.04931
      4867.40      50.0120      2.14663
      4868.80      49.3324      2.14026
      4870.20      47.4797      2.11440
      4871.60      52.9058      2.23122
      4873.00      48.0698      2.10619
      4874.40      58.6170      2.41051
      4875.80      54.1519      2.34312
      4877.20      56.9125      2.38559
      4878.60      55.3427      2.30599
      4880.00      58.3032      2.36014
      4881.40      58.4722      2.37154
      4882.80      56.0612      2.32805
      4884.20      60.2519      2.41755
      4885.60      57.5665      2.35631
      4887.00      60.3844      2.44994
      4888.40      55.8508      2.38717
      4889.80      54.2586      2.37373
      4891.20      58.8017      2.48434
      4892.60      57.6222      2.41131
      4894.00      52.0045      2.24351
      4895.40      62.7301      2.50985
      4896.80      61.9367      2.48878
      4898.20      59.2015      2.43418
      4899.60      61.0977      2.49690
      4901.00      57.9313      2.42587
      4902.40      55.1789      2.33730
      4903.80      57.5890      2.40049
      4905.20      61.1438      2.47995
      4906.60      58.9911      2.44108
      4908.00      60.0859      2.45678
      4909.40      56.0337      2.37206
      4910.80      58.3344      2.41353
      4912.20      56.3038      2.36828
      4913.60      59.0420      2.53947
      4915.00      59.5679      2.47239
      4916.40      60.3819      2.44452
      4917.80      58.5604      2.41745
      4919.20      56.6770      2.36102
      4920.60      52.0141      2.23594
      4922.00      53.8467      2.26490
      4923.40      58.5954      2.38591
      4924.80      56.8436      2.36735
      4926.20      58.6799      2.40419
      4927.60      58.5164      2.37750
      4929.00      57.5466      2.42395
      4930.40      57.2323      2.34119
      4931.80      57.5977      2.33960
      4933.20      58.9049      2.36863
      4934.60      59.9447      2.41046
      4936.00      58.6617      2.40826
      4937.40      58.3519      2.43413
      4938.80      55.9837      2.37571
      4940.20      58.9019      2.39349
      4941.60      57.1619      2.31509
      4943.00      58.5711      2.35733
      4944.40      56.1311      2.29808
      4945.80      57.7063      2.32440
      4947.20      60.9921      2.47150
      4948.60      57.8256      2.55223
      4950.00      57.9139      2.56261
      4951.40      58.1740      2.40633
      4952.80      57.8988      2.33134
      4954.20      58.8784      2.35384
      4955.60      58.1023      2.33483
      4957.00      57.1931      2.29874
      4958.40      56.8338      2.30414
      4959.80      53.1260      2.21362
      4961.20      61.7164      2.43778
      4962.60      58.6262      2.40282
      4964.00      60.9519      2.42703
      4965.40      59.1921      2.35544
      4966.80      62.8316      2.43227
      4968.20      57.4285      2.30232
      4969.60      59.9172      2.36604
      4971.00      57.9147      2.32113
      4972.40      56.4979      2.29321
      4973.80      58.8638      2.39010
      4975.20      58.9109      2.48175
      4976.60      59.5083      2.42223
      4978.00      57.5778      2.37250
      4979.40      55.6081      2.36437
      4980.80      61.4732      2.45420
      4982.20      54.0961      2.27055
      4983.60      58.4291      2.36485
      4985.00      59.6914      2.39202
      4986.40      63.0743      2.46377
      4987.80      64.3773      2.48842
      4989.20      56.6879      2.37740
      4990.60      55.5690      2.38741
      4992.00      56.2998      2.37784
      4993.40      60.6459      2.46340
      4994.80      63.9395      2.53002
      4996.20      60.7565      2.46291
      4997.60      55.4493      2.33157
      4999.00      56.1546      2.31231
