      3900.00      213.339      9.59863
      3901.40      218.362      9.44884
      3902.80      237.082      9.58741
      3904.20      240.732      9.62017
      3905.60      237.642      9.53584
      3907.00      248.092      9.82537
      3908.40      261.678      10.1884
      3909.80      260.770      10.3809
      3911.20      275.789      10.2729
      3912.60      256.428      9.78422
      3914.00      253.688      9.73873
      3915.40      264.568      10.0401
      3916.80      257.712      10.3674
      3918.20      280.847      10.3111
      3919.60      280.540      9.96223
      3921.00      267.468      9.62216
      3922.40      275.592      9.73574
      3923.80      266.467      9.56169
      3925.20      281.495      9.78981
      3926.60      278.562      9.81200
      3928.00      269.200      9.40022
      3929.40      272.183      9.21254
      3930.80      262.496      8.98812
      3932.20      217.877      8.04928
      3933.60      127.787      6.13613
      3935.00      154.277      6.64941
      3936.40      238.529      8.28770
      3937.80      275.689      9.21912
      3939.20      276.666      9.45371
      3940.60      281.834      9.69136
      3942.00      274.629      9.54216
      3943.40      265.507      9.30381
      3944.80      279.459      9.44420
      3946.20      268.111      9.52260
      3947.60      271.068      9.90589
      3949.00      268.076      9.80687
      3950.40      272.805      9.71331
      3951.80      258.258      9.45282
      3953.20      261.517      9.41946
      3954.60      256.657      9.49774
      3956.00      251.880      9.97478
      3957.40      241.792      9.47555
      3958.80      234.857      8.77018
      3960.20      238.693      8.96146
      3961.60      217.319      8.69586
      3963.00      215.699      8.59855
      3964.40      195.157      8.19451
      3965.80      179.071      7.74696
      3967.20      132.687      6.44904
      3968.60      83.5060      5.11694
      3970.00      59.9085      4.64581
      3971.40      86.3193      5.28329
      3972.80      127.948      6.36256
      3974.20      163.132      7.35809
      3975.60      174.498      7.85568
      3977.00      183.736      7.91331
      3978.40      221.491      8.40993
      3979.80      221.867      8.55465
      3981.20      242.803      9.03770
      3982.60      235.943      8.90504
      3984.00      243.970      9.10559
      3985.40      222.910      8.77032
      3986.80      246.777      9.02308
      3988.20      249.935      9.17128
      3989.60      252.290      9.12562
      3991.00      266.050      9.29660
      3992.40      267.282      9.30678
      3993.80      273.774      9.45378
      3995.20      267.797      9.31545
      3996.60      280.372      9.47013
      3998.00      261.759      9.19541
      3999.40      278.328      9.50611
      4000.80      287.223      9.64333
      4002.20      291.908      9.71832
      4003.60      264.746      9.29924
      4005.00      272.795      9.34179
      4006.40      269.052      9.09452
      4007.80      262.033      9.07631
      4009.20      278.773      9.55812
      4010.60      280.150      9.54858
      4012.00      261.816      9.18033
      4013.40      266.823      9.26573
      4014.80      277.789      9.44123
      4016.20      277.022      9.48034
      4017.60      265.851      9.46427
      4019.00      267.945      9.53330
      4020.40      281.888      10.1239
      4021.80      273.246      9.58403
      4023.20      281.335      9.44031
      4024.60      266.417      9.21461
      4026.00      269.514      9.26587
      4027.40      270.583      9.52563
      4028.80      263.155      9.51166
      4030.20      266.432      9.31311
      4031.60      266.658      9.07692
      4033.00      263.713      8.99915
      4034.40      278.453      9.27896
      4035.80      270.669      9.17278
      4037.20      269.972      9.22530
      4038.60      282.575      9.78753
      4040.00      273.439      9.74822
      4041.40      275.075      9.68184
      4042.80      271.717      9.19382
      4044.20      261.872      9.03986
      4045.60      270.831      8.93999
      4047.00      264.539      8.88146
      4048.40      278.575      9.61856
      4049.80      281.434      9.66544
      4051.20      252.590      9.06707
      4052.60      275.004      9.22722
      4054.00      274.764      9.11519
      4055.40      276.202      9.14550
      4056.80      287.816      9.30314
      4058.20      278.243      9.16365
      4059.60      283.736      9.31694
      4061.00      288.537      9.50776
      4062.40      269.522      9.23790
      4063.80      260.853      8.79473
      4065.20      252.520      8.53164
      4066.60      265.843      8.80827
      4068.00      257.009      8.70903
      4069.40      272.870      9.14180
      4070.80      262.094      8.95171
      4072.20      251.482      8.52343
      4073.60      259.784      8.64242
      4075.00      270.987      9.07126
      4076.40      265.710      9.17570
      4077.80      256.597      8.92949
      4079.20      261.197      8.78251
      4080.60      268.328      8.84940
      4082.00      258.468      8.79432
      4083.40      264.913      8.91353
      4084.80      254.735      8.67391
      4086.20      263.007      8.77311
      4087.60      259.242      8.95724
      4089.00      244.019      8.93540
      4090.40      243.667      8.68633
      4091.80      217.300      8.18198
      4093.20      216.756      8.11617
      4094.60      216.476      8.09310
      4096.00      191.639      7.61521
      4097.40      193.213      7.59104
      4098.80      152.377      7.24429
      4100.20      130.352      6.71289
      4101.60      86.0813      5.75228
      4103.00      86.4564      5.50093
      4104.40      131.944      6.34213
      4105.80      160.905      7.14612
      4107.20      172.852      7.46238
      4108.60      194.528      7.80934
      4110.00      206.091      7.80337
      4111.40      212.318      8.08988
      4112.80      225.369      8.35112
      4114.20      240.102      8.62539
      4115.60      244.466      8.54823
      4117.00      261.083      8.87156
      4118.40      254.603      8.76193
      4119.80      252.422      8.51827
      4121.20      257.234      8.58168
      4122.60      248.966      8.63137
      4124.00      262.361      9.31618
      4125.40      247.646      9.27659
      4126.80      271.312      8.99957
      4128.20      263.061      8.65147
      4129.60      257.863      8.56187
      4131.00      261.033      8.61342
      4132.40      234.940      8.18490
      4133.80      263.067      8.75825
      4135.20      259.347      8.57392
      4136.60      268.995      9.16559
      4138.00      270.346      9.49794
      4139.40      265.917      9.37326
      4140.80      269.417      9.25868
      4142.20      268.916      8.93304
      4143.60      245.363      8.29495
      4145.00      262.323      8.45130
      4146.40      268.914      8.73737
      4147.80      266.764      8.78391
      4149.20      268.628      8.70186
      4150.60      262.629      8.60598
      4152.00      265.019      8.95137
      4153.40      272.276      9.17738
      4154.80      269.167      8.92901
      4156.20      253.708      8.61287
      4157.60      251.991      8.45851
      4159.00      255.601      8.38284
      4160.40      257.776      8.44963
      4161.80      251.797      8.59564
      4163.20      255.597      8.69683
      4164.60      258.716      9.09316
      4166.00      258.856      8.78836
      4167.40      261.597      8.65615
      4168.80      257.988      8.43877
      4170.20      272.675      8.65660
      4171.60      255.695      8.74359
      4173.00      238.828      8.43225
      4174.40      257.004      8.33909
      4175.80      265.098      8.51515
      4177.20      256.339      8.51332
      4178.60      266.579      8.75453
      4180.00      250.748      8.26073
      4181.40      269.105      8.63458
      4182.80      259.287      8.36779
      4184.20      252.290      8.19145
      4185.60      257.209      8.33171
      4187.00      262.399      8.36078
      4188.40      246.615      8.03338
      4189.80      259.801      8.30879
      4191.20      260.308      8.74577
      4192.60      274.212      9.01515
      4194.00      262.966      8.90070
      4195.40      265.325      8.53608
      4196.80      249.374      8.32682
      4198.20      265.387      8.43018
      4199.60      265.652      8.39475
      4201.00      265.060      8.38483
      4202.40      258.103      8.18288
      4203.80      250.926      8.06554
      4205.20      267.159      8.40104
      4206.60      263.152      8.56541
      4208.00      260.583      8.35966
      4209.40      257.453      8.33811
      4210.80      255.507      8.31996
      4212.20      261.660      8.59869
      4213.60      256.967      8.77213
      4215.00      250.496      8.36940
      4216.40      253.412      8.16158
      4217.80      256.576      8.42597
      4219.20      256.411      8.27596
      4220.60      258.954      8.34791
      4222.00      273.500      8.80962
      4223.40      261.279      8.89638
      4224.80      260.160      8.51533
      4226.20      246.746      8.01711
      4227.60      236.503      7.56066
      4229.00      260.487      8.08625
      4230.40      254.221      8.37883
      4231.80      252.881      8.63014
      4233.20      244.081      8.00750
      4234.60      248.239      8.02910
      4236.00      248.380      7.98614
      4237.40      249.418      8.02857
      4238.80      258.004      8.25970
      4240.20      260.281      8.27244
      4241.60      256.355      8.29937
      4243.00      263.086      8.49275
      4244.40      257.004      8.20327
      4245.80      250.876      8.10782
      4247.20      249.436      8.05024
      4248.60      250.073      8.00552
      4250.00      250.950      7.97897
      4251.40      255.236      8.01271
      4252.80      256.755      8.13323
      4254.20      252.519      8.28574
      4255.60      247.114      8.29124
      4257.00      259.204      8.56178
      4258.40      241.570      8.41400
      4259.80      269.258      8.61538
      4261.20      257.467      8.22651
      4262.60      253.784      8.32123
      4264.00      263.557      8.64075
      4265.40      264.091      8.53460
      4266.80      249.776      8.17772
      4268.20      263.886      8.37164
      4269.60      256.591      8.31861
      4271.00      241.275      7.89067
      4272.40      239.859      7.82839
      4273.80      240.510      8.13418
      4275.20      258.913      8.51273
      4276.60      254.013      8.10255
      4278.00      260.792      8.17727
      4279.40      252.569      8.16010
      4280.80      257.566      8.17525
      4282.20      249.953      7.96621
      4283.60      250.182      8.01548
      4285.00      252.797      8.07178
      4286.40      257.054      8.21132
      4287.80      251.700      8.56134
      4289.20      245.640      8.31532
      4290.60      249.304      7.93213
      4292.00      259.499      8.39085
      4293.40      247.060      8.19807
      4294.80      258.232      8.30609
      4296.20      244.577      8.28227
      4297.60      246.180      8.29308
      4299.00      244.859      7.84214
      4300.40      241.118      7.55103
      4301.80      225.722      7.20198
      4303.20      239.939      7.46759
      4304.60      254.114      7.69820
      4306.00      249.752      7.90346
      4307.40      243.749      7.69536
      4308.80      237.326      7.37753
      4310.20      252.363      7.67212
      4311.60      256.645      7.80977
      4313.00      242.581      7.54259
      4314.40      215.583      7.22345
      4315.80      223.539      7.42245
      4317.20      240.324      7.95379
      4318.60      240.803      8.09526
      4320.00      235.923      7.97745
      4321.40      238.576      8.33441
      4322.80      232.793      7.78211
      4324.20      234.654      7.61767
      4325.60      227.282      7.46117
      4327.00      225.138      7.73344
      4328.40      232.136      8.01865
      4329.80      207.974      7.61297
      4331.20      210.255      7.43658
      4332.60      210.301      7.34996
      4334.00      194.442      7.25042
      4335.40      181.583      7.45520
      4336.80      174.719      7.39946
      4338.20      139.286      6.20962
      4339.60      99.8256      5.25809
      4341.00      87.2494      4.93857
      4342.40      106.876      5.28340
      4343.80      138.336      5.95717
      4345.20      156.748      6.44958
      4346.60      164.750      6.76609
      4348.00      191.597      7.26904
      4349.40      201.529      7.33946
      4350.80      211.817      7.39859
      4352.20      216.818      7.54244
      4353.60      214.282      7.41156
      4355.00      230.409      8.22898
      4356.40      230.902      8.25722
      4357.80      241.643      8.09552
      4359.20      227.628      7.81774
      4360.60      245.504      8.03714
      4362.00      238.269      7.80673
      4363.40      245.572      7.98128
      4364.80      242.077      8.31303
      4366.20      240.062      8.52254
      4367.60      233.059      7.87865
      4369.00      248.884      7.89552
      4370.40      250.051      8.20842
      4371.80      240.307      8.37693
      4373.20      238.947      8.12164
      4374.60      239.629      7.91677
      4376.00      244.534      7.86540
      4377.40      249.574      7.89455
      4378.80      260.029      8.09921
      4380.20      260.850      8.12719
      4381.60      254.347      8.86192
      4383.00      244.994      7.68823
      4384.40      222.727      7.12540
      4385.80      244.494      7.48845
      4387.20      249.318      7.76309
      4388.60      254.621      7.96466
      4390.00      251.090      7.81643
      4391.40      247.273      7.74340
      4392.80      246.106      7.89510
      4394.20      239.821      7.77942
      4395.60      236.145      7.74525
      4397.00      243.679      7.90543
      4398.40      253.443      7.93913
      4399.80      241.933      7.71608
      4401.20      237.028      7.64232
      4402.60      240.125      7.72665
      4404.00      240.243      7.72670
      4405.40      245.765      7.66723
      4406.80      253.715      7.84693
      4408.20      255.957      8.15057
      4409.60      248.271      7.81248
      4411.00      259.839      8.00640
      4412.40      255.384      7.99859
      4413.80      250.252      8.01848
      4415.20      245.346      7.78596
      4416.60      251.345      7.74716
      4418.00      242.106      7.64274
      4419.40      250.280      7.83072
      4420.80      242.892      7.79157
      4422.20      252.677      8.05904
      4423.60      242.907      7.79842
      4425.00      245.029      9.70436
      4426.40      251.189      12.5025
      4427.80      228.536      7.83863
      4429.20      252.426      8.13798
      4430.60      259.516      8.10628
      4432.00      248.507      7.82032
      4433.40      255.209      7.87018
      4434.80      241.069      7.61738
      4436.20      252.009      7.77254
      4437.60      243.739      7.81245
      4439.00      247.643      7.93832
      4440.40      251.514      7.95059
      4441.80      249.302      7.91707
      4443.20      243.289      7.72145
      4444.60      237.178      7.76182
      4446.00      248.366      8.22360
      4447.40      249.459      8.08035
      4448.80      249.806      7.80327
      4450.20      246.870      7.75637
      4451.60      239.220      7.60528
      4453.00      249.228      7.80565
      4454.40      242.894      7.71068
      4455.80      237.519      7.52007
      4457.20      253.768      7.78309
      4458.60      246.775      7.89410
      4460.00      248.582      7.84084
      4461.40      246.997      7.68144
      4462.80      246.136      7.72679
      4464.20      243.703      7.77067
      4465.60      250.653      7.93686
      4467.00      253.240      7.84790
      4468.40      228.912      7.42828
      4469.80      241.446      7.60049
      4471.20      254.123      7.78074
      4472.60      241.560      7.81206
      4474.00      244.357      7.86482
      4475.40      242.545      8.06194
      4476.80      240.373      8.18629
      4478.20      239.089      7.96510
      4479.60      238.017      7.74679
      4481.00      221.090      7.45915
      4482.40      228.419      7.54151
      4483.80      241.948      7.70742
      4485.20      239.777      7.79036
      4486.60      237.673      7.82483
      4488.00      234.513      7.85837
      4489.40      246.614      8.01392
      4490.80      242.966      7.69729
      4492.20      251.317      7.74003
      4493.60      239.504      7.61687
      4495.00      251.550      8.47488
      4496.40      245.192      8.37472
      4497.80      248.365      8.03360
      4499.20      251.409      8.01573
      4500.60      244.639      7.72463
      4502.00      234.599      7.50742
      4503.40      258.834      7.92026
      4504.80      249.725      8.05890
      4506.20      239.440      8.10895
      4507.60      242.297      7.81667
      4509.00      227.562      7.44499
      4510.40      246.248      7.76614
      4511.80      246.932      8.01659
      4513.20      244.254      7.94009
      4514.60      245.332      8.03489
      4516.00      238.084      7.78397
      4517.40      237.495      7.72910
      4518.80      241.576      7.59368
      4520.20      241.618      7.60493
      4521.60      236.458      7.74377
      4523.00      241.195      7.90294
      4524.40      237.093      7.75232
      4525.80      244.787      7.77350
      4527.20      249.702      7.70982
      4528.60      243.094      7.48891
      4530.00      240.886      7.41746
      4531.40      247.254      7.53405
      4532.80      239.787      7.45999
      4534.20      229.095      7.32269
      4535.60      233.359      7.38730
      4537.00      249.835      7.65527
      4538.40      251.982      7.72263
      4539.80      247.121      7.70964
      4541.20      239.237      7.51507
      4542.60      251.133      7.69823
      4544.00      240.058      7.55206
      4545.40      242.763      7.67272
      4546.80      257.815      8.06240
      4548.20      247.003      7.84359
      4549.60      226.114      7.28519
      4551.00      233.065      7.28393
      4552.40      230.619      7.31513
      4553.80      237.284      7.51840
      4555.20      241.772      7.48553
      4556.60      242.345      7.47035
      4558.00      240.737      7.47648
      4559.40      244.511      7.60387
      4560.80      244.862      7.65394
      4562.20      241.483      7.67535
      4563.60      229.596      7.46288
      4565.00      237.722      7.46416
      4566.40      234.262      7.38313
      4567.80      245.046      7.81912
      4569.20      238.998      7.67422
      4570.60      246.748      7.67664
      4572.00      233.074      7.53859
      4573.40      226.124      7.70686
      4574.80      237.664      7.95637
      4576.20      241.180      7.65036
      4577.60      240.482      7.64045
      4579.00      235.954      7.69815
      4580.40      242.800      7.80556
      4581.80      237.968      7.61735
      4583.20      234.255      7.39388
      4584.60      227.348      7.30453
      4586.00      245.791      7.66445
      4587.40      238.641      7.54644
      4588.80      240.309      7.47040
      4590.20      236.813      7.46705
      4591.60      255.008      7.68661
      4593.00      238.028      7.40698
      4594.40      230.263      7.24914
      4595.80      243.165      7.45745
      4597.20      254.312      7.61629
      4598.60      239.569      7.39342
      4600.00      240.881      7.53074
      4601.40      243.192      7.62166
      4602.80      237.915      7.62167
      4604.20      236.881      7.76298
      4605.60      233.868      7.69518
      4607.00      244.596      7.70831
      4608.40      234.822      7.37039
      4609.80      242.584      7.47813
      4611.20      238.651      7.45211
      4612.60      246.144      7.53425
      4614.00      238.474      7.38966
      4615.40      238.951      7.38018
      4616.80      242.367      7.44934
      4618.20      243.488      7.46796
      4619.60      242.133      7.64002
      4621.00      227.546      7.22563
      4622.40      238.122      7.60178
      4623.80      241.617      7.70334
      4625.20      242.459      7.65585
      4626.60      250.579      7.72315
      4628.00      238.523      7.39638
      4629.40      232.397      7.27314
      4630.80      228.109      7.40671
      4632.20      247.536      7.81394
      4633.60      228.921      7.56620
      4635.00      230.800      7.25836
      4636.40      244.172      7.42235
      4637.80      230.300      7.21643
      4639.20      236.867      7.37662
      4640.60      235.921      7.33204
      4642.00      232.695      7.26013
      4643.40      233.319      7.23879
      4644.80      245.020      7.44503
      4646.20      239.527      7.29010
      4647.60      229.452      7.11519
      4649.00      240.448      7.45903
      4650.40      234.467      7.56038
      4651.80      239.572      7.41194
      4653.20      240.544      7.29132
      4654.60      239.497      7.39718
      4656.00      241.991      7.56774
      4657.40      233.831      7.27231
      4658.80      232.595      7.20362
      4660.20      241.321      7.34212
      4661.60      239.231      7.35865
      4663.00      238.529      7.35093
      4664.40      240.155      7.34700
      4665.80      234.821      7.20304
      4667.20      231.725      7.13523
      4668.60      239.627      7.26428
      4670.00      238.523      7.16712
      4671.40      230.930      7.24916
      4672.80      238.754      7.38462
      4674.20      235.736      7.75092
      4675.60      237.689      7.79863
      4677.00      226.791      7.24865
      4678.40      234.990      7.46462
      4679.80      235.375      7.19298
      4681.20      237.180      7.17099
      4682.60      241.535      7.26372
      4684.00      236.169      7.30702
      4685.40      237.169      7.24065
      4686.80      244.698      7.34862
      4688.20      239.451      7.26163
      4689.60      234.055      7.20618
      4691.00      233.680      7.16784
      4692.40      235.787      7.22128
      4693.80      239.801      7.37058
      4695.20      234.323      7.49227
      4696.60      222.397      7.52583
      4698.00      245.296      7.55058
      4699.40      235.537      7.18745
      4700.80      241.464      7.33045
      4702.20      233.355      7.46097
      4703.60      242.412      7.47266
      4705.00      233.132      7.10105
      4706.40      250.834      7.36782
      4707.80      243.789      7.27791
      4709.20      232.016      7.35550
      4710.60      235.044      7.47817
      4712.00      237.445      7.47396
      4713.40      233.318      7.32364
      4714.80      227.942      7.15014
      4716.20      225.545      7.04407
      4717.60      230.711      7.20078
      4719.00      229.576      7.31763
      4720.40      235.033      7.43850
      4721.80      240.366      7.68392
      4723.20      232.865      7.37055
      4724.60      233.604      7.18477
      4726.00      231.955      7.14428
      4727.40      239.044      7.26271
      4728.80      233.777      7.19363
      4730.20      227.835      7.25677
      4731.60      226.158      7.27229
      4733.00      243.506      7.48271
      4734.40      234.624      7.20348
      4735.80      225.866      7.04776
      4737.20      223.920      6.98259
      4738.60      229.743      7.08689
      4740.00      233.980      7.48129
      4741.40      235.109      7.45741
      4742.80      232.719      7.46591
      4744.20      233.519      7.34971
      4745.60      220.979      6.98253
      4747.00      232.972      7.13202
      4748.40      239.174      7.30063
      4749.80      239.612      7.37529
      4751.20      229.090      7.18259
      4752.60      229.442      7.13989
      4754.00      239.112      7.34465
      4755.40      233.563      7.39518
      4756.80      231.621      7.55218
      4758.20      241.948      7.51774
      4759.60      235.391      7.22207
      4761.00      231.691      7.29248
      4762.40      232.075      7.43726
      4763.80      219.338      7.19052
      4765.20      239.431      7.36597
      4766.60      226.561      7.03469
      4768.00      237.206      7.28582
      4769.40      225.286      7.41228
      4770.80      232.193      7.72220
      4772.20      237.020      7.53840
      4773.60      231.919      7.08842
      4775.00      230.998      7.05267
      4776.40      236.474      7.33751
      4777.80      227.687      7.28193
      4779.20      228.409      7.34079
      4780.60      234.612      7.30655
      4782.00      236.362      7.32216
      4783.40      233.570      7.23512
      4784.80      235.325      7.16923
      4786.20      234.857      7.30581
      4787.60      230.418      7.35804
      4789.00      229.685      7.27579
      4790.40      225.228      7.06028
      4791.80      235.066      7.10955
      4793.20      240.147      7.32049
      4794.60      232.591      7.27074
      4796.00      229.976      7.42481
      4797.40      234.870      7.36389
      4798.80      236.308      7.17634
      4800.20      237.776      7.11133
      4801.60      223.040      6.86021
      4803.00      229.559      6.98942
      4804.40      223.052      6.88783
      4805.80      226.234      6.99581
      4807.20      231.494      7.05766
      4808.60      234.672      7.18103
      4810.00      228.851      7.04864
      4811.40      222.370      7.16181
      4812.80      217.567      7.32068
      4814.20      234.759      7.48031
      4815.60      219.967      7.09714
      4817.00      230.458      7.14535
      4818.40      226.462      7.08403
      4819.80      222.745      6.96245
      4821.20      222.889      6.99373
      4822.60      229.125      7.18171
      4824.00      226.445      7.11502
      4825.40      226.127      7.06402
      4826.80      225.490      7.16209
      4828.20      226.407      7.25634
      4829.60      221.235      7.15597
      4831.00      225.314      7.08668
      4832.40      224.860      6.92174
      4833.80      224.498      6.92943
      4835.20      224.099      7.34802
      4836.60      224.804      8.09216
      4838.00      219.700      7.56298
      4839.40      215.488      6.90485
      4840.80      217.307      6.81863
      4842.20      215.374      7.00994
      4843.60      212.914      7.08864
      4845.00      213.928      6.99407
      4846.40      206.659      6.78025
      4847.80      210.045      6.81087
      4849.20      199.663      6.51709
      4850.60      187.527      6.25840
      4852.00      191.954      6.39562
      4853.40      189.144      6.58547
      4854.80      182.171      6.30714
      4856.20      171.850      5.94890
      4857.60      155.459      5.67775
      4859.00      130.959      5.45665
      4860.40      103.548      5.07013
      4861.80      78.6498      4.40240
      4863.20      109.274      4.68976
      4864.60      133.222      5.28286
      4866.00      171.449      5.94906
      4867.40      195.577      6.78636
      4868.80      179.512      6.09406
      4870.20      184.638      6.28204
      4871.60      189.873      6.59142
      4873.00      196.155      6.70492
      4874.40      213.433      6.91306
      4875.80      210.477      6.62479
      4877.20      214.688      6.69528
      4878.60      215.174      6.76501
      4880.00      210.025      6.82809
      4881.40      216.478      6.83833
      4882.80      219.040      6.90696
      4884.20      218.828      6.86047
      4885.60      208.203      6.71184
      4887.00      220.415      6.82996
      4888.40      226.618      6.98890
      4889.80      217.630      6.72026
      4891.20      211.809      6.59449
      4892.60      217.781      6.65306
      4894.00      224.303      6.81282
      4895.40      229.591      7.00429
      4896.80      218.107      6.86663
      4898.20      240.547      7.23608
      4899.60      236.554      7.19920
      4901.00      227.834      7.02253
      4902.40      235.268      7.09617
      4903.80      218.380      6.89602
      4905.20      216.348      6.99371
      4906.60      219.900      7.06286
      4908.00      222.318      7.08008
      4909.40      226.514      7.27926
      4910.80      206.305      6.92958
      4912.20      226.462      7.07682
      4913.60      230.734      7.05900
      4915.00      228.569      7.07547
      4916.40      228.141      7.15435
      4917.80      228.426      7.16603
      4919.20      224.560      7.28146
      4920.60      216.239      6.91641
      4922.00      216.594      6.80297
      4923.40      219.348      6.92145
      4924.80      219.802      6.89170
      4926.20      226.755      7.23926
      4927.60      226.810      7.42510
      4929.00      230.007      7.50471
      4930.40      221.451      7.33230
      4931.80      225.237      7.23412
      4933.20      232.777      7.18459
      4934.60      225.511      6.97294
      4936.00      233.533      7.04106
      4937.40      224.676      6.92663
      4938.80      229.397      7.08776
      4940.20      223.761      6.93846
      4941.60      225.013      6.87016
      4943.00      213.533      6.74057
      4944.40      227.436      7.10237
      4945.80      229.185      7.12269
      4947.20      224.283      6.88674
      4948.60      229.688      6.96968
      4950.00      224.255      7.19298
      4951.40      229.351      7.26690
      4952.80      223.401      7.09200
      4954.20      225.317      7.05239
      4955.60      214.858      6.85162
      4957.00      213.260      6.74977
      4958.40      209.925      6.59805
      4959.80      225.288      7.06379
      4961.20      216.026      7.32404
      4962.60      223.527      7.36253
      4964.00      227.625      7.04124
      4965.40      226.675      6.96134
      4966.80      217.127      6.69857
      4968.20      223.128      6.73502
      4969.60      222.857      6.73256
      4971.00      223.542      6.79222
      4972.40      222.172      6.83749
      4973.80      223.645      6.95025
      4975.20      221.057      6.92758
      4976.60      223.697      7.07510
      4978.00      222.175      7.04368
      4979.40      222.187      7.22711
      4980.80      223.233      6.78879
      4982.20      218.549      6.63102
      4983.60      214.019      6.63757
      4985.00      208.802      6.68827
      4986.40      218.699      6.62336
      4987.80      218.127      6.64230
      4989.20      217.314      6.81211
      4990.60      210.401      6.92442
      4992.00      209.711      6.68563
      4993.40      206.741      6.46413
      4994.80      211.335      6.60673
      4996.20      210.233      6.48877
      4997.60      219.553      6.65145
      4999.00      218.054      6.62417
