      3900.00      123.617      7.97510
      3901.40      114.180      7.63872
      3902.80      112.741      7.09480
      3904.20      106.088      6.91894
      3905.60      111.474      7.15303
      3907.00      97.8085      7.08944
      3908.40      107.417      7.57234
      3909.80      109.469      7.73501
      3911.20      112.665      7.46590
      3912.60      111.126      7.17231
      3914.00      114.862      7.39342
      3915.40      117.179      7.90835
      3916.80      119.811      8.03771
      3918.20      122.044      7.89901
      3919.60      115.645      7.56535
      3921.00      105.807      6.96672
      3922.40      104.550      6.56709
      3923.80      107.729      6.64635
      3925.20      117.546      6.98017
      3926.60      116.199      7.16226
      3928.00      96.9893      6.79280
      3929.40      74.9738      6.20757
      3930.80      55.9987      5.63134
      3932.20      49.6565      5.41471
      3933.60      28.8444      5.00189
      3935.00      23.1760      4.99263
      3936.40      37.9600      5.40303
      3937.80      58.5131      5.79089
      3939.20      72.1035      6.01467
      3940.60      76.2860      6.06171
      3942.00      96.6424      6.43060
      3943.40      101.381      6.51150
      3944.80      97.7478      6.49965
      3946.20      98.3098      6.81879
      3947.60      110.484      7.18797
      3949.00      112.311      6.97833
      3950.40      117.723      6.65454
      3951.80      115.411      6.56329
      3953.20      112.082      6.65568
      3954.60      112.796      6.44681
      3956.00      122.118      6.58732
      3957.40      109.547      6.32483
      3958.80      119.251      6.44864
      3960.20      120.115      6.74669
      3961.60      111.954      6.80883
      3963.00      89.6607      6.32693
      3964.40      81.6679      6.21149
      3965.80      74.7752      5.95366
      3967.20      56.1413      5.55807
      3968.60      38.7036      4.94139
      3970.00      21.1409      4.41426
      3971.40      48.5395      4.84402
      3972.80      59.8811      5.08442
      3974.20      79.5929      5.57413
      3975.60      87.2645      5.91053
      3977.00      107.433      6.45113
      3978.40      112.389      6.77083
      3979.80      116.965      6.55970
      3981.20      124.972      6.85316
      3982.60      125.312      6.90070
      3984.00      122.330      6.87180
      3985.40      113.053      6.72829
      3986.80      118.619      6.45436
      3988.20      118.476      6.16698
      3989.60      134.891      6.52331
      3991.00      141.766      6.68290
      3992.40      132.200      6.53676
      3993.80      137.700      6.87408
      3995.20      137.769      6.59866
      3996.60      134.331      6.54527
      3998.00      124.074      6.68554
      3999.40      120.841      6.95554
      4000.80      137.545      7.58327
      4002.20      142.007      7.11329
      4003.60      138.779      6.75205
      4005.00      136.996      6.58144
      4006.40      123.193      6.33363
      4007.80      112.329      6.20261
      4009.20      129.782      6.85735
      4010.60      136.812      7.02268
      4012.00      140.776      7.00508
      4013.40      143.345      6.55498
      4014.80      138.796      6.49581
      4016.20      148.216      6.84839
      4017.60      148.770      6.97145
      4019.00      143.401      6.75992
      4020.40      133.933      6.39922
      4021.80      148.338      6.54858
      4023.20      140.457      6.38534
      4024.60      142.622      6.59130
      4026.00      133.435      6.47940
      4027.40      135.975      6.54654
      4028.80      135.802      6.57787
      4030.20      134.790      6.84801
      4031.60      136.953      6.67939
      4033.00      127.240      6.17748
      4034.40      125.225      5.95502
      4035.80      139.217      6.21632
      4037.20      124.060      6.29850
      4038.60      137.086      6.94374
      4040.00      140.596      7.04758
      4041.40      138.362      6.48245
      4042.80      142.245      6.59601
      4044.20      143.558      6.94235
      4045.60      134.301      6.75865
      4047.00      111.313      6.19326
      4048.40      129.465      6.82347
      4049.80      133.544      6.90855
      4051.20      131.517      7.01295
      4052.60      147.339      7.24096
      4054.00      136.603      6.89636
      4055.40      145.856      6.93541
      4056.80      137.651      6.75711
      4058.20      122.516      10.7894
      4059.60      128.512      6.01896
      4061.00      138.256      6.37368
      4062.40      147.737      6.65337
      4063.80      127.731      6.35301
      4065.20      116.352      6.02872
      4066.60      119.708      6.03787
      4068.00      127.146      6.08546
      4069.40      131.853      6.62098
      4070.80      146.651      7.26551
      4072.20      131.427      6.68774
      4073.60      121.370      6.00878
      4075.00      138.598      6.20263
      4076.40      137.964      6.28629
      4077.80      120.497      6.19069
      4079.20      123.948      6.39127
      4080.60      130.430      6.58031
      4082.00      135.699      6.64779
      4083.40      146.054      6.52389
      4084.80      130.792      6.07863
      4086.20      120.917      5.94951
      4087.60      144.525      6.23905
      4089.00      151.840      6.28672
      4090.40      144.734      6.19592
      4091.80      140.959      6.24347
      4093.20      135.939      6.14733
      4094.60      132.868      5.84519
      4096.00      129.797      5.81158
      4097.40      123.179      5.67754
      4098.80      124.710      5.74771
      4100.20      122.951      5.90381
      4101.60      99.2046      5.51850
      4103.00      84.4656      5.06108
      4104.40      85.6525      4.95187
      4105.80      101.568      5.14776
      4107.20      125.873      5.82430
      4108.60      136.505      6.28096
      4110.00      132.184      6.15445
      4111.40      130.452      5.95560
      4112.80      141.281      5.99495
      4114.20      134.929      5.73050
      4115.60      141.959      5.84735
      4117.00      140.383      5.80785
      4118.40      140.281      5.94731
      4119.80      133.234      5.70571
      4121.20      123.336      5.74969
      4122.60      133.101      6.03244
      4124.00      140.205      6.23124
      4125.40      139.988      6.29929
      4126.80      140.581      6.27845
      4128.20      140.835      6.18352
      4129.60      128.481      5.83552
      4131.00      131.583      5.81063
      4132.40      139.819      5.85959
      4133.80      128.093      5.69749
      4135.20      126.071      5.74403
      4136.60      134.963      5.93752
      4138.00      142.108      6.09756
      4139.40      152.532      6.26337
      4140.80      153.317      6.18945
      4142.20      152.375      6.08707
      4143.60      130.168      5.74330
      4145.00      126.531      5.82392
      4146.40      131.641      6.01169
      4147.80      142.404      6.03015
      4149.20      142.747      5.95409
      4150.60      131.021      5.62384
      4152.00      139.681      5.69873
      4153.40      136.728      5.66809
      4154.80      135.253      5.78452
      4156.20      128.980      5.82353
      4157.60      136.007      6.07290
      4159.00      134.597      6.00587
      4160.40      134.122      6.12004
      4161.80      132.729      6.27233
      4163.20      133.432      6.32290
      4164.60      144.829      6.01205
      4166.00      135.758      5.79683
      4167.40      146.087      5.99616
      4168.80      135.620      5.69467
      4170.20      144.877      5.86598
      4171.60      149.562      6.15914
      4173.00      136.096      5.96478
      4174.40      121.996      5.57425
      4175.80      127.375      5.59118
      4177.20      129.982      5.63492
      4178.60      127.174      5.65418
      4180.00      120.534      5.68054
      4181.40      126.680      5.64560
      4182.80      132.618      5.76066
      4184.20      128.786      5.46094
      4185.60      140.283      5.65780
      4187.00      144.997      5.68966
      4188.40      136.990      5.56553
      4189.80      149.588      5.82242
      4191.20      142.999      5.67773
      4192.60      146.049      5.80977
      4194.00      145.481      5.82316
      4195.40      138.346      5.67307
      4196.80      134.417      5.54842
      4198.20      134.567      5.53014
      4199.60      122.193      5.20437
      4201.00      126.788      5.26165
      4202.40      121.416      5.22296
      4203.80      127.320      5.45875
      4205.20      135.553      5.61827
      4206.60      129.432      5.37406
      4208.00      130.081      5.27388
      4209.40      138.477      5.44070
      4210.80      136.686      5.36482
      4212.20      143.291      5.45302
      4213.60      138.265      5.38433
      4215.00      143.216      5.48182
      4216.40      126.219      5.20864
      4217.80      131.617      5.52023
      4219.20      137.304      5.70049
      4220.60      144.755      5.68434
      4222.00      146.363      5.58904
      4223.40      148.515      5.54543
      4224.80      140.075      5.43648
      4226.20      122.334      5.16415
      4227.60      101.375      4.78759
      4229.00      111.901      4.96549
      4230.40      139.339      5.40971
      4231.80      140.306      5.45286
      4233.20      133.880      5.41501
      4234.60      138.423      5.43279
      4236.00      129.975      5.29950
      4237.40      127.930      5.29812
      4238.80      128.151      5.43255
      4240.20      127.933      5.25673
      4241.60      127.760      5.16303
      4243.00      130.431      5.18646
      4244.40      131.432      5.54373
      4245.80      128.647      5.43173
      4247.20      137.727      5.60085
      4248.60      142.095      5.43443
      4250.00      131.832      5.21159
      4251.40      123.715      5.15242
      4252.80      121.274      5.25517
      4254.20      143.680      5.62667
      4255.60      138.832      5.40146
      4257.00      135.253      5.31174
      4258.40      148.798      5.59097
      4259.80      140.385      5.40232
      4261.20      127.716      5.28370
      4262.60      125.047      5.40724
      4264.00      139.787      5.53310
      4265.40      141.149      5.39533
      4266.80      141.802      5.36174
      4268.20      131.740      5.24951
      4269.60      134.312      5.52829
      4271.00      133.279      5.41705
      4272.40      117.640      4.89374
      4273.80      115.181      4.84449
      4275.20      126.960      5.08360
      4276.60      128.798      5.28623
      4278.00      125.524      5.36477
      4279.40      134.603      5.55243
      4280.80      135.850      5.37208
      4282.20      124.520      5.07161
      4283.60      129.030      5.08826
      4285.00      130.101      5.17840
      4286.40      128.568      5.20348
      4287.80      125.435      5.06584
      4289.20      118.314      4.89686
      4290.60      120.009      5.06227
      4292.00      108.224      5.05607
      4293.40      120.039      5.47008
      4294.80      127.226      5.51865
      4296.20      121.057      5.33715
      4297.60      117.705      5.00044
      4299.00      117.681      5.02092
      4300.40      102.333      4.77902
      4301.80      91.6649      4.59274
      4303.20      99.3725      4.72724
      4304.60      94.0801      4.71634
      4306.00      96.1974      4.75561
      4307.40      99.3856      4.73887
      4308.80      102.390      4.56351
      4310.20      93.3580      4.39659
      4311.60      104.006      4.58988
      4313.00      102.657      4.62505
      4314.40      115.132      5.00760
      4315.80      127.174      5.29917
      4317.20      133.772      5.45823
      4318.60      137.212      5.50282
      4320.00      135.295      5.61863
      4321.40      136.201      5.33846
      4322.80      135.223      5.25917
      4324.20      129.017      5.18024
      4325.60      114.725      5.10786
      4327.00      106.098      5.10390
      4328.40      118.033      5.17785
      4329.80      130.959      5.11398
      4331.20      140.326      5.34401
      4332.60      132.243      5.53161
      4334.00      134.089      5.57316
      4335.40      131.901      5.28784
      4336.80      130.985      5.09984
      4338.20      124.115      4.90399
      4339.60      101.630      4.44931
      4341.00      86.2141      4.26831
      4342.40      78.2827      4.54117
      4343.80      100.875      5.16735
      4345.20      115.393      5.13720
      4346.60      123.843      4.91307
      4348.00      124.923      5.14715
      4349.40      130.451      5.04610
      4350.80      136.057      5.26556
      4352.20      124.727      4.94388
      4353.60      111.836      4.71751
      4355.00      123.163      5.10008
      4356.40      133.066      5.42198
      4357.80      134.191      5.75926
      4359.20      139.653      6.43510
      4360.60      141.034      6.16670
      4362.00      137.923      5.49032
      4363.40      150.234      5.46703
      4364.80      153.900      5.44008
      4366.20      147.127      5.39204
      4367.60      134.599      5.28687
      4369.00      126.272      4.91089
      4370.40      129.969      4.92874
      4371.80      131.404      4.92941
      4373.20      136.521      5.08065
      4374.60      135.042      5.04598
      4376.00      128.873      4.92076
      4377.40      127.213      4.90126
      4378.80      131.546      4.97497
      4380.20      130.245      5.44288
      4381.60      132.774      5.40048
      4383.00      136.686      5.03509
      4384.40      117.052      4.65614
      4385.80      105.471      4.49957
      4387.20      125.467      4.95534
      4388.60      128.566      5.50792
      4390.00      136.776      5.75850
      4391.40      136.814      5.25923
      4392.80      134.662      5.27754
      4394.20      140.081      5.78285
      4395.60      134.889      5.24491
      4397.00      135.022      5.29631
      4398.40      140.395      5.10776
      4399.80      144.273      5.05266
      4401.20      134.130      4.92826
      4402.60      127.488      4.93216
      4404.00      138.033      5.32727
      4405.40      134.685      5.26985
      4406.80      128.716      5.03687
      4408.20      130.104      4.97682
      4409.60      139.930      5.08649
      4411.00      133.567      4.96969
      4412.40      144.339      5.23092
      4413.80      144.918      5.36503
      4415.20      141.615      5.19914
      4416.60      124.402      4.84129
      4418.00      130.773      5.01882
      4419.40      141.596      5.49540
      4420.80      142.902      5.65921
      4422.20      148.172      5.41054
      4423.60      138.853      5.00329
      4425.00      138.357      5.00028
      4426.40      130.720      4.88273
      4427.80      150.519      5.21418
      4429.20      146.936      5.21473
      4430.60      138.284      5.12663
      4432.00      142.107      5.24927
      4433.40      134.430      5.14650
      4434.80      136.425      5.17783
      4436.20      126.133      4.89944
      4437.60      128.756      4.86540
      4439.00      146.050      5.10857
      4440.40      145.534      5.13819
      4441.80      155.309      5.28193
      4443.20      140.200      5.02114
      4444.60      133.384      4.91904
      4446.00      130.566      4.89279
      4447.40      151.242      5.31315
      4448.80      142.886      5.15006
      4450.20      135.074      4.96568
      4451.60      145.125      5.05287
      4453.00      152.155      5.18941
      4454.40      148.556      5.15665
      4455.80      131.016      4.87149
      4457.20      121.929      4.80726
      4458.60      133.290      4.92874
      4460.00      135.329      4.99359
      4461.40      135.321      4.97650
      4462.80      131.171      5.02230
      4464.20      137.355      5.18478
      4465.60      140.112      5.11976
      4467.00      144.127      5.06298
      4468.40      136.339      4.90584
      4469.80      136.062      4.87444
      4471.20      136.085      4.86438
      4472.60      139.418      4.99489
      4474.00      137.060      4.90921
      4475.40      150.194      5.05872
      4476.80      149.402      5.05096
      4478.20      141.158      4.92690
      4479.60      151.812      5.34972
      4481.00      145.014      5.24605
      4482.40      139.369      5.07752
      4483.80      139.995      4.87010
      4485.20      129.899      4.81736
      4486.60      144.060      5.15260
      4488.00      146.333      5.15298
      4489.40      146.658      5.08073
      4490.80      137.024      4.86159
      4492.20      142.000      4.94531
      4493.60      148.271      5.09094
      4495.00      130.711      4.84403
      4496.40      140.776      4.93610
      4497.80      147.691      4.96915
      4499.20      147.036      4.95762
      4500.60      148.742      5.03412
      4502.00      145.933      5.03264
      4503.40      144.808      5.10115
      4504.80      141.307      5.25210
      4506.20      146.069      5.15726
      4507.60      145.237      5.02144
      4509.00      142.016      4.96099
      4510.40      143.866      5.24551
      4511.80      141.121      5.26878
      4513.20      142.752      5.02011
      4514.60      140.308      5.06333
      4516.00      150.740      5.26479
      4517.40      143.660      6.42964
      4518.80      147.712      6.97108
      4520.20      152.573      5.20346
      4521.60      142.683      4.95006
      4523.00      157.500      5.23470
      4524.40      140.502      4.89342
      4525.80      140.309      4.90441
      4527.20      132.534      4.93626
      4528.60      127.695      5.13883
      4530.00      132.753      5.26574
      4531.40      128.592      4.84744
      4532.80      135.068      4.79031
      4534.20      133.356      4.78899
      4535.60      130.912      4.79549
      4537.00      131.188      4.78090
      4538.40      144.233      5.00079
      4539.80      156.174      5.17669
      4541.20      145.495      5.03876
      4542.60      138.144      5.08834
      4544.00      147.664      5.66330
      4545.40      144.088      5.55202
      4546.80      146.369      5.10468
      4548.20      138.791      4.95669
      4549.60      136.866      5.13857
      4551.00      119.813      4.99416
      4552.40      138.280      4.93914
      4553.80      131.041      4.72782
      4555.20      132.964      4.73420
      4556.60      127.367      4.83395
      4558.00      133.791      4.92994
      4559.40      138.225      4.91783
      4560.80      142.956      4.85498
      4562.20      142.777      4.87291
      4563.60      149.613      4.98206
      4565.00      143.421      4.82784
      4566.40      139.191      4.72362
      4567.80      144.483      4.93927
      4569.20      147.656      4.86859
      4570.60      145.411      4.85438
      4572.00      142.789      4.83201
      4573.40      131.070      4.66792
      4574.80      146.497      4.97399
      4576.20      144.889      5.06009
      4577.60      142.032      5.14805
      4579.00      145.300      5.07904
      4580.40      138.365      4.85308
      4581.80      134.390      4.75098
      4583.20      134.513      4.65634
      4584.60      133.452      4.65067
      4586.00      134.333      4.75029
      4587.40      136.209      4.78755
      4588.80      145.732      4.81735
      4590.20      146.668      4.82043
      4591.60      142.852      4.87801
      4593.00      139.582      4.78974
      4594.40      141.630      4.82779
      4595.80      137.387      4.73997
      4597.20      133.161      4.65893
      4598.60      140.845      4.96537
      4600.00      139.050      4.97173
      4601.40      147.597      5.09362
      4602.80      133.436      4.79244
      4604.20      140.231      4.71613
      4605.60      146.801      4.80298
      4607.00      143.181      4.79626
      4608.40      145.482      4.83108
      4609.80      146.136      4.93769
      4611.20      143.772      4.89839
      4612.60      143.778      4.86363
      4614.00      139.126      4.74220
      4615.40      140.436      4.70843
      4616.80      140.741      4.71492
      4618.20      144.161      4.76613
      4619.60      141.703      4.81686
      4621.00      135.748      4.69270
      4622.40      138.922      4.88770
      4623.80      142.803      4.77975
      4625.20      140.933      4.70763
      4626.60      142.429      4.69214
      4628.00      143.397      4.75419
      4629.40      146.802      4.88651
      4630.80      144.046      4.83236
      4632.20      148.121      4.81970
      4633.60      151.426      4.85345
      4635.00      145.527      4.76230
      4636.40      146.383      4.80642
      4637.80      148.088      4.85690
      4639.20      144.008      4.80256
      4640.60      137.268      4.61217
      4642.00      142.233      4.78076
      4643.40      148.992      4.88249
      4644.80      154.418      4.95886
      4646.20      142.144      4.79787
      4647.60      140.416      4.71091
      4649.00      144.775      4.70147
      4650.40      139.373      4.61807
      4651.80      144.815      4.80212
      4653.20      149.211      4.93985
      4654.60      150.094      4.82934
      4656.00      138.072      4.57233
      4657.40      138.530      4.62882
      4658.80      134.379      4.60592
      4660.20      138.128      4.64020
      4661.60      139.434      4.62924
      4663.00      143.141      4.71198
      4664.40      143.830      4.69624
      4665.80      136.791      4.57243
      4667.20      139.469      4.60385
      4668.60      126.602      4.43431
      4670.00      135.868      4.69512
      4671.40      138.342      4.72584
      4672.80      140.853      4.79185
      4674.20      149.424      4.84729
      4675.60      132.340      4.54430
      4677.00      138.652      4.69609
      4678.40      138.713      4.84502
      4679.80      140.407      4.91395
      4681.20      148.034      4.94946
      4682.60      139.980      4.75783
      4684.00      144.573      4.71708
      4685.40      140.087      4.67882
      4686.80      141.359      4.77487
      4688.20      139.492      4.71320
      4689.60      139.022      4.65306
      4691.00      141.661      4.66012
      4692.40      137.125      4.59023
      4693.80      141.360      4.80154
      4695.20      140.006      4.63572
      4696.60      141.861      4.62352
      4698.00      138.615      4.56528
      4699.40      138.546      4.55382
      4700.80      144.823      4.65179
      4702.20      141.277      4.63831
      4703.60      141.212      4.64156
      4705.00      137.104      4.63052
      4706.40      135.445      4.62196
      4707.80      141.536      4.70105
      4709.20      137.142      4.61567
      4710.60      139.815      4.61235
      4712.00      132.350      4.54622
      4713.40      142.245      4.85329
      4714.80      142.898      4.94080
      4716.20      142.426      4.86760
      4717.60      136.928      4.63125
      4719.00      147.412      4.73658
      4720.40      140.825      4.84537
      4721.80      147.578      4.78558
      4723.20      147.319      4.68141
      4724.60      143.082      4.54922
      4726.00      140.241      4.64153
      4727.40      140.903      4.56091
      4728.80      139.330      4.52265
      4730.20      137.982      4.51337
      4731.60      144.178      4.60899
      4733.00      144.198      4.58407
      4734.40      143.189      4.60449
      4735.80      141.361      4.70852
      4737.20      140.279      4.70858
      4738.60      137.841      4.79384
      4740.00      143.838      4.99083
      4741.40      145.446      4.97035
      4742.80      140.413      4.77614
      4744.20      146.865      4.71833
      4745.60      153.662      4.83406
      4747.00      147.265      4.70949
      4748.40      145.819      4.63752
      4749.80      144.948      4.60285
      4751.20      138.905      4.48671
      4752.60      144.538      4.59321
      4754.00      144.323      4.63170
      4755.40      145.077      4.72956
      4756.80      139.495      4.76047
      4758.20      142.192      4.79701
      4759.60      139.878      4.56293
      4761.00      143.919      4.54099
      4762.40      140.872      4.50645
      4763.80      137.384      4.48662
      4765.20      138.946      4.57512
      4766.60      136.787      4.57467
      4768.00      129.373      4.37776
      4769.40      142.288      4.50352
      4770.80      140.947      4.54174
      4772.20      144.502      4.66849
      4773.60      145.255      4.72801
      4775.00      138.390      4.64046
      4776.40      142.828      4.78860
      4777.80      143.879      4.64493
      4779.20      143.611      4.59175
      4780.60      142.904      4.59393
      4782.00      139.336      4.65639
      4783.40      142.698      4.81233
      4784.80      138.967      4.41704
      4786.20      139.357      4.44847
      4787.60      136.842      4.44176
      4789.00      135.780      4.53547
      4790.40      136.046      4.77789
      4791.80      139.112      4.81857
      4793.20      134.240      4.64869
      4794.60      142.578      4.60456
      4796.00      141.227      4.54840
      4797.40      145.197      4.55640
      4798.80      147.660      4.63139
      4800.20      140.066      4.66004
      4801.60      138.207      4.61885
      4803.00      144.231      4.75636
      4804.40      134.146      4.55912
      4805.80      136.888      4.55133
      4807.20      137.890      4.52749
      4808.60      138.337      4.41299
      4810.00      138.022      4.50697
      4811.40      141.923      4.47512
      4812.80      141.022      4.54030
      4814.20      140.517      4.64388
      4815.60      143.725      4.71767
      4817.00      141.664      4.84006
      4818.40      144.655      4.58244
      4819.80      141.447      4.58043
      4821.20      144.795      4.62586
      4822.60      143.155      4.70176
      4824.00      137.433      4.62590
      4825.40      140.931      4.62181
      4826.80      137.419      4.41183
      4828.20      143.753      4.51716
      4829.60      143.430      4.59835
      4831.00      138.454      4.60667
      4832.40      134.868      4.51117
      4833.80      139.422      4.54130
      4835.20      142.013      4.56746
      4836.60      137.830      4.45856
      4838.00      133.294      4.33345
      4839.40      142.180      4.50482
      4840.80      132.820      4.36849
      4842.20      135.101      4.40771
      4843.60      130.901      4.34557
      4845.00      138.120      4.48869
      4846.40      139.811      4.49240
      4847.80      137.074      4.51546
      4849.20      137.264      4.48575
      4850.60      134.334      4.36089
      4852.00      129.150      4.28688
      4853.40      132.942      4.37485
      4854.80      127.887      4.28690
      4856.20      124.185      4.23828
      4857.60      120.759      4.14184
      4859.00      112.566      4.01323
      4860.40      116.162      4.06305
      4861.80      95.3312      3.85170
      4863.20      80.8776      3.92365
      4864.60      89.4738      4.00320
      4866.00      111.272      4.18021
      4867.40      120.861      4.33368
      4868.80      123.128      4.32606
      4870.20      128.680      4.33661
      4871.60      129.398      4.34855
      4873.00      126.588      4.23809
      4874.40      123.092      4.18919
      4875.80      127.786      4.35274
      4877.20      129.631      4.33575
      4878.60      134.309      4.43341
      4880.00      133.033      4.44628
      4881.40      135.324      4.63862
      4882.80      131.829      4.54824
      4884.20      133.465      4.48184
      4885.60      129.833      4.38761
      4887.00      129.080      4.35363
      4888.40      132.412      4.44595
      4889.80      132.529      4.49458
      4891.20      128.330      4.40343
      4892.60      124.263      4.27003
      4894.00      132.246      4.42606
      4895.40      142.362      4.72163
      4896.80      143.978      4.76897
      4898.20      135.827      4.52720
      4899.60      132.379      4.46059
      4901.00      138.631      4.51170
      4902.40      137.032      4.57946
      4903.80      135.412      4.71832
      4905.20      134.360      4.76676
      4906.60      137.120      4.80842
      4908.00      138.906      4.59383
      4909.40      140.911      4.57993
      4910.80      138.536      4.54495
      4912.20      134.039      4.46176
      4913.60      129.721      4.46020
      4915.00      134.522      4.58510
      4916.40      142.783      4.68663
      4917.80      140.807      4.62343
      4919.20      137.648      4.50882
      4920.60      133.641      4.47836
      4922.00      116.833      4.25984
      4923.40      129.143      4.40263
      4924.80      131.029      4.35287
      4926.20      139.915      4.52626
      4927.60      142.097      4.66009
      4929.00      144.305      4.62068
      4930.40      132.199      4.34905
      4931.80      140.831      4.56471
      4933.20      133.879      4.52912
      4934.60      128.080      4.33633
      4936.00      130.355      4.33082
      4937.40      127.660      4.29970
      4938.80      127.659      4.37164
      4940.20      124.525      4.31103
      4941.60      130.630      4.40871
      4943.00      130.432      4.55841
      4944.40      143.398      4.80352
      4945.80      143.717      4.70336
      4947.20      141.542      4.58907
      4948.60      141.010      4.52862
      4950.00      147.066      4.58058
      4951.40      140.481      4.41191
      4952.80      146.319      4.45665
      4954.20      141.046      4.40890
      4955.60      143.954      4.52210
      4957.00      136.746      4.41206
      4958.40      130.467      4.26765
      4959.80      123.363      4.31584
      4961.20      135.541      4.60707
      4962.60      141.260      4.61863
      4964.00      139.635      4.55644
      4965.40      141.331      4.62836
      4966.80      134.488      4.46991
      4968.20      133.783      4.36880
      4969.60      143.124      4.44863
      4971.00      146.998      4.51086
      4972.40      137.604      4.38284
      4973.80      126.652      4.17940
      4975.20      138.903      4.39548
      4976.60      137.149      4.36418
      4978.00      145.305      4.55774
      4979.40      138.350      4.43845
      4980.80      146.436      4.84311
      4982.20      132.001      4.51386
      4983.60      129.281      4.67815
      4985.00      125.377      4.51929
      4986.40      126.875      4.26155
      4987.80      131.055      4.24713
      4989.20      136.473      4.45104
      4990.60      130.620      4.27389
      4992.00      141.926      4.43125
      4993.40      137.683      4.37055
      4994.80      140.413      4.35693
      4996.20      137.937      4.30872
      4997.60      141.296      4.35408
      4999.00      134.566      4.28045
