      3900.00      1718.01      50.7248
      3901.40      1727.10      50.6312
      3902.80      1670.27      49.1149
      3904.20      1800.05      51.8278
      3905.60      1812.90      53.2872
      3907.00      1822.88      52.1283
      3908.40      1866.52      52.9502
      3909.80      1851.10      52.4850
      3911.20      1868.16      52.6687
      3912.60      1921.59      53.8428
      3914.00      1931.88      53.9382
      3915.40      1961.74      54.3035
      3916.80      2031.65      55.6049
      3918.20      1923.10      53.0687
      3919.60      1918.40      52.7958
      3921.00      1930.29      53.0953
      3922.40      1929.90      53.1874
      3923.80      1845.59      51.8044
      3925.20      1923.62      54.4744
      3926.60      1903.46      52.8312
      3928.00      1829.93      51.0091
      3929.40      1552.96      44.5468
      3930.80      1194.93      36.9442
      3932.20      1363.36      40.2856
      3933.60      1602.26      45.7138
      3935.00      1680.41      47.3757
      3936.40      1852.85      51.2920
      3937.80      1788.61      53.1721
      3939.20      1871.33      51.7252
      3940.60      1740.08      48.8115
      3942.00      1683.82      47.4439
      3943.40      1749.00      48.6877
      3944.80      1655.18      46.5299
      3946.20      1697.50      47.5487
      3947.60      1606.84      45.7498
      3949.00      1655.49      47.0606
      3950.40      1652.84      47.8097
      3951.80      1598.03      47.7292
      3953.20      1579.88      65.5800
      3954.60      1527.53      1414.21
      3956.00      1478.83      1414.21
      3957.40      1433.13      1414.21
      3958.80      1390.01      1414.21
      3960.20      1354.41      64.9830
      3961.60      1308.96      42.6681
      3963.00      1178.36      39.2643
      3964.40      956.109      33.4036
      3965.80      736.399      28.0227
      3967.20      694.940      26.3861
      3968.60      784.187      27.8325
      3970.00      956.592      31.3200
      3971.40      1184.71      36.2632
      3972.80      1286.68      38.4231
      3974.20      1363.66      40.0122
      3975.60      1470.13      42.2460
      3977.00      1540.64      43.6277
      3978.40      1586.76      44.4512
      3979.80      1622.69      45.0303
      3981.20      1638.24      45.2881
      3982.60      1699.94      46.5185
      3984.00      1714.63      46.9501
      3985.40      1766.58      48.0619
      3986.80      1727.57      47.1552
      3988.20      1748.62      47.5402
      3989.60      1759.37      47.6349
      3991.00      1811.49      48.6990
      3992.40      1873.71      50.2139
      3993.80      1817.04      49.1351
      3995.20      1901.88      51.1332
      3996.60      1873.04      52.3685
      3998.00      1858.02      50.3691
      3999.40      1928.41      51.2580
      4000.80      1903.51      50.5474
      4002.20      1847.45      49.2605
      4003.60      1843.85      49.2172
      4005.00      1889.81      50.2046
      4006.40      1882.65      49.9802
      4007.80      1908.82      50.6011
      4009.20      1898.42      50.3828
      4010.60      1918.18      50.8011
      4012.00      1932.97      51.1984
      4013.40      1958.55      51.7068
      4014.80      1960.18      51.9944
      4016.20      1904.68      50.2936
      4017.60      1967.54      51.5045
      4019.00      2010.40      52.3564
      4020.40      1998.25      52.0827
      4021.80      1869.05      49.3307
      4023.20      1966.37      51.3722
      4024.60      1871.50      49.4460
      4026.00      1903.87      50.1798
      4027.40      1955.14      51.4060
      4028.80      1922.81      50.7490
      4030.20      1884.69      49.9583
      4031.60      1925.16      51.7864
      4033.00      1925.63      50.9666
      4034.40      1922.78      51.0116
      4035.80      1921.28      51.3053
      4037.20      1916.26      50.9212
      4038.60      1889.19      50.3959
      4040.00      1882.15      50.4904
      4041.40      1852.57      50.1403
      4042.80      1838.70      49.4737
      4044.20      1871.08      50.2511
      4045.60      1920.65      51.3766
      4047.00      1903.62      52.2105
      4048.40      1889.29      50.8506
      4049.80      1907.32      51.2081
      4051.20      1904.34      51.1124
      4052.60      1914.15      52.1529
      4054.00      1948.52      52.4211
      4055.40      1928.74      51.5456
      4056.80      1874.04      50.2548
      4058.20      1909.40      50.9062
      4059.60      1870.77      49.9683
      4061.00      1832.26      49.1974
      4062.40      1866.27      50.0377
      4063.80      1873.72      50.2107
      4065.20      1934.06      51.4579
      4066.60      1926.81      51.2558
      4068.00      1884.46      50.3075
      4069.40      1839.24      49.1276
      4070.80      1793.59      47.8735
      4072.20      1819.22      48.2335
      4073.60      1843.99      48.7199
      4075.00      1726.30      48.4711
      4076.40      1766.80      50.7541
      4077.80      1779.54      47.3857
      4079.20      1770.17      47.1378
      4080.60      1701.24      45.5652
      4082.00      1616.48      43.7448
      4083.40      1666.30      45.5187
      4084.80      1594.42      43.5343
      4086.20      1540.54      41.9902
      4087.60      1551.77      42.1822
      4089.00      1489.56      40.9887
      4090.40      1417.44      39.4596
      4091.80      1338.16      38.4438
      4093.20      1300.34      36.8982
      4094.60      1128.77      32.8948
      4096.00      1029.48      30.4887
      4097.40      867.349      26.9154
      4098.80      803.210      25.5395
      4100.20      815.136      25.8502
      4101.60      934.476      28.5682
      4103.00      1114.80      32.7083
      4104.40      1213.05      34.8294
      4105.80      1333.32      37.2350
      4107.20      1375.13      38.1354
      4108.60      1486.39      40.6537
      4110.00      1504.15      41.2456
      4111.40      1555.32      42.6602
      4112.80      1587.06      42.9160
      4114.20      1671.03      44.6915
      4115.60      1664.15      44.4628
      4117.00      1721.56      45.7716
      4118.40      1686.47      45.0667
      4119.80      1742.39      46.2849
      4121.20      1684.96      45.0425
      4122.60      1757.43      46.5810
      4124.00      1782.41      46.9857
      4125.40      1802.22      47.3591
      4126.80      1758.98      46.3586
      4128.20      1774.80      46.7256
      4129.60      1706.57      45.1772
      4131.00      1753.41      46.2092
      4132.40      1795.09      47.1273
      4133.80      1812.58      47.3814
      4135.20      1807.69      47.2148
      4136.60      1818.25      47.4151
      4138.00      1783.58      46.6460
      4139.40      1776.53      46.4510
      4140.80      1823.97      47.4567
      4142.20      1784.99      46.6271
      4143.60      1786.32      46.6193
      4145.00      1825.37      47.4418
      4146.40      1789.65      46.5821
      4147.80      1779.74      47.3450
      4149.20      1786.80      46.5505
      4150.60      1757.84      45.6045
      4152.00      1787.64      46.2718
      4153.40      1806.60      46.7298
      4154.80      1738.63      45.3046
      4156.20      1762.49      45.8071
      4157.60      1725.32      44.9187
      4159.00      1731.55      44.9145
      4160.40      1734.91      44.9210
      4161.80      1734.80      45.8075
      4163.20      1726.16      44.7962
      4164.60      1758.04      45.4864
      4166.00      1784.91      46.0396
      4167.40      1774.35      45.6710
      4168.80      1708.62      44.2016
      4170.20      1768.10      45.4904
      4171.60      1753.71      45.1694
      4173.00      1725.94      44.5596
      4174.40      1732.15      44.7041
      4175.80      1733.46      44.6865
      4177.20      1760.29      45.2334
      4178.60      1742.07      44.7822
      4180.00      1764.46      45.2411
      4181.40      1765.00      45.2608
      4182.80      1774.86      45.4571
      4184.20      1733.18      44.5779
      4185.60      1723.40      44.3974
      4187.00      1784.77      45.7807
      4188.40      1747.30      45.0293
      4189.80      1775.76      45.6452
      4191.20      1757.00      46.7730
      4192.60      1741.41      45.5349
      4194.00      1730.29      44.4409
      4195.40      1714.49      44.0924
      4196.80      1671.88      43.1576
      4198.20      1695.51      43.6941
      4199.60      1716.71      44.2231
      4201.00      1734.94      44.6400
      4202.40      1710.88      44.0704
      4203.80      1753.72      44.9627
      4205.20      1746.71      44.6970
      4206.60      1761.27      44.9875
      4208.00      1762.35      45.0325
      4209.40      1735.59      44.4180
      4210.80      1733.84      44.3470
      4212.20      1684.11      43.2117
      4213.60      1732.31      44.1668
      4215.00      1711.67      43.6775
      4216.40      1764.29      44.7425
      4217.80      1773.22      44.9575
      4219.20      1770.40      44.8731
      4220.60      1721.31      43.7597
      4222.00      1750.10      44.2830
      4223.40      1616.71      41.4056
      4224.80      1688.43      42.9515
      4226.20      1657.89      42.3793
      4227.60      1741.23      44.1868
      4229.00      1656.48      42.3465
      4230.40      1607.17      41.3078
      4231.80      1667.83      42.6048
      4233.20      1684.66      42.9539
      4234.60      1733.79      43.9795
      4236.00      1726.31      43.7931
      4237.40      1694.27      43.1028
      4238.80      1746.72      44.2130
      4240.20      1743.15      44.0791
      4241.60      1718.15      43.4640
      4243.00      1621.54      41.3660
      4244.40      1691.44      42.8939
      4245.80      1685.23      42.7789
      4247.20      1607.61      41.1244
      4248.60      1670.35      42.4789
      4250.00      1669.90      42.4697
      4251.40      1637.05      41.6808
      4252.80      1689.83      43.2743
      4254.20      1674.03      43.1865
      4255.60      1647.87      41.9817
      4257.00      1672.10      42.5078
      4258.40      1651.07      42.0361
      4259.80      1671.05      42.4574
      4261.20      1677.35      42.5889
      4262.60      1659.38      42.1890
      4264.00      1700.92      43.0543
      4265.40      1687.66      42.7051
      4266.80      1629.03      41.3898
      4268.20      1629.33      41.4409
      4269.60      1556.56      39.9643
      4271.00      1622.36      41.3762
      4272.40      1665.77      42.2532
      4273.80      1693.78      42.7938
      4275.20      1610.52      40.9877
      4276.60      1660.28      42.0755
      4278.00      1645.04      41.7299
      4279.40      1632.27      41.4940
      4280.80      1642.19      42.3675
      4282.20      1623.01      41.3821
      4283.60      1662.57      42.1246
      4285.00      1620.50      41.2182
      4286.40      1641.30      41.6514
      4287.80      1606.47      40.8720
      4289.20      1595.90      40.6148
      4290.60      1629.77      41.3058
      4292.00      1589.99      40.4266
      4293.40      1611.93      40.8726
      4294.80      1604.43      41.3601
      4296.20      1573.70      40.0186
      4297.60      1560.25      39.7278
      4299.00      1556.39      39.6477
      4300.40      1582.32      40.2021
      4301.80      1567.79      39.8596
      4303.20      1573.60      39.9688
      4304.60      1531.62      39.0690
      4306.00      1566.76      42.9561
      4307.40      1581.86      42.6630
      4308.80      1543.43      39.3031
      4310.20      1532.86      39.0966
      4311.60      1500.85      38.8513
      4313.00      1496.70      38.6240
      4314.40      1517.67      38.6391
      4315.80      1503.49      38.3135
      4317.20      1474.68      37.6938
      4318.60      1482.52      37.8738
      4320.00      1493.64      38.0703
      4321.40      1424.36      36.5706
      4322.80      1375.57      36.0056
      4324.20      1375.27      35.5339
      4325.60      1359.78      35.1963
      4327.00      1333.31      34.5838
      4328.40      1308.18      34.0331
      4329.80      1240.75      32.5805
      4331.20      1136.90      30.3180
      4332.60      1049.50      28.5433
      4334.00      971.271      26.8659
      4335.40      861.247      24.3777
      4336.80      768.778      22.3093
      4338.20      750.297      21.8953
      4339.60      835.312      23.5579
      4341.00      952.966      26.3146
      4342.40      1102.24      29.5849
      4343.80      1163.91      30.8824
      4345.20      1232.02      32.3860
      4346.60      1273.16      33.2960
      4348.00      1274.06      34.3047
      4349.40      1294.02      33.7693
      4350.80      1399.59      35.9912
      4352.20      1395.97      35.8912
      4353.60      1447.93      37.0074
      4355.00      1479.05      37.7172
      4356.40      1456.34      37.2291
      4357.80      1503.93      38.3274
      4359.20      1496.14      38.3180
      4360.60      1545.80      39.3159
      4362.00      1551.44      39.2457
      4363.40      1496.30      38.0713
      4364.80      1560.28      39.4626
      4366.20      1603.41      40.4372
      4367.60      1532.18      38.9567
      4369.00      1587.85      40.1589
      4370.40      1570.92      39.7817
      4371.80      1579.60      39.9103
      4373.20      1570.33      39.6878
      4374.60      1580.73      39.9269
      4376.00      1555.29      39.3785
      4377.40      1578.60      39.9061
      4378.80      1544.93      39.1472
      4380.20      1535.51      38.9409
      4381.60      1524.59      38.6554
      4383.00      1563.97      39.4374
      4384.40      1603.24      40.2613
      4385.80      1578.88      39.7234
      4387.20      1585.79      39.7744
      4388.60      1624.25      40.5917
      4390.00      1617.57      40.4369
      4391.40      1507.85      38.0412
      4392.80      1512.53      38.1321
      4394.20      1562.16      39.1898
      4395.60      1576.39      39.4674
      4397.00      1538.78      38.6440
      4398.40      1570.84      39.3328
      4399.80      1604.13      40.0564
      4401.20      1557.09      39.0505
      4402.60      1552.26      38.9334
      4404.00      1570.14      39.3324
      4405.40      1582.04      39.5651
      4406.80      1567.51      39.2720
      4408.20      1579.75      39.5765
      4409.60      1605.96      40.1084
      4411.00      1560.30      39.0517
      4412.40      1550.69      38.8364
      4413.80      1479.68      37.3435
      4415.20      1525.68      38.2955
      4416.60      1535.58      38.4681
      4418.00      1540.05      38.5604
      4419.40      1543.10      40.4581
      4420.80      1534.10      39.2062
      4422.20      1534.38      38.4240
      4423.60      1505.19      37.7783
      4425.00      1549.45      38.7305
      4426.40      1546.80      38.6374
      4427.80      1521.77      38.1336
      4429.20      1514.15      37.9568
      4430.60      1544.05      38.5479
      4432.00      1532.14      38.2510
      4433.40      1533.31      38.2469
      4434.80      1547.64      38.5834
      4436.20      1525.40      38.9266
      4437.60      1532.08      38.7988
      4439.00      1529.83      38.3594
      4440.40      1478.35      37.2387
      4441.80      1511.75      37.8892
      4443.20      1536.41      38.4584
      4444.60      1529.06      38.3166
      4446.00      1527.25      38.3070
      4447.40      1543.25      38.6735
      4448.80      1521.09      38.1693
      4450.20      1552.11      38.8168
      4451.60      1504.44      37.7583
      4453.00      1523.09      38.1412
      4454.40      1528.85      38.2381
      4455.80      1517.48      37.9591
      4457.20      1543.25      38.4783
      4458.60      1532.59      38.2394
      4460.00      1519.85      37.9369
      4461.40      1522.03      37.9697
      4462.80      1511.02      37.7457
      4464.20      1447.83      36.4219
      4465.60      1444.67      36.3873
      4467.00      1495.12      37.4741
      4468.40      1505.82      37.6459
      4469.80      1509.43      37.7080
      4471.20      1502.69      37.7705
      4472.60      1511.32      37.9262
      4474.00      1493.09      37.3951
      4475.40      1522.68      38.0424
      4476.80      1431.57      36.0892
      4478.20      1421.46      35.8583
      4479.60      1482.96      37.1000
      4481.00      1512.75      37.6869
      4482.40      1540.12      38.2474
      4483.80      1510.93      37.6019
      4485.20      1530.44      38.0397
      4486.60      1522.60      37.8824
      4488.00      1475.35      36.8662
      4489.40      1495.83      37.3190
      4490.80      1529.46      38.1023
      4492.20      1532.65      38.1288
      4493.60      1524.83      37.9205
      4495.00      1511.26      37.6190
      4496.40      1465.54      36.6044
      4497.80      1458.88      36.4670
      4499.20      1453.31      36.3598
      4500.60      1477.40      36.8255
      4502.00      1510.45      37.5420
      4503.40      1502.39      37.3765
      4504.80      1467.35      36.6236
      4506.20      1443.01      36.0456
      4507.60      1517.64      37.6829
      4509.00      1505.81      37.4374
      4510.40      1478.93      36.8553
      4511.80      1486.42      37.0230
      4513.20      1462.94      36.4766
      4514.60      1468.32      37.6686
      4516.00      1496.53      37.2055
      4517.40      1461.67      36.5239
      4518.80      1451.99      36.3205
      4520.20      1494.85      37.2223
      4521.60      1442.31      36.0949
      4523.00      1454.80      36.3498
      4524.40      1481.99      36.9449
      4525.80      1480.56      37.7497
      4527.20      1483.11      36.9885
      4528.60      1498.42      37.3283
      4530.00      1455.78      36.3852
      4531.40      1468.37      36.6248
      4532.80      1515.05      37.5979
      4534.20      1514.27      37.5219
      4535.60      1489.98      36.9390
      4537.00      1479.37      36.6835
      4538.40      1478.05      36.7102
      4539.80      1433.37      35.8599
      4541.20      1488.96      37.1058
      4542.60      1509.65      37.4834
      4544.00      1449.11      36.0829
      4545.40      1431.98      35.6844
      4546.80      1408.72      35.1227
      4548.20      1436.87      35.6893
      4549.60      1452.44      36.0149
      4551.00      1443.83      35.8253
      4552.40      1465.16      36.2701
      4553.80      1465.61      36.2160
      4555.20      1450.25      35.8755
      4556.60      1472.47      36.3060
      4558.00      1463.53      36.8942
      4559.40      1460.66      36.0797
      4560.80      1454.50      35.9687
      4562.20      1463.88      36.1822
      4563.60      1444.42      35.7418
      4565.00      1458.43      37.0546
      4566.40      1486.91      36.5597
      4567.80      1421.22      35.0822
      4569.20      1404.94      34.7733
      4570.60      1462.84      36.0303
      4572.00      1459.55      35.9732
      4573.40      1428.66      35.3706
      4574.80      1502.12      36.9605
      4576.20      1434.32      35.4685
      4577.60      1473.39      36.3005
      4579.00      1447.04      35.7244
      4580.40      1396.44      34.6221
      4581.80      1386.93      34.4027
      4583.20      1452.65      35.7982
      4584.60      1465.77      36.0675
      4586.00      1448.80      35.6605
      4587.40      1457.56      35.8036
      4588.80      1449.50      35.6307
      4590.20      1426.02      35.0990
      4591.60      1462.10      35.8620
      4593.00      1441.96      35.4304
      4594.40      1462.78      35.8852
      4595.80      1465.50      35.9386
      4597.20      1447.51      35.5543
      4598.60      1440.74      35.4537
      4600.00      1454.51      35.7732
      4601.40      1419.81      34.9868
      4602.80      1455.17      35.7205
      4604.20      1470.30      36.0104
      4605.60      1436.57      35.2246
      4607.00      1426.15      35.0725
      4608.40      1434.50      35.2227
      4609.80      1412.07      34.7295
      4611.20      1458.77      35.7632
      4612.60      1438.63      35.3180
      4614.00      1456.92      35.7032
      4615.40      1412.45      34.7677
      4616.80      1444.21      35.4620
      4618.20      1463.49      35.8371
      4619.60      1460.37      35.7518
      4621.00      1452.45      35.5547
      4622.40      1440.70      35.3049
      4623.80      1459.55      35.7335
      4625.20      1417.70      34.9018
      4626.60      1414.01      34.8832
      4628.00      1434.74      35.3424
      4629.40      1422.46      35.0712
      4630.80      1403.45      34.6342
      4632.20      1405.77      34.6053
      4633.60      1428.96      35.0923
      4635.00      1405.29      34.5634
      4636.40      1428.20      35.0501
      4637.80      1423.44      34.9195
      4639.20      1442.46      35.3519
      4640.60      1461.79      35.8048
      4642.00      1409.50      34.7339
      4643.40      1441.67      35.4467
      4644.80      1429.01      35.1697
      4646.20      1394.21      34.3410
      4647.60      1402.50      34.4630
      4649.00      1420.19      34.8127
      4650.40      1425.88      34.9262
      4651.80      1402.87      34.4213
      4653.20      1428.00      35.0043
      4654.60      1423.48      35.2021
      4656.00      1424.49      34.9475
      4657.40      1422.36      34.8985
      4658.80      1413.27      34.6156
      4660.20      1405.89      34.4711
      4661.60      1405.84      34.5370
      4663.00      1396.72      34.2850
      4664.40      1424.95      34.8008
      4665.80      1445.11      35.2063
      4667.20      1421.96      34.7042
      4668.60      1381.46      33.8448
      4670.00      1412.44      34.5495
      4671.40      1414.53      35.3291
      4672.80      1420.27      34.7063
      4674.20      1386.20      33.9423
      4675.60      1378.04      33.7309
      4677.00      1393.37      34.0470
      4678.40      1387.88      33.9333
      4679.80      1384.34      33.8795
      4681.20      1433.59      34.9519
      4682.60      1386.03      33.9614
      4684.00      1395.31      34.2143
      4685.40      1414.40      34.6925
      4686.80      1405.76      34.5085
      4688.20      1376.05      33.9087
      4689.60      1393.54      34.3233
      4691.00      1374.03      34.9100
      4692.40      1373.00      34.1367
      4693.80      1351.61      33.5090
      4695.20      1343.60      33.3630
      4696.60      1349.04      34.4203
      4698.00      1375.93      34.3545
      4699.40      1356.72      33.6110
      4700.80      1353.92      33.5591
      4702.20      1374.66      33.9733
      4703.60      1339.03      33.1721
      4705.00      1421.64      34.9718
      4706.40      1352.68      33.5037
      4707.80      1388.64      34.3463
      4709.20      1410.31      34.8503
      4710.60      1403.07      34.7272
      4712.00      1384.04      34.3033
      4713.40      1397.52      34.5595
      4714.80      1393.55      34.4256
      4716.20      1370.66      33.8511
      4717.60      1396.75      34.3026
      4719.00      1377.02      33.7927
      4720.40      1389.52      33.9923
      4721.80      1402.60      34.2272
      4723.20      1333.52      32.6814
      4724.60      1350.75      33.0525
      4726.00      1351.56      33.0791
      4727.40      1365.03      33.3873
      4728.80      1389.89      33.9526
      4730.20      1361.07      33.3503
      4731.60      1373.96      33.5886
      4733.00      1343.26      32.8987
      4734.40      1377.88      33.6234
      4735.80      1339.06      32.7817
      4737.20      1342.09      32.8528
      4738.60      1345.71      32.9646
      4740.00      1354.94      33.1807
      4741.40      1341.64      32.8691
      4742.80      1367.71      33.4126
      4744.20      1372.03      33.4815
      4745.60      1345.49      32.9111
      4747.00      1339.67      32.7838
      4748.40      1357.99      33.1337
      4749.80      1335.19      32.6384
      4751.20      1345.75      32.9167
      4752.60      1352.07      33.0907
      4754.00      1329.72      32.6209
      4755.40      1348.60      32.9747
      4756.80      1336.89      32.6910
      4758.20      1319.85      32.3053
      4759.60      1361.27      33.2055
      4761.00      1338.30      32.7027
      4762.40      1351.16      32.9739
      4763.80      1331.83      32.5701
      4765.20      1308.15      32.1061
      4766.60      1331.78      32.5732
      4768.00      1324.27      32.3794
      4769.40      1335.84      32.6327
      4770.80      1349.66      32.9143
      4772.20      1355.22      33.1663
      4773.60      1351.05      33.7207
      4775.00      1352.10      33.2059
      4776.40      1308.00      32.0546
      4777.80      1327.31      32.4946
      4779.20      1324.50      32.6545
      4780.60      1320.38      32.7403
      4782.00      1315.55      32.2121
      4783.40      1299.96      31.8155
      4784.80      1335.12      32.5704
      4786.20      1337.48      32.6201
      4787.60      1308.82      32.0161
      4789.00      1312.71      32.1307
      4790.40      1311.71      32.0701
      4791.80      1302.52      31.8679
      4793.20      1312.72      32.1308
      4794.60      1331.55      32.5976
      4796.00      1327.50      32.4070
      4797.40      1309.93      31.9785
      4798.80      1333.08      32.4802
      4800.20      1317.48      32.1580
      4801.60      1298.40      31.7484
      4803.00      1320.86      32.2257
      4804.40      1307.71      32.0649
      4805.80      1303.86      32.2531
      4807.20      1300.85      31.8815
      4808.60      1293.35      31.6734
      4810.00      1290.75      31.6337
      4811.40      1292.83      31.7046
      4812.80      1277.07      31.3391
      4814.20      1288.70      31.5367
      4815.60      1287.44      31.4626
      4817.00      1317.96      32.1115
      4818.40      1305.30      31.8176
      4819.80      1327.78      32.3106
      4821.20      1291.08      31.5318
      4822.60      1267.24      31.0587
      4824.00      1263.39      30.9928
      4825.40      1269.94      31.5080
      4826.80      1266.40      31.1315
      4828.20      1265.33      31.0330
      4829.60      1260.40      30.9888
      4831.00      1253.34      30.8561
      4832.40      1209.59      29.9002
      4833.80      1240.21      31.1478
      4835.20      1236.61      30.5102
      4836.60      1202.22      29.7831
      4838.00      1173.30      29.1761
      4839.40      1158.92      29.5712
      4840.80      1136.46      28.3858
      4842.20      1143.59      28.5761
      4843.60      1120.36      28.0746
      4845.00      1111.13      27.9285
      4846.40      1080.18      27.2700
      4847.80      1073.35      27.2609
      4849.20      1040.80      26.4373
      4850.60      1007.05      25.6975
      4852.00      942.612      24.2949
      4853.40      903.110      23.4501
      4854.80      827.488      21.7859
      4856.20      786.351      20.8676
      4857.60      709.500      19.1204
      4859.00      614.934      17.1219
      4860.40      710.950      19.1729
      4861.80      844.856      22.0966
      4863.20      910.667      23.4676
      4864.60      974.259      25.0661
      4866.00      984.787      25.0853
      4867.40      1018.28      25.8185
      4868.80      1064.82      26.7840
      4870.20      1092.21      27.3165
      4871.60      1133.54      28.1873
      4873.00      1115.65      27.7800
      4874.40      1130.21      28.3035
      4875.80      1156.65      29.1822
      4877.20      1162.11      28.7395
      4878.60      1150.25      28.4763
      4880.00      1157.76      28.6207
      4881.40      1215.18      29.8432
      4882.80      1210.09      29.7245
      4884.20      1200.11      29.5120
      4885.60      1191.48      29.3403
      4887.00      1187.11      29.2630
      4888.40      1229.10      30.1688
      4889.80      1246.91      30.5312
      4891.20      1243.93      30.4517
      4892.60      1179.01      29.0196
      4894.00      1213.89      29.7590
      4895.40      1229.95      30.3990
      4896.80      1223.12      30.1976
      4898.20      1210.63      29.6751
      4899.60      1227.78      30.0155
      4901.00      1225.58      29.9737
      4902.40      1243.32      30.3866
      4903.80      1230.46      30.0934
      4905.20      1202.11      29.4721
      4906.60      1195.72      29.2966
      4908.00      1252.01      30.5083
      4909.40      1209.19      29.5844
      4910.80      1203.41      29.4703
      4912.20      1244.58      30.3821
      4913.60      1207.43      29.6075
      4915.00      1200.79      29.4891
      4916.40      1209.92      29.6437
      4917.80      1205.57      29.5143
      4919.20      1138.25      28.0680
      4920.60      1191.53      29.2633
      4922.00      1204.77      29.7712
      4923.40      1218.28      30.0181
      4924.80      1215.24      29.7054
      4926.20      1234.47      30.1365
      4927.60      1232.22      30.1620
      4929.00      1231.51      30.2838
      4930.40      1229.49      30.0221
      4931.80      1170.38      28.7317
      4933.20      1229.51      30.0435
      4934.60      1252.27      30.5284
      4936.00      1233.42      30.0703
      4937.40      1193.19      29.2198
      4938.80      1236.96      30.1534
      4940.20      1243.37      30.3172
      4941.60      1256.52      30.6248
      4943.00      1229.77      30.0130
      4944.40      1235.44      30.1168
      4945.80      1214.66      29.6832
      4947.20      1235.17      30.1449
      4948.60      1213.55      29.6455
      4950.00      1190.75      29.1601
      4951.40      1209.71      29.5315
      4952.80      1213.89      29.6136
      4954.20      1195.93      29.2529
      4955.60      1210.92      29.5690
      4957.00      1244.61      30.3228
      4958.40      1242.08      30.2668
      4959.80      1205.18      29.4684
      4961.20      1177.82      28.7993
      4962.60      1180.53      28.8481
      4964.00      1190.87      29.0640
      4965.40      1186.20      29.5846
      4966.80      1175.11      28.7370
      4968.20      1189.17      29.0136
      4969.60      1202.51      29.2761
      4971.00      1202.12      29.2816
      4972.40      1206.82      29.4282
      4973.80      1183.43      28.9574
      4975.20      1179.85      28.9245
      4976.60      1214.35      29.6991
      4978.00      1215.18      29.7071
      4979.40      1197.60      29.2747
      4980.80      1174.05      28.7321
      4982.20      1192.36      29.6840
      4983.60      1191.13      29.1492
      4985.00      1193.15      29.1802
      4986.40      1170.56      28.6100
      4987.80      1190.87      29.0231
      4989.20      1168.11      28.5552
      4990.60      1192.23      29.0810
      4992.00      1192.91      29.0705
      4993.40      1176.91      28.7214
      4994.80      1182.62      28.8220
      4996.20      1163.53      28.4236
      4997.60      1176.98      28.6865
      4999.00      1197.05      29.0987
