      3900.00      689.641      17.2891
      3901.40      721.167      17.8605
      3902.80      766.760      18.6112
      3904.20      724.987      17.9325
      3905.60      712.962      17.8993
      3907.00      796.722      19.3935
      3908.40      821.466      19.9715
      3909.80      815.202      20.1128
      3911.20      811.041      19.8606
      3912.60      749.037      18.5005
      3914.00      785.774      19.0160
      3915.40      824.928      19.7604
      3916.80      791.381      19.1191
      3918.20      778.907      18.7706
      3919.60      764.540      18.4036
      3921.00      769.715      18.3328
      3922.40      773.297      18.5163
      3923.80      775.180      19.6479
      3925.20      787.762      18.8573
      3926.60      738.434      18.0874
      3928.00      724.032      17.3701
      3929.40      657.686      15.9420
      3930.80      449.656      12.0042
      3932.20      259.114      8.81626
      3933.60      290.370      9.15495
      3935.00      562.943      13.7040
      3936.40      710.314      16.5405
      3937.80      755.027      17.6639
      3939.20      778.100      19.0055
      3940.60      801.951      18.5976
      3942.00      779.761      18.3058
      3943.40      778.929      18.6811
      3944.80      789.706      18.7563
      3946.20      792.698      18.7710
      3947.60      772.930      18.5519
      3949.00      769.519      18.4038
      3950.40      781.174      18.5552
      3951.80      771.804      19.0047
      3953.20      775.634      18.2163
      3954.60      742.594      17.7966
      3956.00      706.548      17.6419
      3957.40      718.432      17.9505
      3958.80      707.039      17.5493
      3960.20      685.053      17.2639
      3961.60      655.691      16.3795
      3963.00      630.488      15.6333
      3964.40      554.303      14.1871
      3965.80      383.101      11.3410
      3967.20      215.759      8.16877
      3968.60      193.801      7.47878
      3970.00      321.556      9.48740
      3971.40      479.442      12.2758
      3972.80      554.135      13.7600
      3974.20      590.346      14.6673
      3975.60      653.953      15.9445
      3977.00      688.815      16.6105
      3978.40      717.988      17.4505
      3979.80      727.374      17.6522
      3981.20      739.093      18.7352
      3982.60      733.442      18.8404
      3984.00      747.989      18.6164
      3985.40      755.488      17.7554
      3986.80      785.895      18.2882
      3988.20      802.643      18.9114
      3989.60      799.867      18.7487
      3991.00      794.192      18.5743
      3992.40      800.306      19.8639
      3993.80      809.011      19.9168
      3995.20      807.880      19.1679
      3996.60      776.458      18.1589
      3998.00      806.075      18.7115
      3999.40      844.278      19.5994
      4000.80      843.605      19.9405
      4002.20      826.653      19.6733
      4003.60      814.473      19.1968
      4005.00      770.961      18.1230
      4006.40      809.949      18.4677
      4007.80      810.781      18.6598
      4009.20      825.074      19.5192
      4010.60      805.468      19.4936
      4012.00      788.511      18.6781
      4013.40      818.177      18.8640
      4014.80      844.312      19.5230
      4016.20      847.883      19.7957
      4017.60      846.811      19.5353
      4019.00      826.842      18.9256
      4020.40      836.976      19.1171
      4021.80      792.124      18.4591
      4023.20      823.492      20.0007
      4024.60      830.430      21.2283
      4026.00      842.239      19.3141
      4027.40      836.074      19.1509
      4028.80      828.481      19.3055
      4030.20      790.640      18.5806
      4031.60      813.395      18.5094
      4033.00      846.040      18.9224
      4034.40      822.240      18.5325
      4035.80      836.849      19.0245
      4037.20      844.600      19.5063
      4038.60      820.366      19.1211
      4040.00      828.877      18.8938
      4041.40      836.967      19.0706
      4042.80      807.368      18.6955
      4044.20      773.290      18.0542
      4045.60      771.418      17.5492
      4047.00      824.029      18.3180
      4048.40      823.959      18.7242
      4049.80      813.734      19.3681
      4051.20      815.238      19.8114
      4052.60      779.224      18.6035
      4054.00      804.668      18.4844
      4055.40      830.807      18.9262
      4056.80      806.218      18.5453
      4058.20      819.700      18.6347
      4059.60      829.974      18.7259
      4061.00      792.909      18.0756
      4062.40      760.419      17.5608
      4063.80      794.591      18.0082
      4065.20      792.070      18.0236
      4066.60      822.006      18.9396
      4068.00      814.732      18.4889
      4069.40      818.226      18.4573
      4070.80      765.322      17.7359
      4072.20      807.974      18.3058
      4073.60      798.327      18.1679
      4075.00      767.677      17.9126
      4076.40      719.924      17.3047
      4077.80      740.098      17.3895
      4079.20      787.979      17.8892
      4080.60      798.487      18.0618
      4082.00      798.715      18.3383
      4083.40      773.651      17.7257
      4084.80      763.100      17.5038
      4086.20      764.643      17.5019
      4087.60      744.194      17.4627
      4089.00      737.457      17.3818
      4090.40      721.044      17.1023
      4091.80      697.099      16.4498
      4093.20      674.128      16.3461
      4094.60      631.899      15.3141
      4096.00      607.568      14.8378
      4097.40      543.208      13.6934
      4098.80      444.326      12.0866
      4100.20      341.028      10.6127
      4101.60      357.084      10.8512
      4103.00      498.534      12.6038
      4104.40      575.362      14.0066
      4105.80      621.511      14.9391
      4107.20      658.555      15.6790
      4108.60      689.676      16.5195
      4110.00      707.090      16.8344
      4111.40      704.930      16.5803
      4112.80      749.641      17.1023
      4114.20      756.023      17.2382
      4115.60      756.005      17.2862
      4117.00      757.791      17.4439
      4118.40      760.349      17.5783
      4119.80      762.540      18.0760
      4121.20      771.211      17.8967
      4122.60      781.137      17.8065
      4124.00      801.702      18.2597
      4125.40      786.706      17.8438
      4126.80      772.005      17.6803
      4128.20      767.594      18.0119
      4129.60      766.592      18.1051
      4131.00      742.021      17.3123
      4132.40      765.415      17.4632
      4133.80      786.722      18.0621
      4135.20      797.753      18.2072
      4136.60      799.713      18.2155
      4138.00      803.771      18.1739
      4139.40      811.537      18.4159
      4140.80      796.125      18.0512
      4142.20      747.891      17.0302
      4143.60      777.746      17.4014
      4145.00      801.590      17.8401
      4146.40      795.945      17.8896
      4147.80      792.907      17.9327
      4149.20      787.661      17.7297
      4150.60      796.745      18.0794
      4152.00      787.926      17.6919
      4153.40      786.404      17.8249
      4154.80      795.824      17.8840
      4156.20      783.904      17.6232
      4157.60      802.638      17.9709
      4159.00      801.144      18.0672
      4160.40      793.135      18.0700
      4161.80      768.769      17.3847
      4163.20      768.069      17.7575
      4164.60      769.535      17.9433
      4166.00      788.065      17.7300
      4167.40      786.275      17.4934
      4168.80      793.487      17.6055
      4170.20      770.766      17.2769
      4171.60      735.535      16.6073
      4173.00      742.303      16.5794
      4174.40      770.692      17.2590
      4175.80      756.679      17.1587
      4177.20      771.097      17.2009
      4178.60      772.252      17.1550
      4180.00      787.917      17.4643
      4181.40      796.644      17.5889
      4182.80      793.474      17.7077
      4184.20      777.381      17.7364
      4185.60      771.037      17.5033
      4187.00      770.061      17.3694
      4188.40      774.950      17.1491
      4189.80      793.214      17.5254
      4191.20      800.587      17.6984
      4192.60      807.111      17.9170
      4194.00      822.279      18.1361
      4195.40      796.316      17.7902
      4196.80      757.105      16.9129
      4198.20      754.596      16.9151
      4199.60      768.332      17.6276
      4201.00      763.822      17.0883
      4202.40      771.807      16.9603
      4203.80      766.573      16.8539
      4205.20      793.007      17.4032
      4206.60      800.951      17.6256
      4208.00      779.285      17.3342
      4209.40      792.843      17.8157
      4210.80      800.833      18.3580
      4212.20      791.397      18.4025
      4213.60      745.964      17.4308
      4215.00      743.188      16.8639
      4216.40      793.666      17.3139
      4217.80      786.347      17.1877
      4219.20      779.118      17.1433
      4220.60      786.164      17.3019
      4222.00      805.489      17.7667
      4223.40      787.266      17.7439
      4224.80      724.176      16.8264
      4226.20      718.661      16.2032
      4227.60      780.810      16.8555
      4229.00      795.662      17.2550
      4230.40      783.256      17.6181
      4231.80      729.147      16.7041
      4233.20      735.399      16.4888
      4234.60      787.959      17.3846
      4236.00      764.273      17.2202
      4237.40      777.911      17.4887
      4238.80      786.738      17.5465
      4240.20      781.100      17.1354
      4241.60      784.896      17.3425
      4243.00      792.646      17.5777
      4244.40      784.936      17.1739
      4245.80      740.064      16.5061
      4247.20      761.056      16.9167
      4248.60      766.960      16.8883
      4250.00      763.614      16.6598
      4251.40      784.449      17.2052
      4252.80      783.539      17.6295
      4254.20      796.430      17.6722
      4255.60      788.975      17.1402
      4257.00      779.873      17.1041
      4258.40      753.654      17.1998
      4259.80      766.238      17.2491
      4261.20      808.206      17.6189
      4262.60      809.010      17.4974
      4264.00      814.745      17.7335
      4265.40      809.908      17.6592
      4266.80      803.472      17.5445
      4268.20      808.424      17.7263
      4269.60      764.690      17.1091
      4271.00      736.286      16.5223
      4272.40      759.906      16.5478
      4273.80      773.686      16.8205
      4275.20      801.371      17.4731
      4276.60      803.296      18.0786
      4278.00      806.619      17.9874
      4279.40      810.259      17.9066
      4280.80      779.185      16.9848
      4282.20      767.941      16.7306
      4283.60      806.144      17.4014
      4285.00      794.811      17.2447
      4286.40      786.839      17.0796
      4287.80      747.867      16.3626
      4289.20      704.582      15.6251
      4290.60      787.691      17.0915
      4292.00      772.426      17.0945
      4293.40      753.644      16.7528
      4294.80      786.525      17.0564
      4296.20      796.590      17.1622
      4297.60      766.456      16.6312
      4299.00      718.608      15.7996
      4300.40      706.139      15.4840
      4301.80      718.741      15.6762
      4303.20      760.541      16.3786
      4304.60      765.820      16.4087
      4306.00      746.367      16.0568
      4307.40      741.011      15.9998
      4308.80      765.297      16.5595
      4310.20      769.078      16.8058
      4311.60      731.557      16.1041
      4313.00      680.101      14.9868
      4314.40      713.064      15.6882
      4315.80      743.853      16.6225
      4317.20      764.926      17.1577
      4318.60      746.706      16.8779
      4320.00      734.614      16.5826
      4321.40      752.752      16.8573
      4322.80      737.078      16.4530
      4324.20      689.265      15.4108
      4325.60      696.184      15.3645
      4327.00      704.712      16.0739
      4328.40      720.438      15.9620
      4329.80      702.104      15.9014
      4331.20      703.347      15.8037
      4332.60      637.807      14.5988
      4334.00      622.118      14.3619
      4335.40      561.416      13.4780
      4336.80      471.160      11.9515
      4338.20      373.697      10.1013
      4339.60      327.145      9.20105
      4341.00      434.689      10.7747
      4342.40      547.217      12.8670
      4343.80      586.624      14.5040
      4345.20      637.811      15.5685
      4346.60      662.247      15.9338
      4348.00      677.535      15.6388
      4349.40      663.069      15.1988
      4350.80      659.157      14.9401
      4352.20      712.322      15.6297
      4353.60      742.653      16.4022
      4355.00      751.509      17.2982
      4356.40      771.790      17.6147
      4357.80      771.227      16.9520
      4359.20      770.788      16.8548
      4360.60      758.520      16.5910
      4362.00      776.520      17.0548
      4363.40      772.328      17.2881
      4364.80      771.522      17.2732
      4366.20      766.751      17.1207
      4367.60      758.146      16.9011
      4369.00      761.239      16.9031
      4370.40      759.402      17.3696
      4371.80      753.948      16.5970
      4373.20      739.370      16.3591
      4374.60      752.416      16.5752
      4376.00      773.076      16.9238
      4377.40      805.673      17.4829
      4378.80      796.206      17.2219
      4380.20      781.674      16.8416
      4381.60      735.071      16.0452
      4383.00      709.672      15.5098
      4384.40      733.931      15.8433
      4385.80      768.941      16.6811
      4387.20      767.054      16.9471
      4388.60      761.629      16.8403
      4390.00      760.977      16.6112
      4391.40      764.702      16.6915
      4392.80      740.495      16.1479
      4394.20      713.394      15.6300
      4395.60      752.261      16.2690
      4397.00      751.693      16.9428
      4398.40      733.073      16.1976
      4399.80      738.824      16.5843
      4401.20      746.946      17.1462
      4402.60      744.003      16.1528
      4404.00      742.272      16.2620
      4405.40      751.076      16.4138
      4406.80      764.594      16.5316
      4408.20      748.763      16.2191
      4409.60      765.417      16.6222
      4411.00      757.910      16.4463
      4412.40      737.242      16.2479
      4413.80      738.964      16.4568
      4415.20      708.614      15.7127
      4416.60      691.431      15.2387
      4418.00      756.581      16.3244
      4419.40      770.795      16.6387
      4420.80      776.357      16.9176
      4422.20      760.586      16.7992
      4423.60      757.037      16.7497
      4425.00      732.101      16.3100
      4426.40      758.142      16.5826
      4427.80      756.781      16.4683
      4429.20      790.299      17.0092
      4430.60      770.115      16.8163
      4432.00      771.540      17.0809
      4433.40      741.507      16.5619
      4434.80      748.672      16.2398
      4436.20      780.495      16.5940
      4437.60      743.073      16.0221
      4439.00      765.137      16.4884
      4440.40      736.363      16.0551
      4441.80      704.675      15.4853
      4443.20      701.107      15.5825
      4444.60      743.185      16.2709
      4446.00      767.687      16.6115
      4447.40      759.253      16.4863
      4448.80      729.343      15.9473
      4450.20      740.320      16.1166
      4451.60      752.591      16.4199
      4453.00      746.692      16.1375
      4454.40      736.890      15.9103
      4455.80      748.287      16.0590
      4457.20      746.444      16.2000
      4458.60      728.988      15.8907
      4460.00      748.702      16.0748
      4461.40      749.196      16.1123
      4462.80      727.809      15.7630
      4464.20      716.943      15.6533
      4465.60      736.720      15.9354
      4467.00      703.778      15.3288
      4468.40      710.182      15.4552
      4469.80      747.601      16.0461
      4471.20      752.793      16.2062
      4472.60      755.829      16.3098
      4474.00      759.894      16.3413
      4475.40      768.987      16.4777
      4476.80      764.351      16.3726
      4478.20      739.584      15.9906
      4479.60      711.257      15.5518
      4481.00      705.765      15.3792
      4482.40      758.843      16.2326
      4483.80      762.220      16.4589
      4485.20      757.798      16.5039
      4486.60      747.112      16.1655
      4488.00      735.202      15.9736
      4489.40      741.583      15.9438
      4490.80      724.354      15.6104
      4492.20      739.315      16.2751
      4493.60      737.752      16.5355
      4495.00      749.645      16.6411
      4496.40      759.622      16.4661
      4497.80      754.446      16.1585
      4499.20      738.984      15.9884
      4500.60      725.104      16.3969
      4502.00      763.690      17.1453
      4503.40      764.859      16.6559
      4504.80      767.365      16.4810
      4506.20      741.478      16.0091
      4507.60      745.325      16.0849
      4509.00      754.018      16.1845
      4510.40      756.206      16.2868
      4511.80      754.285      16.5976
      4513.20      740.543      15.9975
      4514.60      740.813      16.0570
      4516.00      739.364      15.9805
      4517.40      730.150      15.7269
      4518.80      723.424      15.6662
      4520.20      709.970      15.5599
      4521.60      711.605      15.5172
      4523.00      729.538      15.7145
      4524.40      757.322      16.2041
      4525.80      729.648      15.7636
      4527.20      723.666      15.5224
      4528.60      722.095      15.4620
      4530.00      724.728      15.9633
      4531.40      722.386      15.5291
      4532.80      694.869      15.0332
      4534.20      724.604      15.5392
      4535.60      739.359      15.8031
      4537.00      742.971      15.9777
      4538.40      745.657      15.9977
      4539.80      736.248      15.8471
      4541.20      733.224      15.8114
      4542.60      745.450      16.2982
      4544.00      739.265      16.3596
      4545.40      724.617      16.1277
      4546.80      728.650      15.9098
      4548.20      683.071      15.0600
      4549.60      714.739      15.4424
      4551.00      718.646      15.5492
      4552.40      711.848      15.6460
      4553.80      694.821      15.2876
      4555.20      713.387      15.3727
      4556.60      733.769      15.6715
      4558.00      732.382      15.7519
      4559.40      750.923      16.1022
      4560.80      747.749      16.0787
      4562.20      704.341      15.3444
      4563.60      716.708      15.4787
      4565.00      745.006      15.8666
      4566.40      748.530      15.8967
      4567.80      717.503      15.4212
      4569.20      737.723      15.8231
      4570.60      695.738      15.1131
      4572.00      725.105      15.5433
      4573.40      741.165      15.8058
      4574.80      742.986      15.9150
      4576.20      744.748      16.1674
      4577.60      743.980      16.0258
      4579.00      723.026      15.5313
      4580.40      735.458      15.6923
      4581.80      716.002      15.3980
      4583.20      721.157      15.6769
      4584.60      735.753      15.9904
      4586.00      721.393      15.7437
      4587.40      722.667      15.4863
      4588.80      740.458      15.8080
      4590.20      735.429      16.1594
      4591.60      738.749      16.1900
      4593.00      733.577      15.7349
      4594.40      753.487      15.9513
      4595.80      730.024      15.6347
      4597.20      751.175      23.6545
      4598.60      753.259      16.4498
      4600.00      749.727      15.9359
      4601.40      753.358      15.9354
      4602.80      748.425      15.8544
      4604.20      730.152      15.6530
      4605.60      743.449      16.1934
      4607.00      759.445      16.5448
      4608.40      737.340      16.0218
      4609.80      745.829      15.9486
      4611.20      744.372      15.9854
      4612.60      743.486      15.9176
      4614.00      746.431      15.9578
      4615.40      734.957      15.6851
      4616.80      731.155      15.6775
      4618.20      725.367      15.6531
      4619.60      730.762      15.6765
      4621.00      747.469      16.0001
      4622.40      745.122      16.0033
      4623.80      745.652      15.9433
      4625.20      754.976      16.0105
      4626.60      731.187      15.5527
      4628.00      705.406      15.2415
      4629.40      713.763      15.6080
      4630.80      730.500      15.7217
      4632.20      733.560      15.5957
      4633.60      737.477      15.6704
      4635.00      731.103      15.5871
      4636.40      719.118      15.3375
      4637.80      738.665      15.6451
      4639.20      731.621      15.9573
      4640.60      740.040      18.2807
      4642.00      744.136      16.6892
      4643.40      752.320      16.0479
      4644.80      755.892      15.9855
      4646.20      740.261      15.7169
      4647.60      748.060      15.8141
      4649.00      725.860      15.4157
      4650.40      741.306      15.7408
      4651.80      737.984      15.7301
      4653.20      730.852      15.5949
      4654.60      730.035      15.5709
      4656.00      723.382      15.3632
      4657.40      729.658      15.4811
      4658.80      729.268      15.6568
      4660.20      726.183      16.0329
      4661.60      734.077      15.8456
      4663.00      724.165      15.5214
      4664.40      727.455      15.5387
      4665.80      719.380      15.4212
      4667.20      725.782      15.3268
      4668.60      720.959      15.5554
      4670.00      723.034      15.4014
      4671.40      724.761      15.5641
      4672.80      729.503      15.6688
      4674.20      735.182      15.6626
      4675.60      728.925      15.6604
      4677.00      725.260      15.6108
      4678.40      731.846      15.5295
      4679.80      740.825      15.6109
      4681.20      713.046      15.2301
      4682.60      727.417      15.4971
      4684.00      723.586      15.6902
      4685.40      713.862      15.4492
      4686.80      728.513      15.5305
      4688.20      726.634      15.4494
      4689.60      728.724      15.4366
      4691.00      719.674      15.3672
      4692.40      724.338      15.5596
      4693.80      739.879      15.6562
      4695.20      723.627      15.3265
      4696.60      732.584      15.5726
      4698.00      737.189      15.7150
      4699.40      721.510      15.4623
      4700.80      713.636      15.2337
      4702.20      711.980      15.1356
      4703.60      724.107      15.2841
      4705.00      723.784      15.2865
      4706.40      718.161      15.4325
      4707.80      731.345      15.8076
      4709.20      734.238      15.8424
      4710.60      742.124      15.7737
      4712.00      729.369      15.3849
      4713.40      724.571      15.4135
      4714.80      726.395      15.6130
      4716.20      714.852      15.2648
      4717.60      726.681      15.3777
      4719.00      726.808      15.4564
      4720.40      731.440      15.7001
      4721.80      713.271      15.3349
      4723.20      729.418      15.4069
      4724.60      728.685      15.3898
      4726.00      724.782      15.3242
      4727.40      725.985      15.3255
      4728.80      713.043      15.0652
      4730.20      718.546      15.1623
      4731.60      716.007      15.1455
      4733.00      721.289      15.2290
      4734.40      719.024      15.1973
      4735.80      723.078      15.2599
      4737.20      718.911      15.1991
      4738.60      726.233      15.3952
      4740.00      724.204      15.3862
      4741.40      726.986      15.4335
      4742.80      727.133      15.4510
      4744.20      719.823      15.2843
      4745.60      716.849      15.1906
      4747.00      721.312      15.2459
      4748.40      732.477      15.4561
      4749.80      712.294      15.2582
      4751.20      719.362      15.3232
      4752.60      720.622      15.2939
      4754.00      727.732      15.3961
      4755.40      712.228      15.5860
      4756.80      715.427      15.5161
      4758.20      718.589      15.3340
      4759.60      715.712      15.1348
      4761.00      713.643      15.2188
      4762.40      710.739      15.2477
      4763.80      712.836      15.2343
      4765.20      714.075      15.1488
      4766.60      714.798      15.0819
      4768.00      717.186      15.2310
      4769.40      713.425      15.5583
      4770.80      713.871      15.4153
      4772.20      717.459      15.4119
      4773.60      714.779      15.3145
      4775.00      722.628      15.4848
      4776.40      706.185      15.2020
      4777.80      701.973      15.0179
      4779.20      692.238      14.7413
      4780.60      704.854      14.9044
      4782.00      704.993      15.0436
      4783.40      707.789      15.3348
      4784.80      716.954      15.2348
      4786.20      705.314      15.0089
      4787.60      718.318      15.2182
      4789.00      710.588      15.1701
      4790.40      711.203      15.4101
      4791.80      722.339      15.4508
      4793.20      697.451      14.8067
      4794.60      702.898      14.8753
      4796.00      709.768      15.0070
      4797.40      711.242      15.0412
      4798.80      715.948      15.0764
      4800.20      713.125      14.9989
      4801.60      713.031      14.9836
      4803.00      699.035      14.7672
      4804.40      696.512      14.7379
      4805.80      696.751      14.7508
      4807.20      694.688      14.7136
      4808.60      700.131      14.7757
      4810.00      707.871      14.9756
      4811.40      711.440      15.1318
      4812.80      722.809      15.3489
      4814.20      705.807      14.9559
      4815.60      698.028      14.7845
      4817.00      704.213      14.8969
      4818.40      693.742      14.7707
      4819.80      692.049      15.0675
      4821.20      688.730      14.9621
      4822.60      687.716      14.6447
      4824.00      696.540      14.7026
      4825.40      689.808      14.5591
      4826.80      711.194      15.0672
      4828.20      704.119      15.1416
      4829.60      699.926      15.0121
      4831.00      692.305      14.6790
      4832.40      688.510      14.8498
      4833.80      688.701      14.5646
      4835.20      685.300      14.5548
      4836.60      675.793      14.3671
      4838.00      676.326      14.3934
      4839.40      676.373      14.4022
      4840.80      662.711      14.1218
      4842.20      677.472      14.5682
      4843.60      664.163      14.3124
      4845.00      651.902      14.0043
      4846.40      656.499      14.0580
      4847.80      648.540      13.9094
      4849.20      636.098      13.6896
      4850.60      634.091      13.6065
      4852.00      615.224      13.2951
      4853.40      594.007      12.9310
      4854.80      562.851      12.3859
      4856.20      535.020      11.8630
      4857.60      462.769      10.6990
      4859.00      337.363      9.20666
      4860.40      299.340      8.79528
      4861.80      430.200      10.2814
      4863.20      506.861      11.3021
      4864.60      562.105      12.3254
      4866.00      574.440      12.6034
      4867.40      592.178      13.0190
      4868.80      601.399      13.4283
      4870.20      598.294      13.0822
      4871.60      620.285      13.3266
      4873.00      636.503      13.6329
      4874.40      648.405      14.0022
      4875.80      650.273      14.0643
      4877.20      669.997      14.3907
      4878.60      680.702      14.5555
      4880.00      671.332      14.3073
      4881.40      688.325      14.5915
      4882.80      685.526      14.6319
      4884.20      682.862      14.6270
      4885.60      680.495      14.5563
      4887.00      683.528      14.5751
      4888.40      680.041      14.4797
      4889.80      640.497      13.7993
      4891.20      651.581      14.0287
      4892.60      675.992      14.4669
      4894.00      675.229      14.5427
      4895.40      694.581      14.9664
      4896.80      684.625      14.7535
      4898.20      680.542      14.6212
      4899.60      687.995      14.7051
      4901.00      681.619      14.6072
      4902.40      686.450      14.7427
      4903.80      677.342      14.6267
      4905.20      684.542      14.6687
      4906.60      688.390      14.7268
      4908.00      665.216      14.2990
      4909.40      674.827      14.3668
      4910.80      667.259      14.1936
      4912.20      688.473      14.5781
      4913.60      686.985      14.5833
      4915.00      677.908      14.9878
      4916.40      675.674      14.5784
      4917.80      646.089      13.9683
      4919.20      643.630      13.8969
      4920.60      646.382      13.8965
      4922.00      620.267      13.4738
      4923.40      638.343      13.8304
      4924.80      676.818      14.3995
      4926.20      671.273      14.2637
      4927.60      683.743      14.4461
      4929.00      681.591      14.6515
      4930.40      683.428      14.6490
      4931.80      657.912      14.0662
      4933.20      659.804      14.0387
      4934.60      676.169      14.2921
      4936.00      666.483      14.0652
      4937.40      668.494      14.0952
      4938.80      674.179      14.1858
      4940.20      681.004      14.3945
      4941.60      677.186      14.2357
      4943.00      681.043      14.5166
      4944.40      679.537      14.5136
      4945.80      678.103      14.6256
      4947.20      670.423      14.5171
      4948.60      669.589      14.2701
      4950.00      674.152      14.2067
      4951.40      673.479      14.1943
      4952.80      670.106      14.3873
      4954.20      666.362      14.2142
      4955.60      650.801      13.8005
      4957.00      647.341      13.6961
      4958.40      682.007      14.1983
      4959.80      689.527      14.4130
      4961.20      675.969      14.2973
      4962.60      686.486      14.4619
      4964.00      684.995      14.3865
      4965.40      684.705      14.3721
      4966.80      663.343      13.9742
      4968.20      673.185      14.1364
      4969.60      673.600      14.1437
      4971.00      671.219      14.1329
      4972.40      684.960      14.5264
      4973.80      676.291      14.8560
      4975.20      661.474      14.2564
      4976.60      672.392      14.4068
      4978.00      674.834      14.2561
      4979.40      672.705      14.1605
      4980.80      660.236      14.1527
      4982.20      651.730      14.1251
      4983.60      665.514      14.2530
      4985.00      672.006      14.1899
      4986.40      666.794      13.9964
      4987.80      664.277      14.0814
      4989.20      660.737      14.2089
      4990.60      671.214      14.3823
      4992.00      660.525      14.1262
      4993.40      667.090      14.2167
      4994.80      672.613      14.3273
      4996.20      660.087      14.0972
      4997.60      663.995      14.1123
      4999.00      662.877      13.9393
