      3900.00      180.124      11.1136
      3901.40      192.364      11.4007
      3902.80      203.032      11.5938
      3904.20      208.596      11.6329
      3905.60      207.762      11.5933
      3907.00      212.400      11.5875
      3908.40      244.610      12.2641
      3909.80      247.526      12.3575
      3911.20      220.928      11.5502
      3912.60      222.433      11.5424
      3914.00      212.338      11.3164
      3915.40      240.841      11.9433
      3916.80      238.847      11.9047
      3918.20      223.775      11.4498
      3919.60      224.007      11.4917
      3921.00      236.238      11.7414
      3922.40      228.767      11.4707
      3923.80      246.494      11.8643
      3925.20      242.617      11.7464
      3926.60      223.167      11.3207
      3928.00      231.930      11.5803
      3929.40      223.256      11.2364
      3930.80      187.799      10.1674
      3932.20      121.637      8.43200
      3933.60      100.189      7.90112
      3935.00      137.711      8.90593
      3936.40      203.031      10.5176
      3937.80      237.111      11.3888
      3939.20      232.002      11.3161
      3940.60      231.832      11.3079
      3942.00      243.545      11.6166
      3943.40      220.856      10.9994
      3944.80      198.688      10.4192
      3946.20      208.664      10.5923
      3947.60      227.707      11.0553
      3949.00      227.662      11.0664
      3950.40      226.805      11.0556
      3951.80      225.894      10.9900
      3953.20      225.849      10.9265
      3954.60      224.507      10.8420
      3956.00      178.723      9.62323
      3957.40      204.549      10.4368
      3958.80      197.898      11.0985
      3960.20      190.134      10.0906
      3961.60      174.557      9.59337
      3963.00      166.903      9.33159
      3964.40      141.966      8.65414
      3965.80      137.446      8.56943
      3967.20      103.776      7.81705
      3968.60      64.6376      6.64278
      3970.00      78.4153      6.78006
      3971.40      79.9974      6.84653
      3972.80      129.849      8.22558
      3974.20      134.692      8.46148
      3975.60      149.017      9.20821
      3977.00      159.370      9.73648
      3978.40      193.375      10.4928
      3979.80      178.453      10.0301
      3981.20      194.858      10.1902
      3982.60      196.415      9.90985
      3984.00      201.740      9.96450
      3985.40      210.013      10.4675
      3986.80      216.691      10.2316
      3988.20      215.891      10.1793
      3989.60      196.025      9.70609
      3991.00      223.773      10.4240
      3992.40      231.600      10.5617
      3993.80      225.923      10.4291
      3995.20      227.237      10.5316
      3996.60      209.643      10.0725
      3998.00      210.867      10.0102
      3999.40      225.633      10.3735
      4000.80      231.450      10.5181
      4002.20      234.241      10.5023
      4003.60      225.095      10.3000
      4005.00      232.574      10.6716
      4006.40      228.565      10.5502
      4007.80      237.050      10.5396
      4009.20      218.392      10.0717
      4010.60      235.835      10.5710
      4012.00      221.370      10.5329
      4013.40      210.898      12.5403
      4014.80      218.495      15.1752
      4016.20      239.539      10.5281
      4017.60      228.858      10.4537
      4019.00      232.604      10.8291
      4020.40      230.543      10.5245
      4021.80      230.232      10.4803
      4023.20      225.136      10.0768
      4024.60      222.315      10.1142
      4026.00      232.625      10.4529
      4027.40      241.910      10.5315
      4028.80      225.157      10.1162
      4030.20      228.336      10.1682
      4031.60      228.752      10.1374
      4033.00      241.609      10.4415
      4034.40      215.520      9.79181
      4035.80      222.785      9.97497
      4037.20      210.667      10.0359
      4038.60      219.720      10.5459
      4040.00      223.499      10.9062
      4041.40      204.274      9.66037
      4042.80      230.267      10.0976
      4044.20      226.070      9.99230
      4045.60      216.403      9.88500
      4047.00      214.140      10.4966
      4048.40      226.549      10.3911
      4049.80      213.665      9.73336
      4051.20      207.987      9.53664
      4052.60      214.395      9.69277
      4054.00      205.089      9.43515
      4055.40      211.998      9.69021
      4056.80      214.186      9.71416
      4058.20      218.808      9.76918
      4059.60      207.537      9.51384
      4061.00      224.563      9.99276
      4062.40      222.648      9.89980
      4063.80      226.324      9.91479
      4065.20      216.470      9.74337
      4066.60      202.991      9.41608
      4068.00      207.807      9.42528
      4069.40      214.136      9.58442
      4070.80      193.713      9.07542
      4072.20      203.387      9.27199
      4073.60      222.148      9.71440
      4075.00      213.120      9.47854
      4076.40      197.302      9.23313
      4077.80      204.802      9.45337
      4079.20      213.145      9.51591
      4080.60      203.597      9.27075
      4082.00      203.852      9.63705
      4083.40      208.373      9.39955
      4084.80      197.375      9.07995
      4086.20      192.961      8.96900
      4087.60      206.590      9.33375
      4089.00      205.975      9.31692
      4090.40      186.448      8.88108
      4091.80      191.467      8.97676
      4093.20      157.282      8.25061
      4094.60      167.220      8.79239
      4096.00      164.376      8.54102
      4097.40      152.945      8.16939
      4098.80      131.888      7.39510
      4100.20      91.8804      6.24442
      4101.60      69.8490      5.67291
      4103.00      100.073      6.51413
      4104.40      122.075      7.11411
      4105.80      130.428      7.36893
      4107.20      141.202      7.70195
      4108.60      158.602      8.43162
      4110.00      167.503      8.37407
      4111.40      178.764      8.59201
      4112.80      183.505      8.73461
      4114.20      188.276      9.14741
      4115.60      192.518      8.73326
      4117.00      197.584      8.86250
      4118.40      190.498      8.64893
      4119.80      199.203      8.89862
      4121.20      204.190      9.33767
      4122.60      201.499      8.87641
      4124.00      207.657      9.22075
      4125.40      206.523      9.07857
      4126.80      206.838      9.03788
      4128.20      207.431      9.23268
      4129.60      199.517      9.14577
      4131.00      204.779      9.11622
      4132.40      202.954      8.83259
      4133.80      205.149      8.91893
      4135.20      193.846      8.65761
      4136.60      204.514      9.27937
      4138.00      202.175      9.48412
      4139.40      193.481      9.32333
      4140.80      204.803      9.30147
      4142.20      209.249      9.11328
      4143.60      202.866      8.84513
      4145.00      196.831      8.75393
      4146.40      194.072      8.67337
      4147.80      203.349      8.76745
      4149.20      209.969      9.28545
      4150.60      217.820      9.13623
      4152.00      200.532      8.77469
      4153.40      204.669      8.88318
      4154.80      179.755      8.27868
      4156.20      205.103      8.83508
      4157.60      221.758      9.18402
      4159.00      218.737      9.11174
      4160.40      184.488      8.41264
      4161.80      208.918      9.10741
      4163.20      221.778      9.27656
      4164.60      218.732      9.16624
      4166.00      222.460      9.43127
      4167.40      207.311      8.96135
      4168.80      220.303      9.13403
      4170.20      217.643      9.49412
      4171.60      209.025      8.84736
      4173.00      198.302      8.54019
      4174.40      187.317      8.26655
      4175.80      204.082      8.65566
      4177.20      205.032      8.64261
      4178.60      187.652      8.26192
      4180.00      207.145      8.70920
      4181.40      197.971      8.58712
      4182.80      216.420      9.00750
      4184.20      200.329      8.60509
      4185.60      206.280      8.69681
      4187.00      195.942      8.48486
      4188.40      206.531      8.70519
      4189.80      193.143      8.34083
      4191.20      201.584      8.50636
      4192.60      190.028      8.25865
      4194.00      218.828      9.01724
      4195.40      219.749      9.08712
      4196.80      197.736      8.47333
      4198.20      202.674      8.52086
      4199.60      184.170      8.15214
      4201.00      208.240      8.72142
      4202.40      195.561      8.33650
      4203.80      199.244      8.35069
      4205.20      200.318      8.43292
      4206.60      215.080      8.85877
      4208.00      201.926      8.63136
      4209.40      212.934      8.78217
      4210.80      184.780      8.05738
      4212.20      218.540      8.83505
      4213.60      195.195      8.49210
      4215.00      206.918      8.72966
      4216.40      198.866      8.43612
      4217.80      212.453      8.70105
      4219.20      208.365      8.53281
      4220.60      206.246      8.43383
      4222.00      212.622      8.61824
      4223.40      216.541      8.70037
      4224.80      196.717      8.27137
      4226.20      186.364      8.02344
      4227.60      208.055      8.61971
      4229.00      204.071      8.49331
      4230.40      195.317      8.21409
      4231.80      204.300      8.40090
      4233.20      188.382      8.03042
      4234.60      173.131      7.66502
      4236.00      211.003      8.62177
      4237.40      214.025      8.98148
      4238.80      188.981      8.42256
      4240.20      195.135      8.33055
      4241.60      198.915      8.29208
      4243.00      201.130      8.31720
      4244.40      192.253      8.12685
      4245.80      205.477      8.54697
      4247.20      207.304      8.56829
      4248.60      225.136      9.61256
      4250.00      188.884      7.99251
      4251.40      202.348      8.31377
      4252.80      187.278      7.98319
      4254.20      200.602      8.24496
      4255.60      202.611      8.32192
      4257.00      202.977      8.59917
      4258.40      201.196      8.95974
      4259.80      198.668      8.24938
      4261.20      201.616      8.27587
      4262.60      201.112      8.29671
      4264.00      201.115      8.32151
      4265.40      210.954      8.51773
      4266.80      193.581      8.09379
      4268.20      203.379      8.34704
      4269.60      213.698      8.52270
      4271.00      187.482      7.91059
      4272.40      199.881      8.27993
      4273.80      202.839      8.35216
      4275.20      207.319      8.72820
      4276.60      201.640      8.51921
      4278.00      205.759      8.50814
      4279.40      199.191      8.44007
      4280.80      193.621      8.10896
      4282.20      200.682      8.22825
      4283.60      193.861      8.06919
      4285.00      194.232      8.32663
      4286.40      198.091      8.37295
      4287.80      194.443      8.28221
      4289.20      184.968      7.95569
      4290.60      188.272      7.97715
      4292.00      201.306      8.24182
      4293.40      191.515      8.01268
      4294.80      195.886      8.19223
      4296.20      189.510      8.27527
      4297.60      192.768      8.28158
      4299.00      182.889      7.81678
      4300.40      176.228      7.64334
      4301.80      191.669      8.01639
      4303.20      194.921      8.32761
      4304.60      201.252      8.51794
      4306.00      199.655      8.32127
      4307.40      193.527      8.04837
      4308.80      189.991      7.93194
      4310.20      201.915      8.18574
      4311.60      207.815      8.32012
      4313.00      182.411      7.72819
      4314.40      179.893      7.81808
      4315.80      175.600      7.82703
      4317.20      189.133      8.05103
      4318.60      192.503      8.00827
      4320.00      183.060      8.01197
      4321.40      181.870      7.89282
      4322.80      177.925      7.63311
      4324.20      175.699      7.57898
      4325.60      177.488      7.62653
      4327.00      176.539      7.58779
      4328.40      180.602      7.64141
      4329.80      168.460      7.34562
      4331.20      170.768      7.38817
      4332.60      164.037      7.32447
      4334.00      158.468      7.35744
      4335.40      139.155      6.91853
      4336.80      128.456      6.57982
      4338.20      107.574      5.88632
      4339.60      89.1717      5.37484
      4341.00      79.9058      5.13029
      4342.40      111.648      5.88801
      4343.80      136.405      6.51449
      4345.20      139.447      6.62328
      4346.60      157.419      7.10768
      4348.00      163.057      7.30792
      4349.40      154.574      6.99142
      4350.80      176.777      7.52814
      4352.20      170.642      7.34935
      4353.60      177.766      7.50760
      4355.00      183.603      7.67169
      4356.40      171.811      7.39999
      4357.80      182.363      7.83851
      4359.20      193.387      8.43255
      4360.60      190.351      8.61673
      4362.00      190.444      8.22040
      4363.40      191.483      7.92191
      4364.80      195.143      7.91232
      4366.20      193.647      8.04800
      4367.60      193.195      7.84848
      4369.00      193.549      7.78981
      4370.40      186.310      7.64814
      4371.80      188.096      7.80398
      4373.20      183.764      7.70708
      4374.60      176.983      7.40525
      4376.00      159.356      6.98886
      4377.40      195.092      7.83311
      4378.80      211.190      8.18671
      4380.20      207.341      8.17033
      4381.60      189.261      8.01910
      4383.00      175.477      7.45547
      4384.40      184.287      7.60471
      4385.80      185.880      7.59628
      4387.20      184.320      7.61678
      4388.60      191.511      7.70295
      4390.00      201.248      7.92042
      4391.40      192.986      7.83316
      4392.80      188.828      8.00536
      4394.20      180.978      7.76280
      4395.60      185.401      7.76078
      4397.00      181.058      7.44895
      4398.40      187.340      7.60461
      4399.80      183.898      7.67509
      4401.20      180.062      7.75397
      4402.60      184.512      7.97017
      4404.00      176.454      7.44469
      4405.40      177.726      7.35004
      4406.80      178.744      7.36258
      4408.20      177.692      7.33108
      4409.60      186.202      7.52673
      4411.00      186.543      7.51387
      4412.40      193.145      7.71166
      4413.80      180.968      7.65199
      4415.20      178.939      7.60399
      4416.60      176.933      7.26940
      4418.00      175.854      7.24305
      4419.40      192.277      7.56902
      4420.80      196.684      7.74610
      4422.20      191.006      7.75753
      4423.60      189.430      7.75643
      4425.00      179.336      7.45793
      4426.40      180.536      7.40503
      4427.80      181.918      7.33167
      4429.20      192.290      7.56931
      4430.60      195.564      7.65806
      4432.00      183.864      7.41430
      4433.40      180.805      7.30687
      4434.80      184.766      7.36618
      4436.20      179.895      7.27054
      4437.60      177.992      7.29309
      4439.00      180.418      7.29773
      4440.40      180.409      7.25962
      4441.80      165.411      6.91331
      4443.20      171.247      7.06470
      4444.60      181.808      7.25642
      4446.00      182.891      7.58720
      4447.40      177.531      7.18971
      4448.80      182.437      7.27359
      4450.20      182.423      7.26533
      4451.60      180.553      7.22145
      4453.00      181.033      7.48350
      4454.40      179.126      7.12043
      4455.80      179.148      7.13616
      4457.20      189.586      7.38539
      4458.60      172.831      6.97617
      4460.00      178.929      7.12677
      4461.40      180.393      7.16021
      4462.80      173.443      7.36412
      4464.20      169.924      6.92479
      4465.60      172.132      6.96280
      4467.00      167.031      6.91317
      4468.40      174.770      7.13414
      4469.80      181.868      7.30353
      4471.20      185.193      7.37632
      4472.60      185.450      7.30576
      4474.00      188.745      7.29946
      4475.40      186.324      7.45434
      4476.80      182.959      7.20550
      4478.20      193.880      7.45270
      4479.60      184.610      7.27730
      4481.00      169.410      6.89485
      4482.40      175.582      6.99219
      4483.80      179.871      7.43834
      4485.20      179.663      7.11739
      4486.60      179.935      7.12490
      4488.00      181.491      7.12117
      4489.40      174.049      6.93935
      4490.80      180.841      7.12134
      4492.20      175.836      7.00001
      4493.60      176.650      7.00626
      4495.00      185.688      7.27751
      4496.40      172.640      7.05505
      4497.80      182.629      7.31481
      4499.20      178.586      7.21374
      4500.60      172.372      7.10958
      4502.00      172.372      7.07189
      4503.40      177.396      7.13553
      4504.80      185.532      7.26832
      4506.20      180.076      7.08801
      4507.60      167.162      6.77287
      4509.00      187.470      7.23084
      4510.40      186.162      7.19949
      4511.80      177.131      7.08503
      4513.20      183.851      7.37454
      4514.60      181.567      7.23116
      4516.00      179.944      7.07222
      4517.40      176.457      6.93726
      4518.80      184.018      7.23142
      4520.20      172.906      6.95044
      4521.60      169.051      6.79446
      4523.00      170.367      6.81062
      4524.40      179.356      7.05350
      4525.80      174.826      7.08783
      4527.20      175.556      7.04099
      4528.60      175.395      7.11498
      4530.00      173.222      6.92219
      4531.40      174.258      6.86588
      4532.80      159.241      6.53961
      4534.20      167.983      6.82513
      4535.60      174.415      7.06538
      4537.00      169.540      6.98407
      4538.40      180.984      7.10464
      4539.80      186.850      7.16536
      4541.20      179.428      7.03239
      4542.60      174.862      7.07391
      4544.00      177.858      7.12075
      4545.40      176.112      6.98874
      4546.80      168.191      6.81817
      4548.20      154.965      6.49593
      4549.60      154.702      6.40460
      4551.00      165.640      6.63389
      4552.40      182.833      7.06804
      4553.80      168.220      6.72855
      4555.20      163.414      6.62465
      4556.60      171.838      6.80923
      4558.00      170.453      6.75875
      4559.40      176.936      6.91587
      4560.80      180.354      6.97415
      4562.20      168.127      6.70124
      4563.60      169.320      6.72897
      4565.00      172.362      6.77419
      4566.40      175.900      6.87558
      4567.80      180.004      6.96069
      4569.20      172.856      6.80734
      4570.60      172.118      6.83017
      4572.00      170.068      6.80469
      4573.40      171.350      6.85608
      4574.80      171.129      7.03267
      4576.20      170.853      7.00716
      4577.60      171.808      6.86137
      4579.00      174.281      6.86494
      4580.40      178.737      6.98396
      4581.80      162.116      6.53591
      4583.20      170.322      6.72368
      4584.60      175.753      6.86338
      4586.00      165.310      6.84594
      4587.40      173.869      7.11957
      4588.80      174.196      6.94362
      4590.20      171.789      6.75554
      4591.60      173.746      6.96067
      4593.00      174.470      6.79501
      4594.40      177.648      6.92594
      4595.80      181.126      7.04281
      4597.20      172.925      6.81419
      4598.60      161.748      6.50164
      4600.00      169.181      6.63335
      4601.40      172.905      6.71879
      4602.80      175.634      6.83095
      4604.20      171.646      6.84501
      4605.60      165.870      6.66655
      4607.00      158.783      6.41601
      4608.40      176.283      6.78607
      4609.80      188.509      7.07723
      4611.20      174.362      6.86497
      4612.60      178.501      7.07928
      4614.00      179.023      7.14602
      4615.40      169.014      6.81676
      4616.80      163.690      6.55952
      4618.20      175.667      6.82190
      4619.60      169.476      6.66074
      4621.00      162.356      6.47132
      4622.40      160.685      6.42340
      4623.80      173.052      6.71282
      4625.20      169.790      6.93607
      4626.60      176.800      6.99636
      4628.00      170.788      6.64092
      4629.40      166.114      6.52136
      4630.80      165.562      6.52634
      4632.20      165.257      6.50065
      4633.60      169.900      6.60331
      4635.00      182.934      6.89781
      4636.40      179.082      6.78820
      4637.80      166.301      6.50914
      4639.20      167.508      6.52799
      4640.60      167.567      6.56508
      4642.00      164.130      6.46419
      4643.40      171.457      6.62660
      4644.80      173.905      6.65174
      4646.20      180.700      6.83178
      4647.60      169.645      6.60979
      4649.00      167.741      6.51897
      4650.40      174.377      6.72365
      4651.80      173.692      6.69626
      4653.20      169.643      6.57536
      4654.60      171.734      6.69022
      4656.00      173.425      6.63575
      4657.40      172.328      6.61122
      4658.80      174.623      6.72656
      4660.20      169.586      6.70764
      4661.60      169.478      6.57004
      4663.00      169.396      6.56266
      4664.40      168.970      6.57387
      4665.80      164.765      6.56145
      4667.20      163.689      6.68080
      4668.60      165.245      6.58155
      4670.00      166.371      6.48650
      4671.40      169.711      6.54791
      4672.80      164.829      6.54631
      4674.20      169.932      6.66067
      4675.60      173.190      6.63412
      4677.00      163.574      6.40513
      4678.40      166.132      6.46910
      4679.80      157.356      6.32150
      4681.20      158.962      6.39336
      4682.60      157.749      6.30901
      4684.00      168.045      6.51361
      4685.40      170.660      6.56382
      4686.80      168.808      6.51994
      4688.20      168.986      6.53485
      4689.60      170.050      6.84658
      4691.00      167.891      6.47677
      4692.40      170.874      6.53568
      4693.80      171.510      6.54819
      4695.20      175.245      6.61645
      4696.60      170.514      6.65277
      4698.00      169.534      6.49137
      4699.40      169.524      6.57587
      4700.80      168.841      6.47989
      4702.20      167.397      6.44740
      4703.60      161.069      6.27071
      4705.00      171.846      6.51589
      4706.40      162.319      6.30091
      4707.80      166.366      6.41361
      4709.20      174.845      6.60764
      4710.60      171.358      6.50785
      4712.00      162.222      6.36528
      4713.40      158.369      6.27961
      4714.80      174.070      6.56300
      4716.20      173.146      6.53952
      4717.60      166.252      6.39711
      4719.00      161.042      6.29289
      4720.40      165.651      6.37605
      4721.80      171.611      6.52858
      4723.20      166.657      6.41971
      4724.60      165.224      6.61837
      4726.00      166.231      6.51804
      4727.40      158.782      6.19968
      4728.80      165.327      6.34517
      4730.20      167.413      6.39132
      4731.60      169.775      6.43459
      4733.00      178.522      6.62011
      4734.40      158.871      6.20679
      4735.80      154.426      6.15366
      4737.20      156.945      6.25620
      4738.60      170.176      6.65209
      4740.00      170.595      6.67070
      4741.40      174.467      6.60784
      4742.80      168.177      6.39754
      4744.20      163.049      6.34384
      4745.60      151.654      6.20639
      4747.00      160.923      6.32602
      4748.40      164.990      6.30365
      4749.80      160.009      6.20532
      4751.20      165.430      6.31717
      4752.60      158.082      6.22826
      4754.00      159.145      6.34493
      4755.40      171.225      6.62846
      4756.80      154.237      6.17049
      4758.20      163.977      6.33357
      4759.60      161.919      6.22982
      4761.00      164.107      6.35446
      4762.40      171.751      6.74896
      4763.80      163.546      6.71734
      4765.20      153.075      6.40240
      4766.60      177.770      6.77093
      4768.00      161.277      6.36459
      4769.40      168.723      6.48878
      4770.80      163.079      6.34503
      4772.20      163.302      6.32656
      4773.60      162.352      6.26942
      4775.00      166.221      6.33145
      4776.40      164.058      6.51344
      4777.80      158.031      6.14873
      4779.20      159.258      6.14534
      4780.60      167.061      6.31008
      4782.00      161.193      6.17991
      4783.40      147.308      5.84467
      4784.80      151.904      5.98174
      4786.20      156.608      6.35690
      4787.60      156.870      6.14656
      4789.00      154.400      6.04706
      4790.40      156.135      6.07302
      4791.80      154.563      6.02881
      4793.20      166.059      6.30855
      4794.60      165.141      6.49127
      4796.00      167.507      6.54632
      4797.40      169.293      6.47424
      4798.80      156.838      6.10163
      4800.20      166.502      6.26850
      4801.60      157.935      6.07463
      4803.00      156.228      6.03918
      4804.40      165.350      6.28667
      4805.80      154.781      6.01301
      4807.20      158.633      6.10034
      4808.60      153.593      5.98184
      4810.00      157.044      6.06781
      4811.40      159.282      6.25489
      4812.80      159.405      6.55336
      4814.20      159.278      6.23710
      4815.60      159.584      6.12587
      4817.00      161.638      6.15608
      4818.40      158.596      6.18827
      4819.80      149.041      5.86149
      4821.20      148.683      5.87213
      4822.60      149.412      5.88754
      4824.00      147.109      5.81980
      4825.40      151.144      6.01394
      4826.80      163.613      6.39675
      4828.20      158.909      6.28133
      4829.60      153.876      6.08353
      4831.00      156.036      6.04091
      4832.40      151.234      5.94423
      4833.80      157.594      6.17432
      4835.20      155.922      6.40136
      4836.60      153.366      6.01127
      4838.00      147.583      5.82004
      4839.40      151.243      5.92094
      4840.80      149.761      5.86716
      4842.20      148.723      5.87912
      4843.60      143.409      5.78990
      4845.00      143.638      5.75237
      4846.40      144.558      5.74526
      4847.80      142.234      5.69728
      4849.20      144.613      5.84181
      4850.60      137.308      5.63119
      4852.00      137.700      5.56390
      4853.40      127.400      5.34631
      4854.80      123.372      5.23848
      4856.20      116.451      5.08144
      4857.60      109.905      4.93366
      4859.00      94.8733      4.66477
      4860.40      77.9954      4.22430
      4861.80      71.5458      4.05149
      4863.20      90.3012      4.54447
      4864.60      106.620      4.96686
      4866.00      120.187      5.33869
      4867.40      138.654      5.79821
      4868.80      138.808      5.78093
      4870.20      138.375      5.67869
      4871.60      130.440      5.44938
      4873.00      142.863      5.73669
      4874.40      141.619      5.75634
      4875.80      142.804      5.93184
      4877.20      143.397      5.72770
      4878.60      145.563      5.79586
      4880.00      138.074      5.62449
      4881.40      149.683      5.90424
      4882.80      139.271      5.68723
      4884.20      142.597      5.74900
      4885.60      150.828      6.02011
      4887.00      148.358      5.89729
      4888.40      148.263      5.92468
      4889.80      145.439      5.86168
      4891.20      140.092      5.78726
      4892.60      149.381      6.14318
      4894.00      150.713      6.17627
      4895.40      151.270      6.15584
      4896.80      148.009      6.09280
      4898.20      150.012      6.42905
      4899.60      149.576      6.16869
      4901.00      149.055      6.15067
      4902.40      149.101      6.15820
      4903.80      150.137      6.19785
      4905.20      154.263      6.07800
      4906.60      155.582      6.10431
      4908.00      144.361      5.88933
      4909.40      162.571      6.29518
      4910.80      143.603      5.85666
      4912.20      149.584      5.95226
      4913.60      157.395      6.13700
      4915.00      154.056      6.06784
      4916.40      148.380      5.92519
      4917.80      148.786      6.04172
      4919.20      145.115      5.81317
      4920.60      145.058      5.87267
      4922.00      149.012      5.95757
      4923.40      147.170      5.89261
      4924.80      146.824      5.81371
      4926.20      149.934      5.92686
      4927.60      147.640      5.93482
      4929.00      157.008      6.05641
      4930.40      151.320      5.87103
      4931.80      154.306      5.93435
      4933.20      143.755      5.68545
      4934.60      150.182      5.79344
      4936.00      153.758      5.90497
      4937.40      144.929      5.79208
      4938.80      149.135      5.86685
      4940.20      150.504      5.87013
      4941.60      156.179      5.96599
      4943.00      154.508      5.91430
      4944.40      150.660      5.80061
      4945.80      160.578      6.02050
      4947.20      149.776      5.82655
      4948.60      156.480      6.07360
      4950.00      150.009      5.94933
      4951.40      149.138      6.09719
      4952.80      152.492      5.82045
      4954.20      148.880      5.76418
      4955.60      148.168      5.72607
      4957.00      146.283      5.72142
      4958.40      149.891      5.88192
      4959.80      150.329      6.12442
      4961.20      150.940      5.91846
      4962.60      154.681      5.98390
      4964.00      152.503      5.95385
      4965.40      150.906      5.93458
      4966.80      149.359      5.94771
      4968.20      152.695      5.97800
      4969.60      154.492      5.89112
      4971.00      153.139      5.83343
      4972.40      153.341      5.85450
      4973.80      142.764      5.71832
      4975.20      145.861      5.72908
      4976.60      143.237      5.63481
      4978.00      146.990      5.79874
      4979.40      147.232      5.71696
      4980.80      147.125      5.84820
      4982.20      150.825      5.93130
      4983.60      138.174      5.54144
      4985.00      150.391      5.80860
      4986.40      153.114      5.86703
      4987.80      142.385      5.61333
      4989.20      134.641      5.43264
      4990.60      149.636      6.06552
      4992.00      147.985      5.72649
      4993.40      150.151      5.77664
      4994.80      145.605      5.74133
      4996.20      147.182      5.82183
      4997.60      143.801      5.67412
      4999.00      138.930      5.47373
