      3900.00      301.178      19.9399
      3901.40      324.280      20.0796
      3902.80      347.718      20.0906
      3904.20      318.797      19.2979
      3905.60      332.160      20.0827
      3907.00      355.849      21.1224
      3908.40      381.162      21.5382
      3909.80      393.566      21.4037
      3911.20      393.586      20.4847
      3912.60      347.069      18.9170
      3914.00      368.423      19.3426
      3915.40      426.268      20.8705
      3916.80      377.961      20.1511
      3918.20      438.374      21.7791
      3919.60      376.521      20.3510
      3921.00      424.810      20.8346
      3922.40      346.765      18.0678
      3923.80      397.012      19.2888
      3925.20      358.119      18.4985
      3926.60      374.064      19.5010
      3928.00      349.179      18.8679
      3929.40      285.608      17.0757
      3930.80      193.537      14.2015
      3932.20      106.069      11.7057
      3933.60      112.129      11.6863
      3935.00      244.235      15.1767
      3936.40      294.106      16.7286
      3937.80      303.509      17.1290
      3939.20      324.640      17.8131
      3940.60      349.865      18.8551
      3942.00      327.514      19.2185
      3943.40      344.821      19.9099
      3944.80      359.692      20.0095
      3946.20      379.489      20.0082
      3947.60      323.086      18.2781
      3949.00      319.046      17.9329
      3950.40      379.444      19.4534
      3951.80      334.704      18.5108
      3953.20      325.751      19.6122
      3954.60      330.558      19.0606
      3956.00      297.241      18.9668
      3957.40      264.069      18.7751
      3958.80      254.418      18.8407
      3960.20      258.428      18.4817
      3961.60      261.601      18.5272
      3963.00      247.971      18.3254
      3964.40      215.636      17.7790
      3965.80      172.297      17.0561
      3967.20      99.8459      15.0932
      3968.60      85.7095      14.3506
      3970.00      161.460      15.6611
      3971.40      240.086      16.8139
      3972.80      279.989      16.7508
      3974.20      317.503      16.8478
      3975.60      343.853      17.2571
      3977.00      337.654      16.7429
      3978.40      355.935      16.8811
      3979.80      366.806      18.3708
      3981.20      374.599      17.0336
      3982.60      415.079      18.0927
      3984.00      452.632      19.1579
      3985.40      444.765      18.9552
      3986.80      451.358      18.2990
      3988.20      447.753      18.1007
      3989.60      445.356      18.0834
      3991.00      412.226      17.4706
      3992.40      424.259      18.1856
      3993.80      407.181      18.0926
      3995.20      394.774      17.6138
      3996.60      410.244      17.6310
      3998.00      410.357      17.6714
      3999.40      381.415      17.0911
      4000.80      366.940      17.2124
      4002.20      381.961      18.7057
      4003.60      373.760      18.0610
      4005.00      372.880      18.0674
      4006.40      362.819      17.6152
      4007.80      403.554      17.9883
      4009.20      411.605      18.2135
      4010.60      352.403      16.9444
      4012.00      347.673      16.7135
      4013.40      387.829      18.1150
      4014.80      364.534      18.0627
      4016.20      373.958      17.9542
      4017.60      386.971      17.5572
      4019.00      377.696      17.9209
      4020.40      353.043      16.9521
      4021.80      358.588      17.9074
      4023.20      371.025      17.6751
      4024.60      359.305      17.1580
      4026.00      381.829      17.6952
      4027.40      373.473      17.6474
      4028.80      361.392      18.1216
      4030.20      318.337      17.3096
      4031.60      356.251      17.7519
      4033.00      354.912      17.3579
      4034.40      389.891      17.8807
      4035.80      359.418      17.0774
      4037.20      396.339      18.3990
      4038.60      353.258      18.0569
      4040.00      340.475      17.9323
      4041.40      371.213      18.2874
      4042.80      377.211      18.2577
      4044.20      336.225      17.8604
      4045.60      361.739      18.8879
      4047.00      349.109      19.1292
      4048.40      353.402      19.7993
      4049.80      369.883      19.3196
      4051.20      361.248      18.3694
      4052.60      355.783      17.7837
      4054.00      358.539      17.9645
      4055.40      376.067      19.5880
      4056.80      333.007      18.6589
      4058.20      359.381      18.0933
      4059.60      360.596      17.4031
      4061.00      320.611      16.4394
      4062.40      349.438      16.9472
      4063.80      390.266      17.8263
      4065.20      359.321      17.3580
      4066.60      395.540      18.0194
      4068.00      376.430      17.4728
      4069.40      423.298      18.6155
      4070.80      383.492      17.6848
      4072.20      381.371      17.4840
      4073.60      383.982      17.6690
      4075.00      407.109      17.8298
      4076.40      347.374      16.1369
      4077.80      406.080      17.4538
      4079.20      406.854      17.5800
      4080.60      407.075      18.5417
      4082.00      406.227      18.8354
      4083.40      397.462      17.4171
      4084.80      425.327      17.6333
      4086.20      405.889      17.3552
      4087.60      412.091      17.9737
      4089.00      396.582      17.5527
      4090.40      390.475      17.0171
      4091.80      382.422      16.5563
      4093.20      387.426      16.7408
      4094.60      370.869      16.3851
      4096.00      338.957      15.5114
      4097.40      299.336      14.5251
      4098.80      259.799      13.6037
      4100.20      203.145      12.3333
      4101.60      220.823      13.1379
      4103.00      285.290      14.4286
      4104.40      311.581      14.7790
      4105.80      344.699      15.5868
      4107.20      349.080      15.7735
      4108.60      333.899      15.4812
      4110.00      351.024      15.9557
      4111.40      363.595      16.2410
      4112.80      357.651      16.3085
      4114.20      382.528      17.7462
      4115.60      370.275      17.6766
      4117.00      408.958      18.1497
      4118.40      361.108      16.6325
      4119.80      378.740      16.8425
      4121.20      366.837      16.5875
      4122.60      382.630      17.0288
      4124.00      363.799      16.5121
      4125.40      380.643      16.6497
      4126.80      383.265      16.9805
      4128.20      369.807      16.4067
      4129.60      403.780      16.8577
      4131.00      382.171      16.3250
      4132.40      397.344      16.6456
      4133.80      375.814      17.7606
      4135.20      403.926      16.7117
      4136.60      391.477      16.5724
      4138.00      414.822      17.2128
      4139.40      439.048      17.6943
      4140.80      408.590      16.8941
      4142.20      341.749      15.0897
      4143.60      384.469      15.7272
      4145.00      419.956      16.5593
      4146.40      384.378      15.9374
      4147.80      405.590      16.8571
      4149.20      398.966      15.9823
      4150.60      376.134      15.4222
      4152.00      408.109      16.5862
      4153.40      385.491      15.8156
      4154.80      396.687      15.9528
      4156.20      415.603      16.4447
      4157.60      391.149      17.0797
      4159.00      409.280      17.5698
      4160.40      369.557      15.3002
      4161.80      398.324      15.8902
      4163.20      387.450      15.7085
      4164.60      402.458      16.6733
      4166.00      403.224      16.8394
      4167.40      404.174      16.5297
      4168.80      397.303      16.1666
      4170.20      392.571      15.9701
      4171.60      363.206      15.2430
      4173.00      377.515      15.5984
      4174.40      369.888      15.5872
      4175.80      371.810      16.4782
      4177.20      378.059      16.1076
      4178.60      373.130      16.0022
      4180.00      379.165      15.8026
      4181.40      364.115      15.1627
      4182.80      388.939      15.7058
      4184.20      363.297      15.0912
      4185.60      379.529      16.2665
      4187.00      370.219      16.1129
      4188.40      355.266      14.9408
      4189.80      358.672      14.8711
      4191.20      370.905      15.2049
      4192.60      387.962      15.6208
      4194.00      361.810      15.3868
      4195.40      352.954      15.7991
      4196.80      343.258      15.4432
      4198.20      360.624      15.4315
      4199.60      372.344      15.3207
      4201.00      365.043      15.8714
      4202.40      363.135      15.7400
      4203.80      366.711      15.7978
      4205.20      358.050      15.2146
      4206.60      384.350      15.5694
      4208.00      386.300      15.7575
      4209.40      394.669      16.0631
      4210.80      394.241      15.8787
      4212.20      366.208      14.8656
      4213.60      348.969      14.3468
      4215.00      343.170      14.3001
      4216.40      354.067      14.9825
      4217.80      359.646      14.8502
      4219.20      384.428      15.1436
      4220.60      380.291      14.9354
      4222.00      394.485      15.3575
      4223.40      381.953      15.8690
      4224.80      364.792      15.5237
      4226.20      354.809      14.6272
      4227.60      371.239      14.6178
      4229.00      411.007      15.4404
      4230.40      385.965      14.8684
      4231.80      346.248      14.0422
      4233.20      383.337      14.8405
      4234.60      408.883      15.6667
      4236.00      381.526      15.5439
      4237.40      392.941      15.9744
      4238.80      412.196      15.9673
      4240.20      430.576      15.8749
      4241.60      363.311      14.2785
      4243.00      411.075      15.3612
      4244.40      359.619      14.1721
      4245.80      349.907      14.0248
      4247.20      370.154      14.6590
      4248.60      352.240      14.5630
      4250.00      338.455      14.9931
      4251.40      365.959      15.6269
      4252.80      403.718      15.8189
      4254.20      388.588      14.9852
      4255.60      397.151      15.1836
      4257.00      382.368      15.1368
      4258.40      355.120      14.7062
      4259.80      372.958      15.0588
      4261.20      384.287      14.9565
      4262.60      375.734      14.5450
      4264.00      406.804      15.2247
      4265.40      380.065      14.5930
      4266.80      393.721      15.0220
      4268.20      376.738      14.7215
      4269.60      376.952      14.6091
      4271.00      328.794      13.5001
      4272.40      361.561      14.1707
      4273.80      352.766      13.9391
      4275.20      395.558      14.9054
      4276.60      414.435      15.4646
      4278.00      405.476      15.6116
      4279.40      364.789      14.8965
      4280.80      370.568      14.9107
      4282.20      383.696      14.9806
      4283.60      377.377      14.6418
      4285.00      383.393      14.6503
      4286.40      384.116      14.5639
      4287.80      334.289      13.3208
      4289.20      343.765      13.4292
      4290.60      381.201      14.3079
      4292.00      376.482      14.2754
      4293.40      370.223      14.2971
      4294.80      396.173      14.8094
      4296.20      376.641      14.3486
      4297.60      339.247      13.4867
      4299.00      326.281      13.1097
      4300.40      340.766      13.5094
      4301.80      346.771      13.8498
      4303.20      354.655      14.2554
      4304.60      372.237      14.6676
      4306.00      372.930      14.4876
      4307.40      351.304      14.1340
      4308.80      372.276      14.7262
      4310.20      378.348      14.9301
      4311.60      359.788      14.2622
      4313.00      324.659      13.3937
      4314.40      329.483      13.5612
      4315.80      387.945      14.8219
      4317.20      371.445      14.5260
      4318.60      366.663      14.4534
      4320.00      366.210      14.2432
      4321.40      344.383      13.5149
      4322.80      363.493      13.8393
      4324.20      338.815      13.3468
      4325.60      330.849      13.2351
      4327.00      375.585      14.1404
      4328.40      375.433      14.0791
      4329.80      355.615      13.6119
      4331.20      366.818      13.9344
      4332.60      360.367      14.0672
      4334.00      346.389      13.4334
      4335.40      334.230      13.0732
      4336.80      278.640      11.9268
      4338.20      226.560      10.8997
      4339.60      195.147      9.97756
      4341.00      256.423      11.2698
      4342.40      307.160      12.5034
      4343.80      302.556      12.7873
      4345.20      339.041      13.6879
      4346.60      337.074      13.3699
      4348.00      344.530      13.9414
      4349.40      356.573      13.7807
      4350.80      351.861      13.7719
      4352.20      362.187      14.0193
      4353.60      377.264      14.1343
      4355.00      370.823      14.1344
      4356.40      380.707      14.9678
      4357.80      367.471      15.2717
      4359.20      376.164      16.7519
      4360.60      383.585      16.6447
      4362.00      364.310      14.6297
      4363.40      372.266      15.1493
      4364.80      380.630      14.5036
      4366.20      360.455      14.3088
      4367.60      358.462      13.9145
      4369.00      367.228      14.0435
      4370.40      364.963      14.1552
      4371.80      366.933      14.2434
      4373.20      370.216      14.1516
      4374.60      370.016      14.1992
      4376.00      370.079      14.2540
      4377.40      368.847      14.5824
      4378.80      365.094      14.1644
      4380.20      365.284      14.2094
      4381.60      347.394      13.8837
      4383.00      326.316      13.6000
      4384.40      347.313      13.9342
      4385.80      377.012      14.5029
      4387.20      398.698      14.9789
      4388.60      418.978      15.5259
      4390.00      397.492      15.2902
      4391.40      374.346      14.6617
      4392.80      357.492      13.7497
      4394.20      319.823      12.6462
      4395.60      360.804      13.4722
      4397.00      370.945      13.6883
      4398.40      352.574      13.2919
      4399.80      369.109      13.5958
      4401.20      396.597      14.2661
      4402.60      377.560      13.8391
      4404.00      394.053      14.3058
      4405.40      392.854      14.9562
      4406.80      380.122      14.6814
      4408.20      387.473      14.0863
      4409.60      398.538      14.2586
      4411.00      385.560      14.4890
      4412.40      375.705      14.4819
      4413.80      356.657      14.0328
      4415.20      346.139      13.6255
      4416.60      355.022      13.5570
      4418.00      368.421      13.6456
      4419.40      346.795      13.4843
      4420.80      363.730      14.2730
      4422.20      365.918      13.4471
      4423.60      388.730      13.8908
      4425.00      379.127      13.6929
      4426.40      381.723      13.7966
      4427.80      384.309      13.8866
      4429.20      384.516      14.5659
      4430.60      388.051      14.1590
      4432.00      399.028      14.1084
      4433.40      368.148      13.4234
      4434.80      346.504      12.9513
      4436.20      401.633      14.1516
      4437.60      403.301      14.2092
      4439.00      380.542      14.1986
      4440.40      372.680      14.7241
      4441.80      364.181      14.5072
      4443.20      355.829      13.5296
      4444.60      396.903      14.0961
      4446.00      398.488      14.1270
      4447.40      387.471      13.8532
      4448.80      374.903      13.6788
      4450.20      377.661      13.8469
      4451.60      376.590      13.8274
      4453.00      364.331      13.4820
      4454.40      372.261      13.5291
      4455.80      364.566      13.8882
      4457.20      349.564      12.9337
      4458.60      357.398      13.1168
      4460.00      368.206      13.3854
      4461.40      381.574      13.6835
      4462.80      384.891      13.6867
      4464.20      379.947      13.5337
      4465.60      340.302      12.8375
      4467.00      344.497      12.9862
      4468.40      357.285      13.1600
      4469.80      352.893      12.9630
      4471.20      383.729      13.6309
      4472.60      378.045      13.4985
      4474.00      391.891      13.8470
      4475.40      381.042      13.8118
      4476.80      374.745      14.3307
      4478.20      373.662      13.4749
      4479.60      354.575      12.8340
      4481.00      368.261      13.1186
      4482.40      385.380      13.5267
      4483.80      393.120      13.6941
      4485.20      375.262      13.2817
      4486.60      362.008      12.9879
      4488.00      366.566      13.0611
      4489.40      357.831      12.8386
      4490.80      366.598      13.0412
      4492.20      372.194      13.2271
      4493.60      376.614      13.4815
      4495.00      372.322      13.5490
      4496.40      372.144      13.8920
      4497.80      397.216      14.0774
      4499.20      364.419      13.4352
      4500.60      368.629      13.4218
      4502.00      358.812      12.9831
      4503.40      385.293      13.5167
      4504.80      383.894      13.6225
      4506.20      392.675      13.9919
      4507.60      369.372      13.4505
      4509.00      381.513      13.5133
      4510.40      378.793      13.3585
      4511.80      399.596      13.8049
      4513.20      383.440      15.8225
      4514.60      405.051      15.6652
      4516.00      375.529      13.2192
      4517.40      371.422      13.1725
      4518.80      373.515      13.2546
      4520.20      369.898      13.2291
      4521.60      358.322      13.1525
      4523.00      375.491      13.5333
      4524.40      369.925      13.3600
      4525.80      357.337      13.0469
      4527.20      355.264      13.0517
      4528.60      351.852      13.0753
      4530.00      372.232      13.4663
      4531.40      359.477      13.2839
      4532.80      348.630      13.8229
      4534.20      343.565      13.7298
      4535.60      382.682      14.1839
      4537.00      365.535      13.8076
      4538.40      355.509      13.6017
      4539.80      356.370      13.0250
      4541.20      355.710      12.9623
      4542.60      365.749      13.2195
      4544.00      364.617      13.1705
      4545.40      347.271      12.7317
      4546.80      357.001      13.0314
      4548.20      367.975      13.2239
      4549.60      349.504      12.6640
      4551.00      364.538      12.8861
      4552.40      374.292      13.1505
      4553.80      362.336      13.1041
      4555.20      374.422      13.3679
      4556.60      392.367      13.6121
      4558.00      360.965      12.8537
      4559.40      402.648      13.6894
      4560.80      395.467      13.4738
      4562.20      363.195      12.8166
      4563.60      388.801      13.3761
      4565.00      383.495      13.1130
      4566.40      397.917      13.3379
      4567.80      392.672      13.3026
      4569.20      404.208      13.6273
      4570.60      356.149      12.5068
      4572.00      355.930      12.3744
      4573.40      371.657      12.6793
      4574.80      372.064      12.7578
      4576.20      379.150      13.1369
      4577.60      377.393      13.6750
      4579.00      371.502      13.1685
      4580.40      374.640      13.2134
      4581.80      358.428      12.4817
      4583.20      357.918      12.4279
      4584.60      373.823      12.8147
      4586.00      378.656      13.0874
      4587.40      371.053      13.1260
      4588.80      358.749      12.8374
      4590.20      365.116      12.8210
      4591.60      394.804      13.3885
      4593.00      382.337      13.0628
      4594.40      372.744      12.8110
      4595.80      384.186      12.9687
      4597.20      354.360      12.3238
      4598.60      371.430      12.7480
      4600.00      361.434      12.5260
      4601.40      366.901      12.5972
      4602.80      385.740      12.9687
      4604.20      375.558      12.7798
      4605.60      364.180      12.5457
      4607.00      359.247      12.4186
      4608.40      358.088      12.4527
      4609.80      373.670      12.8265
      4611.20      381.752      13.1512
      4612.60      380.899      13.1016
      4614.00      362.751      12.5400
      4615.40      392.214      13.1588
      4616.80      354.612      12.4158
      4618.20      368.788      12.8371
      4619.60      357.326      12.4798
      4621.00      377.420      12.8866
      4622.40      363.096      12.5985
      4623.80      363.715      12.5889
      4625.20      388.937      13.1295
      4626.60      379.872      12.9475
      4628.00      348.945      12.2598
      4629.40      361.523      12.5370
      4630.80      369.996      12.7162
      4632.20      354.600      12.3485
      4633.60      353.336      12.3247
      4635.00      358.675      12.4328
      4636.40      361.877      12.8412
      4637.80      342.181      12.0876
      4639.20      382.801      12.9745
      4640.60      363.523      12.5368
      4642.00      355.871      12.3664
      4643.40      353.963      12.3318
      4644.80      368.207      12.6311
      4646.20      356.855      12.3290
      4647.60      364.808      12.4774
      4649.00      363.402      12.4416
      4650.40      388.336      13.0010
      4651.80      384.714      12.9327
      4653.20      382.503      12.9544
      4654.60      387.475      13.2548
      4656.00      360.959      12.6521
      4657.40      385.499      13.2760
      4658.80      389.535      13.0895
      4660.20      381.047      12.8883
      4661.60      377.258      12.8280
      4663.00      359.210      12.5317
      4664.40      368.563      12.8975
      4665.80      369.933      12.6723
      4667.20      369.405      12.5752
      4668.60      379.040      12.7510
      4670.00      373.830      12.6294
      4671.40      370.406      12.6296
      4672.80      376.219      12.8534
      4674.20      378.938      13.1760
      4675.60      373.005      13.5876
      4677.00      362.891      12.7475
      4678.40      359.611      12.6004
      4679.80      355.567      12.3105
      4681.20      367.955      12.6095
      4682.60      351.723      12.2506
      4684.00      370.399      12.6420
      4685.40      360.526      12.4855
      4686.80      382.853      13.2277
      4688.20      379.491      13.5119
      4689.60      366.588      13.2805
      4691.00      359.000      12.6742
      4692.40      357.495      12.5464
      4693.80      335.233      12.0489
      4695.20      364.756      12.9073
      4696.60      367.424      13.0656
      4698.00      373.568      13.1578
      4699.40      365.817      12.9786
      4700.80      352.188      12.6688
      4702.20      346.032      12.5534
      4703.60      356.990      12.7526
      4705.00      367.378      12.9299
      4706.40      362.157      12.8127
      4707.80      346.269      12.4863
      4709.20      354.066      12.6175
      4710.60      358.812      12.7010
      4712.00      359.764      12.8126
      4713.40      361.071      12.8271
      4714.80      364.597      13.1597
      4716.20      376.833      12.9382
      4717.60      365.214      12.6140
      4719.00      370.127      12.7411
      4720.40      364.342      12.6549
      4721.80      358.922      12.6721
      4723.20      387.755      13.3763
      4724.60      393.006      13.3280
      4726.00      371.837      12.6598
      4727.40      390.179      12.8575
      4728.80      357.084      12.0742
      4730.20      387.819      12.7376
      4731.60      378.603      12.4744
      4733.00      387.256      12.6374
      4734.40      412.069      13.1367
      4735.80      403.624      13.0645
      4737.20      377.843      12.7955
      4738.60      398.900      13.1911
      4740.00      404.075      13.1051
      4741.40      376.576      12.4079
      4742.80      414.849      13.2262
      4744.20      406.386      12.9866
      4745.60      390.806      12.5623
      4747.00      399.573      12.7401
      4748.40      387.352      12.5343
      4749.80      394.752      12.7348
      4751.20      378.080      12.3962
      4752.60      377.280      12.4140
      4754.00      378.142      12.3257
      4755.40      369.608      12.1156
      4756.80      376.343      12.3047
      4758.20      374.467      12.2847
      4759.60      363.772      12.0842
      4761.00      384.293      12.5331
      4762.40      371.465      12.3484
      4763.80      347.781      11.9508
      4765.20      346.959      12.1019
      4766.60      381.316      12.9490
      4768.00      378.942      12.8039
      4769.40      391.647      12.8095
      4770.80      366.406      12.2108
      4772.20      363.938      12.2215
      4773.60      366.889      12.3494
      4775.00      356.795      11.9890
      4776.40      368.910      12.1829
      4777.80      345.166      11.6097
      4779.20      361.132      12.0048
      4780.60      367.393      12.3981
      4782.00      368.479      12.1007
      4783.40      364.332      12.0133
      4784.80      369.790      12.1767
      4786.20      366.656      12.0934
      4787.60      363.421      12.3934
      4789.00      349.899      11.7492
      4790.40      360.434      11.9374
      4791.80      375.798      12.2652
      4793.20      372.233      12.2083
      4794.60      353.741      11.7810
      4796.00      343.465      11.6570
      4797.40      360.847      12.1151
      4798.80      354.626      11.9522
      4800.20      363.867      12.0648
      4801.60      356.188      11.8815
      4803.00      360.242      11.9356
      4804.40      343.327      11.5534
      4805.80      368.706      12.1863
      4807.20      363.685      12.0830
      4808.60      353.713      11.7781
      4810.00      354.715      11.8547
      4811.40      359.857      12.2827
      4812.80      363.971      12.5759
      4814.20      342.186      11.9480
      4815.60      361.726      12.1409
      4817.00      359.214      11.9634
      4818.40      373.928      12.3334
      4819.80      355.224      11.9444
      4821.20      344.555      11.7400
      4822.60      358.791      12.0919
      4824.00      346.407      11.7807
      4825.40      368.084      12.2500
      4826.80      363.774      12.3562
      4828.20      363.143      12.1693
      4829.60      359.059      12.0147
      4831.00      356.211      11.9573
      4832.40      336.857      11.6817
      4833.80      353.520      12.2997
      4835.20      358.365      12.4452
      4836.60      354.676      12.1640
      4838.00      361.217      12.2478
      4839.40      334.189      11.8753
      4840.80      329.457      11.9499
      4842.20      332.216      11.7788
      4843.60      327.244      11.5885
      4845.00      347.056      12.0130
      4846.40      348.545      12.0861
      4847.80      332.219      11.7559
      4849.20      334.554      11.6960
      4850.60      305.679      11.0096
      4852.00      325.100      11.4722
      4853.40      303.627      10.9963
      4854.80      292.539      10.7019
      4856.20      280.027      10.4475
      4857.60      272.457      10.5233
      4859.00      217.299      9.41828
      4860.40      178.580      8.07541
      4861.80      223.928      9.04317
      4863.20      281.831      10.3818
      4864.60      308.239      10.9828
      4866.00      313.919      11.1115
      4867.40      308.246      10.9083
      4868.80      314.336      11.1327
      4870.20      311.690      11.2087
      4871.60      335.606      11.6691
      4873.00      328.771      11.3136
      4874.40      338.095      11.8287
      4875.80      338.241      11.4215
      4877.20      345.263      11.5407
      4878.60      352.003      11.6320
      4880.00      347.218      11.9327
      4881.40      345.518      11.4510
      4882.80      352.782      11.5878
      4884.20      356.966      11.6495
      4885.60      346.002      11.3581
      4887.00      365.187      11.7308
      4888.40      347.587      11.4187
      4889.80      340.823      11.2390
      4891.20      356.798      11.5743
      4892.60      362.211      11.6527
      4894.00      350.777      11.5028
      4895.40      373.528      11.9585
      4896.80      365.395      11.7311
      4898.20      374.067      11.9068
      4899.60      355.891      11.4902
      4901.00      372.571      11.8691
      4902.40      325.663      10.8781
      4903.80      340.455      11.1842
      4905.20      375.880      11.9799
      4906.60      357.310      11.6484
      4908.00      351.441      11.5384
      4909.40      347.366      11.3879
      4910.80      349.268      11.4400
      4912.20      353.557      11.5588
      4913.60      339.447      11.2252
      4915.00      341.117      11.8995
      4916.40      345.416      11.4076
      4917.80      322.410      10.8672
      4919.20      315.398      10.7537
      4920.60      337.876      11.2100
      4922.00      329.798      11.0154
      4923.40      330.087      11.0713
      4924.80      338.796      11.2547
      4926.20      344.468      11.3518
      4927.60      355.575      11.5786
      4929.00      343.664      11.7627
      4930.40      346.447      11.3513
      4931.80      342.466      11.2923
      4933.20      330.291      11.1396
      4934.60      332.895      11.5430
      4936.00      326.745      10.9724
      4937.40      329.713      11.0265
      4938.80      336.335      11.1996
      4940.20      343.144      11.6552
      4941.60      351.405      11.9879
      4943.00      347.259      12.0060
      4944.40      351.170      11.4656
      4945.80      345.834      11.3223
      4947.20      338.234      11.1471
      4948.60      324.543      11.1350
      4950.00      356.497      11.9604
      4951.40      354.612      11.7657
      4952.80      362.187      11.7558
      4954.20      321.048      10.7852
      4955.60      330.280      10.9784
      4957.00      340.124      11.1630
      4958.40      331.056      11.0188
      4959.80      336.831      11.1312
      4961.20      346.361      11.4809
      4962.60      352.286      11.7926
      4964.00      345.791      11.7734
      4965.40      346.954      12.0045
      4966.80      338.381      12.0697
      4968.20      344.690      12.1932
      4969.60      340.700      11.5743
      4971.00      355.892      11.5991
      4972.40      324.943      10.9196
      4973.80      327.604      11.0577
      4975.20      342.030      11.6861
      4976.60      345.184      11.8402
      4978.00      342.991      11.4558
      4979.40      335.924      11.1996
      4980.80      339.274      11.3078
      4982.20      339.806      11.3065
      4983.60      336.019      11.3650
      4985.00      335.926      11.5177
      4986.40      327.305      11.2938
      4987.80      332.573      11.2447
      4989.20      340.971      11.3603
      4990.60      343.738      11.4635
      4992.00      335.766      11.2714
      4993.40      336.712      11.1507
      4994.80      350.257      11.4380
      4996.20      349.330      11.4404
      4997.60      353.875      11.5073
      4999.00      339.523      11.0818
