      3900.00      853.731      24.9069
      3901.40      905.497      25.1975
      3902.80      932.813      25.4937
      3904.20      925.287      25.2421
      3905.60      960.261      25.8543
      3907.00      990.827      26.2703
      3908.40      978.069      26.7291
      3909.80      952.730      25.5109
      3911.20      954.642      25.3964
      3912.60      1066.99      26.6256
      3914.00      1104.85      27.3460
      3915.40      1124.56      27.0425
      3916.80      1108.62      26.1687
      3918.20      1072.82      25.9838
      3919.60      1065.23      25.3340
      3921.00      1058.36      25.0586
      3922.40      1076.63      25.0919
      3923.80      1046.59      24.6842
      3925.20      1079.99      25.0500
      3926.60      1052.42      24.5581
      3928.00      1047.75      24.5212
      3929.40      1066.75      25.4303
      3930.80      1035.34      24.0130
      3932.20      972.670      23.3520
      3933.60      933.023      22.8998
      3935.00      802.495      21.1439
      3936.40      579.840      17.8606
      3937.80      371.195      14.7968
      3939.20      384.649      15.0535
      3940.60      635.397      18.5817
      3942.00      876.277      22.1555
      3943.40      990.655      23.9517
      3944.80      1043.58      24.8492
      3946.20      1058.31      24.6289
      3947.60      1051.40      24.4068
      3949.00      1090.15      24.8078
      3950.40      1068.16      24.6770
      3951.80      1068.73      24.7691
      3953.20      1053.26      24.8948
      3954.60      1051.79      24.5476
      3956.00      1032.05      24.3048
      3957.40      1036.58      24.5191
      3958.80      1027.91      24.8923
      3960.20      1000.45      24.0116
      3961.60      950.793      23.4606
      3963.00      1005.85      24.7715
      3964.40      977.819      25.4316
      3965.80      939.364      24.3327
      3967.20      894.251      23.8492
      3968.60      864.562      23.4734
      3970.00      788.229      22.7157
      3971.40      639.563      20.6960
      3972.80      369.054      16.5685
      3974.20      316.950      15.3040
      3975.60      460.908      17.0610
      3977.00      655.585      19.3780
      3978.40      811.976      21.2037
      3979.80      883.717      22.0917
      3981.20      894.509      22.0444
      3982.60      977.678      22.9660
      3984.00      1012.14      23.4053
      3985.40      1007.86      23.0691
      3986.80      1001.54      22.7552
      3988.20      1043.85      23.1755
      3989.60      1062.10      23.6579
      3991.00      1078.26      23.7454
      3992.40      1072.85      23.3838
      3993.80      1084.70      23.2983
      3995.20      1071.21      23.1289
      3996.60      1106.61      23.4521
      3998.00      1104.58      23.3745
      3999.40      1069.62      23.1412
      4000.80      1097.20      23.4882
      4002.20      1064.18      22.6338
      4003.60      1072.44      22.5902
      4005.00      1137.05      23.4004
      4006.40      1134.92      23.5613
      4007.80      1097.02      23.0021
      4009.20      1083.94      23.0182
      4010.60      1047.41      22.5708
      4012.00      1077.84      22.8588
      4013.40      1116.07      23.4930
      4014.80      1122.26      23.5424
      4016.20      1103.37      23.3456
      4017.60      1097.55      23.1326
      4019.00      1152.26      23.4503
      4020.40      1139.96      23.3489
      4021.80      1118.98      23.2545
      4023.20      1142.69      23.4656
      4024.60      1147.81      23.4070
      4026.00      1148.57      23.4707
      4027.40      1144.18      23.3814
      4028.80      1114.54      23.1289
      4030.20      1124.42      23.3086
      4031.60      1165.45      23.8270
      4033.00      1123.68      22.9031
      4034.40      1119.51      22.8535
      4035.80      1086.96      22.5179
      4037.20      1093.75      22.7746
      4038.60      1074.58      22.6684
      4040.00      1108.32      23.1049
      4041.40      1150.73      23.8178
      4042.80      1180.85      24.3673
      4044.20      1160.40      24.1755
      4045.60      1164.17      24.0680
      4047.00      1152.70      24.6308
      4048.40      1140.13      25.4088
      4049.80      1099.34      24.2379
      4051.20      1092.65      23.4251
      4052.60      1133.00      23.8256
      4054.00      1158.07      24.0685
      4055.40      1180.76      24.3751
      4056.80      1160.95      24.1706
      4058.20      1127.90      23.6927
      4059.60      1136.31      23.6709
      4061.00      1177.76      25.6746
      4062.40      1134.06      23.6865
      4063.80      1136.14      23.7823
      4065.20      1203.06      24.7698
      4066.60      1180.48      24.6267
      4068.00      1075.45      23.2286
      4069.40      1090.94      23.2757
      4070.80      1132.77      23.7622
      4072.20      1130.60      23.6120
      4073.60      1123.15      23.6820
      4075.00      1133.71      23.3047
      4076.40      1074.67      22.3995
      4077.80      1105.09      22.7936
      4079.20      1123.54      22.8697
      4080.60      1120.20      22.7515
      4082.00      1046.31      21.9673
      4083.40      1036.31      21.8255
      4084.80      1131.98      22.7543
      4086.20      1114.31      22.3983
      4087.60      1102.52      22.3577
      4089.00      1089.33      22.3661
      4090.40      1059.04      21.7162
      4091.80      1061.83      21.5747
      4093.20      1076.11      21.9772
      4094.60      1067.16      21.9232
      4096.00      1090.09      21.8829
      4097.40      1027.25      21.0289
      4098.80      1017.22      20.9385
      4100.20      979.353      20.7562
      4101.60      951.823      20.2612
      4103.00      867.799      19.1231
      4104.40      782.863      18.0574
      4105.80      623.726      16.0050
      4107.20      565.531      15.1705
      4108.60      698.376      16.7071
      4110.00      869.116      18.8313
      4111.40      942.694      19.9634
      4112.80      981.482      20.9478
      4114.20      997.686      20.7418
      4115.60      1014.69      20.8093
      4117.00      1055.54      21.1801
      4118.40      1043.09      20.8850
      4119.80      1095.49      21.5535
      4121.20      1109.04      21.7941
      4122.60      1051.14      21.1861
      4124.00      1052.61      21.2586
      4125.40      1098.03      21.7865
      4126.80      1094.66      21.6905
      4128.20      1079.53      21.4831
      4129.60      1109.42      22.4360
      4131.00      1113.06      21.8777
      4132.40      1099.53      21.5978
      4133.80      1119.49      21.8825
      4135.20      1103.81      21.8266
      4136.60      1081.94      22.0106
      4138.00      1069.17      21.2728
      4139.40      1090.78      21.3494
      4140.80      1112.58      21.4922
      4142.20      1130.50      21.6801
      4143.60      1123.73      21.8078
      4145.00      1186.38      22.1472
      4146.40      1128.89      21.5762
      4147.80      1089.51      20.9215
      4149.20      1046.78      20.3759
      4150.60      1098.85      20.9671
      4152.00      1125.10      21.2578
      4153.40      1100.99      21.0206
      4154.80      1089.46      21.0722
      4156.20      1127.54      21.5311
      4157.60      1130.00      21.4506
      4159.00      1077.54      20.6225
      4160.40      1077.71      20.5442
      4161.80      1090.50      20.8105
      4163.20      1089.35      20.7219
      4164.60      1105.08      21.0584
      4166.00      1123.95      21.2732
      4167.40      1102.42      21.1129
      4168.80      1103.68      21.0665
      4170.20      1125.10      21.1479
      4171.60      1129.45      20.9952
      4173.00      1120.40      20.8513
      4174.40      1106.16      20.8057
      4175.80      1102.84      20.7495
      4177.20      1075.42      20.3595
      4178.60      1043.48      19.9750
      4180.00      1080.39      20.4157
      4181.40      1077.91      20.3708
      4182.80      1070.68      20.1704
      4184.20      1073.05      20.1422
      4185.60      1086.23      20.2867
      4187.00      1061.69      19.9918
      4188.40      1106.13      20.3669
      4189.80      1076.00      20.5054
      4191.20      1089.25      20.3358
      4192.60      1059.90      20.1053
      4194.00      1077.97      20.3023
      4195.40      1123.16      20.7415
      4196.80      1106.85      20.4866
      4198.20      1127.44      20.7236
      4199.60      1134.97      20.9233
      4201.00      1108.97      20.5212
      4202.40      1090.82      20.2348
      4203.80      1066.96      19.9834
      4205.20      1079.20      20.1925
      4206.60      1063.99      20.0279
      4208.00      1092.67      20.3228
      4209.40      1111.49      20.4239
      4210.80      1085.37      20.2771
      4212.20      1104.59      20.5387
      4213.60      1119.60      20.7097
      4215.00      1110.53      20.3181
      4216.40      1109.42      20.2155
      4217.80      1121.14      20.6717
      4219.20      1076.30      19.9450
      4220.60      1067.36      19.9041
      4222.00      1107.08      20.3130
      4223.40      1123.81      20.3958
      4224.80      1135.92      20.4645
      4226.20      1125.68      20.3764
      4227.60      1125.94      20.3053
      4229.00      1090.38      19.9288
      4230.40      1055.68      22.2679
      4231.80      1012.84      25.3488
      4233.20      1072.88      1000.16
      4234.60      1140.69      42.0624
      4236.00      1116.15      21.0557
      4237.40      1066.53      19.5555
      4238.80      1048.31      19.3353
      4240.20      1067.87      19.5412
      4241.60      1083.36      19.6817
      4243.00      1119.03      20.0711
      4244.40      1111.97      20.0830
      4245.80      1115.44      20.2534
      4247.20      1104.90      20.1658
      4248.60      1121.95      20.1279
      4250.00      1122.50      20.1781
      4251.40      1082.62      19.5563
      4252.80      1049.96      19.3049
      4254.20      1061.62      19.4066
      4255.60      1019.14      18.8767
      4257.00      1082.63      19.6838
      4258.40      1106.83      19.9809
      4259.80      1110.19      20.1344
      4261.20      1120.21      20.1458
      4262.60      1132.00      20.0073
      4264.00      1127.66      20.0489
      4265.40      1078.70      20.0474
      4266.80      1077.61      20.6248
      4268.20      1136.01      22.2697
      4269.60      1143.70      22.2550
      4271.00      1173.93      21.5959
      4272.40      1164.11      20.8539
      4273.80      1133.48      20.3468
      4275.20      1103.49      19.5768
      4276.60      1019.65      18.6619
      4278.00      1020.55      18.8232
      4279.40      1065.96      19.4915
      4280.80      1075.21      19.6570
      4282.20      1091.56      19.8101
      4283.60      1128.82      19.9865
      4285.00      1110.26      19.9289
      4286.40      1118.45      19.7023
      4287.80      1091.58      19.3986
      4289.20      1077.92      19.2009
      4290.60      1094.31      19.4416
      4292.00      1091.50      19.5695
      4293.40      1039.23      18.7030
      4294.80      1021.43      18.4676
      4296.20      1026.77      18.5159
      4297.60      1038.61      18.7403
      4299.00      1057.01      18.9710
      4300.40      1071.02      19.4292
      4301.80      1076.14      19.0959
      4303.20      1049.96      18.8330
      4304.60      998.355      18.1753
      4306.00      935.515      17.3495
      4307.40      963.491      17.6264
      4308.80      1014.28      18.2202
      4310.20      1068.16      19.1292
      4311.60      1039.33      18.5912
      4313.00      1018.96      18.3040
      4314.40      1048.69      18.7167
      4315.80      1083.14      19.1976
      4317.20      1072.34      19.0393
      4318.60      983.986      17.9391
      4320.00      968.635      17.7482
      4321.40      1050.99      18.7388
      4322.80      1064.59      19.0697
      4324.20      1058.26      19.1160
      4325.60      1035.84      18.7294
      4327.00      1039.05      18.6808
      4328.40      1030.91      18.7811
      4329.80      986.507      17.9320
      4331.20      945.003      17.4096
      4332.60      980.445      17.7198
      4334.00      1017.24      18.3015
      4335.40      1009.68      18.3280
      4336.80      1003.46      18.2355
      4338.20      981.298      17.8280
      4339.60      943.393      17.5013
      4341.00      921.097      17.0297
      4342.40      809.323      15.9372
      4343.80      709.912      14.7296
      4345.20      562.966      12.6921
      4346.60      592.803      13.0654
      4348.00      725.102      14.7464
      4349.40      860.867      16.4091
      4350.80      911.910      16.9598
      4352.20      943.577      17.6016
      4353.60      965.907      18.0725
      4355.00      960.657      17.6665
      4356.40      945.949      17.3371
      4357.80      946.919      17.8804
      4359.20      1000.34      19.6609
      4360.60      1075.42      20.5663
      4362.00      1078.05      19.5782
      4363.40      1061.62      18.8032
      4364.80      1096.00      19.0519
      4366.20      1061.09      18.5943
      4367.60      1100.09      19.0991
      4369.00      1066.92      18.7562
      4370.40      1102.24      19.2412
      4371.80      1103.59      19.3193
      4373.20      1083.25      18.9899
      4374.60      1094.63      19.0690
      4376.00      1099.67      19.1442
      4377.40      1098.26      19.0584
      4378.80      1060.24      18.6177
      4380.20      1006.30      17.9299
      4381.60      1062.69      18.5801
      4383.00      1102.12      19.0140
      4384.40      1136.76      19.4150
      4385.80      1118.04      19.3341
      4387.20      1074.39      18.7486
      4388.60      1028.85      18.1630
      4390.00      1011.93      17.9575
      4391.40      1063.22      18.5588
      4392.80      1084.80      19.0502
      4394.20      1080.39      18.9940
      4395.60      1096.15      19.1806
      4397.00      1069.60      18.6529
      4398.40      1082.73      18.9091
      4399.80      1018.10      18.0310
      4401.20      1006.41      17.9128
      4402.60      1052.62      18.5218
      4404.00      1048.52      18.2279
      4405.40      1037.41      18.2942
      4406.80      1049.77      18.2559
      4408.20      1093.05      18.9487
      4409.60      1057.41      18.3007
      4411.00      1054.09      18.3167
      4412.40      1084.38      18.7595
      4413.80      1076.10      18.7701
      4415.20      1081.87      18.7080
      4416.60      1085.79      18.7169
      4418.00      1068.75      18.5434
      4419.40      1057.55      18.2555
      4420.80      997.371      17.6240
      4422.20      975.548      17.3949
      4423.60      1007.35      17.6783
      4425.00      1041.65      17.9837
      4426.40      1061.52      18.3059
      4427.80      1066.15      18.5166
      4429.20      1079.51      18.4612
      4430.60      1071.78      18.3376
      4432.00      1068.45      18.2253
      4433.40      1051.27      18.0726
      4434.80      1059.62      18.2511
      4436.20      1081.44      18.5983
      4437.60      1061.84      18.3951
      4439.00      1060.87      18.2094
      4440.40      1060.70      18.2064
      4441.80      1055.75      18.0951
      4443.20      1099.37      18.5324
      4444.60      1097.94      18.4911
      4446.00      1059.49      18.1512
      4447.40      1010.39      17.6979
      4448.80      976.273      17.2136
      4450.20      1016.03      17.5659
      4451.60      1068.57      18.4947
      4453.00      1071.61      18.1938
      4454.40      1054.54      18.0285
      4455.80      1055.41      18.0175
      4457.20      1048.18      18.0483
      4458.60      1059.75      18.4135
      4460.00      1025.51      17.6845
      4461.40      1034.18      17.8193
      4462.80      1051.41      18.2221
      4464.20      1055.38      18.2830
      4465.60      1038.11      17.8346
      4467.00      1010.43      17.4874
      4468.40      1065.62      18.1316
      4469.80      1044.41      17.9795
      4471.20      1044.81      18.0037
      4472.60      1046.43      17.9671
      4474.00      993.383      17.3421
      4475.40      1023.06      17.6282
      4476.80      1075.33      18.1803
      4478.20      1067.23      18.1877
      4479.60      1049.38      18.0127
      4481.00      1050.75      17.9413
      4482.40      1053.15      17.9896
      4483.80      1077.98      18.2476
      4485.20      1060.95      17.9461
      4486.60      1011.31      17.3882
      4488.00      1009.90      17.4643
      4489.40      1059.41      18.0445
      4490.80      1085.05      18.2313
      4492.20      1079.14      18.1636
      4493.60      1060.71      17.9248
      4495.00      1057.23      18.0265
      4496.40      1032.16      17.6966
      4497.80      1050.56      17.8019
      4499.20      1063.54      18.0189
      4500.60      1067.97      17.9434
      4502.00      1049.58      17.7694
      4503.40      1051.18      18.0390
      4504.80      1064.37      18.1007
      4506.20      1053.73      17.7991
      4507.60      1037.24      17.5545
      4509.00      1069.80      17.8493
      4510.40      1083.41      18.0937
      4511.80      1067.92      17.8971
      4513.20      1044.55      17.6009
      4514.60      1052.69      17.9364
      4516.00      1059.91      18.0846
      4517.40      1067.50      17.9464
      4518.80      1054.15      17.9139
      4520.20      1023.45      17.3628
      4521.60      1050.91      17.7907
      4523.00      1052.69      17.8706
      4524.40      1051.68      17.7596
      4525.80      1026.49      17.4309
      4527.20      1020.76      17.3145
      4528.60      1049.95      17.6349
      4530.00      1065.17      17.9047
      4531.40      1061.32      17.8103
      4532.80      1067.70      17.9281
      4534.20      1015.93      17.3514
      4535.60      1031.66      17.5293
      4537.00      1026.28      17.4487
      4538.40      1023.58      17.4069
      4539.80      983.148      16.9940
      4541.20      1036.94      17.7439
      4542.60      1062.56      18.9561
      4544.00      1068.46      17.9096
      4545.40      1061.49      17.8781
      4546.80      1055.58      17.7991
      4548.20      1067.51      17.9009
      4549.60      1075.48      17.9923
      4551.00      1070.77      18.0487
      4552.40      1074.14      18.0238
      4553.80      1022.22      17.2944
      4555.20      977.537      16.8030
      4556.60      1027.97      17.3492
      4558.00      1029.19      17.4536
      4559.40      1034.52      17.4139
      4560.80      1006.13      17.0874
      4562.20      1033.75      17.4515
      4563.60      1036.84      17.5581
      4565.00      1051.17      17.7520
      4566.40      1057.94      17.6935
      4567.80      1055.73      17.5366
      4569.20      1049.18      17.4192
      4570.60      1027.82      17.1143
      4572.00      1058.06      17.5606
      4573.40      1076.54      17.7424
      4574.80      1090.10      17.7752
      4576.20      1051.91      17.3734
      4577.60      1017.93      17.0186
      4579.00      1048.18      17.3388
      4580.40      1063.78      17.5287
      4581.80      1044.85      17.2798
      4583.20      1059.49      17.5480
      4584.60      1074.17      17.6058
      4586.00      1045.55      17.4047
      4587.40      1040.70      17.2114
      4588.80      1000.05      16.6642
      4590.20      1026.87      16.9579
      4591.60      1028.37      16.9387
      4593.00      1057.15      17.2892
      4594.40      1029.58      17.0251
      4595.80      1025.85      17.0047
      4597.20      1045.54      17.1843
      4598.60      1041.28      17.0971
      4600.00      1057.58      17.3627
      4601.40      1057.75      17.3512
      4602.80      1062.73      17.3110
      4604.20      1073.07      17.5018
      4605.60      1066.94      17.5371
      4607.00      1051.76      17.2763
      4608.40      1031.78      17.0695
      4609.80      1088.07      17.8119
      4611.20      1065.84      17.5106
      4612.60      1077.89      17.6120
      4614.00      1075.39      17.6052
      4615.40      1077.74      17.5962
      4616.80      1082.18      17.6461
      4618.20      1071.14      17.5597
      4619.60      1082.57      17.6409
      4621.00      1069.82      17.4631
      4622.40      1062.96      17.3491
      4623.80      1052.46      17.2310
      4625.20      1021.61      16.8783
      4626.60      1052.05      17.3705
      4628.00      1080.68      17.9773
      4629.40      1083.49      19.0611
      4630.80      1063.47      17.4790
      4632.20      1051.36      17.3006
      4633.60      1045.12      17.2143
      4635.00      1040.18      17.0912
      4636.40      1053.10      17.3402
      4637.80      1050.20      19.3053
      4639.20      1065.01      17.8794
      4640.60      1060.85      17.3121
      4642.00      1043.37      17.1306
      4643.40      1056.18      17.5555
      4644.80      1069.68      17.7514
      4646.20      1073.00      17.6476
      4647.60      1043.86      17.1487
      4649.00      1038.79      17.0539
      4650.40      1052.82      17.3890
      4651.80      1048.18      17.2611
      4653.20      1040.97      17.0894
      4654.60      1030.05      16.9452
      4656.00      1053.74      17.2038
      4657.40      1057.11      17.3608
      4658.80      1054.47      17.1990
      4660.20      1054.83      17.3660
      4661.60      1053.46      17.2218
      4663.00      1040.48      17.0467
      4664.40      1039.39      17.0413
      4665.80      1047.16      17.1306
      4667.20      1052.04      17.2672
      4668.60      1047.02      17.0765
      4670.00      1041.27      17.0895
      4671.40      1038.52      16.9770
      4672.80      1016.12      16.7097
      4674.20      1046.24      17.0484
      4675.60      1035.00      16.9295
      4677.00      1041.28      16.9797
      4678.40      1047.41      17.2313
      4679.80      1044.33      17.0794
      4681.20      1071.93      17.3758
      4682.60      1062.56      17.2354
      4684.00      1057.75      17.1701
      4685.40      1037.80      16.8437
      4686.80      1055.95      17.0935
      4688.20      1043.72      16.9687
      4689.60      1049.23      17.0785
      4691.00      1063.02      17.2292
      4692.40      1057.56      17.2545
      4693.80      1042.19      17.0091
      4695.20      1060.06      17.1853
      4696.60      1051.19      17.1306
      4698.00      1045.13      17.1062
      4699.40      1046.22      17.0483
      4700.80      1061.71      17.1619
      4702.20      1054.63      17.0545
      4703.60      1050.46      17.0648
      4705.00      1049.22      17.0711
      4706.40      1038.95      16.9917
      4707.80      1028.84      16.8893
      4709.20      1020.43      16.8653
      4710.60      1027.37      17.0250
      4712.00      1041.16      17.2841
      4713.40      1039.17      17.1286
      4714.80      1036.42      17.0748
      4716.20      1030.15      17.1270
      4717.60      1040.88      17.1347
      4719.00      1041.76      17.3618
      4720.40      1032.37      17.0572
      4721.80      1040.69      17.1177
      4723.20      1063.46      17.3507
      4724.60      1058.35      17.3599
      4726.00      1048.56      17.3079
      4727.40      1044.21      17.2250
      4728.80      1055.36      17.1956
      4730.20      1054.67      17.1939
      4731.60      1069.99      17.4870
      4733.00      1065.86      17.5248
      4734.40      1035.72      16.9492
      4735.80      1049.54      17.0517
      4737.20      1026.76      16.7164
      4738.60      1038.47      16.8971
      4740.00      1031.56      16.7622
      4741.40      1040.39      16.8121
      4742.80      1033.28      16.9017
      4744.20      1010.72      16.6188
      4745.60      1026.29      16.5823
      4747.00      1037.41      16.7304
      4748.40      1045.64      17.0026
      4749.80      1030.42      16.5782
      4751.20      1041.96      16.6547
      4752.60      1051.80      16.7331
      4754.00      1040.01      16.6806
      4755.40      1049.42      16.8781
      4756.80      1030.54      16.6676
      4758.20      1036.88      16.6339
      4759.60      1044.71      16.8164
      4761.00      1056.89      16.9048
      4762.40      1040.05      16.7084
      4763.80      1033.02      16.6578
      4765.20      1033.69      16.6866
      4766.60      1024.21      16.4579
      4768.00      1016.39      16.3415
      4769.40      1018.87      16.3287
      4770.80      1018.45      16.3310
      4772.20      1017.38      16.3082
      4773.60      1035.67      16.8307
      4775.00      1035.63      16.4722
      4776.40      1029.03      16.5029
      4777.80      1025.60      16.3807
      4779.20      1030.97      16.5605
      4780.60      1054.33      16.7297
      4782.00      1047.29      16.6494
      4783.40      1047.14      16.6497
      4784.80      1037.34      16.5304
      4786.20      1027.27      16.4077
      4787.60      1033.46      16.4296
      4789.00      1021.78      16.3471
      4790.40      1028.98      16.4379
      4791.80      1021.32      16.2844
      4793.20      1019.26      16.3014
      4794.60      1022.76      16.5198
      4796.00      1020.99      16.5280
      4797.40      1019.98      16.3950
      4798.80      1023.37      16.4356
      4800.20      1018.17      16.4346
      4801.60      1032.00      16.6495
      4803.00      1038.06      16.7017
      4804.40      1022.97      16.3978
      4805.80      1016.04      16.2419
      4807.20      1034.18      16.4608
      4808.60      1026.87      16.4376
      4810.00      1012.00      16.2017
      4811.40      1000.41      16.0315
      4812.80      1033.31      16.4064
      4814.20      1029.99      16.3841
      4815.60      1015.39      16.2511
      4817.00      1031.54      16.5434
      4818.40      995.587      16.0790
      4819.80      1008.87      16.2203
      4821.20      1034.44      16.5210
      4822.60      1029.37      16.5137
      4824.00      1026.79      16.4080
      4825.40      1029.73      16.3521
      4826.80      1027.15      16.4261
      4828.20      1020.40      16.2937
      4829.60      984.459      15.8824
      4831.00      1003.82      16.4534
      4832.40      1023.89      16.4119
      4833.80      1035.31      16.6223
      4835.20      1027.02      16.5494
      4836.60      1019.26      16.4162
      4838.00      1022.52      16.4459
      4839.40      1025.92      16.4564
      4840.80      1024.96      16.4382
      4842.20      1009.06      16.2912
      4843.60      1003.49      16.2963
      4845.00      996.719      16.2905
      4846.40      1016.93      16.3699
      4847.80      994.997      16.0839
      4849.20      978.949      15.9288
      4850.60      1004.39      16.2813
      4852.00      989.316      16.0963
      4853.40      978.651      16.0457
      4854.80      964.731      15.8805
      4856.20      975.740      16.0339
      4857.60      937.489      15.5970
      4859.00      933.011      15.4724
      4860.40      905.511      15.2207
      4861.80      870.881      14.8094
      4863.20      861.087      14.6595
      4864.60      795.096      13.8121
      4866.00      659.225      12.1694
      4867.40      550.023      10.9633
      4868.80      616.050      11.7230
      4870.20      757.194      13.4323
      4871.60      834.139      14.3106
      4873.00      900.414      15.0595
      4874.40      912.279      15.3198
      4875.80      920.165      15.4756
      4877.20      917.231      15.2586
      4878.60      897.035      15.0103
      4880.00      953.247      15.6281
      4881.40      959.790      15.6671
      4882.80      946.761      15.5316
      4884.20      956.411      15.6325
      4885.60      970.942      15.7342
      4887.00      994.828      16.1629
      4888.40      999.494      15.9591
      4889.80      987.880      15.8912
      4891.20      996.895      16.0591
      4892.60      1002.97      16.1273
      4894.00      993.141      15.9926
      4895.40      969.680      15.6718
      4896.80      958.430      15.5267
      4898.20      942.585      15.3507
      4899.60      982.510      15.7873
      4901.00      1008.73      16.0349
      4902.40      1008.85      16.0049
      4903.80      992.141      15.8329
      4905.20      1006.23      16.0751
      4906.60      991.572      15.8740
      4908.00      988.380      15.8393
      4909.40      993.873      15.8562
      4910.80      1006.30      15.8800
      4912.20      1008.48      15.9753
      4913.60      1002.34      15.8289
      4915.00      1009.11      15.9308
      4916.40      997.505      15.8083
      4917.80      1009.83      15.9521
      4919.20      1009.60      15.9271
      4920.60      1017.56      16.0543
      4922.00      996.237      15.8464
      4923.40      989.575      15.8371
      4924.80      978.831      15.5392
      4926.20      945.692      15.1771
      4927.60      952.289      15.2291
      4929.00      958.224      15.2802
      4930.40      940.735      15.0840
      4931.80      951.328      15.2685
      4933.20      993.062      15.8038
      4934.60      1019.44      16.2288
      4936.00      1020.76      16.1416
      4937.40      1009.79      15.9402
      4938.80      964.915      15.3990
      4940.20      971.034      15.4911
      4941.60      965.689      15.4330
      4943.00      985.028      15.6879
      4944.40      987.367      15.6434
      4945.80      983.395      15.5900
      4947.20      995.370      15.7138
      4948.60      1002.33      15.9465
      4950.00      995.369      15.6813
      4951.40      991.779      15.6343
      4952.80      998.979      15.7330
      4954.20      991.665      15.7641
      4955.60      995.238      15.8357
      4957.00      993.642      15.7998
      4958.40      988.334      15.6010
      4959.80      995.525      15.6785
      4961.20      989.540      15.6059
      4962.60      947.136      15.1098
      4964.00      935.192      14.9564
      4965.40      979.174      15.4343
      4966.80      994.176      15.6917
      4968.20      997.354      15.6937
      4969.60      1000.11      16.1223
      4971.00      1004.30      15.8930
      4972.40      1002.21      15.8298
      4973.80      1001.58      15.7655
      4975.20      999.427      15.7224
      4976.60      997.521      15.6908
      4978.00      1006.82      15.9611
      4979.40      991.886      15.7751
      4980.80      993.295      15.8036
      4982.20      999.603      16.0742
      4983.60      1004.52      15.9054
      4985.00      992.027      15.7328
      4986.40      987.547      15.6632
      4987.80      964.281      15.5289
      4989.20      964.843      15.7345
      4990.60      968.375      15.3858
      4992.00      981.084      15.5503
      4993.40      972.345      15.4460
      4994.80      984.271      15.4691
      4996.20      994.302      15.5098
      4997.60      976.833      15.4162
      4999.00      969.800      15.5417
