      3900.00      1398.53      42.9977
      3901.40      1422.92      43.0736
      3902.80      1424.54      42.8871
      3904.20      1479.96      44.2171
      3905.60      1542.23      45.2198
      3907.00      1580.52      46.5283
      3908.40      1703.39      49.3577
      3909.80      1616.18      47.3877
      3911.20      1781.45      49.8329
      3912.60      1878.61      50.4955
      3914.00      1867.70      49.9034
      3915.40      1786.73      48.0690
      3916.80      1738.67      47.1061
      3918.20      1784.43      47.7765
      3919.60      1861.11      49.0460
      3921.00      1823.53      48.3927
      3922.40      1820.18      48.1863
      3923.80      1820.58      48.1795
      3925.20      1832.36      47.9356
      3926.60      1871.09      48.4703
      3928.00      1858.99      48.0218
      3929.40      1774.09      45.9996
      3930.80      1755.56      45.6231
      3932.20      1726.04      44.9623
      3933.60      1540.28      41.3073
      3935.00      1231.63      35.4399
      3936.40      890.083      34.4633
      3937.80      1026.48      31.1832
      3939.20      1529.33      40.9143
      3940.60      1821.34      46.5364
      3942.00      1817.24      46.6655
      3943.40      1784.92      46.5879
      3944.80      1812.57      46.3959
      3946.20      1755.42      45.1601
      3947.60      1671.34      43.7257
      3949.00      1722.90      44.7280
      3950.40      1691.66      44.1931
      3951.80      1697.72      45.0830
      3953.20      1716.57      44.8218
      3954.60      1762.24      45.5772
      3956.00      1726.88      44.9877
      3957.40      1700.52      44.4358
      3958.80      1597.83      42.6442
      3960.20      1622.76      43.0432
      3961.60      1605.31      42.6019
      3963.00      1524.55      41.3634
      3964.40      1496.93      41.0703
      3965.80      1401.45      39.2639
      3967.20      1322.63      37.8232
      3968.60      1243.38      36.7506
      3970.00      941.876      31.3567
      3971.40      628.276      26.0218
      3972.80      556.160      24.9575
      3974.20      748.019      28.5183
      3975.60      1042.32      34.4253
      3977.00      1258.55      38.6280
      3978.40      1437.02      41.6120
      3979.80      1520.29      42.5753
      3981.20      1616.05      43.9266
      3982.60      1672.90      44.5005
      3984.00      1660.57      43.2761
      3985.40      1663.00      43.4404
      3986.80      1730.43      44.1572
      3988.20      1706.33      43.6933
      3989.60      1718.41      43.8074
      3991.00      1742.42      45.5536
      3992.40      1740.04      56.3706
      3993.80      1780.91      44.6788
      3995.20      1775.19      44.5060
      3996.60      1774.27      43.8737
      3998.00      1794.79      44.0625
      3999.40      1779.94      43.7763
      4000.80      1751.26      43.4866
      4002.20      1776.99      43.7869
      4003.60      1770.75      43.6960
      4005.00      1816.24      44.4644
      4006.40      1767.03      43.4649
      4007.80      1718.98      42.7008
      4009.20      1780.13      43.5222
      4010.60      1755.20      42.8785
      4012.00      1817.99      44.0273
      4013.40      1775.61      43.4315
      4014.80      1836.74      44.3200
      4016.20      1786.74      43.5033
      4017.60      1786.85      43.3966
      4019.00      1863.22      44.5039
      4020.40      1848.47      44.2405
      4021.80      1834.98      44.0054
      4023.20      1802.50      43.8674
      4024.60      1843.36      44.2647
      4026.00      1810.20      43.6569
      4027.40      1782.56      43.2776
      4028.80      1756.18      42.7916
      4030.20      1852.75      44.2928
      4031.60      1820.35      43.6192
      4033.00      1758.06      42.7432
      4034.40      1834.67      44.2674
      4035.80      1787.84      43.2184
      4037.20      1797.99      43.3013
      4038.60      1788.04      43.0909
      4040.00      1806.86      43.3138
      4041.40      1806.81      45.1092
      4042.80      1816.91      43.7871
      4044.20      1829.56      44.0461
      4045.60      1806.41      43.6650
      4047.00      1781.67      43.3710
      4048.40      1734.44      42.7640
      4049.80      1702.05      42.1626
      4051.20      1758.29      43.3740
      4052.60      1818.15      44.3924
      4054.00      1814.29      44.3349
      4055.40      1756.86      43.6985
      4056.80      1782.90      43.4586
      4058.20      1766.58      43.0127
      4059.60      1779.46      43.4028
      4061.00      1779.00      43.6676
      4062.40      1764.46      43.4591
      4063.80      1819.97      43.9233
      4065.20      1791.88      43.5040
      4066.60      1735.59      42.6175
      4068.00      1783.05      43.5555
      4069.40      1834.13      44.5485
      4070.80      1732.16      42.7847
      4072.20      1892.60      45.5963
      4073.60      1861.61      44.9666
      4075.00      1754.99      42.9541
      4076.40      1745.29      42.2826
      4077.80      1770.12      42.4603
      4079.20      1749.89      42.0458
      4080.60      1698.22      41.2173
      4082.00      1692.06      40.9595
      4083.40      1740.89      41.7120
      4084.80      1784.94      42.6534
      4086.20      1752.45      42.0513
      4087.60      1663.12      40.2402
      4089.00      1649.14      40.4496
      4090.40      1623.90      40.0624
      4091.80      1634.20      39.6802
      4093.20      1599.47      39.2294
      4094.60      1615.98      39.6264
      4096.00      1520.40      37.7457
      4097.40      1472.36      36.4791
      4098.80      1398.14      35.1291
      4100.20      1370.31      34.7246
      4101.60      1233.43      32.0242
      4103.00      1016.82      28.1790
      4104.40      802.163      24.3792
      4105.80      814.150      24.5251
      4107.20      983.494      27.3339
      4108.60      1216.66      31.2476
      4110.00      1338.87      33.5494
      4111.40      1430.68      35.6105
      4112.80      1483.49      36.6283
      4114.20      1532.10      37.2929
      4115.60      1545.62      37.7272
      4117.00      1571.07      38.5661
      4118.40      1634.00      39.7302
      4119.80      1665.02      40.1590
      4121.20      1606.19      39.1899
      4122.60      1660.72      39.7488
      4124.00      1686.23      39.8808
      4125.40      1684.67      39.8455
      4126.80      1735.26      40.7081
      4128.20      1711.51      40.2090
      4129.60      1704.70      40.1993
      4131.00      1756.03      41.1155
      4132.40      1708.21      40.1142
      4133.80      1745.64      40.8155
      4135.20      1699.61      40.0073
      4136.60      1727.17      40.5554
      4138.00      1769.22      41.3881
      4139.40      1758.48      41.2420
      4140.80      1762.03      41.9064
      4142.20      1759.23      41.2800
      4143.60      1812.46      41.9158
      4145.00      1733.51      41.5714
      4146.40      1742.28      79.4160
      4147.80      1763.68      44.3952
      4149.20      1807.03      41.5410
      4150.60      1797.41      41.2950
      4152.00      1811.60      41.4392
      4153.40      1763.65      40.4817
      4154.80      1790.34      41.0236
      4156.20      1780.42      40.9664
      4157.60      1802.50      41.6471
      4159.00      1773.05      40.5168
      4160.40      1758.57      40.2252
      4161.80      1795.29      40.7672
      4163.20      1790.12      40.8088
      4164.60      1685.70      39.1977
      4166.00      1749.70      40.2347
      4167.40      1766.01      40.3647
      4168.80      1761.75      40.1901
      4170.20      1801.86      40.7415
      4171.60      1767.83      40.6715
      4173.00      1737.11      40.3278
      4174.40      1726.79      39.3122
      4175.80      1691.71      38.6932
      4177.20      1728.86      39.4481
      4178.60      1759.47      39.9226
      4180.00      1734.44      39.3813
      4181.40      1710.39      38.7760
      4182.80      1786.33      40.0922
      4184.20      1748.19      39.4628
      4185.60      1724.83      39.1706
      4187.00      1739.04      39.3054
      4188.40      1758.14      39.5430
      4189.80      1746.00      39.2833
      4191.20      1740.04      39.4087
      4192.60      1761.85      39.8030
      4194.00      1776.08      40.2371
      4195.40      1793.96      40.4759
      4196.80      1789.73      40.1456
      4198.20      1780.69      40.9420
      4199.60      1769.56      39.7152
      4201.00      1742.49      39.3265
      4202.40      1719.90      39.0968
      4203.80      1791.01      40.2698
      4205.20      1739.68      39.1616
      4206.60      1746.01      39.2327
      4208.00      1753.97      39.3941
      4209.40      1782.02      39.7999
      4210.80      1826.70      40.6608
      4212.20      1841.07      41.1639
      4213.60      1812.85      40.4859
      4215.00      1775.72      40.6679
      4216.40      1740.77      39.0637
      4217.80      1735.77      39.0405
      4219.20      1703.60      38.6226
      4220.60      1766.38      39.6866
      4222.00      1751.91      39.2877
      4223.40      1767.24      39.5271
      4224.80      1802.53      40.2550
      4226.20      1808.18      40.1192
      4227.60      1777.21      39.4255
      4229.00      1712.15      38.2993
      4230.40      1682.78      37.7745
      4231.80      1735.60      38.7113
      4233.20      1830.31      40.2946
      4234.60      1810.31      39.9134
      4236.00      1746.69      38.7918
      4237.40      1743.25      38.9988
      4238.80      1779.32      39.9563
      4240.20      1781.98      39.6589
      4241.60      1819.34      40.0432
      4243.00      1819.77      40.0742
      4244.40      1782.01      39.5571
      4245.80      1805.59      39.8188
      4247.20      1799.62      39.7617
      4248.60      1784.51      39.4953
      4250.00      1742.11      38.9524
      4251.40      1708.17      38.2414
      4252.80      1771.53      39.0782
      4254.20      1747.50      38.6474
      4255.60      1767.37      39.1219
      4257.00      1780.32      39.2846
      4258.40      1797.58      39.7563
      4259.80      1814.04      39.7108
      4261.20      1805.09      39.7350
      4262.60      1810.51      39.5642
      4264.00      1756.23      38.7416
      4265.40      1794.74      39.5807
      4266.80      1829.18      40.2701
      4268.20      1769.71      39.0674
      4269.60      1818.05      39.7797
      4271.00      1834.87      39.8734
      4272.40      1771.77      38.8285
      4273.80      1732.92      38.1748
      4275.20      1685.99      37.4862
      4276.60      1719.32      38.0706
      4278.00      1745.21      38.4362
      4279.40      1815.42      39.7216
      4280.80      1824.51      39.8041
      4282.20      1804.95      39.5558
      4283.60      1855.34      40.4309
      4285.00      1788.05      39.0657
      4286.40      1745.71      38.2536
      4287.80      1832.13      39.7630
      4289.20      1815.16      39.5433
      4290.60      1779.63      38.9053
      4292.00      1765.35      38.5741
      4293.40      1704.23      37.4451
      4294.80      1736.01      38.4346
      4296.20      1741.48      38.3068
      4297.60      1710.63      37.5854
      4299.00      1735.31      37.8786
      4300.40      1746.29      38.0321
      4301.80      1743.25      38.0137
      4303.20      1658.58      36.4914
      4304.60      1676.44      36.8165
      4306.00      1696.87      37.1900
      4307.40      1696.98      37.1846
      4308.80      1768.17      38.7163
      4310.20      1739.22      37.9380
      4311.60      1683.58      37.0131
      4313.00      1733.46      38.1317
      4314.40      1764.92      38.6344
      4315.80      1761.21      38.2043
      4317.20      1638.35      36.0618
      4318.60      1613.90      35.6525
      4320.00      1721.90      37.5476
      4321.40      1708.49      37.3522
      4322.80      1677.66      36.7510
      4324.20      1697.51      37.0062
      4325.60      1646.95      36.0673
      4327.00      1680.93      36.8224
      4328.40      1608.78      35.6554
      4329.80      1509.18      33.8449
      4331.20      1574.72      35.2062
      4332.60      1614.53      35.8960
      4334.00      1581.58      34.8292
      4335.40      1552.97      34.3055
      4336.80      1506.24      33.5145
      4338.20      1383.76      31.4039
      4339.60      1310.26      29.9696
      4341.00      1159.48      27.3144
      4342.40      974.000      24.0915
      4343.80      781.835      20.8384
      4345.20      904.409      22.6288
      4346.60      1174.10      27.5382
      4348.00      1259.42      29.2728
      4349.40      1417.80      32.2268
      4350.80      1465.19      33.2262
      4352.20      1483.04      33.4807
      4353.60      1506.18      33.6506
      4355.00      1505.54      33.7223
      4356.40      1571.86      34.9114
      4357.80      1665.50      36.5919
      4359.20      1677.22      36.9553
      4360.60      1670.30      36.6592
      4362.00      1673.81      36.9076
      4363.40      1709.19      37.2373
      4364.80      1708.12      37.0131
      4366.20      1752.45      37.8111
      4367.60      1756.45      38.6053
      4369.00      1752.40      38.0788
      4370.40      1731.21      37.4623
      4371.80      1735.11      37.3915
      4373.20      1730.79      37.8241
      4374.60      1726.45      37.2985
      4376.00      1746.70      37.7540
      4377.40      1682.16      36.7273
      4378.80      1718.43      37.4213
      4380.20      1720.14      37.5080
      4381.60      1741.93      37.7997
      4383.00      1788.26      38.4776
      4384.40      1766.25      38.0122
      4385.80      1695.56      36.7746
      4387.20      1607.27      35.3579
      4388.60      1687.44      36.7910
      4390.00      1745.99      37.8023
      4391.40      1779.76      38.3503
      4392.80      1766.32      38.7085
      4394.20      1772.54      38.4104
      4395.60      1771.99      38.4982
      4397.00      1745.57      38.1242
      4398.40      1660.25      36.5934
      4399.80      1701.20      37.0928
      4401.20      1698.91      36.8864
      4402.60      1746.38      37.6480
      4404.00      1708.89      37.0383
      4405.40      1732.41      37.4057
      4406.80      1722.76      37.3248
      4408.20      1736.32      37.5509
      4409.60      1723.32      37.3302
      4411.00      1759.26      38.1974
      4412.40      1784.70      38.3724
      4413.80      1754.86      37.8780
      4415.20      1724.31      37.3486
      4416.60      1723.83      37.5297
      4418.00      1703.77      36.7403
      4419.40      1684.70      36.3471
      4420.80      1655.32      35.9544
      4422.20      1669.88      36.2317
      4423.60      1745.71      37.6821
      4425.00      1725.87      36.9915
      4426.40      1748.58      37.4655
      4427.80      1751.80      38.2912
      4429.20      1759.86      37.4368
      4430.60      1695.73      36.3508
      4432.00      1747.78      37.4069
      4433.40      1758.12      37.8948
      4434.80      1728.99      37.3524
      4436.20      1692.91      36.2998
      4437.60      1720.20      36.8062
      4439.00      1695.27      36.3927
      4440.40      1729.16      36.8960
      4441.80      1770.20      37.5980
      4443.20      1729.97      36.9317
      4444.60      1747.76      37.2140
      4446.00      1721.52      36.6769
      4447.40      1580.23      34.2758
      4448.80      1676.35      35.9222
      4450.20      1723.61      36.7354
      4451.60      1767.58      37.4956
      4453.00      1716.16      36.6364
      4454.40      1729.44      36.8058
      4455.80      1715.85      36.9990
      4457.20      1701.60      36.3211
      4458.60      1649.57      35.3834
      4460.00      1705.97      36.4104
      4461.40      1747.52      37.0593
      4462.80      1714.86      36.4137
      4464.20      1755.07      37.2076
      4465.60      1748.06      37.1054
      4467.00      1744.17      36.9592
      4468.40      1736.93      36.7673
      4469.80      1715.30      36.4226
      4471.20      1655.38      35.3130
      4472.60      1628.98      35.3047
      4474.00      1747.95      36.9052
      4475.40      1710.51      36.2962
      4476.80      1748.92      36.9564
      4478.20      1723.82      36.5351
      4479.60      1689.53      36.2235
      4481.00      1708.07      36.2153
      4482.40      1703.42      36.1445
      4483.80      1698.25      36.1570
      4485.20      1644.26      35.1711
      4486.60      1667.90      35.4922
      4488.00      1691.30      36.1425
      4489.40      1703.71      36.0615
      4490.80      1681.32      35.6909
      4492.20      1710.85      36.2729
      4493.60      1725.54      36.7791
      4495.00      1676.50      35.7269
      4496.40      1700.73      36.0345
      4497.80      1680.52      35.6421
      4499.20      1709.66      36.2626
      4500.60      1706.04      36.1982
      4502.00      1712.79      36.2236
      4503.40      1719.43      36.3215
      4504.80      1620.97      34.8567
      4506.20      1620.59      34.9164
      4507.60      1676.34      35.6491
      4509.00      1676.06      35.5294
      4510.40      1657.54      35.2434
      4511.80      1682.41      35.7310
      4513.20      1684.12      35.9189
      4514.60      1691.48      35.7950
      4516.00      1670.20      36.2573
      4517.40      1669.23      35.3197
      4518.80      1667.17      35.3438
      4520.20      1655.15      35.0936
      4521.60      1663.62      35.4014
      4523.00      1659.04      35.4762
      4524.40      1660.59      35.2052
      4525.80      1680.61      35.4428
      4527.20      1629.43      34.6412
      4528.60      1662.68      35.4123
      4530.00      1680.62      35.5781
      4531.40      1686.75      35.6373
      4532.80      1634.06      34.7556
      4534.20      1668.63      35.3263
      4535.60      1657.72      35.3585
      4537.00      1668.69      35.9051
      4538.40      1645.11      1414.37
      4539.80      1657.28      1414.38
      4541.20      1655.04      1414.38
      4542.60      1656.25      37.9923
      4544.00      1679.04      35.9819
      4545.40      1694.60      35.8950
      4546.80      1691.92      35.6573
      4548.20      1689.42      35.6751
      4549.60      1694.22      35.8220
      4551.00      1668.15      35.3225
      4552.40      1598.61      34.1643
      4553.80      1545.05      33.3025
      4555.20      1666.01      35.3791
      4556.60      1681.99      35.5196
      4558.00      1627.29      34.4675
      4559.40      1670.58      35.3630
      4560.80      1670.53      35.4139
      4562.20      1675.21      35.4039
      4563.60      1663.73      35.6987
      4565.00      1701.10      36.1744
      4566.40      1673.69      35.6995
      4567.80      1664.26      35.0658
      4569.20      1707.16      35.8295
      4570.60      1677.87      35.2473
      4572.00      1713.25      35.8536
      4573.40      1712.04      35.8124
      4574.80      1651.44      34.8067
      4576.20      1622.61      34.2928
      4577.60      1660.94      34.8369
      4579.00      1691.30      35.4215
      4580.40      1669.75      35.0409
      4581.80      1695.25      35.6221
      4583.20      1646.87      34.8227
      4584.60      1654.02      34.7113
      4586.00      1667.00      34.9879
      4587.40      1592.99      33.5319
      4588.80      1633.82      34.2076
      4590.20      1660.71      34.7080
      4591.60      1648.91      34.4713
      4593.00      1643.41      34.3957
      4594.40      1626.45      34.0866
      4595.80      1665.98      34.8008
      4597.20      1636.55      34.8256
      4598.60      1681.24      35.0771
      4600.00      1674.92      35.2987
      4601.40      1674.36      34.9463
      4602.80      1639.72      34.3934
      4604.20      1655.02      34.5844
      4605.60      1681.26      34.9838
      4607.00      1687.79      35.0959
      4608.40      1673.35      34.9217
      4609.80      1655.30      34.5414
      4611.20      1688.89      35.1309
      4612.60      1675.25      34.8673
      4614.00      1687.70      35.1717
      4615.40      1655.37      34.7070
      4616.80      1689.40      35.2334
      4618.20      1649.54      34.4041
      4619.60      1653.19      34.5235
      4621.00      1664.09      34.7912
      4622.40      1625.51      34.8263
      4623.80      1655.52      34.5850
      4625.20      1659.49      35.0138
      4626.60      1630.44      34.1289
      4628.00      1642.67      34.7003
      4629.40      1647.14      34.5287
      4630.80      1636.29      34.1224
      4632.20      1636.83      34.2124
      4633.60      1634.71      34.1295
      4635.00      1606.56      33.5949
      4636.40      1613.20      34.1903
      4637.80      1627.87      34.0855
      4639.20      1605.79      33.8829
      4640.60      1638.17      34.5244
      4642.00      1648.10      34.3721
      4643.40      1667.75      34.7284
      4644.80      1651.75      34.5464
      4646.20      1655.56      34.7109
      4647.60      1655.90      34.4913
      4649.00      1625.84      33.9609
      4650.40      1623.56      34.1385
      4651.80      1621.62      34.1832
      4653.20      1629.49      34.3152
      4654.60      1638.52      34.2859
      4656.00      1650.09      35.2408
      4657.40      1652.82      34.4725
      4658.80      1618.17      33.9884
      4660.20      1628.35      34.0571
      4661.60      1642.16      34.2658
      4663.00      1640.57      34.1991
      4664.40      1640.74      34.1634
      4665.80      1631.33      33.9949
      4667.20      1665.45      34.6277
      4668.60      1647.56      34.2378
      4670.00      1625.15      33.8956
      4671.40      1612.50      33.8814
      4672.80      1619.90      34.0872
      4674.20      1644.98      34.3036
      4675.60      1626.32      34.1594
      4677.00      1631.20      34.2398
      4678.40      1645.30      34.4342
      4679.80      1643.75      34.3529
      4681.20      1623.46      33.8864
      4682.60      1614.14      33.6155
      4684.00      1632.43      33.9550
      4685.40      1603.64      33.5840
      4686.80      1630.11      34.1750
      4688.20      1620.90      33.7520
      4689.60      1619.43      33.6583
      4691.00      1636.26      33.9217
      4692.40      1648.19      34.1311
      4693.80      1616.34      33.6065
      4695.20      1622.60      34.0361
      4696.60      1619.53      33.6388
      4698.00      1621.29      33.7278
      4699.40      1595.43      33.2823
      4700.80      1611.09      33.5517
      4702.20      1632.48      33.9322
      4703.60      1628.30      34.0153
      4705.00      1599.48      33.6190
      4706.40      1613.85      33.8193
      4707.80      1556.66      33.0837
      4709.20      1615.86      33.8602
      4710.60      1615.31      33.9981
      4712.00      1592.98      33.5519
      4713.40      1596.79      33.5387
      4714.80      1618.10      34.4640
      4716.20      1603.58      33.8163
      4717.60      1625.12      34.3829
      4719.00      1626.90      34.4133
      4720.40      1649.53      34.5533
      4721.80      1629.61      34.1005
      4723.20      1637.76      34.1730
      4724.60      1652.06      34.6246
      4726.00      1654.60      34.6012
      4727.40      1661.69      35.0502
      4728.80      1667.32      34.6983
      4730.20      1672.37      34.7151
      4731.60      1660.37      34.4474
      4733.00      1650.59      34.2638
      4734.40      1664.73      34.8472
      4735.80      1663.65      34.5270
      4737.20      1656.19      34.3994
      4738.60      1658.22      34.4656
      4740.00      1635.81      34.0193
      4741.40      1640.62      34.1033
      4742.80      1660.27      35.1209
      4744.20      1667.69      34.9155
      4745.60      1650.05      34.1574
      4747.00      1646.05      34.0205
      4748.40      1640.94      34.0526
      4749.80      1629.99      33.9599
      4751.20      1628.63      33.7874
      4752.60      1624.80      33.6254
      4754.00      1622.42      33.7239
      4755.40      1617.38      33.4838
      4756.80      1578.77      32.9002
      4758.20      1617.04      33.5451
      4759.60      1602.13      33.2986
      4761.00      1602.32      33.2360
      4762.40      1619.34      33.4538
      4763.80      1592.18      32.8556
      4765.20      1608.58      33.2268
      4766.60      1593.99      32.8810
      4768.00      1590.13      32.8074
      4769.40      1608.69      33.2150
      4770.80      1633.60      33.8290
      4772.20      1612.87      33.4386
      4773.60      1611.24      33.2652
      4775.00      1569.76      32.5225
      4776.40      1616.71      33.4156
      4777.80      1599.51      33.0605
      4779.20      1600.45      33.1070
      4780.60      1626.89      33.5477
      4782.00      1615.77      33.2418
      4783.40      1576.09      32.6421
      4784.80      1596.06      32.9758
      4786.20      1608.89      33.1541
      4787.60      1577.37      32.6067
      4789.00      1592.09      32.7901
      4790.40      1588.08      32.7605
      4791.80      1572.18      32.5811
      4793.20      1582.98      32.8133
      4794.60      1569.92      32.5574
      4796.00      1589.42      32.8010
      4797.40      1593.96      32.8587
      4798.80      1575.73      32.7587
      4800.20      1556.77      32.4386
      4801.60      1563.50      32.2973
      4803.00      1573.40      33.2183
      4804.40      1563.61      32.2981
      4805.80      1560.92      32.3370
      4807.20      1577.29      32.5830
      4808.60      1544.74      31.9025
      4810.00      1562.27      32.2353
      4811.40      1584.42      32.6177
      4812.80      1555.87      32.1224
      4814.20      1571.80      32.4711
      4815.60      1589.08      32.8038
      4817.00      1563.82      32.2925
      4818.40      1576.94      32.4431
      4819.80      1567.22      32.3511
      4821.20      1589.47      32.8289
      4822.60      1563.42      32.3774
      4824.00      1565.99      32.4035
      4825.40      1534.54      31.8069
      4826.80      1537.64      31.8724
      4828.20      1530.06      31.7235
      4829.60      1548.46      32.2632
      4831.00      1544.01      31.9747
      4832.40      1542.67      31.9847
      4833.80      1543.33      32.1442
      4835.20      1529.07      31.7261
      4836.60      1525.98      31.6363
      4838.00      1521.45      31.8017
      4839.40      1521.34      31.6631
      4840.80      1496.78      31.1950
      4842.20      1506.27      31.3586
      4843.60      1513.41      31.5434
      4845.00      1491.52      31.4803
      4846.40      1485.61      31.2631
      4847.80      1480.51      30.8846
      4849.20      1453.57      30.5317
      4850.60      1418.62      29.9006
      4852.00      1410.20      29.7306
      4853.40      1413.77      29.7855
      4854.80      1396.28      29.5388
      4856.20      1383.29      29.3489
      4857.60      1335.50      28.3448
      4859.00      1284.78      27.5185
      4860.40      1242.76      26.7318
      4861.80      1164.40      25.2375
      4863.20      996.751      22.1851
      4864.60      782.463      18.4567
      4866.00      759.339      18.2329
      4867.40      973.871      21.9715
      4868.80      1148.26      25.0199
      4870.20      1235.28      26.5867
      4871.60      1299.15      27.7346
      4873.00      1345.00      28.7075
      4874.40      1356.31      28.8744
      4875.80      1382.95      29.3992
      4877.20      1422.90      30.1031
      4878.60      1451.12      30.8391
      4880.00      1417.13      30.1906
      4881.40      1452.01      30.4406
      4882.80      1472.40      30.7301
      4884.20      1463.72      30.5761
      4885.60      1467.57      30.7769
      4887.00      1492.98      31.2301
      4888.40      1480.82      30.9619
      4889.80      1480.91      31.0695
      4891.20      1494.29      31.0667
      4892.60      1497.23      31.1106
      4894.00      1486.07      30.8489
      4895.40      1476.11      30.7063
      4896.80      1470.41      30.5919
      4898.20      1494.14      30.9666
      4899.60      1514.63      31.4963
      4901.00      1490.81      30.8594
      4902.40      1510.13      31.1242
      4903.80      1497.32      30.8948
      4905.20      1511.28      31.1959
      4906.60      1511.68      31.2035
      4908.00      1513.78      31.1917
      4909.40      1543.43      31.6817
      4910.80      1514.84      31.3978
      4912.20      1504.37      31.1104
      4913.60      1488.24      30.6565
      4915.00      1527.02      31.3993
      4916.40      1512.33      31.7373
      4917.80      1506.51      30.9888
      4919.20      1495.28      30.7552
      4920.60      1511.17      31.0197
      4922.00      1506.31      31.3724
      4923.40      1446.82      30.1247
      4924.80      1459.61      30.2928
      4926.20      1491.14      30.7736
      4927.60      1460.83      30.2042
      4929.00      1480.88      30.5294
      4930.40      1509.38      30.9789
      4931.80      1507.78      30.9646
      4933.20      1516.68      31.3183
      4934.60      1530.94      31.4009
      4936.00      1515.96      31.0824
      4937.40      1491.24      30.6770
      4938.80      1480.36      30.4942
      4940.20      1499.39      30.7715
      4941.60      1510.66      30.9597
      4943.00      1502.96      30.8957
      4944.40      1474.80      30.4550
      4945.80      1482.75      30.5724
      4947.20      1509.37      31.0314
      4948.60      1497.16      30.9252
      4950.00      1525.17      31.3754
      4951.40      1533.37      31.4419
      4952.80      1543.54      31.5443
      4954.20      1521.28      31.4076
      4955.60      1499.52      30.8403
      4957.00      1530.54      31.2550
      4958.40      1532.04      31.2408
      4959.80      1496.17      30.7513
      4961.20      1463.50      30.3249
      4962.60      1488.08      30.6615
      4964.00      1507.67      30.9241
      4965.40      1498.15      30.9734
      4966.80      1494.23      31.0521
      4968.20      1488.99      30.5537
      4969.60      1483.87      30.4670
      4971.00      1504.83      30.8216
      4972.40      1517.42      31.2081
      4973.80      1501.07      31.0517
      4975.20      1494.30      30.7760
      4976.60      1522.86      31.2794
      4978.00      1501.30      30.8202
      4979.40      1504.73      30.9849
      4980.80      1507.02      31.0904
      4982.20      1502.96      30.9184
      4983.60      1475.83      30.4932
      4985.00      1474.23      30.3791
      4986.40      1481.73      30.4411
      4987.80      1476.66      30.3081
      4989.20      1480.84      30.4361
      4990.60      1501.23      30.8187
      4992.00      1489.76      30.6373
      4993.40      1503.06      30.7866
      4994.80      1491.89      30.5580
      4996.20      1488.13      30.4837
      4997.60      1498.63      30.6602
      4999.00      1485.73      30.4231
