      3900.00      95.0884      7.41401
      3901.40      85.8948      6.99258
      3902.80      98.5254      7.26760
      3904.20      91.4678      7.10047
      3905.60      102.902      7.51835
      3907.00      102.397      7.62695
      3908.40      98.8791      7.75223
      3909.80      92.0629      7.69786
      3911.20      116.259      8.53899
      3912.60      115.013      8.77644
      3914.00      114.350      9.01134
      3915.40      108.829      8.97582
      3916.80      116.583      9.17982
      3918.20      116.851      8.99877
      3919.60      107.783      8.55869
      3921.00      113.425      8.20577
      3922.40      112.228      8.07907
      3923.80      111.004      7.41736
      3925.20      112.435      7.20877
      3926.60      111.077      7.15900
      3928.00      110.889      7.14979
      3929.40      111.067      7.05094
      3930.80      104.401      6.70482
      3932.20      101.610      6.63022
      3933.60      104.170      6.60481
      3935.00      71.1917      5.76391
      3936.40      56.5989      5.35811
      3937.80      82.0246      6.08159
      3939.20      88.1075      6.22301
      3940.60      97.1867      6.50024
      3942.00      97.7981      6.57242
      3943.40      95.8890      6.60710
      3944.80      99.3328      7.31075
      3946.20      94.9838      6.36283
      3947.60      95.7892      6.35479
      3949.00      103.918      6.52112
      3950.40      110.943      6.67461
      3951.80      118.014      6.84602
      3953.20      118.326      6.80084
      3954.60      109.442      6.61159
      3956.00      121.857      6.94661
      3957.40      109.676      6.57641
      3958.80      111.534      6.66855
      3960.20      94.2097      6.19906
      3961.60      101.395      6.39445
      3963.00      109.462      6.60512
      3964.40      94.9829      6.19939
      3965.80      97.9784      6.32067
      3967.20      100.145      6.49827
      3968.60      68.5049      5.72658
      3970.00      53.2012      5.53436
      3971.40      31.3463      5.16181
      3972.80      33.8376      5.35357
      3974.20      51.7677      5.96231
      3975.60      56.3364      6.27434
      3977.00      72.3116      6.66581
      3978.40      99.9062      7.15613
      3979.80      100.860      7.21831
      3981.20      97.4947      7.03081
      3982.60      107.744      7.32259
      3984.00      91.4090      6.83632
      3985.40      84.2438      6.58843
      3986.80      100.175      6.90674
      3988.20      107.037      6.97612
      3989.60      106.205      6.87851
      3991.00      102.214      6.60989
      3992.40      103.694      6.52228
      3993.80      108.062      6.45652
      3995.20      104.700      6.21882
      3996.60      106.759      6.61910
      3998.00      112.849      6.32545
      3999.40      101.270      5.98363
      4000.80      109.379      6.17190
      4002.20      98.0962      5.84499
      4003.60      116.912      6.41343
      4005.00      109.085      6.29819
      4006.40      117.009      6.52569
      4007.80      112.579      6.50041
      4009.20      99.3407      6.11969
      4010.60      108.756      6.31566
      4012.00      120.182      6.57872
      4013.40      105.356      6.13854
      4014.80      105.449      6.11637
      4016.20      113.768      6.28190
      4017.60      112.126      6.25344
      4019.00      107.541      6.15456
      4020.40      114.581      6.30329
      4021.80      111.649      6.42967
      4023.20      97.8624      5.71354
      4024.60      108.526      5.96830
      4026.00      107.625      5.91566
      4027.40      107.558      6.01701
      4028.80      117.573      6.27733
      4030.20      121.629      6.23044
      4031.60      99.3505      5.63944
      4033.00      108.329      5.86763
      4034.40      114.202      6.10965
      4035.80      114.940      6.40427
      4037.20      111.555      6.36825
      4038.60      122.860      6.57179
      4040.00      101.809      5.87172
      4041.40      105.286      5.95259
      4042.80      107.159      5.93360
      4044.20      102.298      5.77024
      4045.60      101.208      5.79166
      4047.00      107.968      6.13477
      4048.40      109.235      6.20908
      4049.80      113.420      6.13391
      4051.20      121.691      6.31625
      4052.60      115.687      6.33791
      4054.00      103.512      6.19411
      4055.40      94.6341      5.89860
      4056.80      113.696      6.12493
      4058.20      113.264      6.08204
      4059.60      85.8975      5.51601
      4061.00      113.656      6.14818
      4062.40      111.439      6.12075
      4063.80      104.194      5.92730
      4065.20      109.882      6.07669
      4066.60      105.562      6.04764
      4068.00      101.518      5.98399
      4069.40      98.7524      5.99882
      4070.80      102.702      6.05361
      4072.20      109.342      6.21625
      4073.60      106.278      6.08736
      4075.00      106.169      6.19300
      4076.40      102.720      6.04963
      4077.80      106.182      6.11838
      4079.20      106.644      6.17589
      4080.60      99.4618      6.14658
      4082.00      104.981      6.32938
      4083.40      105.699      6.11350
      4084.80      109.001      6.15436
      4086.20      110.750      6.32997
      4087.60      98.0947      6.33237
      4089.00      105.848      6.33733
      4090.40      95.7812      5.74455
      4091.80      109.562      5.80766
      4093.20      105.184      5.73359
      4094.60      104.957      5.72723
      4096.00      100.000      5.70041
      4097.40      82.6347      5.26494
      4098.80      86.0419      5.22905
      4100.20      84.0417      5.12653
      4101.60      74.4636      4.84730
      4103.00      64.9133      4.70505
      4104.40      50.0291      4.54545
      4105.80      56.1369      4.81783
      4107.20      69.6963      5.10060
      4108.60      77.0849      5.16282
      4110.00      89.3574      5.32196
      4111.40      84.6596      5.10191
      4112.80      96.3062      5.35092
      4114.20      81.9760      4.96144
      4115.60      91.8845      5.23376
      4117.00      97.5677      5.33444
      4118.40      97.7912      5.39919
      4119.80      96.9518      5.43389
      4121.20      96.1837      5.59763
      4122.60      101.645      5.86770
      4124.00      104.728      6.07514
      4125.40      100.415      5.66966
      4126.80      109.549      5.68052
      4128.20      103.575      5.48848
      4129.60      103.419      5.44016
      4131.00      94.7632      5.22257
      4132.40      99.1182      5.36999
      4133.80      108.407      5.57030
      4135.20      108.828      5.66238
      4136.60      98.0972      5.38328
      4138.00      109.440      5.59288
      4139.40      103.633      5.47427
      4140.80      101.653      5.49556
      4142.20      105.180      5.65972
      4143.60      109.056      5.74961
      4145.00      109.528      5.68184
      4146.40      101.565      5.48957
      4147.80      108.411      5.86718
      4149.20      104.824      5.76110
      4150.60      115.127      5.82257
      4152.00      107.901      5.63730
      4153.40      98.3151      5.37072
      4154.80      108.062      5.61622
      4156.20      96.8690      5.44559
      4157.60      101.173      5.61627
      4159.00      105.901      5.73351
      4160.40      107.293      5.62211
      4161.80      112.180      5.65431
      4163.20      100.979      5.48815
      4164.60      103.457      5.76221
      4166.00      107.044      5.95730
      4167.40      103.826      5.82571
      4168.80      104.436      5.62393
      4170.20      102.488      5.29678
      4171.60      108.625      5.32320
      4173.00      95.2850      5.07242
      4174.40      106.881      5.39363
      4175.80      101.548      5.38972
      4177.20      101.850      5.30234
      4178.60      101.422      5.09226
      4180.00      106.075      5.13738
      4181.40      105.126      5.18032
      4182.80      106.459      5.32936
      4184.20      103.201      5.18499
      4185.60      105.370      5.13854
      4187.00      100.644      5.01128
      4188.40      100.153      5.00514
      4189.80      102.736      5.18637
      4191.20      103.281      5.27351
      4192.60      105.988      5.32347
      4194.00      96.2300      4.87992
      4195.40      108.018      5.14041
      4196.80      108.505      5.13267
      4198.20      107.134      5.08983
      4199.60      94.8308      4.82794
      4201.00      96.9948      4.89259
      4202.40      100.744      4.98551
      4203.80      96.7825      4.89893
      4205.20      96.7517      4.90452
      4206.60      99.1079      5.08083
      4208.00      98.8673      5.37098
      4209.40      96.8583      4.97676
      4210.80      97.0737      4.92191
      4212.20      101.695      5.01020
      4213.60      101.833      5.09096
      4215.00      109.188      5.40618
      4216.40      90.0552      4.95155
      4217.80      95.8073      4.91144
      4219.20      104.057      5.08028
      4220.60      102.313      5.03820
      4222.00      102.646      5.03841
      4223.40      102.253      5.20952
      4224.80      111.412      5.65230
      4226.20      109.083      5.74119
      4227.60      105.618      5.61076
      4229.00      86.0943      4.84481
      4230.40      99.1877      4.90416
      4231.80      100.284      4.97017
      4233.20      100.605      5.22991
      4234.60      99.1007      5.46894
      4236.00      95.7813      5.37251
      4237.40      87.2838      4.98295
      4238.80      89.7418      4.77693
      4240.20      98.1070      4.82924
      4241.60      94.7150      5.06977
      4243.00      94.5904      4.78351
      4244.40      94.4701      4.94238
      4245.80      103.936      5.19460
      4247.20      108.994      5.15413
      4248.60      99.5101      4.91606
      4250.00      95.3925      4.74378
      4251.40      96.1892      4.75320
      4252.80      101.197      4.98642
      4254.20      99.2814      4.96464
      4255.60      101.539      4.95379
      4257.00      95.2686      4.84848
      4258.40      103.794      5.12634
      4259.80      99.6202      5.15650
      4261.20      101.204      5.45013
      4262.60      106.968      5.50104
      4264.00      95.7567      4.83736
      4265.40      103.860      4.91917
      4266.80      100.034      4.79107
      4268.20      104.234      4.99227
      4269.60      100.460      5.02752
      4271.00      101.253      5.28737
      4272.40      102.201      4.82503
      4273.80      97.0387      4.72426
      4275.20      101.062      4.81824
      4276.60      103.172      4.87621
      4278.00      99.2005      4.78652
      4279.40      101.908      5.02247
      4280.80      102.603      4.90953
      4282.20      94.8954      4.96518
      4283.60      90.1922      5.15578
      4285.00      103.982      5.46314
      4286.40      99.8060      5.12855
      4287.80      100.411      5.03704
      4289.20      105.924      5.14173
      4290.60      100.158      5.02566
      4292.00      99.8020      5.00334
      4293.40      92.4613      4.70258
      4294.80      96.8578      4.72149
      4296.20      95.6269      4.69126
      4297.60      100.416      4.79874
      4299.00      101.676      4.82226
      4300.40      93.3781      4.70086
      4301.80      96.4411      4.79351
      4303.20      98.2911      4.79018
      4304.60      95.1458      4.73811
      4306.00      92.1000      4.70015
      4307.40      95.3647      4.72584
      4308.80      98.8219      4.69986
      4310.20      97.9505      4.66010
      4311.60      88.3924      4.47441
      4313.00      89.7881      4.54785
      4314.40      96.7884      4.78463
      4315.80      89.7062      4.72035
      4317.20      93.8871      4.80127
      4318.60      94.2737      4.83052
      4320.00      93.6385      4.76569
      4321.40      95.5776      4.78809
      4322.80      99.1019      4.82365
      4324.20      99.1074      4.78376
      4325.60      98.9875      4.77621
      4327.00      99.2384      4.83336
      4328.40      97.2840      4.88338
      4329.80      90.3338      4.73353
      4331.20      94.9315      4.81387
      4332.60      94.6416      4.80594
      4334.00      84.1586      4.48101
      4335.40      83.4223      4.36892
      4336.80      88.9032      4.40209
      4338.20      84.3118      4.26274
      4339.60      73.9833      4.02498
      4341.00      73.5083      4.11690
      4342.40      50.2146      3.77254
      4343.80      49.0455      3.69756
      4345.20      58.6385      3.76310
      4346.60      65.6936      3.87326
      4348.00      80.7983      4.25631
      4349.40      78.4985      4.31620
      4350.80      91.3849      4.75285
      4352.20      78.2920      4.44096
      4353.60      84.9562      4.39065
      4355.00      86.8202      4.32159
      4356.40      80.3438      4.22290
      4357.80      90.8670      5.15740
      4359.20      92.2958      5.75661
      4360.60      95.0303      5.08354
      4362.00      99.9697      4.77403
      4363.40      99.2454      4.94394
      4364.80      98.3154      4.79662
      4366.20      99.0922      4.71957
      4367.60      96.1224      4.70283
      4369.00      100.515      4.89324
      4370.40      99.0511      4.90479
      4371.80      98.0806      4.83748
      4373.20      97.1121      4.71106
      4374.60      97.1662      4.59322
      4376.00      96.6312      4.53478
      4377.40      91.1253      4.42780
      4378.80      98.1834      4.54969
      4380.20      96.3317      4.74248
      4381.60      95.9215      4.86772
      4383.00      97.0252      4.90050
      4384.40      98.4886      4.79639
      4385.80      91.4053      4.48827
      4387.20      91.6624      4.43277
      4388.60      96.2420      4.61493
      4390.00      99.1329      4.56840
      4391.40      92.6886      4.46642
      4392.80      93.3392      4.53135
      4394.20      92.9525      4.66776
      4395.60      92.5299      4.53602
      4397.00      92.9514      4.44154
      4398.40      93.0064      4.55727
      4399.80      95.7415      4.96342
      4401.20      97.2203      5.22876
      4402.60      99.4894      5.06143
      4404.00      91.1345      4.51429
      4405.40      96.3588      4.63612
      4406.80      93.6482      4.96392
      4408.20      92.7651      4.91982
      4409.60      91.3188      4.50338
      4411.00      92.5459      4.63041
      4412.40      92.1204      4.98343
      4413.80      91.8277      5.07443
      4415.20      94.3331      4.89580
      4416.60      95.0089      4.74272
      4418.00      95.5982      4.86390
      4419.40      87.7628      4.61303
      4420.80      90.5407      4.43732
      4422.20      96.4860      4.50261
      4423.60      102.333      5.05458
      4425.00      90.0507      4.83199
      4426.40      94.0296      4.55741
      4427.80      101.254      4.57248
      4429.20      98.0355      4.62298
      4430.60      93.5906      4.73034
      4432.00      93.5067      4.52610
      4433.40      94.2375      4.37634
      4434.80      99.2358      4.47513
      4436.20      95.6306      4.38298
      4437.60      98.2641      4.50284
      4439.00      98.5057      4.65855
      4440.40      95.0716      4.43108
      4441.80      91.4157      4.49070
      4443.20      93.7386      4.38260
      4444.60      90.8108      4.38086
      4446.00      85.1861      4.47414
      4447.40      81.7438      4.44042
      4448.80      86.6219      4.44654
      4450.20      91.5686      4.40765
      4451.60      85.9763      4.14973
      4453.00      97.3698      4.36249
      4454.40      86.5540      4.09719
      4455.80      96.9458      4.42904
      4457.20      94.7491      4.52126
      4458.60      93.7923      4.54939
      4460.00      78.1446      4.12359
      4461.40      96.4526      4.44888
      4462.80      94.3379      4.44959
      4464.20      95.9726      4.52841
      4465.60      83.6810      4.27631
      4467.00      90.8311      4.41547
      4468.40      99.4162      4.66281
      4469.80      96.1966      4.70287
      4471.20      90.8873      4.59624
      4472.60      86.4435      4.28422
      4474.00      88.9510      4.19893
      4475.40      91.1697      4.40297
      4476.80      90.7720      4.37676
      4478.20      90.1978      4.32570
      4479.60      91.4232      4.38781
      4481.00      91.0280      4.40935
      4482.40      90.2876      4.50295
      4483.80      89.2280      4.34940
      4485.20      81.9386      4.23661
      4486.60      101.430      4.66118
      4488.00      90.7551      4.48090
      4489.40      90.0939      4.18408
      4490.80      94.4945      4.23683
      4492.20      95.0815      4.27917
      4493.60      92.7179      4.36615
      4495.00      89.3429      4.52527
      4496.40      93.6188      4.67154
      4497.80      88.3515      4.38804
      4499.20      93.5838      4.30431
      4500.60      88.1189      4.09323
      4502.00      92.2392      4.17665
      4503.40      90.9829      4.29820
      4504.80      85.0925      4.41889
      4506.20      89.2663      4.47260
      4507.60      91.6558      4.38430
      4509.00      88.3484      4.35009
      4510.40      94.0935      4.58021
      4511.80      90.0665      4.63050
      4513.20      90.4286      4.67645
      4514.60      97.9652      4.71381
      4516.00      99.1176      4.57178
      4517.40      98.1424      4.41392
      4518.80      87.9128      4.12012
      4520.20      94.4972      4.34635
      4521.60      91.8629      4.49772
      4523.00      97.5787      4.61019
      4524.40      98.3927      4.55054
      4525.80      94.9540      4.45701
      4527.20      93.3883      4.51674
      4528.60      93.5984      4.42453
      4530.00      93.5056      4.18426
      4531.40      94.5871      4.19690
      4532.80      86.9048      4.37904
      4534.20      84.5202      4.52224
      4535.60      85.3165      4.21205
      4537.00      85.2621      4.07579
      4538.40      84.7465      4.20202
      4539.80      85.8378      4.35560
      4541.20      86.0945      4.40182
      4542.60      90.8820      4.50106
      4544.00      87.8643      4.37216
      4545.40      94.0759      4.56465
      4546.80      94.0538      4.75032
      4548.20      99.5301      4.68104
      4549.60      94.1219      4.41746
      4551.00      90.1581      4.26273
      4552.40      89.4364      4.28870
      4553.80      94.2301      4.40745
      4555.20      91.6049      4.31590
      4556.60      91.7527      4.25392
      4558.00      90.4055      4.20539
      4559.40      91.3618      4.21978
      4560.80      91.3401      4.27274
      4562.20      88.3020      4.31373
      4563.60      87.1554      4.47348
      4565.00      90.3392      4.62263
      4566.40      92.5075      4.66285
      4567.80      87.1395      4.41771
      4569.20      92.3726      4.24413
      4570.60      95.1713      4.23394
      4572.00      91.8933      4.13472
      4573.40      89.1796      4.13758
      4574.80      86.5860      4.30811
      4576.20      87.2558      4.46656
      4577.60      89.6046      4.66076
      4579.00      87.5459      4.36705
      4580.40      91.8645      4.29931
      4581.80      93.3256      4.16199
      4583.20      90.3233      4.04009
      4584.60      87.6643      4.03535
      4586.00      93.8104      4.19439
      4587.40      90.7867      4.19676
      4588.80      90.9741      4.32680
      4590.20      89.1507      4.48105
      4591.60      86.7933      4.78568
      4593.00      95.5447      5.15471
      4594.40      86.7313      4.66578
      4595.80      87.7632      4.17381
      4597.20      92.8134      4.11280
      4598.60      95.3483      4.14744
      4600.00      92.1557      4.02800
      4601.40      88.0234      3.92673
      4602.80      94.4743      4.05871
      4604.20      92.4734      4.05314
      4605.60      96.5475      4.29224
      4607.00      89.1229      4.25289
      4608.40      92.7207      4.31055
      4609.80      89.6616      4.13721
      4611.20      84.7463      3.95435
      4612.60      87.3269      4.09170
      4614.00      90.5196      4.27062
      4615.40      89.9952      4.05212
      4616.80      91.9847      4.25940
      4618.20      93.5124      4.00099
      4619.60      88.7684      3.96894
      4621.00      94.7867      4.31474
      4622.40      92.7375      4.53962
      4623.80      91.9382      4.56288
      4625.20      97.6678      4.32821
      4626.60      95.8979      4.07780
      4628.00      98.4009      4.33932
      4629.40      96.0520      4.74023
      4630.80      95.6735      4.66641
      4632.20      91.2620      4.10722
      4633.60      82.1814      3.73183
      4635.00      89.4199      3.88934
      4636.40      81.5225      3.81726
      4637.80      89.2949      4.04090
      4639.20      89.9791      4.16749
      4640.60      82.3047      3.75145
      4642.00      86.3222      3.93187
      4643.40      93.8740      4.28678
      4644.80      92.4288      4.33025
      4646.20      94.9541      4.42135
      4647.60      92.4070      4.31953
      4649.00      89.6993      4.15216
      4650.40      92.3395      4.12077
      4651.80      94.4413      4.08719
      4653.20      90.3619      3.96798
      4654.60      90.2288      4.02893
      4656.00      91.0435      4.20788
      4657.40      89.0845      4.16002
      4658.80      85.5909      3.94592
      4660.20      90.3334      3.96156
      4661.60      90.6287      4.06832
      4663.00      92.7087      4.25151
      4664.40      87.9877      4.15807
      4665.80      92.3764      4.13999
      4667.20      94.3156      4.24946
      4668.60      93.3862      4.35027
      4670.00      84.4762      4.13645
      4671.40      94.9631      4.24278
      4672.80      96.5303      4.34007
      4674.20      90.3495      4.35851
      4675.60      92.7542      4.37383
      4677.00      85.4042      3.89637
      4678.40      91.9597      3.99559
      4679.80      90.9397      4.10887
      4681.20      90.1914      4.16097
      4682.60      90.6307      4.22750
      4684.00      94.7522      4.09508
      4685.40      90.0854      4.05394
      4686.80      90.5088      4.13138
      4688.20      87.6620      4.05538
      4689.60      98.1775      4.19190
      4691.00      89.1587      3.85988
      4692.40      86.3335      3.80419
      4693.80      86.2067      3.78880
      4695.20      87.0777      3.89521
      4696.60      93.1654      4.07224
      4698.00      86.3312      3.83077
      4699.40      91.6822      3.94155
      4700.80      87.5131      4.06350
      4702.20      80.5832      3.99228
      4703.60      85.0482      3.98052
      4705.00      81.6450      3.80490
      4706.40      86.5702      4.01214
      4707.80      82.8061      4.15389
      4709.20      84.4093      4.08484
      4710.60      96.0801      4.08118
      4712.00      90.5782      3.88793
      4713.40      90.7504      3.89764
      4714.80      86.9174      3.82976
      4716.20      84.6493      3.99075
      4717.60      94.6050      4.25447
      4719.00      94.0778      4.10579
      4720.40      94.4027      4.01913
      4721.80      89.5215      4.02692
      4723.20      86.8187      3.96747
      4724.60      89.1140      3.93992
      4726.00      88.2790      3.90960
      4727.40      89.8373      3.94579
      4728.80      82.8686      3.85147
      4730.20      91.2596      4.22834
      4731.60      92.5630      4.23270
      4733.00      94.5922      4.05073
      4734.40      79.4812      3.74230
      4735.80      88.8014      4.17784
      4737.20      87.5503      4.55949
      4738.60      89.3325      4.65089
      4740.00      93.4351      4.56222
      4741.40      87.9969      4.13324
      4742.80      80.7856      3.81120
      4744.20      87.0703      3.93517
      4745.60      84.8348      3.85867
      4747.00      78.2034      3.75060
      4748.40      84.2364      3.93339
      4749.80      85.7958      4.04329
      4751.20      87.7848      4.28460
      4752.60      88.3209      4.40721
      4754.00      89.4758      4.24180
      4755.40      85.7970      3.94352
      4756.80      83.2316      3.74218
      4758.20      86.5400      3.79037
      4759.60      83.6647      3.85033
      4761.00      83.2781      3.96985
      4762.40      84.3287      4.00740
      4763.80      83.7299      3.77436
      4765.20      85.1681      3.68911
      4766.60      79.9264      3.53396
      4768.00      87.7630      3.75042
      4769.40      85.8252      3.83339
      4770.80      80.6515      3.81509
      4772.20      83.9947      3.91244
      4773.60      87.8454      4.00831
      4775.00      85.7581      3.97530
      4776.40      86.5769      3.97976
      4777.80      86.2190      3.89017
      4779.20      79.6673      3.70433
      4780.60      81.7845      3.81064
      4782.00      78.6998      3.80395
      4783.40      85.2942      3.85170
      4784.80      82.9912      3.67004
      4786.20      88.1485      3.99531
      4787.60      85.8268      3.92814
      4789.00      81.9489      3.73734
      4790.40      86.4471      3.83967
      4791.80      84.5303      3.81728
      4793.20      93.4277      4.03650
      4794.60      85.1943      3.81005
      4796.00      83.8439      3.65544
      4797.40      80.3535      3.52307
      4798.80      86.4135      3.65872
      4800.20      84.5224      3.66708
      4801.60      83.5179      3.67445
      4803.00      82.0141      3.62910
      4804.40      88.5046      3.71703
      4805.80      88.5479      3.70283
      4807.20      85.3318      3.66953
      4808.60      85.4188      3.77020
      4810.00      84.7341      3.83851
      4811.40      85.0692      4.14272
      4812.80      85.4517      3.98772
      4814.20      88.0040      4.01588
      4815.60      83.6430      3.80646
      4817.00      88.7422      3.97490
      4818.40      78.5548      3.68567
      4819.80      87.5742      3.83169
      4821.20      85.9298      3.69952
      4822.60      88.9646      3.74000
      4824.00      89.6213      3.87604
      4825.40      86.2349      3.84346
      4826.80      81.7332      3.62890
      4828.20      85.6087      3.62837
      4829.60      82.4390      3.56119
      4831.00      91.9277      3.76736
      4832.40      92.0341      3.75752
      4833.80      88.2312      3.78191
      4835.20      85.0580      3.97427
      4836.60      83.1686      4.04860
      4838.00      92.0439      4.05085
      4839.40      78.6327      3.63616
      4840.80      85.4157      3.79826
      4842.20      79.6071      3.68353
      4843.60      87.8067      3.76468
      4845.00      85.8951      3.69289
      4846.40      81.0420      3.72245
      4847.80      81.9703      3.95372
      4849.20      81.9877      3.83484
      4850.60      85.1871      3.82306
      4852.00      81.6136      3.71606
      4853.40      75.2912      3.63152
      4854.80      79.4270      3.65209
      4856.20      77.5319      3.50257
      4857.60      79.5923      3.50000
      4859.00      73.6723      3.35198
      4860.40      66.0424      3.20475
      4861.80      62.8842      3.30315
      4863.20      55.5158      3.40804
      4864.60      42.2178      3.05150
      4866.00      41.2510      2.78287
      4867.40      58.2176      3.04331
      4868.80      69.8101      3.35278
      4870.20      72.3063      3.50148
      4871.60      76.8128      3.65445
      4873.00      78.2840      3.71361
      4874.40      73.7636      3.61713
      4875.80      77.7307      3.70770
      4877.20      80.2305      3.81820
      4878.60      80.5069      3.91197
      4880.00      82.1991      3.93216
      4881.40      75.4471      3.79887
      4882.80      82.2936      3.94943
      4884.20      86.3826      4.03840
      4885.60      81.1278      3.82803
      4887.00      77.3402      3.60588
      4888.40      81.1114      3.68659
      4889.80      87.8610      3.93393
      4891.20      91.3164      4.08320
      4892.60      83.3061      3.92048
      4894.00      73.9371      3.72104
      4895.40      77.0476      3.68323
      4896.80      79.2093      3.60942
      4898.20      82.3185      3.57551
      4899.60      75.0563      3.38731
      4901.00      78.1255      3.54762
      4902.40      80.0217      3.72260
      4903.80      82.9718      3.92593
      4905.20      79.9600      3.83984
      4906.60      80.5435      3.63771
      4908.00      84.5168      3.56167
      4909.40      82.1379      3.51329
      4910.80      80.0517      3.49885
      4912.20      87.1890      3.61852
      4913.60      80.4202      3.44304
      4915.00      84.9000      3.53629
      4916.40      77.7745      3.43459
      4917.80      86.3909      3.99097
      4919.20      80.6566      4.19586
      4920.60      78.1161      3.95951
      4922.00      77.2631      3.50079
      4923.40      80.2001      3.42500
      4924.80      77.6994      3.37344
      4926.20      78.7436      3.43554
      4927.60      81.9013      3.58792
      4929.00      82.2272      3.55476
      4930.40      84.4444      3.55454
      4931.80      81.7317      3.53183
      4933.20      82.5204      3.47523
      4934.60      83.4858      3.56380
      4936.00      81.5996      3.76556
      4937.40      81.0655      4.05149
      4938.80      78.8589      3.88188
      4940.20      80.9813      3.88946
      4941.60      82.8648      3.91153
      4943.00      80.4857      3.87208
      4944.40      84.5423      3.98253
      4945.80      83.9283      3.92134
      4947.20      78.8749      3.68921
      4948.60      81.2021      3.56224
      4950.00      83.3285      3.61674
      4951.40      85.9963      3.74760
      4952.80      80.8387      3.62206
      4954.20      81.0296      3.51403
      4955.60      84.4283      3.51299
      4957.00      86.2874      3.52713
      4958.40      71.1664      3.20580
      4959.80      81.9492      3.42693
      4961.20      77.5028      3.40961
      4962.60      76.7193      3.45520
      4964.00      76.8272      3.44414
      4965.40      81.1365      3.44064
      4966.80      83.1876      3.45715
      4968.20      81.6187      3.43775
      4969.60      77.0472      3.44405
      4971.00      79.6580      3.68340
      4972.40      82.3282      3.46674
      4973.80      81.2931      3.42279
      4975.20      78.1078      3.43662
      4976.60      83.4961      3.73368
      4978.00      85.7416      3.72001
      4979.40      82.7208      3.59739
      4980.80      78.4096      3.53346
      4982.20      78.1863      3.63558
      4983.60      81.6726      3.76998
      4985.00      77.1654      3.62110
      4986.40      78.0632      3.41793
      4987.80      76.0827      3.30632
      4989.20      79.6105      3.66958
      4990.60      77.2834      3.58279
      4992.00      78.4697      3.34872
      4993.40      83.6358      3.45733
      4994.80      86.2488      3.72120
      4996.20      84.0523      3.56627
      4997.60      81.1456      3.39887
      4999.00      79.4345      3.46677
