      3900.00      339.699      16.5601
      3901.40      329.031      16.7153
      3902.80      315.857      16.3853
      3904.20      309.385      16.1517
      3905.60      345.607      16.5431
      3907.00      358.289      16.9296
      3908.40      346.497      17.2411
      3909.80      363.912      17.7752
      3911.20      330.679      16.8825
      3912.60      326.055      16.0470
      3914.00      353.476      16.7352
      3915.40      356.381      16.1381
      3916.80      337.455      15.3420
      3918.20      321.624      14.9319
      3919.60      356.049      16.0511
      3921.00      316.845      15.6389
      3922.40      370.439      17.0973
      3923.80      355.641      16.2382
      3925.20      366.209      15.8161
      3926.60      351.601      15.0786
      3928.00      311.661      14.2132
      3929.40      304.866      14.0769
      3930.80      237.223      14.6509
      3932.20      252.048      28.6484
      3933.60      309.860      14.3183
      3935.00      327.941      14.6202
      3936.40      333.157      14.3518
      3937.80      328.341      14.1125
      3939.20      351.431      14.5855
      3940.60      365.451      15.2398
      3942.00      332.636      14.6696
      3943.40      340.820      15.2354
      3944.80      345.785      15.4357
      3946.20      353.933      15.0756
      3947.60      331.257      14.4715
      3949.00      330.321      14.7948
      3950.40      334.770      15.6902
      3951.80      339.603      16.2849
      3953.20      319.701      15.7178
      3954.60      335.095      15.6541
      3956.00      311.521      14.8739
      3957.40      305.286      14.3063
      3958.80      297.389      14.3030
      3960.20      287.155      14.1193
      3961.60      284.491      14.3293
      3963.00      249.442      13.6673
      3964.40      216.992      12.8326
      3965.80      148.769      11.2276
      3967.20      112.316      10.2564
      3968.60      136.649      10.8956
      3970.00      202.000      12.5172
      3971.40      254.813      13.8974
      3972.80      263.564      14.4964
      3974.20      273.444      14.4172
      3975.60      271.094      14.1968
      3977.00      283.276      14.0420
      3978.40      294.154      14.0593
      3979.80      297.884      14.0322
      3981.20      308.346      14.1032
      3982.60      296.900      13.6337
      3984.00      325.494      13.8555
      3985.40      309.961      17.8895
      3986.80      337.069      14.3285
      3988.20      344.791      14.3645
      3989.60      342.073      14.2355
      3991.00      359.581      14.3392
      3992.40      353.283      14.3231
      3993.80      349.512      14.3762
      3995.20      317.237      13.6177
      3996.60      332.276      13.5875
      3998.00      334.443      13.4366
      3999.40      331.575      13.5656
      4000.80      347.117      14.2218
      4002.20      315.831      13.5904
      4003.60      333.663      13.5207
      4005.00      341.075      13.4677
      4006.40      359.523      13.5005
      4007.80      353.299      13.4814
      4009.20      366.291      14.0611
      4010.60      322.264      13.5657
      4012.00      349.609      14.0500
      4013.40      346.215      14.0325
      4014.80      347.034      14.3257
      4016.20      346.904      13.9505
      4017.60      343.870      13.7757
      4019.00      331.371      13.2361
      4020.40      346.745      13.3940
      4021.80      353.443      13.4746
      4023.20      332.373      13.0533
      4024.60      339.112      13.1786
      4026.00      337.496      13.2456
      4027.40      355.677      13.7391
      4028.80      315.360      13.3153
      4030.20      349.077      13.7571
      4031.60      358.040      13.3876
      4033.00      347.436      13.2620
      4034.40      327.293      12.7603
      4035.80      329.246      12.9221
      4037.20      329.703      13.2581
      4038.60      348.951      13.4136
      4040.00      345.026      13.6239
      4041.40      338.662      13.4607
      4042.80      319.798      13.1339
      4044.20      330.562      13.2459
      4045.60      315.905      12.9215
      4047.00      324.621      13.7669
      4048.40      355.560      14.1728
      4049.80      353.311      13.9696
      4051.20      350.756      13.8864
      4052.60      328.928      13.4709
      4054.00      348.601      13.6321
      4055.40      346.071      13.3838
      4056.80      348.155      13.5475
      4058.20      357.169      13.8691
      4059.60      337.115      13.6223
      4061.00      324.751      13.5304
      4062.40      335.185      14.2037
      4063.80      319.337      14.2632
      4065.20      322.054      14.2313
      4066.60      340.379      13.9609
      4068.00      315.435      12.9980
      4069.40      298.985      12.7763
      4070.80      333.105      13.5239
      4072.20      328.270      13.2398
      4073.60      322.417      12.9925
      4075.00      303.623      12.5445
      4076.40      325.501      13.1063
      4077.80      322.374      13.0173
      4079.20      309.530      12.8938
      4080.60      323.709      13.0591
      4082.00      310.753      12.7067
      4083.40      323.050      12.8919
      4084.80      310.671      12.4459
      4086.20      300.071      12.1670
      4087.60      294.518      11.9050
      4089.00      291.144      11.8942
      4090.40      284.223      11.7439
      4091.80      274.426      11.4802
      4093.20      263.079      11.0221
      4094.60      254.828      11.0388
      4096.00      222.573      10.5713
      4097.40      200.242      10.2720
      4098.80      158.412      9.49086
      4100.20      139.276      8.87207
      4101.60      208.147      9.96570
      4103.00      234.677      10.3322
      4104.40      273.993      10.9865
      4105.80      277.121      11.1789
      4107.20      287.191      11.6330
      4108.60      273.235      11.4613
      4110.00      305.488      11.9103
      4111.40      293.340      11.8588
      4112.80      301.301      12.3702
      4114.20      291.825      12.3782
      4115.60      304.108      12.1225
      4117.00      300.797      11.7069
      4118.40      324.463      12.3569
      4119.80      296.842      11.7651
      4121.20      321.451      12.1873
      4122.60      324.939      12.2802
      4124.00      332.380      12.3853
      4125.40      333.581      12.6596
      4126.80      342.761      12.6431
      4128.20      319.966      12.0602
      4129.60      314.747      11.8489
      4131.00      299.210      11.4892
      4132.40      324.269      11.8891
      4133.80      334.292      12.2813
      4135.20      333.017      12.4454
      4136.60      328.459      12.5753
      4138.00      321.270      12.3419
      4139.40      327.638      12.4408
      4140.80      319.940      12.3561
      4142.20      331.367      12.1687
      4143.60      333.229      11.8453
      4145.00      328.457      11.9194
      4146.40      331.225      11.9869
      4147.80      328.144      11.9512
      4149.20      324.844      12.0828
      4150.60      313.109      11.7137
      4152.00      326.369      11.7839
      4153.40      319.833      11.6361
      4154.80      334.116      11.7693
      4156.20      327.896      11.7427
      4157.60      326.336      11.6801
      4159.00      327.926      11.5372
      4160.40      327.492      11.7466
      4161.80      318.514      11.7409
      4163.20      327.406      11.7762
      4164.60      320.221      11.6098
      4166.00      329.507      11.6733
      4167.40      321.827      11.3842
      4168.80      312.310      11.3399
      4170.20      328.438      11.7838
      4171.60      307.935      11.3227
      4173.00      347.684      11.7707
      4174.40      327.961      11.4599
      4175.80      327.559      11.5126
      4177.20      307.791      11.0471
      4178.60      321.139      11.1383
      4180.00      331.339      11.3042
      4181.40      312.820      11.0495
      4182.80      308.709      11.1811
      4184.20      322.072      11.5202
      4185.60      308.774      11.2124
      4187.00      313.447      11.3311
      4188.40      307.062      11.0028
      4189.80      314.247      11.0261
      4191.20      324.091      11.3850
      4192.60      338.354      11.5956
      4194.00      330.106      11.5974
      4195.40      315.154      11.1048
      4196.80      331.176      11.5812
      4198.20      326.765      11.6123
      4199.60      313.868      11.9062
      4201.00      316.814      12.1435
      4202.40      327.801      11.3500
      4203.80      325.926      11.5537
      4205.20      317.596      11.5135
      4206.60      320.845      11.4142
      4208.00      310.198      11.1232
      4209.40      320.282      11.1564
      4210.80      328.601      11.1509
      4212.20      298.090      10.7566
      4213.60      306.419      10.8923
      4215.00      300.178      10.7584
      4216.40      322.508      11.1037
      4217.80      320.260      11.5117
      4219.20      325.340      11.6327
      4220.60      308.408      10.8846
      4222.00      307.374      11.2257
      4223.40      295.629      10.3391
      4224.80      286.007      10.1970
      4226.20      309.242      10.5341
      4227.60      315.037      10.5841
      4229.00      320.470      10.7319
      4230.40      321.148      10.8834
      4231.80      310.690      10.9344
      4233.20      307.519      10.9145
      4234.60      306.190      10.6727
      4236.00      311.407      10.8316
      4237.40      322.057      11.0040
      4238.80      316.508      10.7660
      4240.20      305.614      10.5458
      4241.60      295.623      10.4410
      4243.00      308.637      10.6403
      4244.40      306.770      10.6392
      4245.80      317.524      11.0226
      4247.20      285.312      10.6707
      4248.60      312.446      10.9216
      4250.00      315.514      10.7964
      4251.40      306.705      10.7113
      4252.80      323.368      11.0570
      4254.20      318.644      11.0550
      4255.60      326.050      11.0809
      4257.00      321.408      10.8056
      4258.40      297.825      10.3241
      4259.80      310.469      10.8388
      4261.20      331.342      11.0256
      4262.60      305.296      10.5513
      4264.00      324.005      10.8039
      4265.40      311.750      10.4782
      4266.80      320.369      10.6040
      4268.20      309.995      10.5778
      4269.60      308.753      10.7286
      4271.00      313.821      10.6428
      4272.40      327.272      10.6459
      4273.80      323.799      10.4864
      4275.20      305.948      10.3339
      4276.60      320.545      10.6653
      4278.00      317.617      10.5996
      4279.40      306.615      10.3026
      4280.80      316.088      10.4405
      4282.20      328.610      10.6988
      4283.60      316.739      10.4851
      4285.00      306.680      10.2959
      4286.40      296.677      10.0598
      4287.80      288.981      9.96965
      4289.20      321.239      10.4294
      4290.60      306.551      10.1138
      4292.00      292.463      9.94108
      4293.40      310.909      10.3263
      4294.80      314.798      10.3873
      4296.20      294.909      10.0385
      4297.60      290.336      9.95476
      4299.00      288.283      9.94867
      4300.40      286.089      9.86256
      4301.80      294.610      10.0004
      4303.20      294.066      10.3244
      4304.60      289.749      9.88303
      4306.00      292.139      9.93856
      4307.40      297.919      9.98210
      4308.80      302.060      9.90321
      4310.20      292.457      9.86283
      4311.60      281.721      9.79205
      4313.00      310.763      10.4034
      4314.40      280.789      10.0837
      4315.80      290.678      10.1598
      4317.20      281.483      9.94588
      4318.60      293.279      10.0015
      4320.00      297.002      10.2389
      4321.40      289.937      9.95531
      4322.80      272.550      9.72633
      4324.20      273.530      9.69428
      4325.60      274.775      9.62973
      4327.00      259.920      9.29201
      4328.40      269.994      9.40641
      4329.80      256.922      9.25324
      4331.20      244.304      9.13392
      4332.60      242.517      8.92470
      4334.00      220.980      8.47961
      4335.40      181.675      7.78206
      4336.80      151.412      7.44504
      4338.20      143.242      7.51452
      4339.60      173.748      8.31475
      4341.00      220.423      9.11154
      4342.40      233.115      8.85028
      4343.80      240.470      8.68180
      4345.20      252.661      9.06154
      4346.60      282.210      9.83630
      4348.00      263.832      9.53538
      4349.40      275.217      9.52850
      4350.80      299.136      9.85988
      4352.20      295.436      9.60681
      4353.60      276.587      9.28535
      4355.00      282.572      9.40096
      4356.40      293.573      9.76143
      4357.80      291.899      10.7172
      4359.20      302.522      11.3317
      4360.60      301.909      10.7890
      4362.00      276.821      9.89939
      4363.40      311.774      10.3466
      4364.80      304.411      10.1245
      4366.20      285.412      9.67944
      4367.60      293.641      9.89100
      4369.00      304.721      10.3164
      4370.40      304.918      10.2961
      4371.80      292.000      9.80305
      4373.20      292.299      9.77980
      4374.60      292.246      9.67228
      4376.00      288.699      9.56832
      4377.40      290.921      9.59346
      4378.80      297.729      9.78868
      4380.20      291.318      9.59777
      4381.60      270.167      9.28075
      4383.00      295.524      9.76900
      4384.40      312.422      10.2002
      4385.80      316.672      10.3224
      4387.20      301.981      9.92558
      4388.60      307.119      9.79044
      4390.00      301.389      9.69668
      4391.40      293.372      9.57222
      4392.80      301.624      9.89773
      4394.20      308.995      10.0607
      4395.60      290.131      9.86348
      4397.00      300.283      9.84106
      4398.40      293.720      9.88489
      4399.80      293.138      9.97094
      4401.20      301.969      10.0681
      4402.60      293.924      9.56564
      4404.00      294.222      9.45967
      4405.40      292.764      9.86727
      4406.80      299.587      9.88788
      4408.20      290.575      9.89944
      4409.60      294.054      9.97887
      4411.00      291.689      9.73941
      4412.40      300.216      9.55044
      4413.80      294.660      9.45752
      4415.20      293.594      9.61462
      4416.60      293.357      9.70471
      4418.00      302.670      9.58784
      4419.40      298.447      9.53101
      4420.80      296.252      9.53802
      4422.20      299.640      9.65637
      4423.60      297.025      9.42651
      4425.00      288.087      9.24925
      4426.40      274.916      9.07394
      4427.80      312.701      9.61253
      4429.20      283.353      9.15734
      4430.60      307.370      9.57769
      4432.00      286.466      9.31909
      4433.40      306.309      9.66242
      4434.80      297.234      9.56324
      4436.20      302.406      9.55576
      4437.60      314.047      9.99857
      4439.00      286.456      9.62337
      4440.40      282.533      9.28845
      4441.80      296.228      9.40960
      4443.20      296.219      9.43629
      4444.60      287.007      9.29748
      4446.00      281.560      9.29308
      4447.40      282.647      9.39115
      4448.80      292.440      9.41993
      4450.20      298.961      9.38038
      4451.60      279.637      9.08480
      4453.00      281.570      9.18468
      4454.40      299.035      9.54091
      4455.80      298.599      9.43791
      4457.20      289.812      9.21188
      4458.60      283.558      9.12015
      4460.00      295.838      9.31117
      4461.40      298.445      9.40638
      4462.80      286.663      9.21538
      4464.20      284.587      9.22193
      4465.60      275.699      9.16760
      4467.00      278.015      9.45553
      4468.40      283.915      9.65978
      4469.80      286.737      9.85568
      4471.20      294.177      9.75160
      4472.60      283.173      9.27610
      4474.00      279.416      8.96257
      4475.40      299.689      9.39696
      4476.80      278.602      9.16395
      4478.20      273.319      9.04549
      4479.60      274.561      8.99972
      4481.00      287.255      9.09781
      4482.40      286.570      9.27219
      4483.80      304.270      9.54193
      4485.20      288.253      9.20657
      4486.60      281.085      9.21972
      4488.00      296.410      9.38041
      4489.40      291.350      9.16386
      4490.80      277.370      8.92465
      4492.20      286.860      9.21769
      4493.60      291.117      9.44088
      4495.00      290.192      9.67945
      4496.40      295.852      9.30745
      4497.80      277.813      8.79903
      4499.20      281.970      9.01917
      4500.60      286.865      9.37629
      4502.00      292.506      9.33365
      4503.40      280.000      9.00759
      4504.80      285.104      9.02372
      4506.20      277.985      8.96939
      4507.60      287.054      9.12172
      4509.00      275.250      9.04063
      4510.40      290.274      9.31122
      4511.80      298.082      9.61516
      4513.20      294.363      9.42749
      4514.60      298.636      9.29370
      4516.00      296.090      9.17686
      4517.40      272.415      8.80439
      4518.80      286.964      8.93343
      4520.20      285.821      8.89542
      4521.60      273.884      8.76533
      4523.00      291.702      9.21399
      4524.40      289.724      9.19916
      4525.80      293.209      9.22193
      4527.20      288.406      9.09782
      4528.60      274.999      8.88314
      4530.00      282.806      9.03526
      4531.40      283.799      9.18788
      4532.80      269.548      8.86986
      4534.20      292.465      9.20199
      4535.60      282.569      9.12763
      4537.00      270.507      8.90704
      4538.40      277.081      9.11245
      4539.80      286.378      9.43229
      4541.20      294.871      9.26055
      4542.60      292.325      9.09049
      4544.00      263.014      8.78419
      4545.40      284.602      9.44219
      4546.80      277.735      9.24626
      4548.20      277.293      9.11464
      4549.60      292.019      9.17951
      4551.00      283.332      8.94301
      4552.40      278.111      8.90605
      4553.80      278.682      9.07075
      4555.20      279.054      9.10429
      4556.60      273.672      8.93865
      4558.00      286.491      9.08172
      4559.40      283.284      8.83030
      4560.80      276.767      8.80308
      4562.20      283.784      8.85458
      4563.60      280.608      8.78217
      4565.00      278.982      8.70598
      4566.40      270.172      8.63563
      4567.80      290.382      9.22088
      4569.20      281.300      9.37812
      4570.60      277.000      8.76249
      4572.00      278.772      8.61245
      4573.40      268.076      8.40164
      4574.80      281.658      8.83963
      4576.20      284.438      8.78320
      4577.60      276.319      8.68389
      4579.00      273.872      8.66922
      4580.40      271.767      8.47388
      4581.80      261.886      8.28566
      4583.20      265.305      8.44171
      4584.60      281.315      8.83586
      4586.00      269.900      8.75100
      4587.40      266.655      8.49225
      4588.80      268.191      8.68524
      4590.20      282.149      9.11194
      4591.60      282.475      8.93690
      4593.00      278.401      8.67346
      4594.40      282.628      8.76650
      4595.80      276.637      8.71004
      4597.20      281.398      8.73584
      4598.60      269.804      8.43010
      4600.00      274.254      8.49234
      4601.40      283.814      8.70032
      4602.80      283.760      8.76720
      4604.20      281.026      8.69262
      4605.60      286.185      8.74123
      4607.00      283.656      8.54665
      4608.40      276.592      8.42974
      4609.80      282.074      8.53626
      4611.20      276.570      8.49227
      4612.60      273.197      8.47852
      4614.00      266.022      8.33227
      4615.40      264.980      8.37971
      4616.80      258.698      8.53409
      4618.20      273.193      8.66888
      4619.60      284.167      8.70406
      4621.00      266.716      8.27976
      4622.40      279.848      8.56581
      4623.80      279.280      8.79263
      4625.20      275.703      8.66908
      4626.60      273.135      8.44888
      4628.00      273.337      8.45492
      4629.40      280.648      8.90237
      4630.80      273.098      8.72763
      4632.20      266.793      8.40608
      4633.60      258.074      8.17415
      4635.00      251.829      8.17727
      4636.40      258.042      8.65236
      4637.80      264.921      8.45636
      4639.20      259.890      8.36520
      4640.60      255.311      8.16109
      4642.00      258.853      8.15979
      4643.40      258.263      8.12900
      4644.80      261.823      8.19417
      4646.20      276.062      8.53533
      4647.60      270.248      8.57553
      4649.00      273.353      8.68227
      4650.40      266.978      8.62290
      4651.80      273.361      8.49882
      4653.20      262.075      8.24394
      4654.60      267.949      8.40667
      4656.00      262.902      8.32073
      4657.40      273.577      8.61510
      4658.80      271.509      8.72011
      4660.20      260.382      8.51445
      4661.60      261.860      8.32040
      4663.00      265.611      8.26775
      4664.40      261.095      8.13069
      4665.80      270.133      8.26523
      4667.20      260.494      8.08798
      4668.60      264.571      8.19365
      4670.00      279.082      8.54793
      4671.40      268.661      8.50391
      4672.80      261.470      8.45665
      4674.20      272.957      8.65687
      4675.60      274.462      8.65562
      4677.00      275.077      8.51270
      4678.40      282.768      8.48997
      4679.80      269.956      8.22350
      4681.20      272.368      8.22029
      4682.60      264.392      8.09872
      4684.00      268.367      8.20061
      4685.40      278.548      8.51571
      4686.80      277.953      8.56509
      4688.20      257.817      8.16357
      4689.60      257.435      8.04453
      4691.00      274.431      8.31168
      4692.40      266.400      8.39694
      4693.80      263.704      8.25508
      4695.20      277.642      8.44226
      4696.60      261.193      8.24930
      4698.00      270.097      8.42650
      4699.40      267.379      8.31980
      4700.80      265.456      8.36856
      4702.20      261.925      8.56813
      4703.60      260.936      8.30752
      4705.00      269.241      8.44834
      4706.40      269.794      8.51930
      4707.80      280.968      8.83224
      4709.20      272.516      8.81019
      4710.60      278.281      8.82327
      4712.00      272.694      8.70443
      4713.40      278.897      8.80984
      4714.80      259.906      8.38196
      4716.20      288.347      8.60769
      4717.60      277.566      8.47432
      4719.00      263.968      8.33863
      4720.40      272.889      8.55772
      4721.80      279.160      8.59049
      4723.20      280.409      8.53378
      4724.60      265.136      8.37285
      4726.00      267.483      8.57824
      4727.40      263.186      8.58826
      4728.80      266.095      8.60629
      4730.20      269.840      8.57122
      4731.60      265.708      8.50661
      4733.00      258.441      8.33865
      4734.40      267.236      8.28843
      4735.80      265.560      8.17955
      4737.20      263.915      8.26243
      4738.60      261.678      8.18660
      4740.00      261.232      8.02255
      4741.40      270.554      8.08348
      4742.80      270.391      8.28169
      4744.20      261.706      8.30867
      4745.60      254.839      8.04035
      4747.00      255.216      7.87680
      4748.40      252.676      7.76216
      4749.80      262.381      7.90229
      4751.20      266.507      8.00308
      4752.60      270.688      8.11431
      4754.00      256.032      7.95882
      4755.40      242.917      7.62322
      4756.80      259.652      7.91434
      4758.20      254.957      7.81461
      4759.60      261.151      7.82877
      4761.00      268.499      8.00584
      4762.40      262.888      7.99024
      4763.80      258.960      7.94442
      4765.20      260.263      7.85443
      4766.60      268.199      8.19364
      4768.00      262.028      7.87076
      4769.40      255.418      7.87414
      4770.80      255.068      7.80733
      4772.20      254.763      7.83576
      4773.60      249.434      7.71322
      4775.00      264.965      7.94824
      4776.40      267.059      8.10588
      4777.80      254.637      8.00874
      4779.20      272.696      8.23984
      4780.60      260.564      8.06443
      4782.00      259.950      7.85009
      4783.40      271.298      8.01066
      4784.80      263.571      7.88091
      4786.20      247.846      7.67344
      4787.60      263.846      7.92999
      4789.00      269.554      8.05877
      4790.40      266.069      7.92593
      4791.80      256.329      7.84446
      4793.20      260.016      7.95964
      4794.60      249.911      7.81117
      4796.00      255.095      7.89341
      4797.40      268.143      7.97624
      4798.80      253.387      7.70115
      4800.20      277.888      8.07932
      4801.60      262.436      7.92447
      4803.00      260.631      8.23009
      4804.40      252.592      8.00658
      4805.80      275.320      8.04804
      4807.20      267.010      7.89021
      4808.60      257.145      7.81316
      4810.00      259.623      7.88419
      4811.40      263.948      7.91796
      4812.80      253.212      7.78975
      4814.20      259.648      8.00660
      4815.60      267.472      8.08613
      4817.00      265.523      8.02728
      4818.40      261.100      7.85397
      4819.80      249.159      7.62685
      4821.20      243.921      7.57792
      4822.60      245.823      7.61857
      4824.00      251.394      7.67909
      4825.40      252.090      7.65263
      4826.80      234.667      7.39841
      4828.20      257.891      8.00135
      4829.60      260.772      8.06038
      4831.00      253.041      8.43554
      4832.40      260.954      7.87403
      4833.80      246.465      7.75384
      4835.20      247.419      7.79627
      4836.60      260.250      7.98759
      4838.00      258.991      7.93610
      4839.40      252.484      7.96365
      4840.80      246.397      8.08144
      4842.20      249.914      8.99213
      4843.60      241.249      7.94348
      4845.00      237.546      7.55587
      4846.40      227.681      7.43245
      4847.80      223.335      7.51763
      4849.20      226.581      7.75409
      4850.60      221.992      7.70200
      4852.00      219.995      7.62652
      4853.40      200.326      7.20330
      4854.80      202.337      7.03323
      4856.20      172.148      6.49285
      4857.60      132.519      5.87422
      4859.00      130.225      5.74372
      4860.40      156.307      6.17022
      4861.80      180.652      6.50907
      4863.20      197.083      6.78765
      4864.60      207.716      6.99781
      4866.00      221.341      7.26837
      4867.40      229.100      7.34300
      4868.80      225.171      7.37958
      4870.20      226.459      7.44840
      4871.60      242.306      7.82914
      4873.00      245.128      7.91797
      4874.40      234.537      7.74073
      4875.80      242.414      7.66091
      4877.20      245.808      7.56188
      4878.60      250.067      7.57066
      4880.00      238.441      7.59456
      4881.40      247.065      7.72892
      4882.80      243.343      7.47508
      4884.20      249.288      7.63791
      4885.60      249.398      7.45933
      4887.00      246.604      7.40369
      4888.40      246.070      7.48802
      4889.80      240.665      7.48021
      4891.20      248.755      7.48033
      4892.60      254.259      7.59826
      4894.00      248.267      7.56619
      4895.40      256.711      7.58858
      4896.80      251.823      7.52060
      4898.20      249.590      7.58131
      4899.60      258.123      7.70089
      4901.00      239.941      7.49783
      4902.40      250.219      7.73858
      4903.80      249.390      7.66227
      4905.20      247.040      7.49673
      4906.60      256.590      7.54133
      4908.00      256.580      7.54394
      4909.40      251.701      7.48386
      4910.80      254.418      7.52919
      4912.20      244.096      7.45002
      4913.60      253.807      7.50281
      4915.00      253.683      7.43283
      4916.40      241.027      7.34624
      4917.80      244.824      7.48339
      4919.20      248.260      7.54121
      4920.60      254.189      7.49859
      4922.00      254.147      7.41064
      4923.40      255.368      7.45381
      4924.80      251.126      7.40838
      4926.20      258.481      7.47374
      4927.60      256.277      7.43075
      4929.00      247.587      7.29851
      4930.40      243.091      7.26412
      4931.80      244.846      7.34958
      4933.20      243.685      7.23145
      4934.60      252.572      7.41542
      4936.00      251.950      7.70835
      4937.40      240.442      7.67967
      4938.80      241.068      7.51722
      4940.20      248.456      7.36371
      4941.60      248.586      7.27096
      4943.00      237.452      7.11512
      4944.40      240.641      7.31357
      4945.80      246.343      7.48985
      4947.20      244.212      7.38073
      4948.60      246.794      7.26134
      4950.00      253.979      7.35702
      4951.40      247.638      7.36528
      4952.80      245.724      7.25668
      4954.20      236.166      7.16652
      4955.60      240.436      7.22936
      4957.00      258.424      7.48556
      4958.40      247.768      7.22348
      4959.80      252.237      7.26184
      4961.20      255.260      7.35517
      4962.60      260.177      7.52649
      4964.00      254.160      7.37332
      4965.40      247.494      7.19197
      4966.80      243.166      7.13093
      4968.20      252.013      7.39207
      4969.60      252.038      7.46156
      4971.00      254.064      7.48134
      4972.40      250.862      7.38297
      4973.80      245.050      7.22552
      4975.20      238.865      7.10826
      4976.60      242.524      7.23669
      4978.00      243.715      7.44247
      4979.40      230.953      7.28711
      4980.80      234.287      7.22528
      4982.20      234.024      7.11801
      4983.60      239.530      7.17485
      4985.00      245.175      7.25438
      4986.40      249.922      7.48892
      4987.80      242.972      7.35217
      4989.20      248.161      7.45910
      4990.60      250.810      7.72746
      4992.00      234.815      7.92257
      4993.40      239.800      7.33879
      4994.80      236.075      7.25611
      4996.20      244.700      7.27949
      4997.60      238.512      7.28600
      4999.00      238.298      7.26565
