      3900.00      1290.82      27.0463
      3901.40      1244.64      27.0581
      3902.80      1296.08      27.7842
      3904.20      1374.23      28.4248
      3905.60      1355.32      28.0309
      3907.00      1349.74      27.2633
      3908.40      1324.46      27.3616
      3909.80      1446.57      29.1679
      3911.20      1551.71      30.5301
      3912.60      1575.90      30.5873
      3914.00      1530.30      29.6791
      3915.40      1449.36      28.5814
      3916.80      1486.16      29.3353
      3918.20      1505.38      29.6801
      3919.60      1520.86      29.8158
      3921.00      1506.08      29.0281
      3922.40      1455.12      27.9026
      3923.80      1530.84      28.9301
      3925.20      1553.94      29.3666
      3926.60      1556.28      29.6459
      3928.00      1529.76      29.1095
      3929.40      1451.04      27.0532
      3930.80      1375.36      25.6987
      3932.20      1188.99      22.8979
      3933.60      870.505      18.3236
      3935.00      517.208      13.8259
      3936.40      469.429      13.4897
      3937.80      863.514      18.6759
      3939.20      1258.61      24.4408
      3940.60      1405.13      26.6823
      3942.00      1448.22      27.8940
      3943.40      1472.71      28.0106
      3944.80      1481.01      27.7543
      3946.20      1455.69      27.9836
      3947.60      1490.00      28.9994
      3949.00      1481.63      29.3743
      3950.40      1458.62      28.1821
      3951.80      1447.51      27.9205
      3953.20      1438.06      27.6443
      3954.60      1469.34      28.3253
      3956.00      1514.53      28.8646
      3957.40      1464.04      28.1400
      3958.80      1414.62      27.2810
      3960.20      1394.64      27.6302
      3961.60      1404.14      27.8879
      3963.00      1366.44      26.1004
      3964.40      1307.15      24.9101
      3965.80      1251.16      23.7514
      3967.20      1107.12      21.2968
      3968.60      850.671      17.3917
      3970.00      475.693      13.0999
      3971.40      410.173      13.3853
      3972.80      600.433      16.4030
      3974.20      910.656      20.5313
      3975.60      1146.03      23.5501
      3977.00      1229.54      24.6111
      3978.40      1307.69      25.8178
      3979.80      1365.46      26.7290
      3981.20      1402.25      27.1445
      3982.60      1426.19      27.3733
      3984.00      1412.35      27.2504
      3985.40      1415.34      27.5988
      3986.80      1473.01      28.0531
      3988.20      1497.82      27.9072
      3989.60      1507.75      28.6662
      3991.00      1519.87      28.8108
      3992.40      1520.17      28.3473
      3993.80      1547.43      28.7335
      3995.20      1547.81      29.1290
      3996.60      1520.30      28.6711
      3998.00      1509.53      28.0826
      3999.40      1475.75      27.4598
      4000.80      1451.51      27.5414
      4002.20      1550.60      28.8690
      4003.60      1576.21      29.3031
      4005.00      1582.03      28.9267
      4006.40      1531.15      27.9733
      4007.80      1442.02      27.6160
      4009.20      1512.89      28.8735
      4010.60      1544.20      28.9189
      4012.00      1551.98      28.6915
      4013.40      1533.89      28.6166
      4014.80      1504.50      28.3154
      4016.20      1526.77      28.5105
      4017.60      1559.85      28.7366
      4019.00      1584.43      28.9053
      4020.40      1575.19      29.0750
      4021.80      1576.79      29.0481
      4023.20      1575.83      29.7146
      4024.60      1515.72      28.7327
      4026.00      1523.11      28.1816
      4027.40      1515.40      28.0912
      4028.80      1559.94      29.2546
      4030.20      1523.24      28.7568
      4031.60      1499.85      27.5689
      4033.00      1449.35      26.8935
      4034.40      1487.50      27.8198
      4035.80      1462.72      28.1367
      4037.20      1504.44      28.8057
      4038.60      1534.11      29.3317
      4040.00      1560.72      29.3370
      4041.40      1546.02      28.2112
      4042.80      1550.04      28.2613
      4044.20      1553.87      28.8333
      4045.60      1541.48      28.6976
      4047.00      1464.14      27.2300
      4048.40      1433.95      26.8416
      4049.80      1529.61      28.0843
      4051.20      1548.45      28.4591
      4052.60      1555.27      28.6380
      4054.00      1567.70      28.0905
      4055.40      1525.29      27.4613
      4056.80      1502.66      27.1229
      4058.20      1484.80      26.7600
      4059.60      1514.55      27.4970
      4061.00      1505.39      28.4031
      4062.40      1555.59      28.7312
      4063.80      1529.20      27.2299
      4065.20      1420.89      25.7985
      4066.60      1405.88      26.3107
      4068.00      1542.80      28.3051
      4069.40      1507.91      27.9851
      4070.80      1502.71      27.7449
      4072.20      1487.70      26.9763
      4073.60      1459.78      26.6191
      4075.00      1454.80      26.5817
      4076.40      1510.94      27.4188
      4077.80      1440.16      26.8079
      4079.20      1340.65      25.4496
      4080.60      1327.72      25.2206
      4082.00      1456.80      26.7943
      4083.40      1499.36      27.2101
      4084.80      1498.54      26.9893
      4086.20      1467.79      26.5125
      4087.60      1488.37      26.9530
      4089.00      1431.87      26.9473
      4090.40      1454.44      27.7443
      4091.80      1460.06      27.5603
      4093.20      1448.64      26.8903
      4094.60      1425.51      26.4046
      4096.00      1354.30      25.5656
      4097.40      1339.91      25.9234
      4098.80      1297.66      25.2070
      4100.20      1200.99      23.1962
      4101.60      1065.57      20.7810
      4103.00      841.423      17.9863
      4104.40      748.324      17.4575
      4105.80      936.104      19.7594
      4107.20      1163.02      22.4727
      4108.60      1231.81      23.3467
      4110.00      1284.65      23.9561
      4111.40      1327.37      24.4820
      4112.80      1351.99      24.8123
      4114.20      1450.97      26.3230
      4115.60      1457.66      27.2046
      4117.00      1443.66      27.1198
      4118.40      1486.10      26.9739
      4119.80      1435.14      25.8876
      4121.20      1418.66      25.5840
      4122.60      1417.50      25.7806
      4124.00      1418.67      26.0922
      4125.40      1445.66      26.3967
      4126.80      1496.24      26.8630
      4128.20      1511.31      27.0358
      4129.60      1484.22      26.8672
      4131.00      1480.22      26.9076
      4132.40      1437.71      26.0761
      4133.80      1413.29      25.3090
      4135.20      1392.44      25.0258
      4136.60      1447.08      26.0665
      4138.00      1489.83      26.9643
      4139.40      1508.16      27.4709
      4140.80      1527.68      27.5403
      4142.20      1529.00      27.0809
      4143.60      1532.85      26.9675
      4145.00      1444.21      25.9902
      4146.40      1377.87      25.5422
      4147.80      1477.83      27.0435
      4149.20      1491.49      26.8169
      4150.60      1492.28      26.6854
      4152.00      1453.43      26.2677
      4153.40      1492.86      26.5933
      4154.80      1499.40      26.5436
      4156.20      1459.73      26.2280
      4157.60      1460.71      26.0835
      4159.00      1457.71      25.8986
      4160.40      1483.30      26.5149
      4161.80      1496.94      26.7629
      4163.20      1448.33      26.5224
      4164.60      1455.20      26.4427
      4166.00      1444.21      26.0813
      4167.40      1501.36      26.6350
      4168.80      1523.33      26.7359
      4170.20      1518.70      26.7888
      4171.60      1521.48      26.5907
      4173.00      1489.64      25.9891
      4174.40      1381.21      24.7845
      4175.80      1380.19      24.9625
      4177.20      1411.93      25.3502
      4178.60      1443.67      25.6003
      4180.00      1392.77      25.0279
      4181.40      1391.31      25.1313
      4182.80      1439.93      25.3723
      4184.20      1428.49      25.2529
      4185.60      1430.23      25.2560
      4187.00      1439.77      25.5026
      4188.40      1413.40      25.3559
      4189.80      1402.16      25.2684
      4191.20      1429.23      25.6256
      4192.60      1458.27      25.5632
      4194.00      1443.24      25.7181
      4195.40      1488.14      27.0569
      4196.80      1464.37      27.1842
      4198.20      1447.72      28.1792
      4199.60      1436.88      25.0412
      4201.00      1358.46      24.3149
      4202.40      1434.51      25.4023
      4203.80      1402.33      25.1723
      4205.20      1415.19      25.3910
      4206.60      1464.62      26.1005
      4208.00      1467.46      26.1397
      4209.40      1481.17      26.4343
      4210.80      1492.52      26.3341
      4212.20      1486.59      26.1569
      4213.60      1488.65      26.2369
      4215.00      1485.91      26.1151
      4216.40      1465.25      25.6183
      4217.80      1381.10      24.7783
      4219.20      1381.55      24.9060
      4220.60      1468.13      25.6529
      4222.00      1474.67      25.8833
      4223.40      1473.77      26.1450
      4224.80      1463.84      25.6547
      4226.20      1467.14      25.1851
      4227.60      1387.94      23.8372
      4229.00      1300.27      23.4518
      4230.40      1378.41      25.0095
      4231.80      1495.65      26.4456
      4233.20      1514.16      26.2746
      4234.60      1427.13      25.1746
      4236.00      1352.10      24.8200
      4237.40      1402.05      25.7230
      4238.80      1423.34      25.7590
      4240.20      1454.75      25.6177
      4241.60      1465.38      25.5716
      4243.00      1491.65      26.0525
      4244.40      1484.95      25.8987
      4245.80      1476.99      25.8246
      4247.20      1481.10      26.2353
      4248.60      1391.56      25.1537
      4250.00      1407.92      24.9083
      4251.40      1436.44      24.7751
      4252.80      1366.63      24.0653
      4254.20      1410.57      24.8803
      4255.60      1414.59      25.2285
      4257.00      1441.18      25.2739
      4258.40      1485.51      25.6323
      4259.80      1491.03      25.5448
      4261.20      1468.29      25.1491
      4262.60      1419.15      24.6759
      4264.00      1429.07      24.9492
      4265.40      1493.99      25.8959
      4266.80      1532.73      26.5673
      4268.20      1499.47      26.0902
      4269.60      1495.80      25.6402
      4271.00      1493.56      25.4807
      4272.40      1432.72      24.9058
      4273.80      1313.21      23.4050
      4275.20      1387.44      23.9074
      4276.60      1409.62      24.3340
      4278.00      1446.85      25.1046
      4279.40      1494.16      25.8748
      4280.80      1523.46      26.2229
      4282.20      1516.26      25.9583
      4283.60      1483.42      25.5778
      4285.00      1431.32      24.7082
      4286.40      1463.92      24.9299
      4287.80      1511.99      25.5143
      4289.20      1465.46      24.9631
      4290.60      1383.80      23.8130
      4292.00      1288.45      22.7261
      4293.40      1337.76      23.6069
      4294.80      1427.80      24.6207
      4296.20      1360.41      23.6393
      4297.60      1359.93      23.7560
      4299.00      1438.00      24.8763
      4300.40      1417.45      23.8599
      4301.80      1290.48      22.2417
      4303.20      1272.87      22.2770
      4304.60      1277.29      22.5042
      4306.00      1360.63      23.4902
      4307.40      1433.16      24.0993
      4308.80      1406.37      23.4096
      4310.20      1322.23      22.3652
      4311.60      1401.48      23.7405
      4313.00      1497.74      25.4286
      4314.40      1436.23      24.8818
      4315.80      1301.39      23.4690
      4317.20      1272.82      23.2944
      4318.60      1395.87      24.6600
      4320.00      1430.99      24.8495
      4321.40      1412.62      24.7853
      4322.80      1346.51      23.8620
      4324.20      1373.96      23.6451
      4325.60      1418.94      24.1312
      4327.00      1305.31      22.6785
      4328.40      1278.72      22.8742
      4329.80      1380.67      24.4257
      4331.20      1382.47      24.7043
      4332.60      1333.58      23.4970
      4334.00      1315.36      23.4060
      4335.40      1316.76      23.2074
      4336.80      1256.49      22.4618
      4338.20      1218.71      21.4801
      4339.60      1088.04      19.6115
      4341.00      921.979      17.6772
      4342.40      734.286      15.9259
      4343.80      751.121      16.3014
      4345.20      1023.28      19.2971
      4346.60      1153.73      21.0469
      4348.00      1241.87      22.1896
      4349.40      1312.44      23.3031
      4350.80      1348.61      24.6805
      4352.20      1335.04      23.7468
      4353.60      1293.67      22.4285
      4355.00      1316.33      23.4123
      4356.40      1364.23      24.3920
      4357.80      1434.03      25.3254
      4359.20      1467.20      25.4106
      4360.60      1438.02      24.7875
      4362.00      1423.29      24.9310
      4363.40      1463.87      25.6416
      4364.80      1485.20      25.5274
      4366.20      1456.76      25.0502
      4367.60      1482.97      25.6419
      4369.00      1471.58      25.5166
      4370.40      1475.01      25.4216
      4371.80      1441.56      24.8482
      4373.20      1449.94      24.8052
      4374.60      1467.56      25.0599
      4376.00      1418.52      24.4608
      4377.40      1336.64      23.2551
      4378.80      1409.56      24.1103
      4380.20      1505.60      25.4767
      4381.60      1528.32      25.7433
      4383.00      1512.68      26.4982
      4384.40      1452.65      24.4235
      4385.80      1344.77      23.0689
      4387.20      1316.02      22.7525
      4388.60      1398.55      23.9269
      4390.00      1418.98      24.4971
      4391.40      1444.99      25.4235
      4392.80      1468.90      25.1463
      4394.20      1461.95      24.9793
      4395.60      1424.36      24.4282
      4397.00      1332.06      23.2921
      4398.40      1349.03      23.7319
      4399.80      1419.85      24.6700
      4401.20      1403.51      24.2261
      4402.60      1350.47      23.6180
      4404.00      1401.05      24.4459
      4405.40      1426.50      24.3408
      4406.80      1374.03      23.3964
      4408.20      1412.84      23.9028
      4409.60      1441.84      24.2834
      4411.00      1438.98      24.4645
      4412.40      1451.64      24.7248
      4413.80      1446.11      24.6686
      4415.20      1485.12      25.0951
      4416.60      1382.40      23.7525
      4418.00      1311.18      23.0319
      4419.40      1276.62      22.6469
      4420.80      1360.99      23.6211
      4422.20      1442.15      24.8456
      4423.60      1436.20      25.0465
      4425.00      1435.03      24.9242
      4426.40      1440.35      24.9324
      4427.80      1429.67      24.3323
      4429.20      1414.12      24.2403
      4430.60      1437.12      24.7837
      4432.00      1444.66      24.9387
      4433.40      1425.35      24.4896
      4434.80      1434.08      24.1674
      4436.20      1413.75      23.8767
      4437.60      1384.37      23.8574
      4439.00      1435.12      24.7143
      4440.40      1482.06      25.5994
      4441.80      1477.99      25.2596
      4443.20      1432.36      26.0402
      4444.60      1383.21      23.6164
      4446.00      1289.18      22.6302
      4447.40      1357.39      23.5944
      4448.80      1421.88      24.6191
      4450.20      1439.73      24.5354
      4451.60      1444.14      24.7813
      4453.00      1407.77      24.3030
      4454.40      1405.43      23.7991
      4455.80      1403.27      23.7095
      4457.20      1396.41      23.9123
      4458.60      1399.29      23.9565
      4460.00      1407.89      23.7486
      4461.40      1410.32      23.9211
      4462.80      1403.69      24.0007
      4464.20      1399.25      24.0564
      4465.60      1416.43      23.8054
      4467.00      1393.20      23.5532
      4468.40      1409.80      24.0504
      4469.80      1383.45      23.9567
      4471.20      1282.37      22.7470
      4472.60      1343.79      23.5015
      4474.00      1425.88      24.7751
      4475.40      1445.43      25.1236
      4476.80      1456.35      25.0414
      4478.20      1436.20      24.3197
      4479.60      1425.99      23.9912
      4481.00      1446.38      24.0709
      4482.40      1394.78      23.4098
      4483.80      1315.98      22.7211
      4485.20      1389.20      23.8660
      4486.60      1422.02      24.3506
      4488.00      1432.97      24.6736
      4489.40      1422.41      24.1357
      4490.80      1405.85      23.7837
      4492.20      1401.56      23.9547
      4493.60      1403.70      24.0742
      4495.00      1430.57      24.3176
      4496.40      1421.78      24.1102
      4497.80      1421.54      24.2079
      4499.20      1419.94      24.1033
      4500.60      1414.26      24.2097
      4502.00      1427.16      24.3741
      4503.40      1365.07      23.4047
      4504.80      1389.76      23.6990
      4506.20      1472.52      25.4660
      4507.60      1479.98      25.7503
      4509.00      1456.57      24.8629
      4510.40      1403.20      24.2339
      4511.80      1429.82      24.7376
      4513.20      1477.47      25.4471
      4514.60      1424.91      24.4980
      4516.00      1418.03      24.2529
      4517.40      1383.85      23.5001
      4518.80      1420.77      24.2070
      4520.20      1446.83      24.5836
      4521.60      1398.72      23.5730
      4523.00      1398.30      23.5025
      4524.40      1366.62      23.3435
      4525.80      1366.26      23.2636
      4527.20      1409.82      23.5069
      4528.60      1410.28      23.4754
      4530.00      1370.67      23.1096
      4531.40      1347.23      22.8176
      4532.80      1371.95      23.0776
      4534.20      1378.54      23.5314
      4535.60      1334.15      22.7107
      4537.00      1306.46      22.4184
      4538.40      1399.52      23.6432
      4539.80      1429.02      24.0657
      4541.20      1436.69      24.1813
      4542.60      1428.02      24.0394
      4544.00      1412.31      23.8768
      4545.40      1436.06      24.2723
      4546.80      1422.58      24.1212
      4548.20      1406.09      23.8352
      4549.60      1414.49      23.9248
      4551.00      1341.53      23.4344
      4552.40      1248.78      22.4611
      4553.80      1357.26      23.1980
      4555.20      1366.87      22.9706
      4556.60      1317.30      22.4143
      4558.00      1307.59      22.5408
      4559.40      1352.08      23.2968
      4560.80      1379.58      23.5979
      4562.20      1406.94      24.1767
      4563.60      1409.94      24.2159
      4565.00      1384.43      23.2529
      4566.40      1326.52      22.2695
      4567.80      1376.87      23.0337
      4569.20      1424.26      24.1973
      4570.60      1433.25      24.3513
      4572.00      1430.59      24.1426
      4573.40      1369.82      23.3609
      4574.80      1319.63      22.7416
      4576.20      1399.36      23.6148
      4577.60      1394.82      23.4374
      4579.00      1398.90      23.5301
      4580.40      1412.86      23.4163
      4581.80      1427.97      23.6805
      4583.20      1414.23      23.5128
      4584.60      1364.32      22.7051
      4586.00      1328.17      22.2036
      4587.40      1359.81      22.8654
      4588.80      1424.42      23.9733
      4590.20      1397.85      23.6059
      4591.60      1362.61      22.9237
      4593.00      1387.63      23.1804
      4594.40      1409.33      23.3315
      4595.80      1399.99      23.3328
      4597.20      1433.94      24.0471
      4598.60      1428.16      24.1133
      4600.00      1439.61      24.1262
      4601.40      1426.88      23.7198
      4602.80      1413.88      23.5703
      4604.20      1400.73      23.5287
      4605.60      1386.58      23.4524
      4607.00      1402.05      23.5377
      4608.40      1413.55      23.8360
      4609.80      1428.57      24.3750
      4611.20      1437.84      24.5125
      4612.60      1414.06      23.8279
      4614.00      1426.32      23.4713
      4615.40      1416.45      23.4283
      4616.80      1425.99      23.8431
      4618.20      1428.25      23.9883
      4619.60      1433.37      23.9103
      4621.00      1406.25      23.7649
      4622.40      1395.55      23.8775
      4623.80      1416.70      24.3425
      4625.20      1410.69      23.5757
      4626.60      1419.42      23.7048
      4628.00      1410.68      23.7313
      4629.40      1400.93      23.5742
      4630.80      1402.11      23.4289
      4632.20      1364.29      22.9973
      4633.60      1431.67      23.9043
      4635.00      1413.58      23.5335
      4636.40      1391.81      23.1292
      4637.80      1409.80      23.4707
      4639.20      1420.07      23.7612
      4640.60      1434.11      24.0675
      4642.00      1422.34      23.9727
      4643.40      1412.31      23.8720
      4644.80      1421.68      23.8758
      4646.20      1380.74      23.4965
      4647.60      1411.05      23.7420
      4649.00      1400.35      23.4001
      4650.40      1399.91      23.4936
      4651.80      1418.37      23.9573
      4653.20      1409.67      23.6960
      4654.60      1411.12      23.5078
      4656.00      1418.44      23.5461
      4657.40      1376.94      23.0421
      4658.80      1381.82      22.9531
      4660.20      1402.00      23.2593
      4661.60      1398.50      23.7533
      4663.00      1429.79      23.9110
      4664.40      1402.84      23.2388
      4665.80      1399.03      23.1250
      4667.20      1400.73      22.9246
      4668.60      1395.71      22.7994
      4670.00      1381.29      22.7967
      4671.40      1383.70      22.9128
      4672.80      1389.51      22.9466
      4674.20      1403.23      23.3183
      4675.60      1409.02      23.5604
      4677.00      1422.43      23.8723
      4678.40      1397.32      23.2330
      4679.80      1394.04      22.8977
      4681.20      1372.46      22.5760
      4682.60      1374.39      22.6771
      4684.00      1374.77      22.8927
      4685.40      1394.31      23.2307
      4686.80      1418.56      23.3879
      4688.20      1424.53      23.5834
      4689.60      1411.91      23.5872
      4691.00      1397.51      23.2449
      4692.40      1412.04      23.1661
      4693.80      1397.77      22.9698
      4695.20      1405.00      23.1845
      4696.60      1408.78      23.3504
      4698.00      1413.14      23.2050
      4699.40      1397.55      22.8606
      4700.80      1392.73      22.7373
      4702.20      1401.01      22.9874
      4703.60      1361.23      22.3949
      4705.00      1347.67      22.0828
      4706.40      1380.24      22.6098
      4707.80      1379.74      22.5848
      4709.20      1395.55      22.7358
      4710.60      1373.20      22.5916
      4712.00      1381.51      22.8631
      4713.40      1384.17      22.9492
      4714.80      1388.50      23.1457
      4716.20      1391.25      23.0848
      4717.60      1384.22      22.9751
      4719.00      1400.63      23.1509
      4720.40      1401.40      23.3971
      4721.80      1412.01      23.4541
      4723.20      1399.84      23.2468
      4724.60      1386.98      22.8945
      4726.00      1393.41      22.8299
      4727.40      1382.44      22.7791
      4728.80      1388.28      22.9045
      4730.20      1374.63      22.8145
      4731.60      1381.15      22.7343
      4733.00      1355.75      22.5222
      4734.40      1380.44      22.7718
      4735.80      1404.59      23.0050
      4737.20      1396.99      22.8621
      4738.60      1366.10      22.4612
      4740.00      1377.66      22.7975
      4741.40      1382.21      22.8701
      4742.80      1383.31      22.7894
      4744.20      1386.50      22.7739
      4745.60      1386.90      22.8270
      4747.00      1387.96      22.8800
      4748.40      1398.18      23.1868
      4749.80      1373.35      22.7318
      4751.20      1369.80      22.4758
      4752.60      1402.80      22.8198
      4754.00      1388.39      22.6375
      4755.40      1383.32      22.6606
      4756.80      1371.37      22.5483
      4758.20      1392.18      23.0111
      4759.60      1382.40      23.0589
      4761.00      1385.76      22.9502
      4762.40      1398.98      22.9772
      4763.80      1378.09      22.5920
      4765.20      1359.62      22.2488
      4766.60      1341.73      21.9811
      4768.00      1374.12      22.3114
      4769.40      1370.42      22.3571
      4770.80      1373.19      22.4170
      4772.20      1377.07      22.5695
      4773.60      1377.62      22.7378
      4775.00      1381.14      22.8662
      4776.40      1380.64      22.9470
      4777.80      1396.07      23.1659
      4779.20      1364.86      22.7642
      4780.60      1382.05      22.8843
      4782.00      1352.45      22.4913
      4783.40      1352.89      22.3480
      4784.80      1366.66      22.3177
      4786.20      1345.78      21.9365
      4787.60      1347.11      21.9872
      4789.00      1342.67      22.0640
      4790.40      1341.56      21.9952
      4791.80      1369.53      22.4931
      4793.20      1358.42      22.4316
      4794.60      1334.88      22.0676
      4796.00      1363.75      22.4623
      4797.40      1369.51      22.6617
      4798.80      1365.89      22.6499
      4800.20      1372.39      22.7237
      4801.60      1363.87      22.5649
      4803.00      1363.27      22.5294
      4804.40      1358.27      22.3750
      4805.80      1367.68      22.6105
      4807.20      1332.48      22.1061
      4808.60      1328.74      21.9126
      4810.00      1366.41      22.3042
      4811.40      1363.14      22.3210
      4812.80      1351.82      22.2621
      4814.20      1350.09      22.2451
      4815.60      1372.34      22.4918
      4817.00      1373.83      22.7149
      4818.40      1373.85      22.7664
      4819.80      1354.87      22.4211
      4821.20      1360.69      22.3691
      4822.60      1343.67      22.1182
      4824.00      1358.49      22.1311
      4825.40      1338.81      21.7915
      4826.80      1313.89      21.6811
      4828.20      1345.35      22.2497
      4829.60      1335.60      22.1991
      4831.00      1338.97      22.2208
      4832.40      1335.59      22.1394
      4833.80      1343.33      22.5473
      4835.20      1319.95      22.4717
      4836.60      1321.62      22.1365
      4838.00      1317.05      21.7581
      4839.40      1317.61      21.9869
      4840.80      1314.20      22.2305
      4842.20      1335.74      22.1611
      4843.60      1313.70      21.4504
      4845.00      1292.03      21.4184
      4846.40      1298.84      21.5917
      4847.80      1319.66      21.8116
      4849.20      1271.98      21.1993
      4850.60      1258.84      21.0120
      4852.00      1276.99      21.2708
      4853.40      1236.03      20.6841
      4854.80      1233.69      20.6112
      4856.20      1210.20      20.3949
      4857.60      1173.87      20.0216
      4859.00      1138.56      19.5354
      4860.40      1089.73      18.6214
      4861.80      974.057      16.7699
      4863.20      749.188      14.0244
      4864.60      650.387      13.3771
      4866.00      868.958      16.0849
      4867.40      1062.39      18.5704
      4868.80      1125.60      19.4784
      4870.20      1173.40      20.3474
      4871.60      1201.43      20.6364
      4873.00      1198.71      20.1887
      4874.40      1181.47      19.9022
      4875.80      1211.32      20.2875
      4877.20      1265.46      20.9277
      4878.60      1260.11      20.8213
      4880.00      1257.09      20.8438
      4881.40      1273.32      21.3082
      4882.80      1290.00      21.7936
      4884.20      1290.84      21.9185
      4885.60      1292.88      21.7360
      4887.00      1299.70      21.5945
      4888.40      1297.66      21.5274
      4889.80      1298.40      21.7367
      4891.20      1300.91      21.4466
      4892.60      1254.71      20.6231
      4894.00      1233.58      20.5473
      4895.40      1280.23      21.4639
      4896.80      1307.35      22.1804
      4898.20      1315.22      22.3775
      4899.60      1320.61      22.5016
      4901.00      1310.94      22.0121
      4902.40      1303.57      21.6405
      4903.80      1295.74      21.5205
      4905.20      1303.59      21.5285
      4906.60      1320.99      21.8519
      4908.00      1316.05      21.6766
      4909.40      1319.51      21.7217
      4910.80      1320.70      21.9405
      4912.20      1317.48      21.8433
      4913.60      1308.25      21.6760
      4915.00      1315.68      21.8482
      4916.40      1323.44      22.0280
      4917.80      1322.35      21.7178
      4919.20      1315.89      21.4533
      4920.60      1284.05      20.6717
      4922.00      1239.50      20.2821
      4923.40      1229.91      20.3752
      4924.80      1245.61      20.5006
      4926.20      1234.82      20.2576
      4927.60      1226.85      20.2643
      4929.00      1310.25      21.5815
      4930.40      1333.99      22.0280
      4931.80      1338.28      22.1599
      4933.20      1334.47      21.9076
      4934.60      1330.48      21.6844
      4936.00      1268.64      20.8057
      4937.40      1254.66      20.6152
      4938.80      1278.08      20.8608
      4940.20      1297.21      21.2671
      4941.60      1283.68      21.1841
      4943.00      1290.92      21.0847
      4944.40      1301.22      21.3082
      4945.80      1295.77      21.3288
      4947.20      1317.06      21.3303
      4948.60      1314.79      21.2791
      4950.00      1335.12      21.5360
      4951.40      1307.65      21.3943
      4952.80      1313.82      21.3369
      4954.20      1325.24      21.5995
      4955.60      1314.11      21.5069
      4957.00      1310.07      21.2119
      4958.40      1274.55      20.5471
      4959.80      1214.52      20.0081
      4961.20      1219.52      20.2286
      4962.60      1317.26      21.4120
      4964.00      1335.49      21.6986
      4965.40      1328.38      21.5459
      4966.80      1321.35      21.3910
      4968.20      1304.70      21.1175
      4969.60      1307.50      21.1975
      4971.00      1306.06      21.2581
      4972.40      1309.12      21.2903
      4973.80      1306.38      21.2531
      4975.20      1315.14      21.4624
      4976.60      1320.56      21.4293
      4978.00      1297.13      21.0969
      4979.40      1320.33      21.5327
      4980.80      1312.25      21.3092
      4982.20      1312.57      21.3329
      4983.60      1289.45      20.9754
      4985.00      1256.72      20.5353
      4986.40      1264.19      20.6666
      4987.80      1273.37      20.7126
      4989.20      1306.94      21.0741
      4990.60      1292.99      20.8315
      4992.00      1307.99      21.0211
      4993.40      1311.49      21.2003
      4994.80      1272.62      20.7765
      4996.20      1294.81      20.9294
      4997.60      1304.03      20.9923
      4999.00      1311.15      21.1808
