      3900.00      428.177      15.9181
      3901.40      419.541      15.3998
      3902.80      438.741      15.7873
      3904.20      435.449      15.5084
      3905.60      460.754      16.6368
      3907.00      466.523      16.5698
      3908.40      450.342      16.4140
      3909.80      472.864      16.4441
      3911.20      482.647      16.4679
      3912.60      485.322      17.1331
      3914.00      505.304      17.2397
      3915.40      441.635      15.9985
      3916.80      495.742      16.6219
      3918.20      504.206      16.5399
      3919.60      520.855      16.7280
      3921.00      510.565      16.3976
      3922.40      489.511      16.2042
      3923.80      511.334      16.6852
      3925.20      514.610      16.6695
      3926.60      521.937      16.4944
      3928.00      486.289      15.7165
      3929.40      494.242      15.8296
      3930.80      463.569      15.1337
      3932.20      453.055      14.8882
      3933.60      414.648      14.1349
      3935.00      279.784      11.5311
      3936.40      249.218      11.0436
      3937.80      379.217      13.4532
      3939.20      484.757      15.4745
      3940.60      520.784      16.2371
      3942.00      499.828      15.8047
      3943.40      471.142      15.3755
      3944.80      510.083      16.2122
      3946.20      483.155      15.3267
      3947.60      495.448      15.6521
      3949.00      486.711      15.4816
      3950.40      478.321      15.5088
      3951.80      475.041      15.6990
      3953.20      457.282      15.2363
      3954.60      471.420      15.3526
      3956.00      473.137      15.3658
      3957.40      446.269      15.2256
      3958.80      432.744      14.5798
      3960.20      426.254      14.3309
      3961.60      426.952      14.2339
      3963.00      408.328      13.7785
      3964.40      367.316      12.8657
      3965.80      373.305      13.1797
      3967.20      339.255      12.4807
      3968.60      285.289      11.1602
      3970.00      205.610      9.51223
      3971.40      135.023      8.24345
      3972.80      150.849      8.56193
      3974.20      239.130      10.2606
      3975.60      290.481      11.2790
      3977.00      332.353      12.1939
      3978.40      368.511      12.8181
      3979.80      395.936      13.7305
      3981.20      417.136      13.8117
      3982.60      428.858      13.9801
      3984.00      437.754      13.9766
      3985.40      421.329      13.6888
      3986.80      461.195      14.5738
      3988.20      473.063      14.6769
      3989.60      452.367      14.1936
      3991.00      470.241      14.6297
      3992.40      470.785      14.5731
      3993.80      481.586      14.6789
      3995.20      491.036      14.8946
      3996.60      476.909      14.7457
      3998.00      478.934      14.8889
      3999.40      491.046      15.0168
      4000.80      492.535      14.9641
      4002.20      484.729      14.7369
      4003.60      485.975      14.7919
      4005.00      491.323      15.0626
      4006.40      491.506      15.2214
      4007.80      493.491      15.4134
      4009.20      516.754      15.7162
      4010.60      501.634      15.2493
      4012.00      498.261      14.9934
      4013.40      490.662      14.7894
      4014.80      496.412      14.7920
      4016.20      509.995      15.0404
      4017.60      500.928      15.0161
      4019.00      502.687      15.1671
      4020.40      497.975      15.1233
      4021.80      496.530      14.9669
      4023.20      505.875      15.0513
      4024.60      497.787      14.7273
      4026.00      486.900      14.5137
      4027.40      491.169      14.5621
      4028.80      507.049      14.9642
      4030.20      498.217      14.9138
      4031.60      516.877      15.3616
      4033.00      477.400      14.5168
      4034.40      483.752      14.4296
      4035.80      470.019      14.2384
      4037.20      488.120      14.6416
      4038.60      504.516      14.8828
      4040.00      500.566      14.8274
      4041.40      506.814      14.7355
      4042.80      550.537      15.8249
      4044.20      497.934      15.1954
      4045.60      506.803      15.5903
      4047.00      475.384      15.7599
      4048.40      475.872      15.6889
      4049.80      468.180      15.0281
      4051.20      487.676      14.8056
      4052.60      472.168      14.1115
      4054.00      495.456      14.7096
      4055.40      501.049      15.0745
      4056.80      487.657      14.4703
      4058.20      492.613      14.2885
      4059.60      495.577      14.6164
      4061.00      492.478      14.3787
      4062.40      464.629      13.8771
      4063.80      474.537      14.0078
      4065.20      473.597      13.9631
      4066.60      471.736      13.8565
      4068.00      496.702      14.3399
      4069.40      474.738      14.1381
      4070.80      492.359      14.5030
      4072.20      496.203      14.4508
      4073.60      450.225      13.4605
      4075.00      481.001      13.9893
      4076.40      481.268      14.1518
      4077.80      467.721      14.0250
      4079.20      475.674      14.4875
      4080.60      435.320      13.5842
      4082.00      445.617      13.7790
      4083.40      443.564      13.9015
      4084.80      436.491      13.1695
      4086.20      428.232      12.9120
      4087.60      427.314      12.9643
      4089.00      440.714      13.1919
      4090.40      431.303      12.8832
      4091.80      424.768      12.7523
      4093.20      401.028      12.3445
      4094.60      400.473      12.6176
      4096.00      379.219      12.1086
      4097.40      373.388      12.3614
      4098.80      349.273      11.2894
      4100.20      344.699      11.2083
      4101.60      278.781      10.0118
      4103.00      212.260      8.73532
      4104.40      180.062      8.14904
      4105.80      226.642      9.04083
      4107.20      290.749      10.3619
      4108.60      360.310      11.6725
      4110.00      398.350      12.7230
      4111.40      387.032      12.6999
      4112.80      415.689      12.6972
      4114.20      400.199      12.1944
      4115.60      418.893      12.5490
      4117.00      432.586      13.1354
      4118.40      441.785      12.8465
      4119.80      436.909      12.7562
      4121.20      423.540      12.6219
      4122.60      440.041      13.0608
      4124.00      457.350      13.3586
      4125.40      455.979      13.1987
      4126.80      448.608      12.9449
      4128.20      461.277      13.2280
      4129.60      460.871      13.5792
      4131.00      451.544      13.3973
      4132.40      449.798      13.0308
      4133.80      443.420      12.8437
      4135.20      440.249      12.7091
      4136.60      435.864      12.8000
      4138.00      442.130      12.8901
      4139.40      455.202      12.9496
      4140.80      472.116      13.2586
      4142.20      456.979      13.0788
      4143.60      463.825      13.0505
      4145.00      451.718      12.8934
      4146.40      430.839      12.4438
      4147.80      474.456      13.2122
      4149.20      487.839      13.5138
      4150.60      463.320      13.1579
      4152.00      462.441      13.2773
      4153.40      459.268      13.0314
      4154.80      463.145      13.1393
      4156.20      460.398      13.1747
      4157.60      463.586      13.2770
      4159.00      470.189      13.3233
      4160.40      465.659      13.0951
      4161.80      454.898      12.9648
      4163.20      459.392      12.9816
      4164.60      461.331      13.1409
      4166.00      473.788      13.4765
      4167.40      455.787      13.2211
      4168.80      473.862      13.4172
      4170.20      472.088      13.2168
      4171.60      469.891      13.1634
      4173.00      467.188      13.0637
      4174.40      477.390      13.1166
      4175.80      442.009      12.5882
      4177.20      450.374      12.7184
      4178.60      451.367      12.7469
      4180.00      455.573      12.7957
      4181.40      442.897      12.4321
      4182.80      456.375      12.6986
      4184.20      469.731      13.0067
      4185.60      456.167      12.8992
      4187.00      471.210      13.1295
      4188.40      442.207      12.5735
      4189.80      436.056      12.4390
      4191.20      460.425      12.8378
      4192.60      444.051      12.5938
      4194.00      451.062      12.7072
      4195.40      457.592      13.2759
      4196.80      457.583      13.1807
      4198.20      454.599      12.5799
      4199.60      448.644      12.5048
      4201.00      444.545      12.4812
      4202.40      460.255      12.8601
      4203.80      470.244      13.1732
      4205.20      437.246      12.6159
      4206.60      453.047      12.6868
      4208.00      448.946      12.4561
      4209.40      462.072      12.8655
      4210.80      451.932      12.7267
      4212.20      463.642      12.7827
      4213.60      449.717      12.6117
      4215.00      450.877      12.7438
      4216.40      453.895      12.7083
      4217.80      454.742      12.5239
      4219.20      439.125      12.1672
      4220.60      454.178      12.7143
      4222.00      450.490      12.5619
      4223.40      453.716      12.6299
      4224.80      452.476      12.5927
      4226.20      426.882      12.0237
      4227.60      427.442      12.0803
      4229.00      410.342      11.7287
      4230.40      443.749      12.3419
      4231.80      451.085      12.6270
      4233.20      450.991      12.7301
      4234.60      458.729      12.7290
      4236.00      439.055      12.5167
      4237.40      450.613      12.5473
      4238.80      452.406      12.4779
      4240.20      428.884      12.1319
      4241.60      459.046      12.7979
      4243.00      453.855      12.7123
      4244.40      436.045      12.2098
      4245.80      461.400      12.6009
      4247.20      457.703      12.9766
      4248.60      452.096      12.4005
      4250.00      441.975      12.2509
      4251.40      457.928      12.8463
      4252.80      414.382      12.1814
      4254.20      453.363      12.5212
      4255.60      456.687      12.4000
      4257.00      445.812      12.2290
      4258.40      444.638      12.2194
      4259.80      455.150      12.4827
      4261.20      473.332      12.8627
      4262.60      441.263      12.2761
      4264.00      445.350      12.2433
      4265.40      460.810      12.4837
      4266.80      456.162      12.3928
      4268.20      448.624      12.3451
      4269.60      451.428      12.4719
      4271.00      440.092      12.8233
      4272.40      436.327      12.2333
      4273.80      425.603      11.9957
      4275.20      421.599      11.8373
      4276.60      429.990      12.0188
      4278.00      443.192      12.1662
      4279.40      454.411      12.4433
      4280.80      455.798      12.4032
      4282.20      452.713      12.2867
      4283.60      429.199      11.8413
      4285.00      434.584      11.9137
      4286.40      446.622      12.1354
      4287.80      432.825      11.8564
      4289.20      446.138      12.0647
      4290.60      432.452      11.8621
      4292.00      423.473      11.8136
      4293.40      435.248      12.0750
      4294.80      442.459      12.5135
      4296.20      440.890      12.0128
      4297.60      435.093      11.8915
      4299.00      432.876      12.0484
      4300.40      436.171      12.2548
      4301.80      410.933      11.4153
      4303.20      412.144      11.3577
      4304.60      415.388      11.4221
      4306.00      413.525      11.4348
      4307.40      421.842      11.6468
      4308.80      419.087      11.6861
      4310.20      393.135      11.2179
      4311.60      419.520      11.5478
      4313.00      442.454      12.0063
      4314.40      445.063      12.1870
      4315.80      431.971      12.0893
      4317.20      397.209      11.4815
      4318.60      417.173      11.7414
      4320.00      419.782      11.7183
      4321.40      409.927      11.4636
      4322.80      394.161      11.1245
      4324.20      403.595      11.2136
      4325.60      394.343      12.3398
      4327.00      405.890      11.3312
      4328.40      386.736      10.8955
      4329.80      372.011      10.7471
      4331.20      392.991      11.2930
      4332.60      368.012      11.0610
      4334.00      366.949      10.7392
      4335.40      363.437      10.5109
      4336.80      345.120      10.3297
      4338.20      335.559      10.1858
      4339.60      311.272      9.59984
      4341.00      245.776      8.34174
      4342.40      200.563      7.49163
      4343.80      188.760      7.31314
      4345.20      243.424      8.30709
      4346.60      301.794      9.65741
      4348.00      333.122      10.2898
      4349.40      341.494      10.2431
      4350.80      359.420      10.4306
      4352.20      371.592      10.5816
      4353.60      366.251      10.4747
      4355.00      377.072      10.7918
      4356.40      389.131      11.2849
      4357.80      398.999      12.4387
      4359.20      420.258      14.0155
      4360.60      413.659      13.0793
      4362.00      414.620      11.7927
      4363.40      422.091      11.6280
      4364.80      421.807      11.6061
      4366.20      411.352      11.3818
      4367.60      417.090      11.4600
      4369.00      415.365      11.4433
      4370.40      406.965      11.1927
      4371.80      433.441      11.6475
      4373.20      406.975      11.2536
      4374.60      416.485      11.5254
      4376.00      414.224      11.7177
      4377.40      412.340      11.4163
      4378.80      412.781      11.2634
      4380.20      428.034      11.5177
      4381.60      420.135      11.3843
      4383.00      419.896      11.4503
      4384.40      424.914      11.6869
      4385.80      416.798      11.2714
      4387.20      409.001      11.1840
      4388.60      418.527      11.3694
      4390.00      429.550      11.5772
      4391.40      435.513      11.7263
      4392.80      437.805      11.6709
      4394.20      426.193      11.3989
      4395.60      418.737      11.2697
      4397.00      411.458      11.2943
      4398.40      414.459      13.4602
      4399.80      409.871      11.9849
      4401.20      412.610      11.4505
      4402.60      406.280      11.1091
      4404.00      411.563      11.4219
      4405.40      411.075      11.4676
      4406.80      429.243      11.6493
      4408.20      432.442      11.8576
      4409.60      429.605      11.8027
      4411.00      407.336      11.2311
      4412.40      430.053      11.5198
      4413.80      435.100      11.6463
      4415.20      443.828      11.8256
      4416.60      421.930      11.2901
      4418.00      419.353      11.2689
      4419.40      412.086      11.2529
      4420.80      414.367      11.4306
      4422.20      430.145      11.6836
      4423.60      427.819      11.3728
      4425.00      440.183      11.5867
      4426.40      427.628      11.3751
      4427.80      424.588      11.3435
      4429.20      432.712      12.0580
      4430.60      436.247      11.5301
      4432.00      416.204      11.1518
      4433.40      421.586      11.1861
      4434.80      434.416      11.3921
      4436.20      420.823      11.2224
      4437.60      414.548      11.2183
      4439.00      408.470      11.0485
      4440.40      419.891      11.1673
      4441.80      430.147      11.3400
      4443.20      418.058      11.1578
      4444.60      413.283      11.0820
      4446.00      403.116      10.8501
      4447.40      401.107      10.9782
      4448.80      401.171      11.0570
      4450.20      411.912      11.1869
      4451.60      406.565      11.0723
      4453.00      402.221      11.0142
      4454.40      412.839      11.3999
      4455.80      429.585      11.5354
      4457.20      408.485      11.0458
      4458.60      413.944      11.2239
      4460.00      418.323      11.1720
      4461.40      400.680      10.7540
      4462.80      426.935      11.2655
      4464.20      418.388      11.2251
      4465.60      420.187      11.2600
      4467.00      414.434      10.9858
      4468.40      405.337      11.2005
      4469.80      408.622      10.8218
      4471.20      402.143      10.6853
      4472.60      394.670      10.5864
      4474.00      405.236      10.8196
      4475.40      399.555      10.7770
      4476.80      405.836      11.0122
      4478.20      399.912      10.7991
      4479.60      400.581      10.9029
      4481.00      403.930      10.7478
      4482.40      389.232      10.4971
      4483.80      396.148      10.6962
      4485.20      394.945      10.6043
      4486.60      409.297      10.8798
      4488.00      409.648      10.9338
      4489.40      404.651      10.8884
      4490.80      408.745      10.9699
      4492.20      407.925      10.9964
      4493.60      398.411      10.7201
      4495.00      413.477      10.9269
      4496.40      407.745      10.8492
      4497.80      407.102      10.8065
      4499.20      425.473      11.0526
      4500.60      422.743      10.9830
      4502.00      416.230      10.8655
      4503.40      408.715      10.7895
      4504.80      403.353      10.7865
      4506.20      419.017      11.0261
      4507.60      388.152      10.3985
      4509.00      424.003      11.1027
      4510.40      401.430      10.7323
      4511.80      393.687      10.4691
      4513.20      401.069      10.6430
      4514.60      431.858      11.3275
      4516.00      393.532      10.6232
      4517.40      406.920      10.7838
      4518.80      408.194      10.6736
      4520.20      408.045      10.7059
      4521.60      413.900      10.9181
      4523.00      399.362      10.7557
      4524.40      384.477      10.3929
      4525.80      385.147      10.2912
      4527.20      391.582      10.3510
      4528.60      398.898      10.4771
      4530.00      395.747      10.5059
      4531.40      403.001      10.7598
      4532.80      397.021      10.6052
      4534.20      418.800      10.8541
      4535.60      397.749      10.4637
      4537.00      375.228      10.1301
      4538.40      396.672      10.5230
      4539.80      407.783      10.7054
      4541.20      403.262      10.6386
      4542.60      401.604      10.5181
      4544.00      404.764      10.5941
      4545.40      400.443      10.5762
      4546.80      389.822      10.4324
      4548.20      405.936      10.7500
      4549.60      400.975      10.6529
      4551.00      386.515      10.2795
      4552.40      379.499      10.2786
      4553.80      379.331      10.4836
      4555.20      386.552      10.5339
      4556.60      385.821      10.2809
      4558.00      376.298      10.0452
      4559.40      391.187      10.4417
      4560.80      395.963      10.6178
      4562.20      400.252      10.6986
      4563.60      395.945      10.5788
      4565.00      385.448      10.2729
      4566.40      380.554      10.1326
      4567.80      405.630      10.4981
      4569.20      410.734      10.6807
      4570.60      401.241      10.5153
      4572.00      387.396      10.1880
      4573.40      404.776      10.5022
      4574.80      363.666      9.79418
      4576.20      390.465      10.2920
      4577.60      397.952      10.4970
      4579.00      389.038      10.2230
      4580.40      400.661      10.3843
      4581.80      399.113      10.3608
      4583.20      390.094      10.2264
      4584.60      393.988      10.7277
      4586.00      388.346      10.3074
      4587.40      387.709      10.2733
      4588.80      389.815      10.2767
      4590.20      392.711      10.2671
      4591.60      404.879      10.4584
      4593.00      391.554      10.2914
      4594.40      392.219      10.3820
      4595.80      400.638      10.5594
      4597.20      400.186      10.4843
      4598.60      399.062      10.4709
      4600.00      390.077      10.2477
      4601.40      400.986      10.3804
      4602.80      397.597      10.3328
      4604.20      390.081      10.2538
      4605.60      395.384      10.2225
      4607.00      385.422      10.0603
      4608.40      403.331      10.4596
      4609.80      401.924      10.6276
      4611.20      403.371      10.5567
      4612.60      414.849      10.6526
      4614.00      404.634      10.3948
      4615.40      403.996      10.3918
      4616.80      401.338      10.6336
      4618.20      380.533      10.1141
      4619.60      392.712      10.3752
      4621.00      394.694      10.2964
      4622.40      381.236      10.1075
      4623.80      381.392      10.1353
      4625.20      396.619      10.3125
      4626.60      389.481      10.2068
      4628.00      403.202      10.4781
      4629.40      407.531      10.5491
      4630.80      400.003      10.3698
      4632.20      391.453      10.1460
      4633.60      390.060      10.1830
      4635.00      401.507      10.4803
      4636.40      384.766      10.0899
      4637.80      398.739      10.3216
      4639.20      395.970      10.4435
      4640.60      396.950      10.3195
      4642.00      381.420      10.0651
      4643.40      397.743      10.4062
      4644.80      413.168      10.5462
      4646.20      402.595      10.3529
      4647.60      383.600      10.1232
      4649.00      384.436      10.0863
      4650.40      397.852      10.2297
      4651.80      388.820      10.1040
      4653.20      391.692      10.6452
      4654.60      400.174      10.3968
      4656.00      391.376      10.2045
      4657.40      388.930      10.2491
      4658.80      396.148      10.4056
      4660.20      389.460      10.1871
      4661.60      392.218      10.1842
      4663.00      392.066      10.1529
      4664.40      379.479      9.97811
      4665.80      400.262      10.3078
      4667.20      405.394      10.3797
      4668.60      396.228      10.2066
      4670.00      378.581      9.96468
      4671.40      389.332      10.1510
      4672.80      383.790      10.0317
      4674.20      404.312      10.3981
      4675.60      398.714      10.3314
      4677.00      385.634      10.1052
      4678.40      396.614      10.2556
      4679.80      388.718      10.0443
      4681.20      370.608      9.72013
      4682.60      382.544      9.97892
      4684.00      396.506      10.4579
      4685.40      401.046      10.2415
      4686.80      388.669      10.0288
      4688.20      393.169      10.0998
      4689.60      393.474      10.0880
      4691.00      389.398      10.0410
      4692.40      389.617      10.0516
      4693.80      399.845      10.1918
      4695.20      399.460      10.2470
      4696.60      397.672      10.3056
      4698.00      385.790      10.2074
      4699.40      394.050      10.3211
      4700.80      381.194      9.94990
      4702.20      397.016      10.2140
      4703.60      375.913      9.86168
      4705.00      384.786      10.0120
      4706.40      370.696      9.65629
      4707.80      389.808      9.97019
      4709.20      384.182      9.88785
      4710.60      388.297      10.1095
      4712.00      395.907      10.2461
      4713.40      390.642      10.0407
      4714.80      388.914      9.97679
      4716.20      381.880      9.85776
      4717.60      371.915      9.77397
      4719.00      381.262      9.92001
      4720.40      383.555      10.1158
      4721.80      378.160      9.87519
      4723.20      386.107      9.87929
      4724.60      389.203      9.96479
      4726.00      386.093      9.98184
      4727.40      397.540      10.0700
      4728.80      391.001      10.1114
      4730.20      373.421      9.83328
      4731.60      382.182      9.82193
      4733.00      382.568      9.78693
      4734.40      389.767      9.93051
      4735.80      374.609      9.70654
      4737.20      369.576      9.70478
      4738.60      397.293      10.1327
      4740.00      389.045      9.92647
      4741.40      376.977      10.0763
      4742.80      393.393      10.0832
      4744.20      377.117      9.94498
      4745.60      374.293      10.0827
      4747.00      390.483      10.2739
      4748.40      388.383      10.0196
      4749.80      372.140      9.62864
      4751.20      368.082      9.62043
      4752.60      381.664      9.86627
      4754.00      368.336      9.61851
      4755.40      393.257      9.93601
      4756.80      374.697      9.62871
      4758.20      383.187      9.75733
      4759.60      373.695      9.61094
      4761.00      384.682      9.82485
      4762.40      385.481      9.86691
      4763.80      380.572      9.83728
      4765.20      372.293      9.50947
      4766.60      385.323      9.77913
      4768.00      373.425      9.64066
      4769.40      384.820      9.81163
      4770.80      384.187      9.73685
      4772.20      377.463      9.60760
      4773.60      378.289      9.67522
      4775.00      373.089      9.53279
      4776.40      369.543      9.44994
      4777.80      362.135      9.35540
      4779.20      371.661      9.53640
      4780.60      372.635      9.56703
      4782.00      378.772      9.61767
      4783.40      378.947      9.60526
      4784.80      368.901      9.46967
      4786.20      358.470      9.28536
      4787.60      376.316      9.64377
      4789.00      387.815      9.86342
      4790.40      386.268      9.89111
      4791.80      377.736      9.63216
      4793.20      369.832      9.46192
      4794.60      375.906      9.58933
      4796.00      380.743      9.67258
      4797.40      366.854      9.39561
      4798.80      370.777      9.56337
      4800.20      370.445      9.59707
      4801.60      373.229      9.53600
      4803.00      360.724      9.27879
      4804.40      370.956      9.45043
      4805.80      362.680      9.37314
      4807.20      369.363      9.60055
      4808.60      371.772      9.51863
      4810.00      375.717      9.59959
      4811.40      373.690      9.56417
      4812.80      375.386      9.54016
      4814.20      352.533      9.19353
      4815.60      373.196      9.64541
      4817.00      373.041      9.88015
      4818.40      373.644      9.68852
      4819.80      365.512      9.43798
      4821.20      370.865      9.51565
      4822.60      376.380      9.60448
      4824.00      363.704      9.42323
      4825.40      363.006      9.46530
      4826.80      360.012      9.36026
      4828.20      361.812      9.32175
      4829.60      360.437      9.28665
      4831.00      369.864      9.48874
      4832.40      362.433      9.53824
      4833.80      342.720      9.18596
      4835.20      348.857      9.14345
      4836.60      352.841      9.19959
      4838.00      360.737      9.61352
      4839.40      355.149      9.60916
      4840.80      346.005      9.23001
      4842.20      353.895      9.32459
      4843.60      333.227      8.94294
      4845.00      339.065      9.00816
      4846.40      343.443      9.10158
      4847.80      346.386      9.25963
      4849.20      341.200      9.19119
      4850.60      338.418      9.27071
      4852.00      326.192      9.08518
      4853.40      316.389      8.84891
      4854.80      319.532      8.76789
      4856.20      307.801      8.51299
      4857.60      304.104      8.44993
      4859.00      289.218      8.29121
      4860.40      266.524      7.96669
      4861.80      245.153      7.53724
      4863.20      200.528      6.68463
      4864.60      171.150      6.12163
      4866.00      204.454      6.68159
      4867.40      240.708      7.37429
      4868.80      278.879      8.03778
      4870.20      277.304      8.10536
      4871.60      295.320      8.78526
      4873.00      300.531      8.50258
      4874.40      312.431      8.61176
      4875.80      330.027      8.88135
      4877.20      327.723      8.82763
      4878.60      331.431      8.99836
      4880.00      341.451      9.26898
      4881.40      341.794      9.26837
      4882.80      343.670      9.28786
      4884.20      336.831      9.06106
      4885.60      347.316      9.27749
      4887.00      356.693      9.45866
      4888.40      352.134      9.24434
      4889.80      351.388      9.31596
      4891.20      357.606      9.29062
      4892.60      359.592      9.38352
      4894.00      351.588      9.25354
      4895.40      349.308      9.15736
      4896.80      354.146      9.40389
      4898.20      351.180      9.15143
      4899.60      351.201      9.12246
      4901.00      346.418      9.02132
      4902.40      358.559      9.23543
      4903.80      363.895      9.28912
      4905.20      362.913      9.33913
      4906.60      354.895      9.16657
      4908.00      350.097      9.10139
      4909.40      350.433      9.09985
      4910.80      354.841      9.14871
      4912.20      357.153      9.12348
      4913.60      355.563      9.11154
      4915.00      348.546      9.01312
      4916.40      364.398      9.31495
      4917.80      357.121      9.25569
      4919.20      346.989      9.00768
      4920.60      354.582      9.04838
      4922.00      344.296      8.86734
      4923.40      339.317      9.18969
      4924.80      340.855      8.95801
      4926.20      335.897      8.81555
      4927.60      326.951      8.75238
      4929.00      340.316      9.05464
      4930.40      346.850      9.53590
      4931.80      347.285      9.01023
      4933.20      355.653      9.05451
      4934.60      356.712      9.10830
      4936.00      345.871      9.08723
      4937.40      340.766      9.07887
      4938.80      336.839      8.96422
      4940.20      353.941      9.15810
      4941.60      351.282      9.07405
      4943.00      356.002      9.14314
      4944.40      352.734      9.27095
      4945.80      355.436      9.04436
      4947.20      361.090      9.11306
      4948.60      361.861      9.14753
      4950.00      357.639      9.07684
      4951.40      360.022      9.36701
      4952.80      364.106      9.22458
      4954.20      364.657      9.42171
      4955.60      351.440      9.16716
      4957.00      361.320      9.11050
      4958.40      351.779      8.92262
      4959.80      350.741      9.04881
      4961.20      347.837      8.96871
      4962.60      348.119      8.94694
      4964.00      348.683      8.90559
      4965.40      353.741      8.97636
      4966.80      354.086      9.05640
      4968.20      343.612      8.97898
      4969.60      340.571      8.82132
      4971.00      343.108      8.78375
      4972.40      352.811      8.95792
      4973.80      354.207      9.11963
      4975.20      351.012      9.23734
      4976.60      346.923      9.08325
      4978.00      351.220      9.03575
      4979.40      346.164      8.95486
      4980.80      351.714      9.07305
      4982.20      340.090      8.97897
      4983.60      339.078      8.88411
      4985.00      359.325      9.23832
      4986.40      342.684      8.97135
      4987.80      352.924      9.16102
      4989.20      353.164      9.07851
      4990.60      342.381      8.92460
      4992.00      332.163      8.66283
      4993.40      342.733      8.78456
      4994.80      346.221      8.82234
      4996.20      351.235      8.95273
      4997.60      340.756      8.83459
      4999.00      349.536      8.90941
