      3900.00      160.140      5.44528
      3901.40      160.267      5.44986
      3902.80      173.275      5.73018
      3904.20      176.788      5.82718
      3905.60      184.890      6.02210
      3907.00      195.291      6.26750
      3908.40      196.312      6.43991
      3909.80      200.542      6.40413
      3911.20      203.273      6.39952
      3912.60      200.248      6.34837
      3914.00      198.821      6.32865
      3915.40      201.733      6.38070
      3916.80      195.045      6.21986
      3918.20      206.451      6.46177
      3919.60      208.276      6.48075
      3921.00      202.109      6.33791
      3922.40      212.479      6.56098
      3923.80      208.227      6.45517
      3925.20      220.045      6.65983
      3926.60      204.325      6.23113
      3928.00      207.831      6.24265
      3929.40      211.448      6.29004
      3930.80      201.178      6.05099
      3932.20      187.060      5.70674
      3933.60      145.712      4.80068
      3935.00      149.658      4.89394
      3936.40      187.193      5.72509
      3937.80      205.888      6.15994
      3939.20      207.746      6.21891
      3940.60      205.813      6.13701
      3942.00      200.350      5.99998
      3943.40      205.055      6.32676
      3944.80      204.832      6.11824
      3946.20      203.390      6.02286
      3947.60      201.965      5.98379
      3949.00      201.175      6.12200
      3950.40      193.652      5.81108
      3951.80      198.601      5.91279
      3953.20      196.072      5.85408
      3954.60      196.000      5.84952
      3956.00      183.034      5.56689
      3957.40      181.941      5.62072
      3958.80      176.336      5.44211
      3960.20      169.577      5.28681
      3961.60      158.042      5.00928
      3963.00      144.839      4.68204
      3964.40      127.990      4.30548
      3965.80      118.831      4.09506
      3967.20      97.6343      3.61736
      3968.60      67.3769      2.97447
      3970.00      50.9187      2.60069
      3971.40      53.6418      2.70287
      3972.80      76.6899      3.25649
      3974.20      102.768      3.87007
      3975.60      127.193      4.48608
      3977.00      130.920      6.05348
      3978.40      138.361      4.85201
      3979.80      161.105      5.37437
      3981.20      168.803      5.63035
      3982.60      172.030      5.77902
      3984.00      183.574      6.05236
      3985.40      175.213      5.80987
      3986.80      186.846      5.94111
      3988.20      191.096      5.93551
      3989.60      198.754      6.04687
      3991.00      200.209      6.24728
      3992.40      200.594      6.02801
      3993.80      200.871      5.93049
      3995.20      204.349      6.02252
      3996.60      200.529      5.99275
      3998.00      199.655      5.84496
      3999.40      208.743      6.01233
      4000.80      206.194      5.94050
      4002.20      202.001      5.83510
      4003.60      222.674      6.26337
      4005.00      204.376      5.83887
      4006.40      207.624      5.91926
      4007.80      209.877      5.97369
      4009.20      209.548      6.11815
      4010.60      208.736      5.96499
      4012.00      209.795      5.95836
      4013.40      212.950      6.01720
      4014.80      212.457      5.98939
      4016.20      214.585      6.02472
      4017.60      213.175      6.20357
      4019.00      213.698      6.00152
      4020.40      212.592      5.97220
      4021.80      212.397      5.98444
      4023.20      213.583      6.09376
      4024.60      209.192      5.89881
      4026.00      209.878      5.90601
      4027.40      212.712      5.96245
      4028.80      214.057      6.01199
      4030.20      215.384      6.04273
      4031.60      217.467      6.07421
      4033.00      217.096      6.05116
      4034.40      217.112      6.03164
      4035.80      212.363      5.92380
      4037.20      220.544      6.09504
      4038.60      209.210      5.85305
      4040.00      207.933      5.83889
      4041.40      215.930      6.02154
      4042.80      218.410      6.07782
      4044.20      215.774      6.00895
      4045.60      207.585      5.83861
      4047.00      207.980      5.85987
      4048.40      212.158      5.95129
      4049.80      213.436      5.96979
      4051.20      213.136      5.94991
      4052.60      208.489      5.84697
      4054.00      214.202      5.98296
      4055.40      214.938      6.00400
      4056.80      215.724      6.03343
      4058.20      215.854      6.03491
      4059.60      219.132      6.11273
      4061.00      212.241      5.98943
      4062.40      217.664      6.13943
      4063.80      213.826      6.27248
      4065.20      213.456      6.07305
      4066.60      211.325      6.02164
      4068.00      207.986      5.94255
      4069.40      209.984      6.00303
      4070.80      207.141      5.94137
      4072.20      205.335      5.91427
      4073.60      205.476      5.92524
      4075.00      210.712      6.03443
      4076.40      212.200      6.06755
      4077.80      194.250      5.70441
      4079.20      201.187      5.86567
      4080.60      202.099      5.89011
      4082.00      198.565      5.76838
      4083.40      192.208      5.58565
      4084.80      186.230      5.45300
      4086.20      190.382      5.54189
      4087.60      189.930      5.50405
      4089.00      185.935      5.46630
      4090.40      172.157      5.05463
      4091.80      163.979      4.86412
      4093.20      159.236      4.78030
      4094.60      140.962      4.35171
      4096.00      138.955      4.30676
      4097.40      121.807      3.92596
      4098.80      104.894      3.53158
      4100.20      93.1578      3.24339
      4101.60      63.7435      2.57222
      4103.00      62.0244      2.56427
      4104.40      76.4627      2.88449
      4105.80      102.749      3.45748
      4107.20      118.625      3.78253
      4108.60      133.440      4.09761
      4110.00      150.167      4.46645
      4111.40      161.070      4.68662
      4112.80      172.133      4.94999
      4114.20      182.327      5.16330
      4115.60      185.183      5.24443
      4117.00      186.395      5.25416
      4118.40      188.230      5.50103
      4119.80      188.233      5.29608
      4121.20      196.399      5.48235
      4122.60      201.495      5.59585
      4124.00      200.097      5.55099
      4125.40      200.928      5.56509
      4126.80      199.954      5.54234
      4128.20      203.637      5.62007
      4129.60      202.345      5.60676
      4131.00      202.141      5.62079
      4132.40      205.685      5.70304
      4133.80      212.703      5.84016
      4135.20      210.318      5.76942
      4136.60      217.933      5.92771
      4138.00      216.448      5.89538
      4139.40      201.183      5.58285
      4140.80      203.089      5.63058
      4142.20      207.461      5.72414
      4143.60      201.864      5.59509
      4145.00      208.314      5.79342
      4146.40      209.352      5.78238
      4147.80      214.247      5.85286
      4149.20      213.829      5.90823
      4150.60      208.330      5.73607
      4152.00      211.869      5.77829
      4153.40      208.194      5.70040
      4154.80      212.798      5.79865
      4156.20      212.854      5.78040
      4157.60      210.601      5.72751
      4159.00      209.870      5.70359
      4160.40      217.897      5.86281
      4161.80      215.741      5.83185
      4163.20      217.815      5.90703
      4164.60      207.496      5.64281
      4166.00      209.827      5.68473
      4167.40      207.369      5.63280
      4168.80      216.784      5.82531
      4170.20      219.258      5.86079
      4171.60      213.032      5.71853
      4173.00      209.419      5.62880
      4174.40      205.799      5.55726
      4175.80      206.699      5.58648
      4177.20      208.711      5.90384
      4178.60      209.437      5.63466
      4180.00      214.030      5.72509
      4181.40      209.234      5.63806
      4182.80      212.970      5.68732
      4184.20      211.757      5.65606
      4185.60      216.756      5.76388
      4187.00      209.255      5.60557
      4188.40      211.723      5.65585
      4189.80      212.421      5.67200
      4191.20      208.236      5.57935
      4192.60      210.480      5.62165
      4194.00      217.267      5.76567
      4195.40      220.044      5.81740
      4196.80      217.645      5.77664
      4198.20      217.482      5.76436
      4199.60      217.076      5.73733
      4201.00      217.599      5.73914
      4202.40      213.031      5.65990
      4203.80      208.437      5.57609
      4205.20      209.854      5.61998
      4206.60      214.845      5.72536
      4208.00      217.092      5.76461
      4209.40      218.897      5.80344
      4210.80      216.528      5.77201
      4212.20      211.622      5.65733
      4213.60      218.653      5.78575
      4215.00      217.544      5.76849
      4216.40      210.836      5.64599
      4217.80      210.602      5.63443
      4219.20      216.367      5.74874
      4220.60      218.867      5.79665
      4222.00      211.021      5.62380
      4223.40      214.945      5.69602
      4224.80      209.933      5.58748
      4226.20      212.650      5.65264
      4227.60      214.100      5.70653
      4229.00      211.737      5.62259
      4230.40      219.745      5.82091
      4231.80      213.583      5.69032
      4233.20      207.418      5.55786
      4234.60      202.053      5.45739
      4236.00      220.539      5.82521
      4237.40      217.140      5.74391
      4238.80      220.827      5.82332
      4240.20      217.542      5.74570
      4241.60      216.801      5.72633
      4243.00      214.620      5.67538
      4244.40      218.240      5.75190
      4245.80      221.962      5.82943
      4247.20      220.773      5.80410
      4248.60      207.320      5.50751
      4250.00      219.037      5.75968
      4251.40      214.808      5.69165
      4252.80      217.838      5.74352
      4254.20      215.888      5.69576
      4255.60      215.622      5.68540
      4257.00      216.252      5.71698
      4258.40      222.854      5.85850
      4259.80      212.565      5.62614
      4261.20      217.945      5.72745
      4262.60      211.296      5.57626
      4264.00      217.603      5.70922
      4265.40      215.318      5.65779
      4266.80      214.350      5.63501
      4268.20      215.419      5.65637
      4269.60      214.661      5.76475
      4271.00      209.595      5.55420
      4272.40      214.939      5.65290
      4273.80      209.836      5.56312
      4275.20      209.555      5.56184
      4276.60      214.361      5.65572
      4278.00      217.878      5.71939
      4279.40      211.240      5.57616
      4280.80      215.472      5.66923
      4282.20      213.876      5.62868
      4283.60      220.936      5.79609
      4285.00      209.320      5.54600
      4286.40      224.029      5.84952
      4287.80      218.198      5.72285
      4289.20      215.218      5.66258
      4290.60      204.913      5.43720
      4292.00      213.090      5.63687
      4293.40      215.922      5.68369
      4294.80      211.382      5.57313
      4296.20      214.555      5.63498
      4297.60      214.830      5.64246
      4299.00      207.866      5.49466
      4300.40      203.510      5.40246
      4301.80      203.141      5.38833
      4303.20      204.991      5.42535
      4304.60      208.694      5.53375
      4306.00      209.747      5.52071
      4307.40      209.315      5.52309
      4308.80      202.917      5.39313
      4310.20      208.946      5.51314
      4311.60      206.221      5.53297
      4313.00      202.440      5.40758
      4314.40      196.067      5.25184
      4315.80      202.725      5.39134
      4317.20      203.345      5.38059
      4318.60      199.224      5.28030
      4320.00      203.312      5.37509
      4321.40      194.789      5.21841
      4322.80      188.787      5.08656
      4324.20      199.613      5.29791
      4325.60      185.282      4.96091
      4327.00      177.988      4.80874
      4328.40      179.532      4.84190
      4329.80      174.372      4.76202
      4331.20      167.173      4.55993
      4332.60      157.359      4.34829
      4334.00      147.743      4.12792
      4335.40      131.302      3.77293
      4336.80      120.532      3.53970
      4338.20      107.317      3.25864
      4339.60      80.0224      2.65444
      4341.00      65.6521      2.34983
      4342.40      67.6862      2.38531
      4343.80      94.1555      2.95267
      4345.20      122.453      3.58226
      4346.60      128.345      3.71949
      4348.00      144.509      4.13054
      4349.40      147.389      4.13449
      4350.80      155.772      4.31212
      4352.20      168.912      4.58187
      4353.60      167.627      4.55333
      4355.00      181.385      4.86364
      4356.40      187.887      5.01979
      4357.80      188.246      5.05908
      4359.20      195.693      5.23311
      4360.60      199.058      5.28422
      4362.00      201.709      5.30979
      4363.40      200.718      5.30662
      4364.80      205.334      5.50399
      4366.20      206.829      5.38879
      4367.60      207.471      5.50045
      4369.00      206.084      5.37400
      4370.40      207.550      5.41235
      4371.80      208.650      5.44590
      4373.20      207.141      5.42781
      4374.60      209.816      5.54895
      4376.00      210.597      5.49661
      4377.40      211.819      5.75150
      4378.80      216.741      5.61961
      4380.20      210.310      5.46876
      4381.60      213.180      5.52645
      4383.00      208.206      5.43932
      4384.40      206.060      5.42051
      4385.80      207.627      5.44855
      4387.20      216.840      5.61667
      4388.60      212.727      5.51878
      4390.00      221.050      5.70206
      4391.40      218.515      5.64561
      4392.80      219.452      5.66642
      4394.20      209.678      5.46302
      4395.60      204.800      5.36280
      4397.00      204.172      5.34547
      4398.40      221.639      5.72118
      4399.80      216.272      5.60905
      4401.20      211.960      5.52894
      4402.60      221.478      5.73113
      4404.00      212.125      5.53519
      4405.40      208.909      5.46311
      4406.80      212.609      5.64936
      4408.20      213.983      5.56985
      4409.60      213.036      5.54533
      4411.00      214.160      5.57035
      4412.40      215.359      5.59533
      4413.80      207.846      5.43341
      4415.20      209.385      5.47020
      4416.60      206.108      5.39280
      4418.00      207.443      5.41254
      4419.40      205.177      5.36246
      4420.80      213.273      5.54505
      4422.20      213.683      5.56590
      4423.60      220.230      5.69367
      4425.00      214.267      5.54000
      4426.40      219.739      5.63693
      4427.80      218.942      5.60656
      4429.20      213.448      5.47685
      4430.60      211.252      5.43238
      4432.00      208.594      5.37947
      4433.40      210.985      5.43311
      4434.80      213.833      5.49763
      4436.20      207.301      5.36898
      4437.60      210.571      5.44350
      4439.00      207.983      5.38979
      4440.40      211.401      5.46920
      4441.80      213.808      5.51500
      4443.20      201.299      5.22573
      4444.60      209.362      5.39737
      4446.00      203.344      5.26094
      4447.40      211.375      5.44792
      4448.80      210.507      5.44909
      4450.20      210.443      5.45175
      4451.60      211.014      5.45614
      4453.00      215.100      5.53221
      4454.40      208.328      5.37283
      4455.80      209.827      5.56474
      4457.20      210.289      5.42203
      4458.60      209.306      5.40880
      4460.00      207.370      5.37364
      4461.40      213.126      5.49510
      4462.80      210.306      5.42855
      4464.20      213.002      5.48076
      4465.60      207.054      5.34967
      4467.00      211.152      5.44190
      4468.40      204.566      5.30037
      4469.80      206.516      5.35204
      4471.20      203.033      5.27029
      4472.60      209.914      5.40671
      4474.00      207.960      5.36243
      4475.40      209.381      5.39324
      4476.80      210.519      5.42950
      4478.20      210.012      5.48862
      4479.60      205.335      5.38345
      4481.00      193.743      5.04796
      4482.40      193.042      5.03356
      4483.80      201.151      5.20716
      4485.20      207.128      5.33848
      4486.60      212.480      5.45732
      4488.00      214.636      5.50697
      4489.40      209.447      5.39293
      4490.80      206.637      5.33531
      4492.20      209.808      5.40772
      4493.60      209.929      5.40424
      4495.00      205.884      5.31061
      4496.40      206.347      5.32026
      4497.80      210.548      5.41754
      4499.20      206.458      5.34048
      4500.60      200.111      5.21527
      4502.00      200.830      5.21323
      4503.40      208.626      5.36943
      4504.80      211.710      5.44010
      4506.20      207.390      5.35817
      4507.60      206.514      5.32076
      4509.00      212.846      5.44086
      4510.40      204.607      5.25788
      4511.80      208.995      5.36029
      4513.20      212.861      5.44487
      4514.60      210.336      5.38423
      4516.00      206.228      5.29423
      4517.40      208.330      5.34227
      4518.80      204.018      5.25598
      4520.20      209.218      5.36649
      4521.60      206.591      5.30461
      4523.00      204.243      5.24913
      4524.40      208.194      5.33208
      4525.80      208.363      5.32687
      4527.20      209.891      5.35340
      4528.60      204.124      5.23021
      4530.00      207.206      5.49748
      4531.40      208.542      5.32255
      4532.80      205.417      5.25268
      4534.20      207.310      5.30300
      4535.60      201.330      5.19393
      4537.00      210.501      5.38542
      4538.40      211.462      5.39570
      4539.80      210.927      5.39891
      4541.20      203.142      5.27785
      4542.60      206.711      5.35842
      4544.00      212.074      5.41980
      4545.40      212.521      5.42492
      4546.80      213.515      5.44582
      4548.20      203.026      5.23524
      4549.60      196.850      5.09991
      4551.00      199.557      5.16293
      4552.40      205.886      5.30852
      4553.80      208.003      5.36594
      4555.20      209.000      5.38509
      4556.60      206.247      5.32088
      4558.00      198.071      5.14066
      4559.40      207.702      5.35261
      4560.80      212.476      5.46038
      4562.20      209.501      5.39924
      4563.60      208.983      5.38394
      4565.00      206.317      5.32714
      4566.40      204.107      5.26884
      4567.80      212.538      5.44506
      4569.20      209.402      5.37527
      4570.60      210.935      5.41333
      4572.00      198.580      5.14543
      4573.40      200.937      5.19268
      4574.80      207.333      5.34429
      4576.20      206.401      5.31883
      4577.60      205.803      5.40989
      4579.00      208.240      5.33058
      4580.40      208.628      5.33347
      4581.80      206.107      5.28073
      4583.20      202.096      5.19130
      4584.60      202.022      5.18515
      4586.00      202.609      5.19213
      4587.40      203.846      5.21978
      4588.80      204.713      5.29849
      4590.20      205.073      5.24281
      4591.60      204.877      5.24033
      4593.00      207.961      5.31657
      4594.40      205.061      5.36305
      4595.80      204.428      5.22908
      4597.20      205.924      5.27069
      4598.60      211.797      5.39737
      4600.00      207.064      5.28484
      4601.40      204.496      5.21006
      4602.80      199.905      5.11029
      4604.20      205.001      5.22041
      4605.60      206.166      5.25119
      4607.00      205.590      5.26707
      4608.40      205.748      5.27554
      4609.80      208.985      5.32568
      4611.20      201.517      5.15448
      4612.60      206.185      5.32466
      4614.00      209.567      5.43963
      4615.40      207.053      5.27543
      4616.80      204.106      5.20267
      4618.20      207.173      5.26673
      4619.60      203.178      5.17543
      4621.00      205.342      5.29708
      4622.40      206.843      5.25154
      4623.80      207.414      5.26465
      4625.20      206.580      5.24228
      4626.60      206.028      5.30411
      4628.00      207.655      5.28283
      4629.40      197.681      5.06158
      4630.80      202.704      5.16642
      4632.20      200.869      5.12509
      4633.60      205.504      5.22588
      4635.00      201.779      5.15437
      4636.40      202.637      5.17004
      4637.80      209.072      5.30108
      4639.20      210.144      5.32965
      4640.60      206.907      5.26800
      4642.00      205.541      5.23327
      4643.40      209.274      5.30759
      4644.80      203.709      5.18760
      4646.20      205.060      5.22744
      4647.60      203.597      5.19528
      4649.00      203.808      5.23743
      4650.40      204.667      5.39358
      4651.80      204.138      5.23300
      4653.20      204.083      5.21988
      4654.60      206.199      5.25862
      4656.00      204.259      5.20938
      4657.40      201.333      5.14682
      4658.80      206.959      5.27120
      4660.20      206.959      5.27135
      4661.60      205.612      5.23962
      4663.00      209.179      5.31686
      4664.40      206.722      5.26746
      4665.80      202.622      5.18802
      4667.20      201.861      5.18304
      4668.60      196.594      5.11616
      4670.00      204.907      5.31698
      4671.40      201.184      5.23645
      4672.80      208.636      5.41091
      4674.20      204.331      5.25124
      4675.60      205.484      5.23378
      4677.00      201.989      5.15953
      4678.40      202.974      5.17753
      4679.80      205.400      5.22606
      4681.20      203.429      5.17981
      4682.60      203.092      5.17397
      4684.00      210.883      5.33433
      4685.40      208.437      5.28674
      4686.80      203.567      5.19455
      4688.20      202.620      5.17830
      4689.60      210.089      5.32771
      4691.00      205.639      5.22390
      4692.40      205.285      5.20731
      4693.80      202.066      5.14057
      4695.20      207.968      5.26611
      4696.60      209.191      5.28771
      4698.00      205.932      5.21621
      4699.40      208.074      5.26109
      4700.80      207.645      5.33569
      4702.20      206.652      5.22640
      4703.60      208.434      5.26714
      4705.00      206.957      5.23816
      4706.40      207.353      5.39406
      4707.80      208.730      5.27359
      4709.20      207.403      5.24421
      4710.60      206.707      5.23062
      4712.00      209.264      5.29310
      4713.40      205.904      5.22981
      4714.80      204.100      5.21778
      4716.20      206.360      5.33866
      4717.60      207.506      5.26373
      4719.00      203.893      5.19607
      4720.40      204.796      5.22172
      4721.80      205.255      5.23498
      4723.20      206.606      5.26597
      4724.60      204.884      5.23828
      4726.00      207.739      5.30655
      4727.40      210.759      5.37620
      4728.80      203.306      5.21584
      4730.20      199.170      5.13639
      4731.60      202.201      5.20439
      4733.00      204.076      5.23556
      4734.40      202.806      5.26099
      4735.80      205.267      5.36337
      4737.20      205.699      5.28763
      4738.60      200.615      5.18876
      4740.00      198.305      5.12089
      4741.40      201.866      5.19145
      4742.80      200.363      5.30192
      4744.20      198.717      5.16233
      4745.60      199.625      5.13650
      4747.00      197.187      5.08569
      4748.40      195.996      5.04946
      4749.80      198.591      5.09611
      4751.20      197.124      5.07129
      4752.60      199.212      5.11518
      4754.00      198.434      5.07496
      4755.40      198.872      5.06238
      4756.80      203.574      5.15282
      4758.20      199.916      5.07592
      4759.60      208.119      5.24704
      4761.00      203.445      5.14644
      4762.40      202.301      5.12381
      4763.80      193.737      4.93207
      4765.20      202.208      5.11638
      4766.60      200.899      5.08730
      4768.00      203.865      5.14886
      4769.40      200.014      5.06560
      4770.80      205.670      5.18760
      4772.20      192.622      4.90382
      4773.60      200.352      5.06914
      4775.00      202.099      5.11803
      4776.40      198.111      5.03863
      4777.80      202.213      5.11269
      4779.20      203.539      5.13373
      4780.60      197.045      4.99646
      4782.00      198.548      5.02953
      4783.40      200.064      5.06535
      4784.80      202.081      5.11059
      4786.20      205.437      5.18220
      4787.60      201.000      5.07661
      4789.00      201.258      5.07866
      4790.40      199.361      5.03152
      4791.80      200.943      5.06851
      4793.20      198.791      5.03474
      4794.60      199.277      5.05554
      4796.00      199.179      5.05603
      4797.40      197.314      5.01405
      4798.80      196.152      4.97755
      4800.20      200.082      5.05752
      4801.60      199.774      5.05347
      4803.00      197.090      4.99718
      4804.40      197.614      5.00441
      4805.80      196.105      4.97017
      4807.20      196.938      4.98843
      4808.60      193.356      4.91395
      4810.00      195.740      4.96319
      4811.40      196.863      5.17098
      4812.80      196.803      4.98034
      4814.20      197.787      5.00132
      4815.60      198.855      5.02515
      4817.00      200.262      5.05590
      4818.40      192.607      4.88883
      4819.80      194.011      4.91976
      4821.20      198.155      5.00969
      4822.60      199.141      5.02917
      4824.00      192.451      4.88630
      4825.40      188.797      4.80377
      4826.80      189.405      4.81424
      4828.20      195.112      4.93663
      4829.60      198.574      5.01949
      4831.00      194.801      4.94054
      4832.40      194.467      4.92919
      4833.80      194.597      4.92422
      4835.20      192.982      4.89373
      4836.60      190.833      4.84924
      4838.00      186.935      4.77458
      4839.40      188.144      4.80085
      4840.80      188.437      4.79471
      4842.20      187.656      4.77461
      4843.60      182.108      4.65419
      4845.00      189.603      4.81513
      4846.40      179.856      4.60305
      4847.80      170.035      4.40019
      4849.20      167.876      4.43302
      4850.60      162.051      4.24447
      4852.00      161.206      4.23718
      4853.40      155.516      4.08272
      4854.80      143.006      3.81631
      4856.20      132.540      3.60040
      4857.60      115.688      3.23357
      4859.00      109.714      3.08819
      4860.40      88.8782      2.62426
      4861.80      68.1974      2.18569
      4863.20      68.9861      2.21392
      4864.60      87.8830      2.62242
      4866.00      110.893      3.11924
      4867.40      128.968      3.51585
      4868.80      137.005      3.70487
      4870.20      145.780      3.91636
      4871.60      148.018      3.95583
      4873.00      161.962      4.25566
      4874.40      165.550      4.33411
      4875.80      170.990      4.48068
      4877.20      173.844      4.53395
      4878.60      172.380      4.48341
      4880.00      178.616      4.62610
      4881.40      181.199      4.68512
      4882.80      184.066      4.74637
      4884.20      185.291      4.77435
      4885.60      185.020      4.77405
      4887.00      190.757      4.90845
      4888.40      190.924      4.90811
      4889.80      188.558      4.84942
      4891.20      184.589      4.75971
      4892.60      190.668      4.88803
      4894.00      189.111      4.89284
      4895.40      191.746      5.01862
      4896.80      194.708      4.94765
      4898.20      195.951      4.96892
      4899.60      194.255      4.92538
      4901.00      192.171      4.89759
      4902.40      190.194      4.87096
      4903.80      193.999      4.93668
      4905.20      194.775      4.93117
      4906.60      189.537      4.81364
      4908.00      191.878      4.86124
      4909.40      192.083      4.89173
      4910.80      191.621      4.87970
      4912.20      194.437      4.91720
      4913.60      187.736      4.76980
      4915.00      195.502      4.95154
      4916.40      195.539      4.98928
      4917.80      193.206      4.95183
      4919.20      191.256      4.86132
      4920.60      187.779      4.76037
      4922.00      189.411      4.79707
      4923.40      186.613      4.73934
      4924.80      184.683      4.69764
      4926.20      191.180      4.83180
      4927.60      187.939      4.76461
      4929.00      191.397      4.83712
      4930.40      194.800      4.91248
      4931.80      197.034      4.96253
      4933.20      192.693      4.87020
      4934.60      189.951      4.80851
      4936.00      190.665      4.81933
      4937.40      192.502      4.85837
      4938.80      194.506      4.90736
      4940.20      195.675      4.93983
      4941.60      200.619      5.05281
      4943.00      192.266      4.87346
      4944.40      192.663      4.87125
      4945.80      187.673      4.75697
      4947.20      192.908      4.86273
      4948.60      195.110      4.91231
      4950.00      199.043      4.99787
      4951.40      200.118      5.01513
      4952.80      197.014      4.94860
      4954.20      195.845      4.92270
      4955.60      191.591      4.83568
      4957.00      199.013      4.99334
      4958.40      198.333      4.97525
      4959.80      197.171      4.95337
      4961.20      196.027      4.92952
      4962.60      196.487      4.93332
      4964.00      189.256      4.77635
      4965.40      195.972      4.93273
      4966.80      190.203      4.82288
      4968.20      194.755      4.90607
      4969.60      195.155      4.90291
      4971.00      187.979      4.75414
      4972.40      193.993      4.89816
      4973.80      193.805      4.88977
      4975.20      194.110      4.88321
      4976.60      192.349      4.84879
      4978.00      192.237      4.85410
      4979.40      197.694      4.96341
      4980.80      193.681      4.87317
      4982.20      191.174      4.82397
      4983.60      191.757      4.83275
      4985.00      187.511      4.74143
      4986.40      198.339      4.97546
      4987.80      194.930      4.89884
      4989.20      197.184      4.94245
      4990.60      193.104      4.85302
      4992.00      190.672      4.81069
      4993.40      190.817      4.80979
      4994.80      198.123      4.95281
      4996.20      190.936      4.79860
      4997.60      188.266      4.74875
      4999.00      188.892      4.77420
