      3900.00      354.484      14.9331
      3901.40      334.017      14.8506
      3902.80      368.879      15.6805
      3904.20      373.791      15.3753
      3905.60      354.539      15.1052
      3907.00      342.619      15.0566
      3908.40      331.705      15.0063
      3909.80      406.743      16.0272
      3911.20      420.431      16.0266
      3912.60      402.559      15.8195
      3914.00      390.699      15.9326
      3915.40      376.380      15.6918
      3916.80      375.159      15.3781
      3918.20      370.165      15.0052
      3919.60      380.955      15.0113
      3921.00      353.409      14.5451
      3922.40      364.447      14.6723
      3923.80      369.550      14.7127
      3925.20      353.446      14.3497
      3926.60      349.910      14.1234
      3928.00      374.020      14.5263
      3929.40      342.503      13.6629
      3930.80      297.453      13.0182
      3932.20      273.149      12.2096
      3933.60      191.310      10.5798
      3935.00      101.147      8.84372
      3936.40      96.0659      8.80926
      3937.80      212.073      11.2426
      3939.20      301.488      12.9212
      3940.60      340.498      13.9626
      3942.00      335.755      13.8617
      3943.40      348.328      13.7032
      3944.80      348.173      13.6953
      3946.20      363.485      13.9932
      3947.60      384.407      14.4252
      3949.00      377.454      14.5142
      3950.40      378.243      14.6906
      3951.80      378.727      14.4354
      3953.20      351.112      13.9178
      3954.60      371.613      14.2241
      3956.00      373.367      14.2646
      3957.40      372.106      14.0937
      3958.80      344.276      13.5886
      3960.20      373.339      14.0282
      3961.60      352.876      13.4398
      3963.00      334.410      12.9937
      3964.40      329.471      12.8543
      3965.80      321.721      12.6178
      3967.20      284.781      11.9312
      3968.60      216.274      10.8101
      3970.00      119.168      9.25089
      3971.40      86.1888      8.62467
      3972.80      180.275      10.1300
      3974.20      255.228      11.5509
      3975.60      299.510      12.7796
      3977.00      315.269      13.7064
      3978.40      330.991      13.3180
      3979.80      370.076      13.8761
      3981.20      373.204      14.2065
      3982.60      342.339      13.8336
      3984.00      353.131      14.1259
      3985.40      351.121      14.1278
      3986.80      377.120      14.4653
      3988.20      349.490      14.0267
      3989.60      363.443      14.3817
      3991.00      371.931      14.4469
      3992.40      370.635      14.0075
      3993.80      408.394      14.4748
      3995.20      386.199      14.2711
      3996.60      369.874      13.5689
      3998.00      404.551      14.0670
      3999.40      373.947      13.6883
      4000.80      373.993      13.6567
      4002.20      376.198      13.6875
      4003.60      397.369      14.1107
      4005.00      398.693      13.9137
      4006.40      384.812      13.6102
      4007.80      371.368      13.3819
      4009.20      411.917      14.0402
      4010.60      413.072      14.0338
      4012.00      392.415      13.7436
      4013.40      394.603      14.1939
      4014.80      371.005      13.9984
      4016.20      392.962      14.2478
      4017.60      396.387      13.9415
      4019.00      391.096      13.8362
      4020.40      392.111      13.9556
      4021.80      377.569      13.3907
      4023.20      387.791      13.4851
      4024.60      402.580      13.9037
      4026.00      389.741      14.0889
      4027.40      391.932      13.8679
      4028.80      374.696      13.5926
      4030.20      391.704      13.7040
      4031.60      383.827      13.3309
      4033.00      378.696      13.3666
      4034.40      374.897      13.2545
      4035.80      375.844      13.2273
      4037.20      371.978      13.3663
      4038.60      388.927      13.7083
      4040.00      390.940      13.5418
      4041.40      395.359      13.4106
      4042.80      369.909      13.1210
      4044.20      383.381      13.3711
      4045.60      410.687      13.9509
      4047.00      379.486      13.6782
      4048.40      337.673      12.9778
      4049.80      379.541      13.3385
      4051.20      413.671      13.9463
      4052.60      397.670      13.5748
      4054.00      388.036      13.4012
      4055.40      396.314      14.0046
      4056.80      386.705      13.5952
      4058.20      379.095      12.9986
      4059.60      389.927      13.1149
      4061.00      379.487      13.1564
      4062.40      383.388      13.3263
      4063.80      381.661      13.2028
      4065.20      368.700      13.0041
      4066.60      365.283      13.1615
      4068.00      374.932      13.5753
      4069.40      366.061      13.2458
      4070.80      356.523      13.0319
      4072.20      398.746      13.2530
      4073.60      363.423      12.7681
      4075.00      369.407      13.0390
      4076.40      360.701      12.6159
      4077.80      366.456      12.7299
      4079.20      371.917      13.3267
      4080.60      349.232      12.7071
      4082.00      376.072      12.9184
      4083.40      390.726      13.0142
      4084.80      390.275      12.9743
      4086.20      373.840      13.0286
      4087.60      403.664      14.1886
      4089.00      374.797      12.8690
      4090.40      392.251      13.0798
      4091.80      366.707      12.6886
      4093.20      367.616      12.7972
      4094.60      353.877      12.5600
      4096.00      339.970      12.0806
      4097.40      326.155      11.9670
      4098.80      345.817      12.4561
      4100.20      312.959      11.8955
      4101.60      300.166      11.3902
      4103.00      222.541      9.97225
      4104.40      214.303      9.91163
      4105.80      256.738      10.5588
      4107.20      312.111      11.4558
      4108.60      342.336      12.0031
      4110.00      343.546      12.3919
      4111.40      345.290      12.4658
      4112.80      362.208      12.3984
      4114.20      376.397      12.6494
      4115.60      366.508      12.5920
      4117.00      364.543      12.4335
      4118.40      376.905      12.6521
      4119.80      366.574      12.5236
      4121.20      350.869      12.2829
      4122.60      363.462      12.3685
      4124.00      382.184      12.4632
      4125.40      375.329      12.3427
      4126.80      369.323      12.2130
      4128.20      377.073      12.5339
      4129.60      377.425      13.4158
      4131.00      396.075      13.0030
      4132.40      380.663      12.7845
      4133.80      363.191      12.5401
      4135.20      370.623      12.7521
      4136.60      375.752      12.9891
      4138.00      372.709      12.9105
      4139.40      380.544      12.8036
      4140.80      370.472      12.4573
      4142.20      380.632      13.0468
      4143.60      386.418      12.4178
      4145.00      376.064      12.2961
      4146.40      343.381      12.0401
      4147.80      382.696      12.5170
      4149.20      370.417      12.1159
      4150.60      372.327      12.2130
      4152.00      364.308      12.5144
      4153.40      369.864      12.6822
      4154.80      357.556      12.1006
      4156.20      368.055      12.1516
      4157.60      362.331      12.0357
      4159.00      369.420      12.1153
      4160.40      366.624      12.0574
      4161.80      377.563      12.4354
      4163.20      385.030      12.6129
      4164.60      389.204      12.5108
      4166.00      370.082      12.2349
      4167.40      380.910      12.1865
      4168.80      367.799      11.8519
      4170.20      391.284      12.2732
      4171.60      380.761      12.0562
      4173.00      351.037      11.6990
      4174.40      353.190      11.8613
      4175.80      366.027      12.0018
      4177.20      368.773      12.0987
      4178.60      366.055      12.0607
      4180.00      348.051      11.6294
      4181.40      364.326      12.0454
      4182.80      362.215      11.6288
      4184.20      360.542      11.5733
      4185.60      369.657      11.7391
      4187.00      356.986      11.5460
      4188.40      363.566      11.6402
      4189.80      366.945      11.9916
      4191.20      373.331      12.3107
      4192.60      377.772      12.6982
      4194.00      382.806      12.1336
      4195.40      375.381      11.9866
      4196.80      373.846      11.8246
      4198.20      366.044      11.5605
      4199.60      365.664      11.6617
      4201.00      349.353      11.5242
      4202.40      360.085      11.6232
      4203.80      363.123      11.7908
      4205.20      381.210      12.0323
      4206.60      360.440      11.5129
      4208.00      381.285      11.8007
      4209.40      377.859      11.9534
      4210.80      354.407      11.6335
      4212.20      365.618      11.7647
      4213.60      366.037      11.7651
      4215.00      368.741      11.7863
      4216.40      373.971      12.0893
      4217.80      350.189      11.7022
      4219.20      367.088      11.5847
      4220.60      363.010      11.5706
      4222.00      360.244      11.8082
      4223.40      381.760      12.2426
      4224.80      367.715      11.6191
      4226.20      359.154      11.2955
      4227.60      339.777      10.9440
      4229.00      355.721      11.2562
      4230.40      353.660      11.3162
      4231.80      366.005      11.5296
      4233.20      379.503      11.8890
      4234.60      364.029      11.7380
      4236.00      348.089      11.4001
      4237.40      362.755      11.4634
      4238.80      355.045      11.2875
      4240.20      358.199      11.2851
      4241.60      368.239      11.3833
      4243.00      360.598      11.2703
      4244.40      378.657      11.7099
      4245.80      367.349      11.7431
      4247.20      365.777      11.6073
      4248.60      368.670      11.5117
      4250.00      364.312      11.7310
      4251.40      376.353      11.7503
      4252.80      348.923      11.1850
      4254.20      349.491      11.0954
      4255.60      371.826      11.3962
      4257.00      364.729      11.3702
      4258.40      353.550      11.4045
      4259.80      372.957      11.6511
      4261.20      359.425      11.1849
      4262.60      347.709      11.0273
      4264.00      368.981      11.3943
      4265.40      373.981      11.5117
      4266.80      362.594      11.5869
      4268.20      369.824      12.0813
      4269.60      369.652      11.9039
      4271.00      375.657      11.6297
      4272.40      366.604      11.2410
      4273.80      350.795      10.9120
      4275.20      348.896      11.0188
      4276.60      345.188      11.0528
      4278.00      361.755      11.3759
      4279.40      371.853      11.5710
      4280.80      370.739      11.4345
      4282.20      359.246      11.0458
      4283.60      348.012      10.8855
      4285.00      361.567      11.0802
      4286.40      361.437      11.1991
      4287.80      361.805      11.4248
      4289.20      352.405      11.0009
      4290.60      354.683      10.9750
      4292.00      330.542      10.4740
      4293.40      341.863      10.6759
      4294.80      347.115      10.9305
      4296.20      342.210      11.0064
      4297.60      349.216      11.2060
      4299.00      361.391      10.9932
      4300.40      357.682      10.7126
      4301.80      333.879      10.3415
      4303.20      329.198      10.2769
      4304.60      352.699      10.6353
      4306.00      350.180      10.6367
      4307.40      352.423      10.9050
      4308.80      343.365      10.4785
      4310.20      341.662      10.5223
      4311.60      343.948      10.7253
      4313.00      347.086      10.8091
      4314.40      345.566      10.8054
      4315.80      346.225      10.9088
      4317.20      329.479      10.6057
      4318.60      360.435      11.0988
      4320.00      369.273      11.5375
      4321.40      365.720      11.4214
      4322.80      367.878      11.2107
      4324.20      353.689      10.7710
      4325.60      343.235      10.6751
      4327.00      344.064      10.7221
      4328.40      324.068      10.4126
      4329.80      339.044      10.6633
      4331.20      347.359      10.8959
      4332.60      338.932      10.8547
      4334.00      344.033      11.0186
      4335.40      341.671      10.9994
      4336.80      335.007      10.7270
      4338.20      328.940      10.3611
      4339.60      289.835      9.73570
      4341.00      229.500      8.58546
      4342.40      195.838      8.11177
      4343.80      227.529      8.87589
      4345.20      277.499      9.79850
      4346.60      304.222      10.0955
      4348.00      330.836      10.4333
      4349.40      323.550      10.3423
      4350.80      326.619      10.5174
      4352.20      336.324      10.6545
      4353.60      333.118      10.4190
      4355.00      341.017      10.6022
      4356.40      351.374      10.8388
      4357.80      353.132      11.3055
      4359.20      334.681      11.3787
      4360.60      349.192      11.2951
      4362.00      352.141      11.2403
      4363.40      350.698      10.7609
      4364.80      355.895      10.8119
      4366.20      359.352      11.0560
      4367.60      363.076      11.1630
      4369.00      360.729      10.9816
      4370.40      345.968      10.5317
      4371.80      363.670      10.7788
      4373.20      342.517      10.4844
      4374.60      367.489      10.8941
      4376.00      357.577      10.7601
      4377.40      349.551      10.6340
      4378.80      353.029      10.8008
      4380.20      365.517      11.2117
      4381.60      353.844      10.9360
      4383.00      367.895      10.9456
      4384.40      361.619      10.5588
      4385.80      338.677      10.1646
      4387.20      350.260      10.6879
      4388.60      355.470      11.3242
      4390.00      360.649      11.0967
      4391.40      354.583      10.8144
      4392.80      363.390      10.8019
      4394.20      370.226      11.1820
      4395.60      355.475      10.5763
      4397.00      347.011      10.6155
      4398.40      356.222      10.8522
      4399.80      365.630      11.0392
      4401.20      357.483      10.6674
      4402.60      343.573      10.3684
      4404.00      346.056      10.3966
      4405.40      358.201      10.5243
      4406.80      339.764      10.2661
      4408.20      363.013      10.7403
      4409.60      357.685      11.2672
      4411.00      342.084      11.4463
      4412.40      354.559      11.1967
      4413.80      364.378      10.7955
      4415.20      363.338      10.7033
      4416.60      351.271      10.5067
      4418.00      342.837      10.6349
      4419.40      344.440      10.8091
      4420.80      359.050      11.1174
      4422.20      374.239      11.1482
      4423.60      369.165      10.7984
      4425.00      351.103      10.5242
      4426.40      350.256      10.5393
      4427.80      350.076      10.5461
      4429.20      352.966      10.5623
      4430.60      374.631      10.8428
      4432.00      363.325      10.7181
      4433.40      373.744      10.9019
      4434.80      361.475      10.5465
      4436.20      358.635      10.4019
      4437.60      338.845      10.2485
      4439.00      321.652      10.0738
      4440.40      349.143      10.4158
      4441.80      365.597      10.6134
      4443.20      350.679      10.5068
      4444.60      341.176      10.5230
      4446.00      334.556      10.5230
      4447.40      339.635      10.3246
      4448.80      346.576      10.3920
      4450.20      337.635      10.5059
      4451.60      340.918      10.8087
      4453.00      356.823      10.6879
      4454.40      337.888      10.0802
      4455.80      352.068      10.2904
      4457.20      348.148      10.3070
      4458.60      339.804      10.3942
      4460.00      343.519      10.1470
      4461.40      347.095      10.1559
      4462.80      343.762      10.1245
      4464.20      357.389      10.7028
      4465.60      353.971      10.9390
      4467.00      355.748      10.6519
      4468.40      346.213      10.2638
      4469.80      342.513      10.1075
      4471.20      336.317      9.97351
      4472.60      347.356      10.2048
      4474.00      366.938      10.4733
      4475.40      365.164      10.4133
      4476.80      364.353      10.4295
      4478.20      353.228      10.3311
      4479.60      336.592      10.0808
      4481.00      349.646      10.3728
      4482.40      351.532      12.6219
      4483.80      350.745      10.1500
      4485.20      341.190      10.2210
      4486.60      361.736      10.4450
      4488.00      353.108      10.4374
      4489.40      348.501      10.2088
      4490.80      337.207      9.98423
      4492.20      341.179      10.1730
      4493.60      339.201      10.0566
      4495.00      344.855      10.0986
      4496.40      337.153      9.97201
      4497.80      342.084      10.3240
      4499.20      346.151      10.2671
      4500.60      349.529      10.2374
      4502.00      354.925      10.2296
      4503.40      359.111      10.3667
      4504.80      350.441      10.2756
      4506.20      345.831      10.2457
      4507.60      362.308      10.4524
      4509.00      344.065      10.0532
      4510.40      364.381      10.3754
      4511.80      356.354      10.3630
      4513.20      367.117      10.6588
      4514.60      347.276      10.2513
      4516.00      347.397      10.2341
      4517.40      360.028      10.3034
      4518.80      346.127      10.0172
      4520.20      350.329      10.1383
      4521.60      347.836      10.1061
      4523.00      343.985      10.2833
      4524.40      346.863      10.2894
      4525.80      359.383      10.4696
      4527.20      358.387      10.5452
      4528.60      349.146      10.2405
      4530.00      352.179      10.1401
      4531.40      335.663      9.84976
      4532.80      341.205      9.93397
      4534.20      354.459      10.0911
      4535.60      339.823      9.81572
      4537.00      322.299      9.60240
      4538.40      336.907      10.0173
      4539.80      343.548      10.6314
      4541.20      363.492      10.5595
      4542.60      352.182      10.1422
      4544.00      362.625      10.2730
      4545.40      336.438      9.85444
      4546.80      355.990      10.2417
      4548.20      345.078      9.96132
      4549.60      348.695      10.1247
      4551.00      333.510      9.81251
      4552.40      326.285      9.63167
      4553.80      337.564      9.74084
      4555.20      337.634      9.70177
      4556.60      331.499      9.67678
      4558.00      346.797      10.0399
      4559.40      336.247      9.93042
      4560.80      348.760      10.0391
      4562.20      347.537      10.0102
      4563.60      354.559      10.0808
      4565.00      348.525      9.94365
      4566.40      346.328      9.86093
      4567.80      352.260      10.2146
      4569.20      366.456      10.6190
      4570.60      380.862      10.6366
      4572.00      358.408      10.1118
      4573.40      346.372      9.98040
      4574.80      346.999      10.1089
      4576.20      354.434      10.2744
      4577.60      344.441      9.99255
      4579.00      345.531      9.90287
      4580.40      355.143      10.0876
      4581.80      344.356      9.98866
      4583.20      344.364      10.0254
      4584.60      349.800      9.91166
      4586.00      344.750      9.75732
      4587.40      336.733      9.76958
      4588.80      346.638      9.92282
      4590.20      348.046      9.82386
      4591.60      332.455      9.61086
      4593.00      347.241      10.0043
      4594.40      335.611      9.80188
      4595.80      355.607      9.97260
      4597.20      361.784      10.1152
      4598.60      343.985      9.78521
      4600.00      334.901      9.55162
      4601.40      353.177      9.78555
      4602.80      340.905      9.67680
      4604.20      348.159      9.86180
      4605.60      341.632      9.73347
      4607.00      346.694      9.77887
      4608.40      342.053      9.73397
      4609.80      348.488      9.82090
      4611.20      364.440      10.1031
      4612.60      351.043      9.98444
      4614.00      342.483      9.75053
      4615.40      341.155      9.63531
      4616.80      330.999      9.53777
      4618.20      354.508      9.90896
      4619.60      341.922      9.80333
      4621.00      334.588      9.91125
      4622.40      364.228      10.3180
      4623.80      350.015      9.91181
      4625.20      336.619      9.59908
      4626.60      346.544      9.75341
      4628.00      338.637      9.94121
      4629.40      351.557      9.92204
      4630.80      348.418      9.73329
      4632.20      333.744      9.47128
      4633.60      331.309      9.67617
      4635.00      341.289      9.57345
      4636.40      351.204      9.76560
      4637.80      343.369      9.67091
      4639.20      349.179      9.90605
      4640.60      332.200      9.70600
      4642.00      353.381      9.88653
      4643.40      343.910      9.64416
      4644.80      326.693      9.31840
      4646.20      347.753      9.77460
      4647.60      348.946      9.65704
      4649.00      336.937      9.52451
      4650.40      336.155      9.60807
      4651.80      345.667      9.94510
      4653.20      336.296      9.53485
      4654.60      341.269      9.63012
      4656.00      336.974      9.47707
      4657.40      346.383      9.72624
      4658.80      337.313      11.9394
      4660.20      343.877      10.1570
      4661.60      345.648      9.82491
      4663.00      338.454      9.96446
      4664.40      341.691      9.76379
      4665.80      331.922      9.68368
      4667.20      346.216      9.80005
      4668.60      336.920      9.50524
      4670.00      354.033      9.76985
      4671.40      338.221      9.47253
      4672.80      349.724      9.74304
      4674.20      344.441      9.66256
      4675.60      339.101      9.55291
      4677.00      343.485      9.60019
      4678.40      348.982      9.70394
      4679.80      341.827      9.75685
      4681.20      336.657      9.64600
      4682.60      345.315      9.59804
      4684.00      338.850      9.47858
      4685.40      332.942      9.37957
      4686.80      345.370      9.63094
      4688.20      350.350      9.68832
      4689.60      348.362      9.63108
      4691.00      346.165      9.64497
      4692.40      338.993      9.56981
      4693.80      343.727      9.57503
      4695.20      333.441      9.41671
      4696.60      348.168      9.69252
      4698.00      340.833      9.62561
      4699.40      348.560      9.72671
      4700.80      348.799      9.54984
      4702.20      336.643      9.39925
      4703.60      341.039      9.42767
      4705.00      333.973      9.28878
      4706.40      332.789      9.30259
      4707.80      344.278      9.49874
      4709.20      341.719      9.60363
      4710.60      344.187      9.77132
      4712.00      343.861      9.56374
      4713.40      342.155      9.49647
      4714.80      351.660      9.58245
      4716.20      351.685      9.51729
      4717.60      343.241      9.42806
      4719.00      321.464      9.21961
      4720.40      348.754      9.71840
      4721.80      336.189      9.46135
      4723.20      341.426      9.51758
      4724.60      332.593      9.38533
      4726.00      340.867      9.52727
      4727.40      337.575      9.64284
      4728.80      335.386      9.38299
      4730.20      335.294      9.52529
      4731.60      327.887      9.20774
      4733.00      346.035      9.42069
      4734.40      334.910      9.33310
      4735.80      338.063      9.27981
      4737.20      329.539      9.18454
      4738.60      343.625      9.42117
      4740.00      325.933      9.07825
      4741.40      343.633      9.33213
      4742.80      340.823      9.82847
      4744.20      334.420      9.67871
      4745.60      339.761      9.32452
      4747.00      327.101      9.09929
      4748.40      338.133      9.51224
      4749.80      344.573      9.61586
      4751.20      336.401      9.26408
      4752.60      336.716      9.27037
      4754.00      353.370      9.49656
      4755.40      347.951      9.58549
      4756.80      323.768      9.44017
      4758.20      329.187      9.55982
      4759.60      332.599      9.35634
      4761.00      328.918      9.14545
      4762.40      341.753      9.34525
      4763.80      326.724      9.05075
      4765.20      343.672      9.32150
      4766.60      331.546      9.11084
      4768.00      331.763      9.47834
      4769.40      341.703      9.96973
      4770.80      339.599      9.72635
      4772.20      331.199      9.61362
      4773.60      324.514      9.28919
      4775.00      334.221      9.31473
      4776.40      335.194      9.38937
      4777.80      338.049      9.46399
      4779.20      331.729      9.44267
      4780.60      332.831      9.25182
      4782.00      335.365      9.25725
      4783.40      327.759      9.25827
      4784.80      338.626      9.54968
      4786.20      335.606      9.77378
      4787.60      339.197      9.42492
      4789.00      341.068      9.32077
      4790.40      343.207      9.26764
      4791.80      314.419      8.86528
      4793.20      341.519      9.39648
      4794.60      329.972      9.07178
      4796.00      333.023      9.07012
      4797.40      327.921      9.08286
      4798.80      335.979      9.25082
      4800.20      328.720      9.29730
      4801.60      328.210      9.36491
      4803.00      333.811      9.39999
      4804.40      330.468      9.34425
      4805.80      317.709      8.93103
      4807.20      335.557      9.14084
      4808.60      331.896      9.10468
      4810.00      333.815      9.19960
      4811.40      338.735      9.25852
      4812.80      334.884      9.17926
      4814.20      335.695      9.17357
      4815.60      331.483      9.13327
      4817.00      332.065      9.17691
      4818.40      318.572      8.97864
      4819.80      322.158      9.00506
      4821.20      323.851      9.11331
      4822.60      329.849      9.06385
      4824.00      338.058      9.14879
      4825.40      323.222      9.19295
      4826.80      323.827      9.04974
      4828.20      329.198      9.07906
      4829.60      325.145      9.05908
      4831.00      323.046      9.02674
      4832.40      329.207      9.07275
      4833.80      320.769      8.88696
      4835.20      323.401      8.96328
      4836.60      338.920      9.38575
      4838.00      341.228      9.52075
      4839.40      336.975      9.27125
      4840.80      321.975      8.89815
      4842.20      316.735      8.90419
      4843.60      335.662      9.23804
      4845.00      329.381      9.23981
      4846.40      341.469      9.52596
      4847.80      327.539      9.20589
      4849.20      324.628      9.06059
      4850.60      321.334      8.94336
      4852.00      316.111      9.08327
      4853.40      306.602      8.79930
      4854.80      313.248      8.96555
      4856.20      309.265      8.82701
      4857.60      294.784      8.50633
      4859.00      289.171      8.41974
      4860.40      288.376      8.37080
      4861.80      250.657      7.79987
      4863.20      196.634      7.08381
      4864.60      189.503      6.90756
      4866.00      239.765      7.65211
      4867.40      271.630      8.18698
      4868.80      287.265      8.43241
      4870.20      298.147      8.59388
      4871.60      305.028      9.06987
      4873.00      291.609      8.50972
      4874.40      300.122      8.66211
      4875.80      308.211      8.82830
      4877.20      308.329      9.01980
      4878.60      303.612      8.84886
      4880.00      309.015      8.86953
      4881.40      301.743      8.72526
      4882.80      320.736      9.02285
      4884.20      319.339      9.08371
      4885.60      326.202      9.20690
      4887.00      338.264      9.32627
      4888.40      312.561      8.88553
      4889.80      309.101      8.85012
      4891.20      317.930      8.95856
      4892.60      307.038      8.77170
      4894.00      299.368      8.65436
      4895.40      309.197      8.94701
      4896.80      316.114      9.02864
      4898.20      318.312      9.20871
      4899.60      307.419      8.89298
      4901.00      318.126      9.04840
      4902.40      323.289      9.12000
      4903.80      324.936      8.91881
      4905.20      322.175      8.85682
      4906.60      334.795      9.14146
      4908.00      319.708      8.91332
      4909.40      328.195      8.94342
      4910.80      309.701      8.69861
      4912.20      310.228      8.73052
      4913.60      317.922      8.83311
      4915.00      311.985      8.76460
      4916.40      316.596      8.75688
      4917.80      317.110      8.82778
      4919.20      308.964      8.68979
      4920.60      317.755      8.84555
      4922.00      312.009      8.54303
      4923.40      309.946      8.54542
      4924.80      319.700      8.68979
      4926.20      316.922      8.83989
      4927.60      323.215      9.08641
      4929.00      317.717      9.17789
      4930.40      329.400      9.03291
      4931.80      324.718      8.99358
      4933.20      326.877      8.94892
      4934.60      324.737      8.95580
      4936.00      328.884      9.05074
      4937.40      324.909      8.90677
      4938.80      319.916      8.76253
      4940.20      321.459      8.73126
      4941.60      319.638      8.71297
      4943.00      318.320      8.67320
      4944.40      312.450      8.63910
      4945.80      311.832      8.53382
      4947.20      320.463      8.65792
      4948.60      323.029      8.69497
      4950.00      319.084      8.65210
      4951.40      317.910      8.82011
      4952.80      318.688      8.75883
      4954.20      323.496      8.93038
      4955.60      332.711      9.06791
      4957.00      324.473      8.81298
      4958.40      307.915      8.39958
      4959.80      305.017      8.37948
      4961.20      311.701      8.61050
      4962.60      322.225      8.69121
      4964.00      322.832      8.64145
      4965.40      325.469      8.67243
      4966.80      322.488      8.70890
      4968.20      322.327      8.68288
      4969.60      320.836      8.71583
      4971.00      324.263      8.78369
      4972.40      328.876      8.85133
      4973.80      325.986      8.82013
      4975.20      328.942      8.95374
      4976.60      329.084      8.91949
      4978.00      325.917      8.73133
      4979.40      334.049      8.89242
      4980.80      330.066      8.94972
      4982.20      324.551      8.86704
      4983.60      311.901      8.53213
      4985.00      319.963      8.64182
      4986.40      315.551      8.63260
      4987.80      320.121      8.73921
      4989.20      322.466      8.76237
      4990.60      312.114      8.57265
      4992.00      302.536      8.44086
      4993.40      315.079      8.67122
      4994.80      295.706      8.56437
      4996.20      302.741      8.52547
      4997.60      316.514      8.51325
      4999.00      313.623      8.43563
