      3900.00      478.987      21.8844
      3901.40      482.860      22.0402
      3902.80      498.490      22.4381
      3904.20      508.791      22.8824
      3905.60      519.990      22.6752
      3907.00      583.238      23.9877
      3908.40      571.171      23.0915
      3909.80      546.390      22.1591
      3911.20      531.813      21.7190
      3912.60      532.706      21.8631
      3914.00      530.447      21.6382
      3915.40      574.282      22.4555
      3916.80      564.679      21.5863
      3918.20      555.036      21.5916
      3919.60      578.731      21.7224
      3921.00      584.844      21.5418
      3922.40      579.684      21.3400
      3923.80      600.022      21.6473
      3925.20      577.649      21.1884
      3926.60      581.025      21.3966
      3928.00      566.947      20.6429
      3929.40      503.728      19.3496
      3930.80      402.343      17.1626
      3932.20      294.611      15.2564
      3933.60      336.056      15.9914
      3935.00      510.945      19.2338
      3936.40      546.690      19.7421
      3937.80      581.491      20.5407
      3939.20      582.826      20.6625
      3940.60      542.033      20.0962
      3942.00      591.511      21.2075
      3943.40      572.602      20.6727
      3944.80      546.622      20.1625
      3946.20      583.087      20.7708
      3947.60      564.167      20.3641
      3949.00      547.398      19.9710
      3950.40      532.385      19.6321
      3951.80      555.747      19.9813
      3953.20      549.484      19.8550
      3954.60      515.584      19.4330
      3956.00      492.493      18.7958
      3957.40      476.579      18.8399
      3958.80      448.162      18.4842
      3960.20      458.798      18.8311
      3961.60      399.164      17.8334
      3963.00      364.853      17.5123
      3964.40      315.018      16.2998
      3965.80      236.049      14.7051
      3967.20      173.719      13.3726
      3968.60      134.172      13.0626
      3970.00      198.334      14.7017
      3971.40      278.980      17.0770
      3972.80      330.874      18.0433
      3974.20      359.486      18.4687
      3975.60      381.872      18.5040
      3977.00      409.212      18.8814
      3978.40      412.221      18.8443
      3979.80      432.317      18.7926
      3981.20      450.755      18.5388
      3982.60      491.190      18.9001
      3984.00      497.016      18.8277
      3985.40      544.156      19.4791
      3986.80      509.294      18.8255
      3988.20      490.098      18.5239
      3989.60      536.098      18.9620
      3991.00      547.975      19.0000
      3992.40      568.725      19.2952
      3993.80      541.260      18.6957
      3995.20      565.412      19.1335
      3996.60      546.394      18.8126
      3998.00      559.187      18.9879
      3999.40      576.840      19.1689
      4000.80      580.101      19.2490
      4002.20      579.688      19.0077
      4003.60      582.461      18.9598
      4005.00      563.660      18.8401
      4006.40      557.922      18.4989
      4007.80      585.438      19.1307
      4009.20      560.934      18.7971
      4010.60      571.380      19.1133
      4012.00      575.852      18.8486
      4013.40      577.637      18.7314
      4014.80      558.453      18.2686
      4016.20      598.694      19.3193
      4017.60      615.596      19.6317
      4019.00      640.655      20.1081
      4020.40      544.118      18.4137
      4021.80      589.491      19.0294
      4023.20      560.372      18.3422
      4024.60      567.345      18.3597
      4026.00      568.736      18.4305
      4027.40      576.727      18.5109
      4028.80      589.231      19.0675
      4030.20      557.509      18.2431
      4031.60      579.949      18.6252
      4033.00      570.340      18.5804
      4034.40      589.291      18.9355
      4035.80      578.577      18.9822
      4037.20      596.031      19.0800
      4038.60      579.412      18.8510
      4040.00      569.948      18.7282
      4041.40      578.333      18.8491
      4042.80      592.734      19.1900
      4044.20      545.803      18.3320
      4045.60      571.645      18.8567
      4047.00      584.536      19.4597
      4048.40      584.080      19.3853
      4049.80      539.582      18.7465
      4051.20      578.872      19.6174
      4052.60      555.540      19.1530
      4054.00      591.642      19.4136
      4055.40      570.216      19.0674
      4056.80      570.192      19.0702
      4058.20      570.632      19.4273
      4059.60      557.709      19.4456
      4061.00      564.432      19.0635
      4062.40      562.627      19.1012
      4063.80      549.667      19.1073
      4065.20      558.986      19.4832
      4066.60      534.621      18.6134
      4068.00      572.204      19.0188
      4069.40      542.972      18.4793
      4070.80      555.836      18.6961
      4072.20      546.048      18.7443
      4073.60      543.841      18.4845
      4075.00      504.993      17.6570
      4076.40      513.021      17.7213
      4077.80      506.790      17.5469
      4079.20      548.545      18.2506
      4080.60      505.690      18.1210
      4082.00      512.259      17.5166
      4083.40      499.634      16.9975
      4084.80      500.560      16.8874
      4086.20      501.511      16.9439
      4087.60      475.058      16.5186
      4089.00      445.497      16.0343
      4090.40      429.755      15.6810
      4091.80      435.084      15.6238
      4093.20      394.673      14.8179
      4094.60      337.196      14.0866
      4096.00      323.184      13.5146
      4097.40      297.743      12.9862
      4098.80      226.827      11.5759
      4100.20      158.439      10.3377
      4101.60      212.235      11.4574
      4103.00      279.680      12.6397
      4104.40      328.883      13.4944
      4105.80      353.672      13.8900
      4107.20      384.486      14.6843
      4108.60      380.949      14.5092
      4110.00      431.083      15.3809
      4111.40      448.004      15.8497
      4112.80      460.877      16.3279
      4114.20      464.479      16.4898
      4115.60      474.611      16.7506
      4117.00      481.685      16.5816
      4118.40      511.044      16.5003
      4119.80      523.685      16.6423
      4121.20      520.585      16.6338
      4122.60      525.857      16.7310
      4124.00      514.152      16.5093
      4125.40      516.075      16.5784
      4126.80      526.744      16.9121
      4128.20      514.703      16.9985
      4129.60      521.685      16.9748
      4131.00      522.625      17.1593
      4132.40      531.693      17.2467
      4133.80      535.879      17.3789
      4135.20      519.567      17.0313
      4136.60      535.528      16.9093
      4138.00      514.529      16.6805
      4139.40      527.690      16.9509
      4140.80      511.178      16.9309
      4142.20      497.566      16.9653
      4143.60      525.833      17.4272
      4145.00      531.794      16.7262
      4146.40      529.115      17.1075
      4147.80      535.257      16.7137
      4149.20      548.041      16.8722
      4150.60      520.578      16.4910
      4152.00      518.375      16.5922
      4153.40      532.353      16.6098
      4154.80      548.484      16.8444
      4156.20      534.893      16.3990
      4157.60      529.193      16.1612
      4159.00      538.818      16.4822
      4160.40      530.844      16.3027
      4161.80      523.571      16.1195
      4163.20      512.800      16.0817
      4164.60      522.576      16.1454
      4166.00      522.195      16.2009
      4167.40      529.782      16.0589
      4168.80      520.741      15.9841
      4170.20      535.734      16.1426
      4171.60      482.630      15.2275
      4173.00      513.053      15.6920
      4174.40      516.923      15.8109
      4175.80      544.694      16.3229
      4177.20      516.864      15.9830
      4178.60      530.934      16.0194
      4180.00      513.601      15.7625
      4181.40      545.776      16.3350
      4182.80      551.534      16.4148
      4184.20      529.391      16.0340
      4185.60      519.655      15.7253
      4187.00      547.869      16.1475
      4188.40      509.743      15.3735
      4189.80      524.661      15.7590
      4191.20      525.423      15.7799
      4192.60      526.915      16.0349
      4194.00      532.628      16.0565
      4195.40      529.237      15.6342
      4196.80      523.717      15.4755
      4198.20      529.453      15.6176
      4199.60      493.819      15.0768
      4201.00      497.341      15.1780
      4202.40      535.710      15.7465
      4203.80      524.444      15.6081
      4205.20      505.189      15.3361
      4206.60      516.236      15.4151
      4208.00      527.824      15.6210
      4209.40      527.594      15.7870
      4210.80      551.247      16.1289
      4212.20      516.518      15.6096
      4213.60      487.186      15.0189
      4215.00      520.706      15.5892
      4216.40      541.800      16.0193
      4217.80      528.808      15.6957
      4219.20      504.633      15.2141
      4220.60      514.209      15.4355
      4222.00      516.557      15.5598
      4223.40      493.920      14.9677
      4224.80      517.746      15.2478
      4226.20      523.200      15.2664
      4227.60      521.416      15.2143
      4229.00      533.883      15.4147
      4230.40      511.931      15.2070
      4231.80      502.692      14.9917
      4233.20      497.468      14.9734
      4234.60      501.930      15.0442
      4236.00      518.577      15.2473
      4237.40      513.824      15.0606
      4238.80      524.807      15.2774
      4240.20      520.376      15.3916
      4241.60      523.258      15.3107
      4243.00      511.661      15.1429
      4244.40      513.188      14.9399
      4245.80      492.835      14.5771
      4247.20      504.072      14.8670
      4248.60      497.198      14.7356
      4250.00      525.237      15.1374
      4251.40      526.332      15.1611
      4252.80      529.490      15.2591
      4254.20      521.787      15.0851
      4255.60      525.007      15.0752
      4257.00      508.980      14.7340
      4258.40      484.908      14.3756
      4259.80      485.236      14.4960
      4261.20      512.330      15.0013
      4262.60      521.061      15.2909
      4264.00      514.546      15.2787
      4265.40      518.939      14.9315
      4266.80      505.852      14.6935
      4268.20      493.970      14.5039
      4269.60      486.532      14.6006
      4271.00      479.011      14.2871
      4272.40      487.021      14.5142
      4273.80      498.146      14.7627
      4275.20      496.555      14.7580
      4276.60      513.444      15.0697
      4278.00      496.376      14.5635
      4279.40      507.280      14.6954
      4280.80      505.998      14.7332
      4282.20      501.844      14.5227
      4283.60      498.530      14.5457
      4285.00      511.432      14.7759
      4286.40      482.531      14.6614
      4287.80      466.724      14.0624
      4289.20      470.269      14.0856
      4290.60      488.598      14.4364
      4292.00      470.296      13.9541
      4293.40      478.432      14.0105
      4294.80      508.412      14.5782
      4296.20      489.128      14.2705
      4297.60      478.291      14.0609
      4299.00      470.780      13.9422
      4300.40      452.475      13.5896
      4301.80      466.241      13.7612
      4303.20      479.074      13.8992
      4304.60      482.012      14.0228
      4306.00      471.447      13.9052
      4307.40      454.206      13.6473
      4308.80      449.630      13.7920
      4310.20      466.793      14.1098
      4311.60      442.797      13.8967
      4313.00      444.947      13.9539
      4314.40      476.830      14.0621
      4315.80      454.421      13.6555
      4317.20      460.886      14.0054
      4318.60      454.464      13.8601
      4320.00      438.292      13.4098
      4321.40      445.813      13.4009
      4322.80      442.201      13.2304
      4324.20      383.094      12.1882
      4325.60      404.043      12.5431
      4327.00      412.552      12.9650
      4328.40      392.742      12.4521
      4329.80      387.774      12.1928
      4331.20      360.544      11.8220
      4332.60      334.612      11.3820
      4334.00      309.994      10.9646
      4335.40      264.878      10.1207
      4336.80      225.636      9.28041
      4338.20      188.402      8.54267
      4339.60      177.914      8.36286
      4341.00      207.066      8.87098
      4342.40      254.654      9.83883
      4343.80      302.884      10.6907
      4345.20      327.321      11.1443
      4346.60      362.890      11.9290
      4348.00      379.742      12.3523
      4349.40      372.826      11.9744
      4350.80      392.533      12.2116
      4352.20      419.735      12.6329
      4353.60      415.087      12.5504
      4355.00      447.192      13.2290
      4356.40      451.432      13.3746
      4357.80      458.249      13.7091
      4359.20      445.851      14.6997
      4360.60      452.748      14.2024
      4362.00      463.753      13.7180
      4363.40      481.406      13.6707
      4364.80      460.934      13.4489
      4366.20      477.122      13.7653
      4367.60      465.379      13.4112
      4369.00      465.404      13.7545
      4370.40      474.013      13.5751
      4371.80      459.865      13.3591
      4373.20      472.632      13.5501
      4374.60      472.073      13.4961
      4376.00      471.869      13.9231
      4377.40      470.175      13.8271
      4378.80      470.774      14.0100
      4380.20      457.100      13.5138
      4381.60      446.973      13.4122
      4383.00      436.491      13.1232
      4384.40      462.180      13.4041
      4385.80      464.112      13.5625
      4387.20      470.195      13.9310
      4388.60      467.676      13.6821
      4390.00      489.138      13.9307
      4391.40      473.239      13.6036
      4392.80      463.226      13.4639
      4394.20      458.044      13.3865
      4395.60      481.710      13.9167
      4397.00      459.543      13.4853
      4398.40      471.651      13.5650
      4399.80      456.728      13.3812
      4401.20      469.594      13.4275
      4402.60      472.367      13.5471
      4404.00      458.992      13.3542
      4405.40      467.634      13.6257
      4406.80      473.165      13.6519
      4408.20      472.834      13.7169
      4409.60      490.113      13.7702
      4411.00      487.752      13.7187
      4412.40      447.200      13.0402
      4413.80      454.210      13.1346
      4415.20      441.350      13.0008
      4416.60      471.183      13.5739
      4418.00      465.694      13.3559
      4419.40      459.824      13.1847
      4420.80      467.648      13.2424
      4422.20      470.699      13.2306
      4423.60      480.851      13.4881
      4425.00      473.971      13.5198
      4426.40      479.094      13.5527
      4427.80      475.913      13.3817
      4429.20      456.603      12.9823
      4430.60      450.393      12.9003
      4432.00      466.335      13.2144
      4433.40      461.094      13.0758
      4434.80      459.678      13.0722
      4436.20      449.816      12.9120
      4437.60      456.438      12.8688
      4439.00      459.824      12.9219
      4440.40      433.086      12.6822
      4441.80      433.489      12.5270
      4443.20      432.839      12.5695
      4444.60      447.160      12.8821
      4446.00      464.779      12.9882
      4447.40      452.041      12.8647
      4448.80      472.157      13.1298
      4450.20      464.120      13.0830
      4451.60      452.902      12.9026
      4453.00      444.767      12.7353
      4454.40      464.134      13.0508
      4455.80      460.060      13.3125
      4457.20      446.715      12.8922
      4458.60      461.548      13.0210
      4460.00      469.727      13.0941
      4461.40      448.015      12.7669
      4462.80      453.043      12.8986
      4464.20      448.730      12.7450
      4465.60      434.235      12.3700
      4467.00      428.809      12.4426
      4468.40      433.073      12.5980
      4469.80      440.508      12.5522
      4471.20      438.295      12.4504
      4472.60      452.028      12.6896
      4474.00      450.438      12.6724
      4475.40      453.366      12.6349
      4476.80      442.861      12.4787
      4478.20      443.737      12.4951
      4479.60      420.613      12.1054
      4481.00      433.358      12.2553
      4482.40      446.997      12.4756
      4483.80      449.426      12.5292
      4485.20      442.521      12.3247
      4486.60      435.603      12.2032
      4488.00      427.107      12.0388
      4489.40      428.441      12.1083
      4490.80      451.080      12.4978
      4492.20      460.629      12.6806
      4493.60      458.568      12.6739
      4495.00      462.512      12.7936
      4496.40      472.938      12.8190
      4497.80      464.549      12.6687
      4499.20      437.399      12.2409
      4500.60      436.120      12.2313
      4502.00      448.968      12.4336
      4503.40      454.230      12.6744
      4504.80      451.564      12.5881
      4506.20      447.919      12.5178
      4507.60      428.973      12.2321
      4509.00      446.701      12.7362
      4510.40      449.885      12.4488
      4511.80      445.832      12.5662
      4513.20      441.592      12.2804
      4514.60      430.651      12.1312
      4516.00      427.366      12.1920
      4517.40      436.620      12.6045
      4518.80      441.275      12.2585
      4520.20      435.919      12.1388
      4521.60      444.820      12.2086
      4523.00      451.189      12.5929
      4524.40      442.392      12.2154
      4525.80      437.348      12.1318
      4527.20      454.544      12.3551
      4528.60      438.895      12.1203
      4530.00      441.080      12.2943
      4531.40      440.330      12.3458
      4532.80      433.191      12.1027
      4534.20      449.317      12.3213
      4535.60      441.182      12.5188
      4537.00      446.604      12.8069
      4538.40      430.526      12.2691
      4539.80      439.621      12.3218
      4541.20      449.465      12.4078
      4542.60      454.410      12.6174
      4544.00      458.237      12.6993
      4545.40      426.117      12.3057
      4546.80      428.036      13.5184
      4548.20      416.882      14.1160
      4549.60      436.049      12.2407
      4551.00      459.553      12.5531
      4552.40      454.523      12.6669
      4553.80      446.939      12.3325
      4555.20      444.523      12.3810
      4556.60      462.986      12.6490
      4558.00      432.298      12.1838
      4559.40      426.448      12.2914
      4560.80      421.683      12.0637
      4562.20      429.500      11.9521
      4563.60      434.626      11.9420
      4565.00      440.934      12.0561
      4566.40      441.935      12.1662
      4567.80      456.946      12.3622
      4569.20      454.561      12.3981
      4570.60      433.272      12.0994
      4572.00      433.657      12.0869
      4573.40      456.553      12.3140
      4574.80      456.771      12.1712
      4576.20      435.719      11.7936
      4577.60      430.173      11.7546
      4579.00      452.206      12.0914
      4580.40      423.790      11.7124
      4581.80      413.225      11.6597
      4583.20      421.135      11.6031
      4584.60      427.357      11.8200
      4586.00      430.366      11.8654
      4587.40      431.603      11.9805
      4588.80      440.732      12.2033
      4590.20      438.507      12.2193
      4591.60      442.542      11.9928
      4593.00      440.815      11.7735
      4594.40      443.039      11.8119
      4595.80      433.446      11.6794
      4597.20      422.933      11.5614
      4598.60      451.999      12.0279
      4600.00      439.264      11.8137
      4601.40      447.232      11.9061
      4602.80      449.167      12.7149
      4604.20      436.903      12.2505
      4605.60      444.247      11.8744
      4607.00      443.378      11.8327
      4608.40      427.414      11.5174
      4609.80      434.098      11.6346
      4611.20      443.789      11.7949
      4612.60      437.337      11.7424
      4614.00      427.520      11.5733
      4615.40      424.780      11.5267
      4616.80      427.653      11.5451
      4618.20      434.507      11.6139
      4619.60      430.610      11.5308
      4621.00      424.810      11.4484
      4622.40      428.500      11.5348
      4623.80      430.969      11.5725
      4625.20      428.758      11.5379
      4626.60      427.817      11.8231
      4628.00      420.906      11.4304
      4629.40      426.464      11.6854
      4630.80      419.673      11.4998
      4632.20      415.865      11.3910
      4633.60      439.448      11.6967
      4635.00      433.456      11.6250
      4636.40      439.841      11.7343
      4637.80      436.681      11.9853
      4639.20      430.087      11.6268
      4640.60      427.495      11.7378
      4642.00      432.475      11.7277
      4643.40      429.985      11.7175
      4644.80      429.517      11.7667
      4646.20      429.852      11.5766
      4647.60      417.719      11.2698
      4649.00      439.589      11.8073
      4650.40      432.875      11.5129
      4651.80      422.900      11.4277
      4653.20      435.688      11.9749
      4654.60      428.581      11.7382
      4656.00      437.804      11.7724
      4657.40      434.876      11.7028
      4658.80      433.005      11.5569
      4660.20      411.306      11.1862
      4661.60      434.695      11.6354
      4663.00      426.163      11.4566
      4664.40      423.110      11.4076
      4665.80      428.370      11.5481
      4667.20      418.973      11.3011
      4668.60      439.218      11.6006
      4670.00      441.626      11.6974
      4671.40      430.304      11.6749
      4672.80      439.928      11.7782
      4674.20      440.267      11.5867
      4675.60      427.051      11.4361
      4677.00      416.192      11.2089
      4678.40      419.173      11.3193
      4679.80      429.222      11.5010
      4681.20      421.246      11.2547
      4682.60      423.061      11.3319
      4684.00      416.534      11.3421
      4685.40      410.674      11.3605
      4686.80      436.622      11.7565
      4688.20      430.039      11.3514
      4689.60      425.175      11.2681
      4691.00      409.370      11.0387
      4692.40      420.452      11.2328
      4693.80      414.958      11.1728
      4695.20      418.141      11.1309
      4696.60      413.523      11.0418
      4698.00      418.144      11.1915
      4699.40      409.488      11.1001
      4700.80      424.250      11.3760
      4702.20      408.282      11.1775
      4703.60      428.684      11.5563
      4705.00      426.885      11.5331
      4706.40      432.862      11.5238
      4707.80      418.240      11.2353
      4709.20      427.363      11.3802
      4710.60      426.092      11.3805
      4712.00      412.099      11.1291
      4713.40      417.876      11.2489
      4714.80      423.972      11.3799
      4716.20      418.401      11.3046
      4717.60      429.429      11.6182
      4719.00      424.763      11.4585
      4720.40      410.966      11.3606
      4721.80      420.010      11.5659
      4723.20      411.555      11.3197
      4724.60      411.956      11.3002
      4726.00      419.577      11.4108
      4727.40      430.442      11.6143
      4728.80      418.379      11.3954
      4730.20      411.469      11.2806
      4731.60      420.084      11.4344
      4733.00      414.188      11.3533
      4734.40      410.192      11.3376
      4735.80      413.929      11.4140
      4737.20      413.894      11.3546
      4738.60      411.253      11.3373
      4740.00      413.580      11.1531
      4741.40      418.330      11.1347
      4742.80      421.559      11.1944
      4744.20      409.106      10.9716
      4745.60      403.821      10.8315
      4747.00      397.129      10.7030
      4748.40      414.931      11.0165
      4749.80      417.094      11.0773
      4751.20      411.275      10.9583
      4752.60      411.549      10.8611
      4754.00      407.051      10.7585
      4755.40      408.908      10.7360
      4756.80      413.119      10.8201
      4758.20      428.774      11.1248
      4759.60      411.449      10.8395
      4761.00      402.713      10.6890
      4762.40      415.272      10.8559
      4763.80      384.221      10.3603
      4765.20      398.970      10.5595
      4766.60      414.038      10.9376
      4768.00      414.856      10.8180
      4769.40      415.240      10.9307
      4770.80      407.806      10.9216
      4772.20      396.425      10.5757
      4773.60      417.914      11.0576
      4775.00      423.504      10.9263
      4776.40      410.037      10.7389
      4777.80      408.492      10.7160
      4779.20      398.737      10.6022
      4780.60      414.699      10.8996
      4782.00      388.528      10.4220
      4783.40      397.163      10.4872
      4784.80      385.951      10.3289
      4786.20      412.036      10.7455
      4787.60      412.137      10.7930
      4789.00      404.674      10.6566
      4790.40      399.394      10.5598
      4791.80      399.408      10.6430
      4793.20      423.308      11.0734
      4794.60      398.068      10.7442
      4796.00      399.058      10.7314
      4797.40      398.209      10.5271
      4798.80      389.478      10.3712
      4800.20      400.446      10.5337
      4801.60      390.772      10.3863
      4803.00      408.012      10.8629
      4804.40      409.377      11.1097
      4805.80      386.374      10.3473
      4807.20      389.060      10.4016
      4808.60      397.398      10.4911
      4810.00      402.241      10.5272
      4811.40      399.472      10.5111
      4812.80      393.523      10.4195
      4814.20      386.233      10.2553
      4815.60      393.176      10.3519
      4817.00      403.713      10.5050
      4818.40      394.191      10.3937
      4819.80      383.671      10.2441
      4821.20      385.287      10.3175
      4822.60      377.726      10.2199
      4824.00      385.217      10.3206
      4825.40      387.687      10.5684
      4826.80      379.123      10.3800
      4828.20      389.581      10.5021
      4829.60      385.899      10.2720
      4831.00      374.350      10.0917
      4832.40      388.463      10.3120
      4833.80      382.544      10.5757
      4835.20      374.693      10.3237
      4836.60      362.174      9.96113
      4838.00      364.412      9.94495
      4839.40      367.270      10.2005
      4840.80      358.316      10.0204
      4842.20      355.235      9.92513
      4843.60      342.010      9.61314
      4845.00      343.726      9.81900
      4846.40      326.667      9.57320
      4847.80      328.223      9.45277
      4849.20      319.943      9.27986
      4850.60      307.993      9.03948
      4852.00      290.953      9.00546
      4853.40      280.017      8.75523
      4854.80      263.977      8.39875
      4856.20      235.792      8.00863
      4857.60      206.227      7.56665
      4859.00      147.450      6.51753
      4860.40      154.783      6.57649
      4861.80      198.772      7.36821
      4863.20      233.686      7.91220
      4864.60      254.414      8.28960
      4866.00      276.592      8.65594
      4867.40      297.751      9.02399
      4868.80      311.296      9.35631
      4870.20      315.574      9.45908
      4871.60      329.266      9.70816
      4873.00      322.148      9.62509
      4874.40      339.977      10.0383
      4875.80      345.747      10.1986
      4877.20      347.088      9.98473
      4878.60      366.314      10.1570
      4880.00      333.924      9.76661
      4881.40      358.563      9.98892
      4882.80      363.399      10.0796
      4884.20      369.062      10.1201
      4885.60      371.782      10.1070
      4887.00      366.763      10.0147
      4888.40      359.478      9.92080
      4889.80      362.929      9.98779
      4891.20      363.750      10.1528
      4892.60      373.101      10.1306
      4894.00      366.565      9.95900
      4895.40      371.782      10.0597
      4896.80      370.387      10.0087
      4898.20      374.897      10.0356
      4899.60      376.476      10.0081
      4901.00      359.454      9.72807
      4902.40      367.510      9.91039
      4903.80      355.078      9.65390
      4905.20      364.190      9.84027
      4906.60      380.454      10.0747
      4908.00      383.582      10.0594
      4909.40      372.464      9.85489
      4910.80      368.488      9.94664
      4912.20      378.243      10.2325
      4913.60      387.295      10.2102
      4915.00      373.877      10.1019
      4916.40      377.059      10.0199
      4917.80      365.000      9.78137
      4919.20      365.261      9.82598
      4920.60      363.065      9.77894
      4922.00      361.866      9.68537
      4923.40      345.357      9.37055
      4924.80      361.596      9.64330
      4926.20      377.939      9.93087
      4927.60      384.465      10.0051
      4929.00      378.489      9.92605
      4930.40      382.949      9.97708
      4931.80      376.409      9.87539
      4933.20      374.146      9.91830
      4934.60      381.426      10.0337
      4936.00      369.881      9.76972
      4937.40      358.076      9.57343
      4938.80      379.811      9.91135
      4940.20      373.921      9.93553
      4941.60      366.457      9.74329
      4943.00      371.875      9.81673
      4944.40      370.779      9.82909
      4945.80      367.985      9.91341
      4947.20      373.906      9.87886
      4948.60      368.224      9.77035
      4950.00      380.467      9.92773
      4951.40      374.172      9.88857
      4952.80      379.941      10.0845
      4954.20      368.071      9.95341
      4955.60      360.302      9.80048
      4957.00      372.792      9.91400
      4958.40      378.919      9.88543
      4959.80      375.194      9.88673
      4961.20      372.083      9.83395
      4962.60      369.825      9.80851
      4964.00      373.710      9.79402
      4965.40      350.051      9.46782
      4966.80      364.579      9.87298
      4968.20      369.688      9.91088
      4969.60      370.400      9.87342
      4971.00      372.745      9.72104
      4972.40      370.311      9.70293
      4973.80      373.547      9.74403
      4975.20      371.419      9.82803
      4976.60      370.936      9.85329
      4978.00      373.257      9.87645
      4979.40      373.219      9.87469
      4980.80      359.226      9.66321
      4982.20      354.438      9.56605
      4983.60      347.855      9.44210
      4985.00      361.720      9.75343
      4986.40      379.428      10.0551
      4987.80      380.472      9.96631
      4989.20      366.943      9.64967
      4990.60      359.856      9.51023
      4992.00      366.601      9.66883
      4993.40      367.925      9.65909
      4994.80      374.792      9.89073
      4996.20      371.589      9.69771
      4997.60      371.890      9.76530
      4999.00      359.460      9.52475
