      3900.00      100.672      9.72410
      3901.40      135.053      11.1495
      3902.80      109.751      11.0562
      3904.20      103.426      10.8598
      3905.60      108.869      10.2569
      3907.00      118.589      10.1145
      3908.40      115.099      10.1931
      3909.80      117.403      10.6758
      3911.20      103.867      9.59779
      3912.60      105.638      9.72274
      3914.00      106.130      9.77767
      3915.40      125.175      10.7729
      3916.80      117.177      10.6868
      3918.20      132.651      10.8966
      3919.60      126.870      10.4076
      3921.00      115.994      10.0887
      3922.40      122.745      10.2797
      3923.80      123.804      10.2937
      3925.20      103.869      9.41788
      3926.60      103.423      9.49093
      3928.00      119.005      9.56099
      3929.40      89.4210      8.63788
      3930.80      62.3169      7.78070
      3932.20      12.1193      6.02620
      3933.60      34.5734      6.68132
      3935.00      73.8011      7.95848
      3936.40      89.8507      8.61368
      3937.80      102.978      9.24356
      3939.20      98.1988      8.85536
      3940.60      111.117      9.15442
      3942.00      113.253      9.11088
      3943.40      124.725      9.64721
      3944.80      114.707      9.37403
      3946.20      126.800      9.63985
      3947.60      127.751      9.67318
      3949.00      93.2923      8.57213
      3950.40      114.012      9.19687
      3951.80      114.924      9.20413
      3953.20      107.202      8.94554
      3954.60      98.2131      8.89610
      3956.00      102.865      9.18579
      3957.40      101.242      9.52674
      3958.80      97.5356      8.81421
      3960.20      101.667      8.61084
      3961.60      104.834      8.63000
      3963.00      93.4523      8.29610
      3964.40      57.8819      7.26271
      3965.80      47.1355      6.85456
      3967.20      17.5866      5.89567
      3968.60      40.1912      6.58499
      3970.00      48.1015      6.66765
      3971.40      84.0502      7.92451
      3972.80      109.581      8.68040
      3974.20      87.0845      8.02198
      3975.60      107.908      8.86261
      3977.00      87.7585      8.39334
      3978.40      112.308      8.80689
      3979.80      109.513      8.60592
      3981.20      101.887      8.34842
      3982.60      103.277      8.64975
      3984.00      118.194      9.32981
      3985.40      114.233      9.64877
      3986.80      109.218      8.56147
      3988.20      117.383      8.66291
      3989.60      117.530      8.72759
      3991.00      117.415      8.83423
      3992.40      124.615      8.88232
      3993.80      118.361      8.61814
      3995.20      128.645      8.92623
      3996.60      132.390      8.90252
      3998.00      126.179      8.82903
      3999.40      126.239      8.83820
      4000.80      119.315      9.19980
      4002.20      115.164      8.38036
      4003.60      100.686      7.96772
      4005.00      112.309      8.38550
      4006.40      120.557      8.59616
      4007.80      139.372      9.25063
      4009.20      119.884      8.86300
      4010.60      129.901      8.98081
      4012.00      130.274      8.73810
      4013.40      121.766      8.79007
      4014.80      122.606      8.62954
      4016.20      118.105      8.68275
      4017.60      123.451      8.93916
      4019.00      117.036      8.85581
      4020.40      110.184      8.52698
      4021.80      119.726      8.51925
      4023.20      111.721      8.22788
      4024.60      114.242      8.28235
      4026.00      109.295      8.05432
      4027.40      124.122      8.46652
      4028.80      122.428      8.51434
      4030.20      111.156      8.25436
      4031.60      109.765      8.29498
      4033.00      117.835      8.42950
      4034.40      118.663      8.53042
      4035.80      109.957      8.22037
      4037.20      117.111      8.24377
      4038.60      122.438      8.91319
      4040.00      135.318      8.89987
      4041.40      130.327      9.37491
      4042.80      113.894      8.66037
      4044.20      109.673      7.98979
      4045.60      102.491      8.09487
      4047.00      124.087      8.91665
      4048.40      131.226      9.58786
      4049.80      137.507      9.19191
      4051.20      124.638      9.27237
      4052.60      123.169      9.48656
      4054.00      127.147      8.79507
      4055.40      104.836      7.98349
      4056.80      106.280      7.84842
      4058.20      132.657      8.35356
      4059.60      124.842      8.34543
      4061.00      123.941      8.21824
      4062.40      99.9548      7.85003
      4063.80      106.453      8.86210
      4065.20      113.556      9.93239
      4066.60      101.967      9.00906
      4068.00      103.526      8.30963
      4069.40      124.596      8.28031
      4070.80      112.597      7.82944
      4072.20      134.331      8.57083
      4073.60      117.982      8.28327
      4075.00      118.331      7.97919
      4076.40      99.1144      7.40558
      4077.80      115.808      8.01801
      4079.20      115.512      8.25785
      4080.60      111.358      8.64326
      4082.00      102.953      7.69651
      4083.40      111.956      7.86225
      4084.80      103.748      7.70533
      4086.20      107.599      7.80290
      4087.60      114.443      7.90085
      4089.00      117.870      7.97237
      4090.40      107.923      7.55436
      4091.80      111.962      7.64669
      4093.20      111.764      7.80622
      4094.60      97.3305      7.64562
      4096.00      94.1844      7.56873
      4097.40      94.4263      7.36868
      4098.80      73.3307      6.71316
      4100.20      46.9619      6.03434
      4101.60      59.6026      6.35752
      4103.00      83.8846      6.95519
      4104.40      90.9505      6.96854
      4105.80      91.6753      7.05268
      4107.20      92.1339      7.38823
      4108.60      88.9850      7.30101
      4110.00      93.2934      7.45499
      4111.40      93.4768      7.55808
      4112.80      114.265      8.17198
      4114.20      114.476      7.94945
      4115.60      114.571      7.54493
      4117.00      122.367      7.75412
      4118.40      116.004      7.62332
      4119.80      107.685      7.35921
      4121.20      127.310      7.83045
      4122.60      121.975      7.73797
      4124.00      130.630      8.04100
      4125.40      112.803      7.54296
      4126.80      117.705      7.55465
      4128.20      123.840      7.78295
      4129.60      110.798      7.51847
      4131.00      124.509      7.79217
      4132.40      106.139      7.44305
      4133.80      104.362      7.42244
      4135.20      100.948      7.53855
      4136.60      108.363      7.93784
      4138.00      124.527      8.25089
      4139.40      114.560      7.60746
      4140.80      124.586      7.71519
      4142.20      100.152      7.10980
      4143.60      116.015      7.48479
      4145.00      120.513      7.58418
      4146.40      110.567      7.28814
      4147.80      110.722      7.22221
      4149.20      117.651      7.43072
      4150.60      119.267      7.45641
      4152.00      107.155      7.02938
      4153.40      103.008      7.00111
      4154.80      120.036      7.54923
      4156.20      123.135      7.67479
      4157.60      109.093      7.23539
      4159.00      105.338      7.10368
      4160.40      116.113      7.35445
      4161.80      107.151      7.34095
      4163.20      126.830      7.82334
      4164.60      116.482      7.41937
      4166.00      121.585      7.47024
      4167.40      129.620      7.74120
      4168.80      128.412      7.81330
      4170.20      107.068      7.16608
      4171.60      96.9338      6.77576
      4173.00      111.560      7.28081
      4174.40      114.862      7.62658
      4175.80      114.409      7.45948
      4177.20      107.779      7.24739
      4178.60      126.767      7.87629
      4180.00      122.757      7.84323
      4181.40      113.227      7.34519
      4182.80      111.162      7.02236
      4184.20      107.939      6.92089
      4185.60      123.327      7.40695
      4187.00      116.385      7.28127
      4188.40      108.340      6.99563
      4189.80      121.566      7.35298
      4191.20      122.046      7.38579
      4192.60      106.305      7.05030
      4194.00      101.040      6.84587
      4195.40      119.097      7.28758
      4196.80      106.710      7.03306
      4198.20      119.660      7.18781
      4199.60      110.522      6.98333
      4201.00      111.226      7.16870
      4202.40      121.197      7.48510
      4203.80      135.253      7.95229
      4205.20      115.393      7.44855
      4206.60      109.462      7.50168
      4208.00      102.658      7.37731
      4209.40      116.825      7.67303
      4210.80      118.995      7.68701
      4212.20      124.505      7.62855
      4213.60      108.469      7.17275
      4215.00      103.863      6.91921
      4216.40      106.464      6.88960
      4217.80      112.220      6.86553
      4219.20      118.661      7.08286
      4220.60      111.043      7.06201
      4222.00      114.634      7.35148
      4223.40      111.985      7.20335
      4224.80      110.114      6.84870
      4226.20      100.462      6.58517
      4227.60      110.944      7.01003
      4229.00      106.733      6.93025
      4230.40      108.973      6.88352
      4231.80      116.568      6.90681
      4233.20      103.578      6.65668
      4234.60      117.784      7.07364
      4236.00      94.9283      6.55063
      4237.40      108.911      6.95513
      4238.80      107.540      7.11274
      4240.20      109.610      6.98549
      4241.60      113.138      6.92276
      4243.00      118.510      7.06276
      4244.40      110.786      6.90277
      4245.80      97.0707      6.72824
      4247.20      102.353      6.79368
      4248.60      94.6519      6.44683
      4250.00      107.791      6.72775
      4251.40      107.433      6.88991
      4252.80      107.090      6.82884
      4254.20      105.956      6.96339
      4255.60      113.973      7.05192
      4257.00      116.458      6.95159
      4258.40      112.334      6.89020
      4259.80      114.257      7.04649
      4261.20      108.791      6.86447
      4262.60      116.065      6.80149
      4264.00      116.793      6.87089
      4265.40      116.513      6.91510
      4266.80      116.451      7.32847
      4268.20      111.328      6.94946
      4269.60      104.424      6.79208
      4271.00      100.099      6.78758
      4272.40      99.4028      6.86559
      4273.80      105.226      7.11213
      4275.20      115.385      7.43343
      4276.60      102.353      6.94000
      4278.00      109.086      7.22653
      4279.40      109.378      6.62735
      4280.80      118.012      6.89605
      4282.20      114.238      7.05755
      4283.60      121.184      7.40585
      4285.00      117.124      6.98684
      4286.40      110.679      6.53519
      4287.80      107.209      6.70105
      4289.20      92.1930      6.62067
      4290.60      100.417      6.85048
      4292.00      113.458      6.92723
      4293.40      115.675      6.79718
      4294.80      106.679      6.75007
      4296.20      97.0496      6.70515
      4297.60      100.159      6.68477
      4299.00      99.0912      6.45972
      4300.40      103.222      6.53183
      4301.80      100.450      7.02981
      4303.20      97.7285      6.68379
      4304.60      90.5536      6.28468
      4306.00      107.905      6.48871
      4307.40      107.082      6.81772
      4308.80      108.885      6.59431
      4310.20      103.840      6.43919
      4311.60      106.448      6.47027
      4313.00      96.6890      6.26722
      4314.40      109.751      6.87861
      4315.80      115.741      7.28092
      4317.20      111.913      6.72740
      4318.60      108.931      6.56778
      4320.00      103.221      6.36567
      4321.40      109.256      6.64475
      4322.80      95.6851      6.28600
      4324.20      92.4336      6.05309
      4325.60      93.0807      6.05474
      4327.00      103.584      6.78943
      4328.40      97.0897      6.47158
      4329.80      97.6541      6.15099
      4331.20      91.4398      6.08630
      4332.60      89.9584      6.43311
      4334.00      88.9746      6.58696
      4335.40      75.1446      5.84883
      4336.80      58.1317      5.32963
      4338.20      57.0775      5.44110
      4339.60      51.0416      5.45900
      4341.00      64.3558      5.66937
      4342.40      76.6510      5.71667
      4343.80      87.6425      6.00066
      4345.20      104.861      6.55734
      4346.60      100.302      6.67881
      4348.00      84.0234      6.52452
      4349.40      98.8045      6.60828
      4350.80      82.0891      5.76174
      4352.20      98.5914      6.17528
      4353.60      113.766      6.47077
      4355.00      120.046      6.78879
      4356.40      110.254      6.68396
      4357.80      121.601      7.22145
      4359.20      102.159      7.47721
      4360.60      105.150      7.32538
      4362.00      116.851      7.12640
      4363.40      104.944      6.41601
      4364.80      104.570      6.68811
      4366.20      94.7478      6.12912
      4367.60      99.7514      6.10151
      4369.00      102.943      6.29054
      4370.40      108.319      6.31359
      4371.80      109.815      6.45389
      4373.20      97.7926      6.13132
      4374.60      90.5104      5.90184
      4376.00      100.067      6.15360
      4377.40      110.352      6.38451
      4378.80      106.735      6.20431
      4380.20      109.990      6.41969
      4381.60      110.982      6.47658
      4383.00      93.5445      6.08172
      4384.40      112.292      6.47353
      4385.80      118.909      6.52753
      4387.20      97.2913      5.97000
      4388.60      116.603      6.48817
      4390.00      112.736      6.39607
      4391.40      103.477      6.12023
      4392.80      91.7132      5.79308
      4394.20      96.1612      6.36664
      4395.60      111.035      6.79088
      4397.00      100.315      6.37336
      4398.40      105.190      6.43745
      4399.80      94.9527      6.30902
      4401.20      108.337      6.73859
      4402.60      108.711      6.56290
      4404.00      102.009      6.13653
      4405.40      109.265      6.26234
      4406.80      122.749      6.61040
      4408.20      118.514      7.04754
      4409.60      112.514      7.37967
      4411.00      116.384      7.30096
      4412.40      121.426      7.01686
      4413.80      97.9653      6.08859
      4415.20      102.074      6.17576
      4416.60      104.298      6.16073
      4418.00      99.8135      6.04125
      4419.40      102.964      6.08720
      4420.80      103.345      6.44307
      4422.20      110.545      6.35571
      4423.60      99.5485      6.18875
      4425.00      104.787      6.38738
      4426.40      104.404      6.33126
      4427.80      102.666      6.24434
      4429.20      103.620      6.39392
      4430.60      101.147      6.67271
      4432.00      101.212      6.89708
      4433.40      104.682      6.36089
      4434.80      101.114      5.94346
      4436.20      103.224      6.35278
      4437.60      107.954      6.46780
      4439.00      104.123      6.23102
      4440.40      92.7839      5.77431
      4441.80      105.454      6.05561
      4443.20      97.3879      5.91327
      4444.60      117.746      6.39298
      4446.00      97.9615      6.00492
      4447.40      118.935      6.66508
      4448.80      102.424      6.28840
      4450.20      115.627      6.68074
      4451.60      120.754      6.79246
      4453.00      93.8671      6.12825
      4454.40      106.426      6.09502
      4455.80      113.906      6.22950
      4457.20      100.392      5.93005
      4458.60      105.532      6.01949
      4460.00      105.048      5.95595
      4461.40      108.834      6.04903
      4462.80      103.095      5.92168
      4464.20      103.497      6.09128
      4465.60      100.365      6.20195
      4467.00      102.477      6.38717
      4468.40      105.811      6.43331
      4469.80      93.7817      5.91468
      4471.20      102.541      6.03868
      4472.60      112.283      6.33267
      4474.00      104.595      6.09692
      4475.40      110.225      6.19251
      4476.80      111.493      6.13811
      4478.20      105.741      5.93278
      4479.60      103.408      5.81186
      4481.00      106.447      5.84204
      4482.40      102.672      5.84809
      4483.80      104.423      6.02238
      4485.20      88.0190      5.54733
      4486.60      100.638      5.78625
      4488.00      101.106      5.86153
      4489.40      97.3142      5.82703
      4490.80      114.400      6.18623
      4492.20      95.2421      5.82088
      4493.60      118.179      6.34961
      4495.00      101.575      5.95536
      4496.40      105.071      5.91684
      4497.80      101.938      5.93455
      4499.20      112.234      6.32943
      4500.60      104.849      6.16084
      4502.00      106.400      5.98784
      4503.40      111.691      6.01912
      4504.80      116.295      6.12228
      4506.20      104.316      5.83748
      4507.60      95.4561      5.68652
      4509.00      110.759      6.01644
      4510.40      109.738      5.97768
      4511.80      103.283      5.82152
      4513.20      116.481      6.10757
      4514.60      117.935      6.23713
      4516.00      95.3312      5.62305
      4517.40      116.476      6.08881
      4518.80      103.157      5.75127
      4520.20      101.375      5.72328
      4521.60      98.0742      5.67677
      4523.00      97.5695      5.88550
      4524.40      96.9701      5.75915
      4525.80      92.0653      5.59549
      4527.20      101.691      5.72708
      4528.60      101.323      5.73246
      4530.00      105.987      5.79805
      4531.40      99.1989      5.73848
      4532.80      93.7760      5.51916
      4534.20      90.9700      5.50648
      4535.60      102.432      5.69591
      4537.00      111.245      5.94553
      4538.40      102.235      5.94039
      4539.80      92.1014      5.78052
      4541.20      109.186      6.18021
      4542.60      108.116      6.15794
      4544.00      96.0942      5.97930
      4545.40      96.7745      6.00443
      4546.80      94.4518      5.56897
      4548.20      93.6677      5.50797
      4549.60      95.6818      5.58201
      4551.00      105.270      5.80285
      4552.40      106.310      5.77137
      4553.80      94.4669      5.54002
      4555.20      106.040      5.92130
      4556.60      117.989      6.23426
      4558.00      109.560      5.99741
      4559.40      114.387      6.05681
      4560.80      106.820      5.77866
      4562.20      94.0900      5.46098
      4563.60      83.9297      5.20834
      4565.00      100.526      5.57206
      4566.40      111.385      5.94324
      4567.80      104.617      5.93105
      4569.20      105.097      5.87690
      4570.60      92.9462      5.43110
      4572.00      94.7080      5.43536
      4573.40      103.604      5.79619
      4574.80      101.916      5.85035
      4576.20      108.505      5.96267
      4577.60      103.135      5.74629
      4579.00      107.160      5.79157
      4580.40      98.7562      5.55798
      4581.80      111.010      5.88113
      4583.20      104.692      5.69212
      4584.60      101.219      5.58625
      4586.00      112.315      5.74503
      4587.40      98.3195      5.46364
      4588.80      103.164      5.80198
      4590.20      109.191      5.89053
      4591.60      92.6803      5.47107
      4593.00      103.935      5.82127
      4594.40      103.749      5.87034
      4595.80      106.549      5.72552
      4597.20      97.3115      5.42605
      4598.60      96.2384      5.45364
      4600.00      106.269      5.75153
      4601.40      104.799      5.66011
      4602.80      100.600      5.53242
      4604.20      107.460      5.77206
      4605.60      107.284      5.88819
      4607.00      97.9233      5.64570
      4608.40      103.012      5.58794
      4609.80      104.307      5.60653
      4611.20      98.3764      5.54015
      4612.60      99.8705      5.73972
      4614.00      102.140      5.64766
      4615.40      97.4865      5.43461
      4616.80      100.434      5.47869
      4618.20      101.962      5.50481
      4619.60      101.048      5.69152
      4621.00      104.861      5.85738
      4622.40      98.3389      5.76984
      4623.80      96.3094      5.56359
      4625.20      98.6988      5.56431
      4626.60      92.5393      5.48982
      4628.00      96.1778      5.46987
      4629.40      96.8219      5.53447
      4630.80      102.498      5.54809
      4632.20      99.0278      5.62593
      4633.60      103.042      5.70777
      4635.00      101.092      5.64582
      4636.40      96.2164      5.42495
      4637.80      101.807      5.52828
      4639.20      103.423      5.49978
      4640.60      111.038      5.71563
      4642.00      97.4118      5.37721
      4643.40      101.898      6.27619
      4644.80      102.742      5.80563
      4646.20      94.9533      5.41613
      4647.60      91.1035      5.21855
      4649.00      99.8035      5.62547
      4650.40      105.001      5.99703
      4651.80      115.494      6.09685
      4653.20      110.960      5.84764
      4654.60      102.079      5.59083
      4656.00      99.2682      5.41281
      4657.40      100.026      5.36517
      4658.80      106.675      5.58458
      4660.20      100.205      5.48983
      4661.60      102.036      5.97530
      4663.00      102.119      6.05589
      4664.40      100.442      5.90380
      4665.80      93.8804      5.30791
      4667.20      88.6352      5.13807
      4668.60      89.8354      5.25968
      4670.00      88.6934      5.35708
      4671.40      104.322      5.60659
      4672.80      105.215      5.53876
      4674.20      105.193      5.52383
      4675.60      94.6906      5.27576
      4677.00      105.394      5.51329
      4678.40      81.2036      5.00768
      4679.80      106.004      5.59410
      4681.20      104.785      5.62269
      4682.60      103.997      5.74441
      4684.00      110.858      5.91669
      4685.40      100.418      5.55309
      4686.80      98.9539      5.51340
      4688.20      98.1934      5.36956
      4689.60      93.2099      5.25733
      4691.00      97.8334      5.30714
      4692.40      104.317      5.47963
      4693.80      104.192      5.42931
      4695.20      106.501      5.45380
      4696.60      111.009      5.74649
      4698.00      96.7222      5.39213
      4699.40      106.989      5.50576
      4700.80      95.9262      6.06932
      4702.20      103.598      6.63655
      4703.60      100.147      6.49877
      4705.00      99.1873      6.46096
      4706.40      81.0249      5.21492
      4707.80      94.3884      5.25381
      4709.20      97.7128      5.32659
      4710.60      97.8505      5.29671
      4712.00      100.506      5.34108
      4713.40      100.496      5.34105
      4714.80      96.4646      5.31550
      4716.20      99.2463      5.32654
      4717.60      97.9985      5.33272
      4719.00      97.4238      5.28211
      4720.40      101.735      5.44711
      4721.80      101.502      5.58392
      4723.20      104.881      5.71497
      4724.60      100.233      5.54425
      4726.00      104.279      5.56353
      4727.40      95.9002      5.27379
      4728.80      99.1984      5.25205
      4730.20      97.2815      5.23227
      4731.60      95.8474      5.26028
      4733.00      104.175      5.41478
      4734.40      98.4696      5.40166
      4735.80      99.1628      5.37755
      4737.20      104.384      5.45626
      4738.60      93.9165      5.19636
      4740.00      113.347      5.81745
      4741.40      111.306      5.65411
      4742.80      104.056      5.41993
      4744.20      104.620      5.44569
      4745.60      105.197      5.53665
      4747.00      103.663      5.55079
      4748.40      96.2665      5.30944
      4749.80      88.1481      5.09781
      4751.20      93.1996      5.14930
      4752.60      97.5237      5.17646
      4754.00      100.084      5.28198
      4755.40      101.090      5.34354
      4756.80      93.4906      5.19542
      4758.20      96.2309      5.21642
      4759.60      89.5538      5.01114
      4761.00      91.9179      5.04603
      4762.40      100.582      5.39400
      4763.80      100.246      5.81022
      4765.20      103.351      5.39998
      4766.60      98.9151      5.23752
      4768.00      99.3766      5.21900
      4769.40      94.2370      5.11106
      4770.80      103.177      5.31623
      4772.20      102.296      5.31940
      4773.60      101.994      5.27140
      4775.00      98.0841      5.19145
      4776.40      95.9603      5.29482
      4777.80      97.4598      5.28937
      4779.20      101.792      5.30006
      4780.60      101.264      5.29990
      4782.00      99.3675      5.23830
      4783.40      101.217      5.27789
      4784.80      90.8600      5.11402
      4786.20      102.604      5.28072
      4787.60      99.1587      5.23495
      4789.00      111.432      5.66822
      4790.40      105.060      5.50642
      4791.80      107.677      5.42433
      4793.20      98.1190      5.18395
      4794.60      89.1889      4.97571
      4796.00      97.1186      5.33657
      4797.40      96.9217      5.68535
      4798.80      94.8980      5.49419
      4800.20      96.5071      5.17146
      4801.60      97.9739      5.11381
      4803.00      99.5514      5.20317
      4804.40      93.4296      5.00705
      4805.80      92.5163      4.95602
      4807.20      104.943      5.35654
      4808.60      98.6141      5.22945
      4810.00      105.568      5.64960
      4811.40      99.7473      5.45984
      4812.80      99.4848      5.24781
      4814.20      107.838      5.40808
      4815.60      101.491      5.16167
      4817.00      85.8128      4.93212
      4818.40      95.0294      5.23994
      4819.80      96.7783      5.34025
      4821.20      93.8131      5.50441
      4822.60      92.4365      5.23534
      4824.00      93.7494      5.25403
      4825.40      98.4709      5.23804
      4826.80      95.1634      5.08022
      4828.20      99.5926      5.39941
      4829.60      104.698      5.49098
      4831.00      110.649      5.66176
      4832.40      98.8688      5.34462
      4833.80      90.5446      5.17352
      4835.20      93.4568      5.25770
      4836.60      93.8639      5.11408
      4838.00      90.6005      5.01701
      4839.40      94.6000      5.16032
      4840.80      89.5916      5.25473
      4842.20      81.0867      4.94078
      4843.60      82.6087      4.90838
      4845.00      92.5391      5.45906
      4846.40      92.9419      5.69715
      4847.80      77.1451      5.15028
      4849.20      93.7086      5.21796
      4850.60      91.5104      5.10453
      4852.00      83.8633      5.00478
      4853.40      63.6450      4.44496
      4854.80      79.1959      4.87381
      4856.20      75.1070      5.00536
      4857.60      62.4636      4.78973
      4859.00      55.0564      4.24027
      4860.40      41.3849      3.81871
      4861.80      64.9301      4.48717
      4863.20      82.4642      4.91658
      4864.60      81.7840      4.91708
      4866.00      85.4647      4.93234
      4867.40      83.0015      4.92193
      4868.80      90.3060      5.21240
      4870.20      88.4588      5.33688
      4871.60      84.2508      5.48116
      4873.00      89.6377      5.47261
      4874.40      86.5174      5.08534
      4875.80      90.0941      5.12464
      4877.20      91.2912      5.28460
      4878.60      91.3641      5.51859
      4880.00      97.0422      5.36718
      4881.40      91.6491      5.11265
      4882.80      91.3668      5.16703
      4884.20      80.4708      5.17858
      4885.60      89.8358      5.25875
      4887.00      89.6690      5.01361
      4888.40      76.6677      4.72210
      4889.80      82.8975      5.11861
      4891.20      97.7081      5.45966
      4892.60      89.9017      5.07404
      4894.00      86.2022      4.89356
      4895.40      95.7245      5.27412
      4896.80      89.4003      5.05570
      4898.20      83.9932      4.78911
      4899.60      93.8338      4.97795
      4901.00      91.4747      5.31391
      4902.40      88.7291      5.38781
      4903.80      94.8879      5.15656
      4905.20      96.7246      5.10271
      4906.60      100.355      5.15433
      4908.00      83.4034      4.76520
      4909.40      93.8642      5.07534
      4910.80      97.4748      5.21852
      4912.20      88.6831      5.04979
      4913.60      90.6885      5.16968
      4915.00      92.7216      5.25494
      4916.40      92.8909      5.04728
      4917.80      90.5252      5.08027
      4919.20      89.6413      4.97099
      4920.60      92.7327      4.92481
      4922.00      80.7369      4.66866
      4923.40      82.7988      4.69392
      4924.80      91.7380      4.93644
      4926.20      85.7475      4.84934
      4927.60      87.7700      5.20743
      4929.00      91.3206      5.02239
      4930.40      84.2271      4.78748
      4931.80      85.9771      4.91360
      4933.20      83.5244      5.13299
      4934.60      88.6580      5.27166
      4936.00      86.6680      4.99183
      4937.40      87.8175      4.83464
      4938.80      93.0597      4.93842
      4940.20      91.0040      4.85562
      4941.60      98.8827      5.03353
      4943.00      94.4721      4.96063
      4944.40      90.6492      4.86987
      4945.80      102.860      5.10156
      4947.20      96.7338      4.98336
      4948.60      88.9941      4.89722
      4950.00      95.5718      4.97265
      4951.40      89.2758      4.80712
      4952.80      99.1101      5.02889
      4954.20      93.2910      4.96205
      4955.60      77.6972      4.66751
      4957.00      88.6706      4.78527
      4958.40      89.2258      4.80476
      4959.80      94.5702      4.96279
      4961.20      94.9147      5.01583
      4962.60      85.1137      4.95563
      4964.00      89.2451      5.22500
      4965.40      86.1900      5.15002
      4966.80      91.5407      5.01634
      4968.20      98.7303      4.97365
      4969.60      95.6671      4.86506
      4971.00      100.961      5.03366
      4972.40      89.3276      4.78934
      4973.80      91.0506      4.85196
      4975.20      93.1808      5.15320
      4976.60      94.4991      4.89157
      4978.00      88.6164      4.79372
      4979.40      90.4294      4.82324
      4980.80      94.9514      4.92143
      4982.20      91.3113      4.91569
      4983.60      81.7432      4.86068
      4985.00      91.6684      5.18544
      4986.40      91.0376      5.20613
      4987.80      85.5717      4.87086
      4989.20      92.1302      4.80695
      4990.60      82.8142      4.62497
      4992.00      89.5289      4.79815
      4993.40      95.2552      4.91840
      4994.80      92.0899      4.83298
      4996.20      94.8563      4.89391
      4997.60      89.9451      5.04755
      4999.00      84.5064      4.60837
