      3900.00      574.388      18.3494
      3901.40      618.367      19.2919
      3902.80      684.310      20.7022
      3904.20      687.638      20.6782
      3905.60      658.927      20.0735
      3907.00      722.919      21.5015
      3908.40      745.647      21.9472
      3909.80      743.180      21.8825
      3911.20      732.698      21.6341
      3912.60      666.661      20.2110
      3914.00      624.182      19.3582
      3915.40      706.081      21.0462
      3916.80      711.991      21.1345
      3918.20      705.037      20.9907
      3919.60      730.669      21.5912
      3921.00      723.885      21.3894
      3922.40      720.838      21.2322
      3923.80      722.887      21.5198
      3925.20      756.415      21.9325
      3926.60      732.037      21.3713
      3928.00      731.220      21.3751
      3929.40      631.659      19.0936
      3930.80      609.704      18.5769
      3932.20      467.877      15.2999
      3933.60      297.155      11.4888
      3935.00      467.436      14.9372
      3936.40      658.382      19.5692
      3937.80      711.753      20.8817
      3939.20      725.499      21.6803
      3940.60      726.081      21.3925
      3942.00      726.037      21.1750
      3943.40      739.752      21.3408
      3944.80      714.967      20.8065
      3946.20      734.916      21.2248
      3947.60      725.676      21.6184
      3949.00      734.884      21.1806
      3950.40      722.559      20.8793
      3951.80      698.656      20.3778
      3953.20      673.578      19.7869
      3954.60      675.592      19.8607
      3956.00      639.626      19.0803
      3957.40      620.756      18.6635
      3958.80      638.281      19.0124
      3960.20      593.973      17.9586
      3961.60      572.929      19.3049
      3963.00      537.987      16.6654
      3964.40      515.020      16.1486
      3965.80      413.832      13.7661
      3967.20      276.884      10.4838
      3968.60      153.731      7.75751
      3970.00      156.267      7.62526
      3971.40      282.374      10.6517
      3972.80      369.354      12.7496
      3974.20      469.779      14.9831
      3975.60      469.337      14.9709
      3977.00      539.648      16.5046
      3978.40      583.869      17.5528
      3979.80      600.819      18.0067
      3981.20      606.422      18.0632
      3982.60      645.396      19.2686
      3984.00      677.475      19.4717
      3985.40      677.105      19.4343
      3986.80      700.056      19.9354
      3988.20      690.736      19.7543
      3989.60      694.977      20.0167
      3991.00      697.337      19.8793
      3992.40      695.627      19.7757
      3993.80      693.065      19.7140
      3995.20      705.089      19.9733
      3996.60      700.355      19.8533
      3998.00      684.720      19.6277
      3999.40      704.081      20.1153
      4000.80      694.186      19.8676
      4002.20      718.439      20.2466
      4003.60      684.996      19.4527
      4005.00      662.138      18.9546
      4006.40      695.764      19.7358
      4007.80      710.283      20.1034
      4009.20      711.125      20.8372
      4010.60      728.389      20.5164
      4012.00      702.196      19.8783
      4013.40      700.942      19.7908
      4014.80      727.894      20.3134
      4016.20      707.861      19.8850
      4017.60      717.522      20.0624
      4019.00      732.986      20.3970
      4020.40      732.813      20.4468
      4021.80      680.401      19.2457
      4023.20      708.391      19.8534
      4024.60      665.939      18.9450
      4026.00      713.024      20.0182
      4027.40      708.360      19.9760
      4028.80      667.190      19.0560
      4030.20      698.470      19.5815
      4031.60      713.338      19.9032
      4033.00      718.283      19.9933
      4034.40      681.038      19.1788
      4035.80      699.223      19.5666
      4037.20      727.537      20.1805
      4038.60      733.907      20.3910
      4040.00      708.875      19.8837
      4041.40      720.976      20.0687
      4042.80      703.389      19.6773
      4044.20      681.865      19.1888
      4045.60      676.064      19.1040
      4047.00      665.669      18.9999
      4048.40      711.150      19.9835
      4049.80      730.817      20.2686
      4051.20      707.161      19.6943
      4052.60      678.153      19.0311
      4054.00      677.175      18.9604
      4055.40      689.384      19.3438
      4056.80      679.018      19.2436
      4058.20      679.364      19.2170
      4059.60      681.773      19.8910
      4061.00      683.258      19.4145
      4062.40      661.931      18.9303
      4063.80      675.447      19.1854
      4065.20      681.721      19.1342
      4066.60      689.089      19.2617
      4068.00      699.539      19.5036
      4069.40      708.659      19.6669
      4070.80      655.724      18.4384
      4072.20      640.210      18.0466
      4073.60      675.140      18.8664
      4075.00      673.691      18.8877
      4076.40      649.647      18.2861
      4077.80      618.227      17.5799
      4079.20      644.245      18.1187
      4080.60      674.831      18.8818
      4082.00      672.640      18.7737
      4083.40      645.602      18.1506
      4084.80      656.656      18.3655
      4086.20      629.431      17.8867
      4087.60      641.042      18.1971
      4089.00      633.804      18.3411
      4090.40      618.436      17.5415
      4091.80      580.065      16.6893
      4093.20      568.320      16.4609
      4094.60      522.932      15.6117
      4096.00      477.393      14.5394
      4097.40      435.569      13.4908
      4098.80      386.920      12.3452
      4100.20      296.661      10.2027
      4101.60      220.492      8.58952
      4103.00      244.690      9.08269
      4104.40      361.745      11.6654
      4105.80      461.976      13.9631
      4107.20      491.046      14.6371
      4108.60      516.499      15.1237
      4110.00      561.580      16.1238
      4111.40      597.344      16.9401
      4112.80      608.404      17.3444
      4114.20      622.902      17.7455
      4115.60      625.205      17.9834
      4117.00      626.598      17.5082
      4118.40      639.014      17.9886
      4119.80      656.517      18.2529
      4121.20      631.519      17.6793
      4122.60      646.227      17.9277
      4124.00      635.568      17.8182
      4125.40      653.435      18.5544
      4126.80      674.427      18.5345
      4128.20      655.872      18.1200
      4129.60      647.663      17.9242
      4131.00      633.902      17.6399
      4132.40      645.754      17.8619
      4133.80      648.980      18.0235
      4135.20      663.515      18.4082
      4136.60      665.960      18.3961
      4138.00      648.153      17.9452
      4139.40      672.621      18.6010
      4140.80      649.712      18.2300
      4142.20      634.010      17.7632
      4143.60      627.331      17.4356
      4145.00      645.750      17.7911
      4146.40      657.796      18.3872
      4147.80      661.563      18.3697
      4149.20      657.809      18.1940
      4150.60      658.041      18.4286
      4152.00      658.376      18.0727
      4153.40      652.042      17.8741
      4154.80      649.086      17.9274
      4156.20      647.267      18.3737
      4157.60      643.366      17.7710
      4159.00      648.450      17.8325
      4160.40      657.798      18.0478
      4161.80      616.550      17.1643
      4163.20      636.576      17.5939
      4164.60      638.033      17.6140
      4166.00      656.430      18.0306
      4167.40      660.217      18.1010
      4168.80      656.895      17.9844
      4170.20      670.032      18.2558
      4171.60      622.956      17.2052
      4173.00      605.497      16.7888
      4174.40      616.579      17.0344
      4175.80      620.896      17.2622
      4177.20      625.807      17.5316
      4178.60      621.320      17.1310
      4180.00      652.337      17.8085
      4181.40      644.301      17.6160
      4182.80      654.339      17.8138
      4184.20      637.057      17.4412
      4185.60      631.738      17.3095
      4187.00      605.431      16.7156
      4188.40      624.379      17.1065
      4189.80      650.391      17.6825
      4191.20      643.604      17.5380
      4192.60      662.308      17.9357
      4194.00      646.008      17.6138
      4195.40      633.554      17.3704
      4196.80      643.388      17.6109
      4198.20      625.485      17.2936
      4199.60      646.620      17.8006
      4201.00      631.869      17.4213
      4202.40      624.516      17.1954
      4203.80      629.986      17.2294
      4205.20      639.022      17.4042
      4206.60      667.644      18.0317
      4208.00      645.500      17.5546
      4209.40      632.767      17.2435
      4210.80      637.742      17.3434
      4212.20      660.058      17.8590
      4213.60      646.031      17.5504
      4215.00      622.463      17.0180
      4216.40      601.970      16.5514
      4217.80      634.495      17.2524
      4219.20      628.237      17.1094
      4220.60      614.019      16.8188
      4222.00      615.919      16.8349
      4223.40      632.273      17.1838
      4224.80      629.531      17.1171
      4226.20      606.167      16.5621
      4227.60      599.081      16.4293
      4229.00      628.142      17.0668
      4230.40      647.159      17.5146
      4231.80      608.728      16.6562
      4233.20      605.229      16.5842
      4234.60      622.013      16.9248
      4236.00      619.103      16.8493
      4237.40      635.961      17.2200
      4238.80      644.353      17.4087
      4240.20      620.322      16.9356
      4241.60      630.938      17.2012
      4243.00      637.978      17.3116
      4244.40      626.652      17.0115
      4245.80      616.158      16.7929
      4247.20      570.419      15.8953
      4248.60      615.160      16.8164
      4250.00      620.083      16.8418
      4251.40      586.864      16.0942
      4252.80      617.901      16.8583
      4254.20      629.197      17.2147
      4255.60      628.696      17.1971
      4257.00      619.363      16.9364
      4258.40      626.723      17.0040
      4259.80      612.508      16.6569
      4261.20      593.446      16.2370
      4262.60      619.436      16.7902
      4264.00      661.096      17.7406
      4265.40      655.788      17.6048
      4266.80      627.541      16.9985
      4268.20      623.081      16.8877
      4269.60      617.017      16.7825
      4271.00      593.538      16.2961
      4272.40      570.809      15.8152
      4273.80      603.168      16.4981
      4275.20      615.985      16.7663
      4276.60      649.557      17.5894
      4278.00      642.690      17.4686
      4279.40      630.892      17.0815
      4280.80      624.009      16.8412
      4282.20      595.751      16.2365
      4283.60      599.718      16.3163
      4285.00      631.599      17.0079
      4286.40      609.558      16.5283
      4287.80      607.123      16.5192
      4289.20      574.945      15.9026
      4290.60      587.420      16.0883
      4292.00      599.425      16.3051
      4293.40      607.353      16.4894
      4294.80      576.064      15.7954
      4296.20      589.328      16.8432
      4297.60      582.959      16.1959
      4299.00      586.293      16.0857
      4300.40      565.592      15.6024
      4301.80      568.030      15.6340
      4303.20      560.200      15.4376
      4304.60      607.385      16.4162
      4306.00      621.584      16.7196
      4307.40      581.471      15.8378
      4308.80      601.026      16.2763
      4310.20      608.099      16.4290
      4311.60      599.580      16.2748
      4313.00      572.188      15.7625
      4314.40      554.738      15.4361
      4315.80      561.458      15.5722
      4317.20      564.637      16.4622
      4318.60      570.440      15.6664
      4320.00      576.724      15.7504
      4321.40      563.778      15.4862
      4322.80      586.944      16.0565
      4324.20      560.829      15.4835
      4325.60      512.303      14.4585
      4327.00      549.283      15.2324
      4328.40      542.805      15.0603
      4329.80      534.997      14.8728
      4331.20      498.845      14.0891
      4332.60      507.007      14.2767
      4334.00      471.636      13.4226
      4335.40      443.486      12.8205
      4336.80      375.245      11.3276
      4338.20      321.339      10.5614
      4339.60      222.372      8.50034
      4341.00      208.140      7.82309
      4342.40      294.429      9.46189
      4343.80      376.438      11.3158
      4345.20      415.426      12.2900
      4346.60      484.670      13.8894
      4348.00      497.041      14.3073
      4349.40      512.022      14.7015
      4350.80      494.432      13.9104
      4352.20      505.763      14.2336
      4353.60      529.974      14.8132
      4355.00      567.545      15.5182
      4356.40      584.333      15.8200
      4357.80      560.689      15.5320
      4359.20      590.417      16.3929
      4360.60      583.438      15.9833
      4362.00      598.010      16.1665
      4363.40      578.975      15.8502
      4364.80      586.262      16.0498
      4366.20      605.423      16.4176
      4367.60      575.792      15.6368
      4369.00      595.631      16.0260
      4370.40      599.856      16.1110
      4371.80      581.692      15.7127
      4373.20      590.935      15.9085
      4374.60      565.699      15.3222
      4376.00      553.243      15.0946
      4377.40      598.756      16.1762
      4378.80      598.608      16.1098
      4380.20      584.275      15.7739
      4381.60      604.189      16.1745
      4383.00      578.473      15.6186
      4384.40      547.149      14.9936
      4385.80      580.795      15.7728
      4387.20      584.782      15.9130
      4388.60      611.973      16.4747
      4390.00      612.716      16.4370
      4391.40      595.752      16.0206
      4392.80      597.842      15.9951
      4394.20      555.179      15.0664
      4395.60      531.232      14.5602
      4397.00      581.311      15.6551
      4398.40      585.991      15.7783
      4399.80      569.941      15.4554
      4401.20      578.809      15.6755
      4402.60      597.036      16.0552
      4404.00      556.048      15.1042
      4405.40      578.844      15.5478
      4406.80      571.750      15.4170
      4408.20      578.200      15.5792
      4409.60      589.357      15.9193
      4411.00      589.665      15.8803
      4412.40      590.792      15.8365
      4413.80      555.441      15.0609
      4415.20      562.781      15.1998
      4416.60      554.894      15.0400
      4418.00      560.383      15.1587
      4419.40      574.358      15.6292
      4420.80      575.544      15.5722
      4422.20      579.174      15.7026
      4423.60      590.164      15.9086
      4425.00      586.339      15.8958
      4426.40      590.331      16.0441
      4427.80      579.207      15.6861
      4429.20      580.387      15.5706
      4430.60      586.946      15.6916
      4432.00      576.902      15.4746
      4433.40      577.509      15.5180
      4434.80      583.884      15.6935
      4436.20      573.414      15.7538
      4437.60      581.760      15.7089
      4439.00      588.439      15.7122
      4440.40      571.464      15.3521
      4441.80      576.007      15.4612
      4443.20      553.668      15.0359
      4444.60      562.462      15.2563
      4446.00      569.685      15.3999
      4447.40      583.709      15.6328
      4448.80      571.292      15.3291
      4450.20      552.089      14.9171
      4451.60      577.423      15.4499
      4453.00      584.581      15.5978
      4454.40      566.079      15.2137
      4455.80      576.476      15.4777
      4457.20      579.112      15.5630
      4458.60      572.548      15.3794
      4460.00      566.491      15.1514
      4461.40      573.324      15.3232
      4462.80      571.902      15.2811
      4464.20      553.719      14.9175
      4465.60      566.619      15.6160
      4467.00      561.814      15.1138
      4468.40      530.416      14.3649
      4469.80      526.465      14.2604
      4471.20      562.860      15.0791
      4472.60      547.806      14.7954
      4474.00      552.667      14.9054
      4475.40      566.402      15.1487
      4476.80      569.603      15.2010
      4478.20      583.357      15.4989
      4479.60      571.313      15.2385
      4481.00      504.686      13.8476
      4482.40      540.646      14.6341
      4483.80      548.244      14.7366
      4485.20      568.560      15.1516
      4486.60      571.536      15.2305
      4488.00      555.645      14.8859
      4489.40      560.353      14.9822
      4490.80      556.533      14.9582
      4492.20      570.116      15.3153
      4493.60      559.233      15.0385
      4495.00      560.436      14.9915
      4496.40      580.808      15.4260
      4497.80      568.593      15.2596
      4499.20      560.191      15.0012
      4500.60      516.401      14.0397
      4502.00      532.478      14.3805
      4503.40      556.708      14.8927
      4504.80      557.609      14.9152
      4506.20      568.904      15.1357
      4507.60      561.402      14.9577
      4509.00      548.336      14.6692
      4510.40      568.177      15.1196
      4511.80      559.244      14.9288
      4513.20      547.166      14.6597
      4514.60      549.998      14.7341
      4516.00      550.934      14.8034
      4517.40      568.002      15.2047
      4518.80      561.937      15.0156
      4520.20      542.460      14.5544
      4521.60      532.599      14.3340
      4523.00      555.166      14.8108
      4524.40      556.635      14.8600
      4525.80      558.421      14.9746
      4527.20      550.738      14.7794
      4528.60      535.971      14.4022
      4530.00      537.868      14.4261
      4531.40      541.185      14.4936
      4532.80      511.524      13.8653
      4534.20      513.390      13.8976
      4535.60      555.092      14.7722
      4537.00      565.575      15.0119
      4538.40      562.524      14.9706
      4539.80      555.058      14.8805
      4541.20      547.786      14.6762
      4542.60      515.256      13.9348
      4544.00      542.273      14.5123
      4545.40      540.757      14.5146
      4546.80      544.376      14.5679
      4548.20      527.271      14.1709
      4549.60      488.089      13.3654
      4551.00      522.685      14.1232
      4552.40      549.572      14.6755
      4553.80      541.218      14.4611
      4555.20      526.734      14.1411
      4556.60      516.199      13.9168
      4558.00      521.109      14.0223
      4559.40      521.607      14.7229
      4560.80      541.207      14.4375
      4562.20      521.494      13.9989
      4563.60      506.737      13.6699
      4565.00      524.494      14.0627
      4566.40      539.569      14.4178
      4567.80      541.861      14.5602
      4569.20      561.540      14.9160
      4570.60      540.502      14.4120
      4572.00      522.845      14.0184
      4573.40      536.230      14.2783
      4574.80      540.110      14.3703
      4576.20      555.069      14.6890
      4577.60      527.073      14.0865
      4579.00      543.305      14.4549
      4580.40      543.114      14.4232
      4581.80      551.012      14.6013
      4583.20      503.532      13.5729
      4584.60      515.293      13.8057
      4586.00      527.960      14.0956
      4587.40      527.102      14.0946
      4588.80      525.915      14.0372
      4590.20      528.909      14.0935
      4591.60      533.167      14.1902
      4593.00      536.174      14.2580
      4594.40      546.677      14.4886
      4595.80      550.024      14.5505
      4597.20      545.617      14.4502
      4598.60      543.049      14.3882
      4600.00      547.926      14.5003
      4601.40      541.689      14.3494
      4602.80      548.963      14.4958
      4604.20      552.152      14.5711
      4605.60      525.484      13.9945
      4607.00      520.484      13.8690
      4608.40      550.092      14.5265
      4609.80      545.588      14.4394
      4611.20      540.104      14.3203
      4612.60      535.113      14.2232
      4614.00      515.066      13.7853
      4615.40      531.330      14.1250
      4616.80      532.930      14.1508
      4618.20      507.250      13.6003
      4619.60      524.859      13.9673
      4621.00      537.717      14.2435
      4622.40      545.871      14.4238
      4623.80      554.914      14.6241
      4625.20      552.183      14.5535
      4626.60      539.304      14.2771
      4628.00      533.913      14.1659
      4629.40      505.242      13.5298
      4630.80      521.545      13.8785
      4632.20      524.009      13.9398
      4633.60      522.748      13.9151
      4635.00      544.802      14.4089
      4636.40      533.163      14.2070
      4637.80      537.749      14.2737
      4639.20      531.224      14.1122
      4640.60      525.937      13.9800
      4642.00      526.277      13.9807
      4643.40      547.497      14.4319
      4644.80      531.988      14.1022
      4646.20      518.702      13.8588
      4647.60      530.940      14.1336
      4649.00      521.095      13.8995
      4650.40      537.690      14.2160
      4651.80      514.755      13.7047
      4653.20      529.677      14.0166
      4654.60      523.213      13.8764
      4656.00      509.938      13.6103
      4657.40      524.001      13.9155
      4658.80      529.612      14.0396
      4660.20      524.190      13.9287
      4661.60      536.364      14.3346
      4663.00      529.335      14.2828
      4664.40      535.719      14.1726
      4665.80      531.775      14.0690
      4667.20      499.986      13.3678
      4668.60      518.095      13.7853
      4670.00      520.699      13.8532
      4671.40      520.504      13.8242
      4672.80      523.369      13.8886
      4674.20      528.834      14.0649
      4675.60      527.014      14.0713
      4677.00      517.270      13.7503
      4678.40      515.529      13.6906
      4679.80      517.115      13.7347
      4681.20      516.003      13.9125
      4682.60      515.413      13.8850
      4684.00      505.415      13.5300
      4685.40      501.861      13.4558
      4686.80      522.033      13.8630
      4688.20      524.443      13.8754
      4689.60      523.676      13.8478
      4691.00      518.183      13.7378
      4692.40      529.076      13.9594
      4693.80      503.912      13.6803
      4695.20      506.017      13.6521
      4696.60      505.785      13.4593
      4698.00      506.636      13.4794
      4699.40      510.039      13.7918
      4700.80      504.776      13.7873
      4702.20      501.071      13.3973
      4703.60      518.094      13.7351
      4705.00      515.639      13.6697
      4706.40      509.067      13.5252
      4707.80      511.342      13.7837
      4709.20      517.110      13.7264
      4710.60      516.632      13.8998
      4712.00      513.917      13.8878
      4713.40      513.001      13.5857
      4714.80      514.513      13.6129
      4716.20      511.813      13.5542
      4717.60      510.727      13.5864
      4719.00      509.323      13.6155
      4720.40      508.224      13.5019
      4721.80      512.169      14.3209
      4723.20      521.551      13.7682
      4724.60      514.702      13.6290
      4726.00      510.000      13.5312
      4727.40      506.956      13.4690
      4728.80      513.793      13.6152
      4730.20      511.199      13.5568
      4731.60      502.906      13.3562
      4733.00      498.986      13.2625
      4734.40      512.929      13.5724
      4735.80      512.901      13.5690
      4737.20      508.769      13.4719
      4738.60      512.035      13.5488
      4740.00      515.660      13.6290
      4741.40      514.292      13.6001
      4742.80      501.333      13.3267
      4744.20      505.544      13.4213
      4745.60      497.858      13.2458
      4747.00      495.240      13.1852
      4748.40      490.725      13.0890
      4749.80      496.636      13.3751
      4751.20      500.285      13.9037
      4752.60      507.839      13.5787
      4754.00      512.174      13.5474
      4755.40      493.130      13.1353
      4756.80      511.842      13.5222
      4758.20      521.499      13.7502
      4759.60      498.829      13.2728
      4761.00      500.731      13.2883
      4762.40      514.618      13.5603
      4763.80      502.287      13.2926
      4765.20      500.006      13.2238
      4766.60      496.695      13.1553
      4768.00      502.485      13.2823
      4769.40      505.455      13.3672
      4770.80      500.869      13.2893
      4772.20      491.511      13.0903
      4773.60      504.613      13.3402
      4775.00      513.368      13.5378
      4776.40      505.282      13.3664
      4777.80      497.051      13.1899
      4779.20      491.916      13.0682
      4780.60      499.695      13.2265
      4782.00      495.620      13.1305
      4783.40      492.965      13.0703
      4784.80      489.106      12.9799
      4786.20      507.603      13.3787
      4787.60      485.572      12.9963
      4789.00      483.807      13.0847
      4790.40      495.517      13.2662
      4791.80      500.582      13.2643
      4793.20      492.729      13.0578
      4794.60      502.625      13.3138
      4796.00      480.003      12.7898
      4797.40      489.056      12.9723
      4798.80      496.797      13.1331
      4800.20      511.372      13.4855
      4801.60      488.007      12.9942
      4803.00      496.686      13.1496
      4804.40      488.989      12.9733
      4805.80      483.908      12.8637
      4807.20      491.114      13.0161
      4808.60      484.319      12.9664
      4810.00      497.370      13.4973
      4811.40      498.257      13.1772
      4812.80      485.590      12.9021
      4814.20      507.738      13.3843
      4815.60      482.708      12.8472
      4817.00      487.235      13.1964
      4818.40      489.485      13.2709
      4819.80      494.913      13.1145
      4821.20      496.734      13.1648
      4822.60      477.686      12.7719
      4824.00      467.336      12.5453
      4825.40      489.879      13.0023
      4826.80      488.565      12.9621
      4828.20      471.913      12.6115
      4829.60      466.595      12.4988
      4831.00      484.611      12.9314
      4832.40      480.506      12.9562
      4833.80      467.915      12.7813
      4835.20      475.334      13.2217
      4836.60      462.390      12.4683
      4838.00      470.736      12.5990
      4839.40      479.316      12.7892
      4840.80      456.874      12.3506
      4842.20      483.037      12.9535
      4843.60      461.326      12.4787
      4845.00      462.236      12.4687
      4846.40      445.791      12.0950
      4847.80      444.160      12.0858
      4849.20      434.004      11.8445
      4850.60      422.182      11.6108
      4852.00      422.171      11.6484
      4853.40      396.161      11.0189
      4854.80      378.841      10.6599
      4856.20      355.673      10.1707
      4857.60      329.149      9.58014
      4859.00      280.631      8.48196
      4860.40      195.866      6.52651
      4861.80      163.091      6.03705
      4863.20      240.510      7.87495
      4864.60      300.562      9.21306
      4866.00      353.328      10.2857
      4867.40      376.044      10.6863
      4868.80      393.202      11.2973
      4870.20      411.285      11.5216
      4871.60      405.817      11.5533
      4873.00      416.709      11.5167
      4874.40      434.564      11.9470
      4875.80      443.110      12.1655
      4877.20      437.621      12.0931
      4878.60      445.149      12.4944
      4880.00      448.408      12.2406
      4881.40      449.436      12.2474
      4882.80      455.317      12.3764
      4884.20      455.595      12.7239
      4885.60      456.929      12.3652
      4887.00      465.274      12.5410
      4888.40      467.032      12.5834
      4889.80      469.820      12.6310
      4891.20      452.554      12.2519
      4892.60      460.203      12.4023
      4894.00      466.272      12.7839
      4895.40      474.693      12.8673
      4896.80      467.472      12.5461
      4898.20      457.157      12.3067
      4899.60      458.832      12.4040
      4901.00      462.501      12.4833
      4902.40      459.585      12.3465
      4903.80      475.108      12.6564
      4905.20      470.969      12.5901
      4906.60      466.321      12.4955
      4908.00      469.928      12.5392
      4909.40      478.410      12.7026
      4910.80      471.249      12.5464
      4912.20      471.865      12.5503
      4913.60      453.219      12.2761
      4915.00      469.609      12.8305
      4916.40      472.718      12.6300
      4917.80      459.440      12.2797
      4919.20      452.190      12.1241
      4920.60      445.441      11.9466
      4922.00      447.378      11.9980
      4923.40      449.272      12.0275
      4924.80      452.736      12.0981
      4926.20      456.207      12.1647
      4927.60      445.810      11.9387
      4929.00      460.557      12.2622
      4930.40      468.289      12.4362
      4931.80      472.457      12.5276
      4933.20      475.523      12.6037
      4934.60      451.295      12.1079
      4936.00      462.843      12.3412
      4937.40      450.122      12.0397
      4938.80      467.717      12.4035
      4940.20      476.475      12.6098
      4941.60      480.034      12.7222
      4943.00      477.933      12.6297
      4944.40      469.013      12.4360
      4945.80      465.923      12.3711
      4947.20      445.046      11.9050
      4948.60      451.710      12.0507
      4950.00      466.165      12.3639
      4951.40      467.742      12.4248
      4952.80      470.644      12.5215
      4954.20      467.498      12.4470
      4955.60      465.171      12.3682
      4957.00      450.436      12.0307
      4958.40      437.432      11.7662
      4959.80      471.520      12.4983
      4961.20      466.397      12.3676
      4962.60      471.302      12.5612
      4964.00      475.702      12.7318
      4965.40      454.456      12.1807
      4966.80      462.450      12.2476
      4968.20      465.392      12.3125
      4969.60      464.227      12.3838
      4971.00      456.288      12.2474
      4972.40      456.120      12.2271
      4973.80      454.890      12.2332
      4975.20      462.696      12.4226
      4976.60      461.309      12.3362
      4978.00      449.472      12.0196
      4979.40      446.882      12.0467
      4980.80      449.512      12.2892
      4982.20      454.001      12.0630
      4983.60      455.662      12.1216
      4985.00      454.513      12.0876
      4986.40      462.286      12.2339
      4987.80      461.432      12.2251
      4989.20      458.468      12.1567
      4990.60      441.297      11.8181
      4992.00      436.427      11.7108
      4993.40      463.612      12.2397
      4994.80      457.220      12.0954
      4996.20      453.590      12.0194
      4997.60      448.393      11.8955
      4999.00      449.890      11.9193
