      3900.00      439.392      18.8688
      3901.40      474.430      19.0059
      3902.80      462.287      19.1423
      3904.20      471.206      19.8991
      3905.60      490.573      20.6287
      3907.00      498.966      20.4491
      3908.40      504.024      20.1029
      3909.80      507.219      20.3908
      3911.20      480.199      20.4042
      3912.60      532.692      22.0883
      3914.00      590.406      24.5923
      3915.40      606.292      25.5752
      3916.80      540.335      20.7675
      3918.20      536.691      18.5040
      3919.60      578.878      18.7287
      3921.00      546.898      18.3807
      3922.40      526.530      18.3731
      3923.80      545.221      18.6682
      3925.20      547.034      18.3124
      3926.60      530.812      17.5810
      3928.00      538.899      17.6497
      3929.40      545.803      17.7222
      3930.80      543.057      17.4265
      3932.20      490.913      16.2370
      3933.60      429.099      15.2474
      3935.00      362.908      14.1001
      3936.40      249.696      11.7508
      3937.80      109.128      9.07444
      3939.20      156.919      10.0640
      3940.60      337.391      13.9339
      3942.00      464.445      16.4470
      3943.40      486.960      16.6940
      3944.80      529.741      17.3813
      3946.20      538.095      17.7500
      3947.60      541.959      18.1171
      3949.00      531.218      17.7880
      3950.40      541.820      17.4964
      3951.80      551.613      17.9583
      3953.20      528.464      17.0145
      3954.60      530.867      17.0536
      3956.00      541.258      17.2718
      3957.40      537.694      17.5100
      3958.80      569.942      17.7434
      3960.20      517.707      16.6624
      3961.60      531.710      16.9001
      3963.00      546.151      17.1245
      3964.40      533.523      17.2712
      3965.80      498.813      16.8464
      3967.20      479.643      16.4867
      3968.60      463.434      16.2135
      3970.00      365.855      14.6640
      3971.40      245.038      12.7075
      3972.80      124.248      10.8442
      3974.20      148.222      12.2038
      3975.60      222.617      14.2992
      3977.00      334.435      16.7514
      3978.40      467.483      18.6586
      3979.80      464.098      17.6835
      3981.20      497.465      17.7144
      3982.60      487.504      17.1078
      3984.00      527.112      17.7071
      3985.40      537.721      17.4874
      3986.80      509.526      16.6492
      3988.20      541.155      17.1874
      3989.60      540.905      17.4470
      3991.00      567.751      17.8051
      3992.40      549.127      17.0481
      3993.80      537.631      16.8146
      3995.20      578.548      17.7044
      3996.60      582.504      17.7330
      3998.00      573.110      17.3425
      3999.40      570.006      16.9999
      4000.80      553.357      16.4922
      4002.20      537.044      16.1817
      4003.60      566.040      16.6115
      4005.00      575.560      16.6456
      4006.40      562.025      16.5955
      4007.80      590.093      16.9515
      4009.20      547.571      16.4274
      4010.60      512.646      15.7526
      4012.00      602.140      17.0704
      4013.40      602.331      16.9971
      4014.80      583.273      16.7373
      4016.20      558.973      16.4861
      4017.60      576.553      16.7622
      4019.00      576.471      16.7152
      4020.40      579.970      16.6830
      4021.80      591.491      17.0585
      4023.20      590.439      16.9558
      4024.60      603.055      17.2886
      4026.00      582.844      16.7143
      4027.40      594.533      16.7675
      4028.80      565.102      16.2688
      4030.20      550.432      15.9103
      4031.60      557.021      16.1385
      4033.00      583.396      16.8086
      4034.40      558.161      16.3575
      4035.80      523.002      15.8437
      4037.20      528.244      15.6954
      4038.60      558.260      16.1137
      4040.00      564.525      16.2986
      4041.40      586.363      17.1578
      4042.80      594.291      17.3765
      4044.20      582.594      17.3052
      4045.60      598.891      17.2185
      4047.00      616.531      17.6701
      4048.40      558.016      16.6963
      4049.80      530.399      16.1221
      4051.20      552.014      16.4175
      4052.60      600.954      17.1279
      4054.00      612.810      17.7321
      4055.40      605.754      17.4485
      4056.80      591.049      17.2138
      4058.20      576.413      16.7749
      4059.60      573.706      16.9939
      4061.00      562.079      16.7711
      4062.40      553.644      16.7286
      4063.80      603.722      17.5178
      4065.20      609.938      17.6802
      4066.60      595.846      17.5689
      4068.00      537.781      16.5348
      4069.40      538.824      16.6818
      4070.80      563.627      17.2684
      4072.20      546.722      16.9845
      4073.60      566.384      17.0944
      4075.00      584.662      17.1750
      4076.40      542.112      16.6196
      4077.80      563.861      16.8122
      4079.20      581.720      16.9490
      4080.60      558.532      16.2512
      4082.00      495.349      15.2199
      4083.40      539.136      15.9866
      4084.80      548.765      16.0189
      4086.20      581.496      16.7410
      4087.60      564.283      16.2220
      4089.00      575.025      16.3673
      4090.40      551.521      15.9815
      4091.80      541.057      15.6299
      4093.20      554.682      15.7383
      4094.60      558.955      15.7703
      4096.00      547.971      15.6175
      4097.40      534.481      15.3017
      4098.80      534.953      15.1434
      4100.20      499.981      14.5003
      4101.60      488.818      14.2830
      4103.00      496.426      14.3007
      4104.40      389.991      12.4686
      4105.80      292.402      10.9944
      4107.20      266.929      10.7986
      4108.60      407.921      13.0757
      4110.00      463.157      13.8841
      4111.40      456.262      13.7381
      4112.80      492.314      14.4158
      4114.20      499.080      14.5847
      4115.60      517.789      14.8858
      4117.00      557.348      15.3628
      4118.40      550.644      15.1904
      4119.80      559.098      15.3081
      4121.20      569.295      15.4624
      4122.60      556.385      15.3563
      4124.00      552.774      15.3714
      4125.40      542.386      15.2037
      4126.80      537.843      15.0360
      4128.20      556.649      15.4101
      4129.60      556.101      15.3203
      4131.00      581.883      15.7841
      4132.40      562.411      15.4730
      4133.80      571.822      15.6928
      4135.20      542.268      15.2734
      4136.60      537.505      15.2132
      4138.00      538.959      15.2983
      4139.40      553.720      15.5687
      4140.80      539.300      15.3921
      4142.20      595.233      16.1091
      4143.60      572.145      15.5195
      4145.00      608.185      16.0052
      4146.40      599.524      16.3055
      4147.80      559.177      15.2050
      4149.20      511.948      14.4765
      4150.60      562.164      15.3419
      4152.00      560.954      15.2187
      4153.40      544.512      14.7643
      4154.80      566.626      14.9886
      4156.20      570.308      15.1227
      4157.60      566.229      15.2802
      4159.00      543.600      14.6946
      4160.40      547.371      14.6483
      4161.80      544.375      14.6002
      4163.20      550.282      14.8478
      4164.60      577.055      15.2691
      4166.00      564.296      15.2904
      4167.40      531.820      14.2339
      4168.80      550.669      14.5857
      4170.20      588.252      15.1969
      4171.60      580.228      15.1371
      4173.00      567.406      15.0402
      4174.40      569.705      14.8802
      4175.80      533.627      14.2519
      4177.20      523.048      14.1137
      4178.60      504.566      13.8819
      4180.00      530.742      15.5787
      4181.40      535.498      17.0068
      4182.80      511.841      13.8007
      4184.20      527.879      14.0459
      4185.60      555.614      14.4447
      4187.00      540.587      14.2542
      4188.40      558.320      14.6104
      4189.80      560.302      15.0005
      4191.20      520.750      14.1344
      4192.60      516.631      13.7813
      4194.00      542.288      14.1595
      4195.40      576.166      14.6782
      4196.80      559.985      14.4057
      4198.20      571.154      14.5498
      4199.60      574.023      14.6310
      4201.00      541.353      14.2039
      4202.40      530.779      14.2070
      4203.80      512.193      13.9378
      4205.20      555.782      14.5190
      4206.60      532.099      13.9676
      4208.00      529.282      14.0531
      4209.40      552.516      14.3201
      4210.80      548.940      14.2621
      4212.20      545.598      14.4385
      4213.60      544.779      14.5647
      4215.00      561.929      14.7780
      4216.40      558.251      14.8980
      4217.80      543.160      14.5961
      4219.20      562.204      14.4869
      4220.60      536.167      13.8899
      4222.00      530.801      13.8299
      4223.40      548.727      14.3270
      4224.80      556.202      14.6016
      4226.20      568.257      14.7691
      4227.60      563.351      14.4496
      4229.00      565.118      14.3231
      4230.40      525.208      13.6944
      4231.80      475.575      12.9144
      4233.20      526.461      13.6664
      4234.60      574.239      14.4487
      4236.00      613.980      15.1200
      4237.40      572.998      14.5821
      4238.80      537.851      13.9816
      4240.20      529.389      13.7210
      4241.60      555.644      14.1651
      4243.00      548.736      14.0602
      4244.40      546.214      14.1643
      4245.80      557.955      14.0883
      4247.20      558.179      14.2629
      4248.60      568.726      14.1989
      4250.00      569.565      14.2435
      4251.40      532.368      13.7834
      4252.80      514.003      13.5611
      4254.20      524.483      13.9066
      4255.60      536.090      13.8239
      4257.00      555.621      14.3781
      4258.40      556.872      14.2392
      4259.80      560.284      14.0795
      4261.20      571.526      14.2654
      4262.60      574.009      14.4421
      4264.00      547.085      13.7983
      4265.40      532.985      13.5785
      4266.80      570.392      14.1789
      4268.20      592.141      14.5185
      4269.60      604.075      15.0142
      4271.00      563.929      14.2579
      4272.40      579.605      14.4444
      4273.80      564.369      14.2182
      4275.20      535.354      13.7408
      4276.60      507.177      13.5209
      4278.00      526.563      14.2074
      4279.40      542.715      14.4539
      4280.80      580.647      14.3969
      4282.20      568.329      14.0246
      4283.60      568.137      14.0711
      4285.00      565.141      14.2220
      4286.40      551.687      13.9327
      4287.80      522.597      13.4665
      4289.20      558.072      13.9126
      4290.60      557.444      13.7794
      4292.00      550.374      13.6389
      4293.40      506.405      12.9964
      4294.80      497.674      12.8484
      4296.20      503.334      12.9278
      4297.60      530.892      13.2644
      4299.00      536.652      13.4861
      4300.40      553.059      13.8501
      4301.80      542.046      13.6040
      4303.20      516.031      13.1104
      4304.60      491.805      12.7228
      4306.00      466.129      12.5929
      4307.40      495.455      14.4140
      4308.80      511.282      13.1926
      4310.20      545.917      13.6002
      4311.60      534.325      13.2508
      4313.00      501.118      12.6876
      4314.40      515.661      13.0106
      4315.80      556.235      13.7598
      4317.20      537.039      13.5392
      4318.60      492.098      12.8446
      4320.00      487.985      12.6150
      4321.40      515.118      13.3547
      4322.80      538.805      13.4761
      4324.20      523.493      12.9778
      4325.60      502.121      12.7492
      4327.00      520.069      13.0324
      4328.40      538.416      13.2666
      4329.80      503.700      12.6788
      4331.20      477.536      12.2798
      4332.60      517.725      13.0071
      4334.00      523.905      13.1189
      4335.40      529.223      13.2252
      4336.80      516.659      13.1444
      4338.20      509.994      13.0518
      4339.60      476.830      12.2419
      4341.00      465.691      12.0210
      4342.40      412.057      11.1740
      4343.80      338.796      10.1113
      4345.20      281.105      9.27998
      4346.60      301.696      9.64048
      4348.00      374.081      10.9191
      4349.40      450.275      12.1292
      4350.80      478.033      12.5116
      4352.20      486.644      12.6229
      4353.60      508.907      12.6849
      4355.00      497.426      12.7986
      4356.40      481.629      12.3267
      4357.80      473.423      12.4412
      4359.20      514.663      13.6068
      4360.60      549.946      14.0502
      4362.00      551.777      13.7590
      4363.40      563.509      13.8129
      4364.80      546.295      13.4294
      4366.20      555.408      13.4144
      4367.60      573.363      13.8341
      4369.00      551.581      13.5986
      4370.40      553.713      13.8591
      4371.80      566.305      13.9241
      4373.20      545.505      13.6506
      4374.60      543.961      13.3065
      4376.00      558.563      13.4098
      4377.40      555.776      13.2792
      4378.80      558.264      15.0077
      4380.20      515.279      15.0975
      4381.60      545.962      13.3072
      4383.00      572.234      13.5932
      4384.40      580.603      13.6935
      4385.80      577.833      13.6735
      4387.20      554.468      13.3275
      4388.60      514.840      12.7646
      4390.00      516.798      12.8935
      4391.40      532.058      14.5191
      4392.80      562.981      13.4639
      4394.20      536.100      12.9792
      4395.60      562.731      13.3308
      4397.00      550.585      13.1560
      4398.40      517.031      13.2270
      4399.80      503.940      12.4509
      4401.20      521.113      12.7565
      4402.60      549.979      13.3417
      4404.00      546.726      13.2457
      4405.40      516.929      12.7221
      4406.80      519.330      12.7525
      4408.20      538.835      13.0472
      4409.60      535.682      12.9298
      4411.00      531.305      12.8615
      4412.40      523.460      12.8626
      4413.80      525.647      12.8573
      4415.20      530.831      12.9766
      4416.60      528.728      13.4000
      4418.00      522.079      13.1699
      4419.40      515.849      12.9074
      4420.80      465.238      11.9095
      4422.20      487.941      12.1376
      4423.60      506.353      12.5074
      4425.00      537.325      13.0990
      4426.40      545.989      13.2463
      4427.80      541.373      13.0901
      4429.20      544.902      13.1516
      4430.60      542.058      12.9109
      4432.00      528.386      12.6547
      4433.40      546.968      13.0565
      4434.80      552.801      13.3227
      4436.20      555.910      13.4282
      4437.60      538.777      13.0489
      4439.00      534.743      12.7985
      4440.40      505.816      12.3764
      4441.80      540.077      12.9418
      4443.20      570.984      13.3101
      4444.60      556.435      13.0037
      4446.00      528.217      12.5738
      4447.40      516.494      12.3998
      4448.80      463.399      11.5195
      4450.20      501.594      12.1018
      4451.60      533.462      12.6493
      4453.00      542.335      12.8388
      4454.40      550.134      12.9699
      4455.80      528.676      12.5824
      4457.20      534.486      12.6966
      4458.60      531.692      12.6202
      4460.00      506.780      12.3560
      4461.40      505.664      12.3393
      4462.80      520.869      12.5042
      4464.20      540.816      12.8295
      4465.60      531.507      12.7857
      4467.00      533.515      12.8114
      4468.40      539.492      12.7732
      4469.80      534.104      12.6375
      4471.20      532.255      12.5784
      4472.60      515.500      12.2755
      4474.00      494.954      12.0825
      4475.40      500.610      12.2404
      4476.80      527.749      12.5106
      4478.20      535.372      12.5717
      4479.60      550.911      12.8129
      4481.00      518.729      12.3778
      4482.40      539.184      12.7563
      4483.80      548.656      12.9414
      4485.20      542.122      12.8075
      4486.60      511.213      12.2350
      4488.00      504.897      12.1418
      4489.40      545.390      12.8739
      4490.80      541.527      12.6006
      4492.20      549.270      12.7436
      4493.60      514.081      12.2869
      4495.00      509.495      12.2387
      4496.40      513.718      12.2345
      4497.80      512.750      12.1210
      4499.20      522.045      12.2474
      4500.60      525.989      12.3618
      4502.00      529.797      12.4338
      4503.40      536.181      12.5109
      4504.80      534.058      12.5047
      4506.20      507.990      12.1265
      4507.60      507.466      12.0717
      4509.00      537.958      12.6321
      4510.40      541.054      12.6770
      4511.80      549.946      12.6993
      4513.20      543.081      12.5068
      4514.60      536.103      12.3428
      4516.00      546.379      12.6637
      4517.40      548.583      12.5057
      4518.80      539.232      12.3776
      4520.20      537.836      12.4146
      4521.60      539.086      12.5343
      4523.00      526.224      12.4349
      4524.40      529.981      12.3920
      4525.80      526.301      12.2057
      4527.20      531.661      12.2832
      4528.60      538.839      12.6068
      4530.00      538.804      12.6943
      4531.40      539.190      12.6868
      4532.80      518.330      12.3263
      4534.20      518.723      12.3457
      4535.60      523.593      12.3158
      4537.00      525.916      12.2273
      4538.40      491.749      11.6719
      4539.80      483.135      11.6027
      4541.20      514.718      12.1310
      4542.60      550.462      12.7724
      4544.00      549.534      12.8765
      4545.40      525.574      12.4971
      4546.80      536.908      12.5928
      4548.20      545.714      12.7665
      4549.60      548.457      12.6969
      4551.00      537.049      12.5208
      4552.40      541.854      12.6446
      4553.80      490.195      11.8383
      4555.20      501.595      11.9437
      4556.60      519.364      12.2195
      4558.00      512.500      12.0793
      4559.40      491.108      11.7099
      4560.80      499.132      11.8588
      4562.20      502.029      11.9225
      4563.60      530.049      12.2876
      4565.00      535.967      12.3672
      4566.40      526.890      12.3711
      4567.80      539.843      12.3778
      4569.20      514.626      11.9985
      4570.60      529.008      12.2369
      4572.00      543.027      12.4189
      4573.40      549.877      12.5307
      4574.80      542.574      12.4726
      4576.20      533.555      12.3343
      4577.60      523.407      12.1734
      4579.00      537.305      12.3096
      4580.40      539.425      12.2874
      4581.80      537.779      12.2947
      4583.20      541.369      12.4232
      4584.60      517.013      12.2446
      4586.00      509.878      11.9955
      4587.40      515.335      11.9851
      4588.80      509.391      11.8833
      4590.20      513.128      11.9843
      4591.60      524.446      12.2891
      4593.00      519.040      12.1217
      4594.40      506.101      11.7422
      4595.80      520.615      11.9176
      4597.20      525.454      12.1052
      4598.60      529.507      12.1709
      4600.00      532.005      12.1417
      4601.40      512.606      11.8233
      4602.80      515.829      11.9166
      4604.20      521.026      11.9827
      4605.60      538.872      13.2072
      4607.00      544.828      12.6560
      4608.40      528.397      12.0865
      4609.80      537.867      12.3098
      4611.20      536.781      12.3514
      4612.60      550.817      12.5391
      4614.00      535.562      12.2835
      4615.40      540.737      12.3891
      4616.80      536.947      12.1737
      4618.20      535.982      12.1570
      4619.60      535.897      12.3748
      4621.00      534.865      12.2627
      4622.40      528.153      12.0677
      4623.80      528.811      11.9930
      4625.20      525.128      11.8618
      4626.60      528.792      11.9642
      4628.00      533.306      12.0970
      4629.40      526.535      12.2802
      4630.80      534.136      12.5356
      4632.20      531.124      12.1898
      4633.60      516.372      11.7900
      4635.00      502.132      11.6003
      4636.40      534.433      12.1514
      4637.80      535.055      12.2904
      4639.20      533.119      12.1361
      4640.60      540.181      12.4138
      4642.00      527.404      12.1195
      4643.40      550.623      12.5219
      4644.80      541.495      12.3394
      4646.20      550.062      12.4017
      4647.60      554.893      12.5329
      4649.00      538.208      12.4243
      4650.40      529.649      12.2863
      4651.80      519.180      12.0321
      4653.20      535.212      12.1636
      4654.60      532.654      12.1019
      4656.00      538.291      12.1380
      4657.40      533.481      12.1257
      4658.80      542.712      12.2449
      4660.20      522.463      11.9106
      4661.60      514.000      11.7450
      4663.00      519.636      11.8131
      4664.40      531.303      11.9730
      4665.80      552.278      12.3763
      4667.20      538.611      12.0596
      4668.60      538.051      12.0485
      4670.00      531.382      12.0096
      4671.40      521.445      11.9205
      4672.80      524.060      11.8448
      4674.20      515.303      11.7155
      4675.60      529.484      12.0469
      4677.00      520.021      12.1179
      4678.40      533.204      12.2699
      4679.80      541.136      12.1454
      4681.20      545.031      12.1515
      4682.60      521.040      11.7844
      4684.00      518.964      11.7290
      4685.40      521.875      11.7267
      4686.80      531.323      11.8216
      4688.20      536.700      11.8768
      4689.60      547.260      12.0309
      4691.00      543.259      11.9630
      4692.40      550.322      12.1700
      4693.80      548.849      12.1959
      4695.20      531.000      11.8572
      4696.60      556.080      12.2717
      4698.00      545.477      12.1520
      4699.40      535.509      11.9859
      4700.80      539.130      11.9914
      4702.20      536.739      12.1773
      4703.60      535.507      12.0775
      4705.00      528.224      11.9232
      4706.40      525.024      11.8430
      4707.80      516.631      11.7642
      4709.20      516.485      11.8348
      4710.60      539.825      12.3193
      4712.00      536.144      12.3183
      4713.40      517.445      11.9285
      4714.80      524.113      11.8689
      4716.20      529.083      11.9386
      4717.60      529.344      11.9714
      4719.00      528.493      11.9105
      4720.40      524.883      11.9071
      4721.80      524.713      11.9458
      4723.20      535.622      12.0873
      4724.60      543.207      12.2245
      4726.00      532.472      12.1251
      4727.40      533.938      12.1462
      4728.80      525.711      11.9249
      4730.20      540.065      12.1991
      4731.60      538.287      12.1153
      4733.00      545.313      12.2536
      4734.40      510.364      11.7414
      4735.80      510.141      11.6779
      4737.20      518.757      11.7519
      4738.60      516.556      11.7396
      4740.00      518.353      11.8152
      4741.40      518.508      11.8079
      4742.80      522.107      11.8066
      4744.20      530.433      12.0544
      4745.60      523.869      11.6823
      4747.00      525.616      11.6609
      4748.40      527.350      11.7529
      4749.80      523.170      11.6244
      4751.20      531.614      11.7059
      4752.60      519.693      11.5106
      4754.00      529.476      11.6414
      4755.40      529.060      11.6270
      4756.80      538.350      11.7489
      4758.20      530.774      11.8026
      4759.60      525.872      11.6655
      4761.00      522.183      11.5869
      4762.40      519.025      11.4618
      4763.80      514.241      11.3723
      4765.20      533.451      11.6665
      4766.60      528.803      11.6380
      4768.00      511.938      11.3375
      4769.40      514.578      11.3767
      4770.80      521.090      11.4887
      4772.20      519.634      11.5161
      4773.60      513.017      11.4902
      4775.00      522.263      11.6821
      4776.40      525.579      11.7850
      4777.80      513.543      11.3582
      4779.20      523.300      11.5669
      4780.60      526.637      11.7580
      4782.00      525.082      11.9672
      4783.40      522.027      11.6411
      4784.80      521.876      11.6253
      4786.20      506.024      11.2617
      4787.60      526.899      11.6006
      4789.00      518.539      11.4731
      4790.40      515.408      11.4542
      4791.80      527.876      11.7145
      4793.20      512.102      11.4694
      4794.60      525.091      11.5799
      4796.00      528.462      11.5562
      4797.40      523.644      11.4658
      4798.80      535.359      11.6622
      4800.20      533.067      11.6038
      4801.60      519.393      11.4345
      4803.00      528.156      11.6622
      4804.40      517.479      11.4832
      4805.80      530.575      11.5843
      4807.20      531.065      11.5455
      4808.60      519.624      11.3588
      4810.00      495.767      11.0458
      4811.40      503.158      11.1868
      4812.80      504.231      11.2064
      4814.20      520.863      11.4712
      4815.60      528.299      11.6508
      4817.00      525.541      11.7341
      4818.40      527.052      11.6033
      4819.80      513.692      11.3746
      4821.20      505.219      11.1958
      4822.60      509.787      11.3013
      4824.00      513.068      11.3410
      4825.40      533.299      11.6984
      4826.80      529.016      11.6594
      4828.20      528.675      11.6225
      4829.60      498.868      11.0522
      4831.00      508.740      11.1990
      4832.40      522.427      11.5304
      4833.80      511.970      11.2342
      4835.20      510.071      11.2875
      4836.60      509.854      11.4768
      4838.00      518.564      11.8230
      4839.40      514.938      11.6850
      4840.80      510.995      11.5338
      4842.20      518.972      11.4359
      4843.60      505.961      11.1844
      4845.00      499.180      11.1935
      4846.40      505.244      11.4008
      4847.80      502.925      11.4673
      4849.20      492.469      11.2291
      4850.60      503.003      11.1765
      4852.00      499.398      11.0870
      4853.40      494.673      11.0734
      4854.80      495.821      11.2567
      4856.20      489.409      10.9923
      4857.60      479.324      10.9931
      4859.00      469.170      10.6937
      4860.40      458.360      10.5466
      4861.80      446.710      10.3227
      4863.20      433.203      10.1013
      4864.60      392.347      9.45544
      4866.00      310.021      8.19544
      4867.40      255.153      7.45601
      4868.80      316.720      8.35395
      4870.20      421.020      10.0116
      4871.60      431.409      12.1084
      4873.00      440.590      10.3695
      4874.40      452.868      10.5904
      4875.80      462.120      10.6184
      4877.20      437.766      10.2483
      4878.60      450.339      10.4278
      4880.00      483.502      11.0757
      4881.40      507.808      12.1403
      4882.80      487.817      17.8587
      4884.20      477.173      10.8211
      4885.60      490.502      11.1251
      4887.00      484.993      11.0459
      4888.40      491.704      11.0361
      4889.80      503.436      11.1392
      4891.20      473.745      10.6783
      4892.60      464.399      10.5875
      4894.00      472.484      10.7873
      4895.40      462.038      10.4187
      4896.80      447.468      10.1916
      4898.20      473.966      10.7031
      4899.60      495.089      10.8575
      4901.00      502.544      10.9494
      4902.40      503.162      11.0433
      4903.80      491.982      10.9066
      4905.20      482.106      10.6797
      4906.60      495.562      10.9846
      4908.00      498.128      10.9681
      4909.40      487.262      10.7774
      4910.80      487.729      10.7435
      4912.20      492.698      10.9896
      4913.60      495.778      10.8448
      4915.00      479.278      10.6343
      4916.40      480.311      10.7008
      4917.80      492.184      10.9142
      4919.20      511.460      11.1749
      4920.60      509.018      11.0352
      4922.00      499.420      10.8549
      4923.40      481.402      10.6380
      4924.80      474.439      10.5258
      4926.20      481.742      10.5822
      4927.60      472.479      10.4474
      4929.00      453.235      10.2154
      4930.40      466.799      10.4979
      4931.80      488.538      10.8454
      4933.20      490.556      10.8413
      4934.60      498.685      11.0486
      4936.00      500.781      10.8997
      4937.40      500.357      10.9347
      4938.80      492.604      10.8145
      4940.20      472.146      10.4653
      4941.60      499.795      10.8519
      4943.00      492.137      10.7403
      4944.40      487.323      10.6323
      4945.80      495.949      10.7978
      4947.20      501.866      10.8650
      4948.60      498.642      10.8824
      4950.00      507.733      11.1180
      4951.40      492.542      10.8968
      4952.80      477.953      10.7064
      4954.20      496.666      10.9610
      4955.60      504.777      10.9272
      4957.00      503.213      10.8276
      4958.40      507.632      10.8856
      4959.80      508.318      10.9282
      4961.20      481.416      10.5471
      4962.60      453.882      10.0816
      4964.00      460.277      10.2474
      4965.40      489.819      10.8162
      4966.80      486.114      10.6763
      4968.20      508.675      11.0160
      4969.60      508.697      11.1873
      4971.00      490.047      12.8818
      4972.40      488.305      11.1989
      4973.80      491.948      10.7143
      4975.20      491.099      10.7024
      4976.60      493.553      10.7650
      4978.00      483.697      10.6746
      4979.40      493.719      10.8889
      4980.80      491.878      10.7569
      4982.20      492.132      10.7332
      4983.60      492.819      10.9194
      4985.00      486.355      10.7570
      4986.40      477.020      10.5403
      4987.80      469.132      10.3898
      4989.20      455.039      10.1615
      4990.60      454.351      10.2398
      4992.00      478.650      10.6389
      4993.40      484.387      10.6559
      4994.80      488.004      10.6382
      4996.20      487.273      10.6157
      4997.60      467.771      10.3097
      4999.00      472.514      10.3890
