      3900.00      143.354      10.5289
      3901.40      168.637      11.2012
      3902.80      166.530      11.1764
      3904.20      166.162      10.2159
      3905.60      171.550      10.3862
      3907.00      165.802      10.1701
      3908.40      171.037      10.6753
      3909.80      173.298      10.8300
      3911.20      180.009      10.6642
      3912.60      190.205      10.6684
      3914.00      187.819      10.5835
      3915.40      193.402      10.8567
      3916.80      201.899      10.9604
      3918.20      183.531      10.3790
      3919.60      213.722      11.1063
      3921.00      190.691      10.4152
      3922.40      192.555      10.4727
      3923.80      184.584      10.2775
      3925.20      188.747      10.3772
      3926.60      189.158      10.4312
      3928.00      183.383      10.2128
      3929.40      200.821      10.5346
      3930.80      185.752      10.2630
      3932.20      178.360      9.87813
      3933.60      168.836      9.62288
      3935.00      147.424      9.04480
      3936.40      119.345      8.24519
      3937.80      90.5093      7.61098
      3939.20      106.794      8.14605
      3940.60      141.611      9.21539
      3942.00      187.881      10.3933
      3943.40      193.307      10.5117
      3944.80      193.820      10.5473
      3946.20      185.917      10.4245
      3947.60      200.415      10.8517
      3949.00      186.139      10.6479
      3950.40      194.303      11.1571
      3951.80      203.967      11.5463
      3953.20      206.748      11.9620
      3954.60      184.595      11.6128
      3956.00      204.113      12.0178
      3957.40      182.468      11.2882
      3958.80      203.176      11.7694
      3960.20      186.452      11.1887
      3961.60      174.473      10.6436
      3963.00      160.469      10.0016
      3964.40      171.454      9.94887
      3965.80      165.793      9.53648
      3967.20      166.276      9.49029
      3968.60      141.749      8.91673
      3970.00      142.774      8.85097
      3971.40      106.606      7.87533
      3972.80      63.0737      6.75883
      3974.20      74.1786      7.07655
      3975.60      96.4020      7.69547
      3977.00      113.111      8.04681
      3978.40      118.082      8.14057
      3979.80      147.017      8.69503
      3981.20      162.618      9.01653
      3982.60      168.810      9.00173
      3984.00      168.589      9.15045
      3985.40      171.914      9.11000
      3986.80      176.098      9.19702
      3988.20      171.331      9.07423
      3989.60      177.732      9.31534
      3991.00      197.319      9.75263
      3992.40      171.241      9.00576
      3993.80      171.988      8.96273
      3995.20      200.076      9.61514
      3996.60      180.983      9.12870
      3998.00      180.742      9.11664
      3999.40      162.626      8.70029
      4000.80      179.047      9.11517
      4002.20      183.535      9.20993
      4003.60      192.805      9.39701
      4005.00      192.523      9.48123
      4006.40      191.925      9.90028
      4007.80      198.814      9.56913
      4009.20      189.817      9.32262
      4010.60      182.685      9.11846
      4012.00      189.699      9.28039
      4013.40      191.592      9.38970
      4014.80      192.609      9.63755
      4016.20      193.199      9.62292
      4017.60      191.500      9.41499
      4019.00      192.118      9.71329
      4020.40      198.078      10.2022
      4021.80      193.434      10.4680
      4023.20      194.346      9.57648
      4024.60      192.931      9.42868
      4026.00      196.495      9.48436
      4027.40      202.173      9.63691
      4028.80      214.968      10.2129
      4030.20      160.536      9.09193
      4031.60      192.799      9.67762
      4033.00      203.591      9.77594
      4034.40      177.519      9.07934
      4035.80      209.598      9.87032
      4037.20      210.140      10.0307
      4038.60      194.675      9.83391
      4040.00      193.525      9.71605
      4041.40      202.243      9.96355
      4042.80      202.612      10.5389
      4044.20      179.173      9.64007
      4045.60      184.397      9.89738
      4047.00      195.701      10.2205
      4048.40      195.638      10.0195
      4049.80      192.160      9.76807
      4051.20      176.640      9.28049
      4052.60      184.332      9.36405
      4054.00      197.979      9.69626
      4055.40      197.414      9.64761
      4056.80      178.638      9.14397
      4058.20      199.062      9.65712
      4059.60      191.941      9.58611
      4061.00      182.605      9.28812
      4062.40      200.628      9.56616
      4063.80      208.937      9.74387
      4065.20      213.461      9.82171
      4066.60      190.515      9.27642
      4068.00      189.569      9.24684
      4069.40      183.274      8.97416
      4070.80      184.617      9.19882
      4072.20      172.986      8.73236
      4073.60      180.976      8.83835
      4075.00      173.061      8.66082
      4076.40      177.197      8.83532
      4077.80      154.522      8.40399
      4079.20      168.962      8.60498
      4080.60      172.326      9.05723
      4082.00      166.763      8.37098
      4083.40      171.611      8.49942
      4084.80      175.746      11.2161
      4086.20      177.282      11.1728
      4087.60      175.667      9.15099
      4089.00      154.655      8.44807
      4090.40      174.221      8.80408
      4091.80      175.040      8.52651
      4093.20      152.048      7.85401
      4094.60      171.927      8.36871
      4096.00      172.681      8.65749
      4097.40      183.369      9.20404
      4098.80      167.373      8.71361
      4100.20      158.953      8.21338
      4101.60      133.700      7.43300
      4103.00      139.535      7.62049
      4104.40      132.044      7.50563
      4105.80      81.6380      6.25387
      4107.20      85.1797      6.24005
      4108.60      111.680      6.90727
      4110.00      133.587      7.47348
      4111.40      144.015      7.69232
      4112.80      146.346      7.74156
      4114.20      170.655      8.33601
      4115.60      165.460      8.33438
      4117.00      172.712      8.64228
      4118.40      170.093      8.63337
      4119.80      173.205      8.74468
      4121.20      172.736      9.10786
      4122.60      161.444      8.29300
      4124.00      175.543      8.42369
      4125.40      166.508      8.09519
      4126.80      180.489      8.43406
      4128.20      171.946      8.29425
      4129.60      174.668      8.34702
      4131.00      186.146      8.56560
      4132.40      183.042      8.45311
      4133.80      175.511      8.23538
      4135.20      186.761      8.52418
      4136.60      171.532      8.20227
      4138.00      175.925      8.32372
      4139.40      189.125      8.68374
      4140.80      180.613      8.55289
      4142.20      176.854      8.43775
      4143.60      191.718      8.65802
      4145.00      177.721      8.71231
      4146.40      174.007      8.34375
      4147.80      188.592      8.62427
      4149.20      177.360      8.31736
      4150.60      180.345      8.59299
      4152.00      185.455      8.31796
      4153.40      183.373      8.26131
      4154.80      180.944      8.19069
      4156.20      195.707      8.53276
      4157.60      183.364      8.22719
      4159.00      183.348      8.28581
      4160.40      170.192      8.14588
      4161.80      168.657      8.22620
      4163.20      176.604      8.20457
      4164.60      189.719      8.24973
      4166.00      182.526      8.08543
      4167.40      184.970      8.14324
      4168.80      189.493      8.39432
      4170.20      185.992      8.56931
      4171.60      183.675      8.38243
      4173.00      183.461      8.74837
      4174.40      183.320      8.03419
      4175.80      172.789      7.75145
      4177.20      163.623      7.55791
      4178.60      176.429      7.93616
      4180.00      170.364      7.86874
      4181.40      164.018      7.86968
      4182.80      175.284      8.51407
      4184.20      169.411      8.22584
      4185.60      182.153      8.25954
      4187.00      178.962      7.92427
      4188.40      178.035      8.09241
      4189.80      180.550      7.96137
      4191.20      172.100      7.77052
      4192.60      164.999      7.57474
      4194.00      164.529      7.57966
      4195.40      181.876      7.97920
      4196.80      174.169      7.86808
      4198.20      181.513      8.07246
      4199.60      174.978      7.91835
      4201.00      170.208      7.72783
      4202.40      164.484      7.48246
      4203.80      174.419      7.73989
      4205.20      171.670      7.63096
      4206.60      166.308      7.56077
      4208.00      168.291      7.69334
      4209.40      180.034      7.95283
      4210.80      180.125      7.88527
      4212.20      161.747      7.39778
      4213.60      172.734      7.60568
      4215.00      185.632      7.94283
      4216.40      180.872      8.08431
      4217.80      170.500      7.97067
      4219.20      170.276      7.77170
      4220.60      165.094      7.44569
      4222.00      161.443      7.30062
      4223.40      169.129      7.48058
      4224.80      183.092      7.81968
      4226.20      189.673      7.96093
      4227.60      183.675      7.79612
      4229.00      189.396      7.91113
      4230.40      160.024      7.41411
      4231.80      163.483      7.62751
      4233.20      176.808      7.82661
      4234.60      170.640      7.51798
      4236.00      174.972      7.53966
      4237.40      178.669      7.70654
      4238.80      175.870      7.68330
      4240.20      173.829      7.54578
      4241.60      182.048      7.69446
      4243.00      184.679      7.73601
      4244.40      183.771      7.76965
      4245.80      182.963      7.81230
      4247.20      179.068      7.68399
      4248.60      185.108      7.80880
      4250.00      180.493      7.72648
      4251.40      167.994      7.69008
      4252.80      159.654      7.58629
      4254.20      162.998      7.36007
      4255.60      167.201      7.37143
      4257.00      178.471      7.86424
      4258.40      177.404      8.11147
      4259.80      172.463      8.01894
      4261.20      170.257      7.81208
      4262.60      173.779      7.79864
      4264.00      171.503      7.71535
      4265.40      165.793      7.58031
      4266.80      172.126      7.78840
      4268.20      174.783      7.75437
      4269.60      174.778      7.78634
      4271.00      174.699      7.50314
      4272.40      167.905      7.27371
      4273.80      177.908      7.55832
      4275.20      164.644      7.34831
      4276.60      156.787      7.03026
      4278.00      153.892      6.87441
      4279.40      169.678      7.25939
      4280.80      164.485      7.12885
      4282.20      169.202      7.32407
      4283.60      178.377      7.55037
      4285.00      186.949      7.68177
      4286.40      168.194      7.23993
      4287.80      177.132      7.44536
      4289.20      177.345      7.43583
      4290.60      171.026      7.24311
      4292.00      168.535      7.20009
      4293.40      162.659      7.11471
      4294.80      161.601      7.03540
      4296.20      159.807      6.99752
      4297.60      165.827      7.14409
      4299.00      161.289      6.98936
      4300.40      172.826      7.24607
      4301.80      148.765      6.79221
      4303.20      165.984      7.16762
      4304.60      162.796      7.01910
      4306.00      149.358      6.67279
      4307.40      160.540      6.91702
      4308.80      157.132      6.84390
      4310.20      164.572      7.16469
      4311.60      160.669      7.14799
      4313.00      145.305      6.60271
      4314.40      167.497      7.14422
      4315.80      163.186      7.03289
      4317.20      162.706      7.05227
      4318.60      169.210      7.25178
      4320.00      158.603      7.03937
      4321.40      158.270      7.00280
      4322.80      166.120      7.10469
      4324.20      164.518      7.02305
      4325.60      160.963      6.92013
      4327.00      156.811      6.95918
      4328.40      151.964      7.10293
      4329.80      153.593      7.08925
      4331.20      147.607      6.79827
      4332.60      156.328      6.87728
      4334.00      150.685      6.86918
      4335.40      148.442      6.99517
      4336.80      144.762      6.62461
      4338.20      146.702      6.54855
      4339.60      148.860      6.67752
      4341.00      137.838      6.36469
      4342.40      133.696      6.24964
      4343.80      113.926      5.75225
      4345.20      90.1229      5.20372
      4346.60      96.0225      5.43369
      4348.00      117.820      6.19898
      4349.40      135.277      6.55762
      4350.80      145.644      6.57937
      4352.20      143.044      6.46470
      4353.60      144.720      6.56922
      4355.00      141.375      6.50136
      4356.40      144.036      6.71279
      4357.80      151.570      7.30842
      4359.20      155.212      7.34191
      4360.60      160.632      7.26928
      4362.00      160.580      7.13788
      4363.40      161.768      7.54120
      4364.80      162.264      7.38159
      4366.20      172.729      7.29610
      4367.60      157.925      6.86339
      4369.00      157.882      6.86932
      4370.40      166.670      7.14486
      4371.80      156.117      6.87332
      4373.20      158.074      6.88393
      4374.60      163.404      6.98447
      4376.00      170.091      7.23857
      4377.40      179.947      7.71455
      4378.80      160.628      7.35550
      4380.20      156.821      7.17562
      4381.60      178.789      7.42853
      4383.00      168.651      7.01743
      4384.40      171.906      7.07375
      4385.80      165.819      6.94144
      4387.20      159.814      6.81125
      4388.60      149.298      6.56992
      4390.00      160.194      6.80101
      4391.40      162.706      6.86410
      4392.80      157.871      6.74198
      4394.20      164.635      6.98818
      4395.60      162.588      7.12311
      4397.00      162.231      7.55879
      4398.40      162.257      7.18605
      4399.80      161.292      6.97724
      4401.20      157.892      6.68396
      4402.60      159.739      6.76730
      4404.00      155.344      6.61566
      4405.40      155.777      6.61827
      4406.80      159.567      7.07056
      4408.20      166.909      6.88082
      4409.60      162.653      6.77596
      4411.00      165.382      6.83738
      4412.40      163.816      6.82023
      4413.80      156.635      6.69294
      4415.20      161.495      6.82874
      4416.60      167.442      6.89456
      4418.00      173.496      7.01082
      4419.40      167.684      6.91855
      4420.80      149.064      6.57003
      4422.20      152.692      6.51800
      4423.60      157.981      6.59073
      4425.00      170.562      7.02802
      4426.40      174.897      7.43227
      4427.80      170.133      7.22451
      4429.20      163.544      6.67757
      4430.60      161.107      6.60164
      4432.00      175.129      7.13732
      4433.40      167.780      7.16742
      4434.80      164.988      6.93285
      4436.20      170.511      6.89564
      4437.60      163.455      6.72677
      4439.00      167.837      6.82205
      4440.40      162.117      6.70387
      4441.80      163.130      6.77896
      4443.20      160.813      6.73610
      4444.60      159.091      6.91994
      4446.00      160.876      6.66235
      4447.40      156.148      6.59446
      4448.80      156.567      6.61940
      4450.20      149.907      6.47364
      4451.60      157.230      6.72132
      4453.00      159.569      6.84485
      4454.40      158.489      6.92171
      4455.80      153.965      6.81273
      4457.20      165.943      6.96855
      4458.60      171.106      6.86707
      4460.00      172.971      6.86045
      4461.40      158.024      6.49841
      4462.80      161.547      6.65635
      4464.20      165.190      6.87426
      4465.60      161.683      7.04832
      4467.00      159.714      6.66064
      4468.40      158.055      6.55832
      4469.80      168.612      6.77352
      4471.20      152.328      6.46865
      4472.60      155.593      6.67071
      4474.00      152.299      6.54851
      4475.40      168.312      6.72462
      4476.80      150.532      6.30602
      4478.20      155.383      6.40774
      4479.60      157.037      6.60788
      4481.00      156.704      6.97417
      4482.40      157.175      6.66454
      4483.80      157.804      6.54592
      4485.20      150.727      6.27660
      4486.60      154.213      6.32320
      4488.00      156.225      6.41486
      4489.40      161.233      6.63363
      4490.80      169.142      6.82183
      4492.20      171.612      6.84768
      4493.60      163.856      6.69223
      4495.00      151.403      6.26570
      4496.40      152.534      6.25405
      4497.80      155.232      6.42588
      4499.20      158.127      6.57515
      4500.60      154.584      6.47133
      4502.00      154.623      6.68767
      4503.40      153.155      6.24222
      4504.80      153.964      6.28276
      4506.20      155.469      6.65725
      4507.60      156.026      6.50255
      4509.00      158.694      6.46244
      4510.40      167.008      6.55987
      4511.80      158.694      6.40335
      4513.20      149.741      6.29566
      4514.60      153.110      6.36079
      4516.00      163.763      6.55706
      4517.40      162.906      6.52384
      4518.80      152.830      6.32937
      4520.20      157.944      6.48197
      4521.60      157.216      6.57034
      4523.00      144.473      6.34221
      4524.40      164.624      6.78285
      4525.80      162.598      6.67969
      4527.20      158.326      6.60612
      4528.60      160.465      6.63789
      4530.00      162.658      6.63655
      4531.40      153.582      6.35425
      4532.80      166.180      6.63989
      4534.20      171.465      6.87665
      4535.60      164.175      6.67971
      4537.00      167.244      6.63351
      4538.40      145.740      6.11176
      4539.80      150.353      6.24321
      4541.20      152.844      6.31710
      4542.60      161.265      6.43049
      4544.00      167.138      6.56496
      4545.40      160.979      6.45480
      4546.80      144.548      6.22289
      4548.20      163.727      6.72658
      4549.60      159.636      6.55654
      4551.00      161.189      6.43162
      4552.40      155.573      6.65377
      4553.80      150.094      6.10942
      4555.20      146.174      6.08151
      4556.60      152.927      6.31436
      4558.00      154.025      6.29053
      4559.40      153.051      6.18120
      4560.80      158.670      6.26522
      4562.20      153.007      6.10448
      4563.60      145.070      5.93265
      4565.00      148.355      6.00672
      4566.40      157.804      6.21981
      4567.80      158.487      6.21662
      4569.20      155.956      6.15793
      4570.60      160.589      6.24480
      4572.00      161.759      6.52300
      4573.40      152.472      6.17622
      4574.80      159.563      6.24100
      4576.20      160.548      6.24336
      4577.60      152.681      6.05928
      4579.00      160.078      6.33393
      4580.40      150.278      6.14371
      4581.80      155.547      6.15302
      4583.20      155.977      6.10179
      4584.60      151.601      5.98398
      4586.00      167.211      6.35369
      4587.40      150.428      5.95261
      4588.80      134.056      5.60405
      4590.20      149.133      5.93147
      4591.60      162.500      6.22825
      4593.00      159.853      6.18216
      4594.40      155.541      6.07905
      4595.80      152.999      5.99850
      4597.20      156.258      6.25576
      4598.60      155.926      6.09406
      4600.00      156.195      6.08614
      4601.40      159.596      6.15403
      4602.80      155.597      6.30548
      4604.20      154.106      6.16397
      4605.60      154.724      6.06888
      4607.00      151.074      5.95289
      4608.40      139.698      5.68898
      4609.80      154.341      6.03829
      4611.20      159.766      6.23095
      4612.60      162.155      6.40492
      4614.00      162.070      6.43967
      4615.40      154.121      6.21146
      4616.80      149.298      6.08196
      4618.20      146.734      5.96668
      4619.60      158.921      6.15416
      4621.00      160.983      6.17460
      4622.40      161.437      6.19746
      4623.80      150.774      5.96205
      4625.20      159.305      6.15786
      4626.60      158.079      6.14897
      4628.00      157.090      6.14245
      4629.40      157.952      6.17399
      4630.80      152.336      6.08953
      4632.20      154.680      6.17688
      4633.60      160.330      6.27663
      4635.00      159.245      6.40475
      4636.40      161.517      6.44538
      4637.80      172.158      6.55049
      4639.20      153.854      6.09545
      4640.60      163.145      6.27321
      4642.00      152.409      6.01242
      4643.40      152.831      6.02036
      4644.80      151.837      5.93711
      4646.20      169.985      6.41244
      4647.60      166.359      6.31738
      4649.00      171.364      6.43657
      4650.40      157.207      6.15304
      4651.80      158.962      6.09872
      4653.20      151.000      5.88280
      4654.60      161.012      6.12396
      4656.00      154.766      5.99595
      4657.40      159.600      6.07399
      4658.80      153.423      5.94283
      4660.20      149.402      5.84300
      4661.60      153.157      5.94880
      4663.00      156.746      5.99526
      4664.40      159.101      6.03718
      4665.80      162.495      6.14312
      4667.20      162.942      6.14828
      4668.60      151.396      5.87914
      4670.00      159.398      6.02605
      4671.40      153.131      5.88022
      4672.80      139.114      5.58789
      4674.20      151.974      5.99843
      4675.60      154.768      6.11449
      4677.00      158.877      6.12228
      4678.40      160.163      6.03909
      4679.80      164.793      6.15431
      4681.20      157.533      6.23304
      4682.60      150.113      5.84672
      4684.00      159.305      6.05408
      4685.40      154.501      5.94710
      4686.80      163.139      6.18061
      4688.20      156.630      6.04860
      4689.60      157.561      6.05667
      4691.00      152.947      5.96664
      4692.40      163.214      6.18153
      4693.80      147.587      5.82618
      4695.20      159.707      6.26402
      4696.60      159.352      6.39281
      4698.00      146.799      5.99555
      4699.40      154.959      6.03329
      4700.80      145.037      5.84940
      4702.20      150.529      5.97449
      4703.60      152.267      5.97635
      4705.00      144.505      5.78232
      4706.40      152.973      6.00703
      4707.80      151.346      6.02736
      4709.20      157.701      6.26566
      4710.60      157.663      6.31396
      4712.00      154.332      6.19836
      4713.40      152.710      6.06509
      4714.80      148.420      5.88551
      4716.20      153.513      5.99074
      4717.60      150.452      5.92182
      4719.00      150.240      5.88089
      4720.40      159.202      6.07161
      4721.80      147.750      5.84324
      4723.20      161.317      6.24556
      4724.60      154.621      6.10112
      4726.00      152.621      5.94592
      4727.40      147.567      5.72472
      4728.80      147.705      5.70795
      4730.20      144.820      5.62565
      4731.60      156.609      5.93406
      4733.00      152.825      5.94546
      4734.40      155.676      5.97489
      4735.80      152.248      5.82912
      4737.20      152.073      5.82777
      4738.60      153.608      6.12080
      4740.00      150.427      5.76298
      4741.40      148.788      5.84160
      4742.80      146.701      5.99896
      4744.20      146.691      5.89864
      4745.60      156.429      5.90672
      4747.00      153.280      5.79929
      4748.40      149.793      5.70702
      4749.80      155.978      5.85069
      4751.20      151.625      5.72028
      4752.60      153.596      5.76027
      4754.00      156.965      5.85387
      4755.40      143.851      5.57469
      4756.80      142.800      5.53643
      4758.20      135.984      5.37045
      4759.60      147.657      5.61777
      4761.00      155.601      5.81772
      4762.40      153.210      5.73993
      4763.80      145.442      5.62964
      4765.20      152.103      5.82031
      4766.60      156.742      5.90647
      4768.00      161.137      5.97534
      4769.40      151.500      5.70229
      4770.80      149.937      5.66083
      4772.20      163.588      6.01357
      4773.60      155.928      5.90246
      4775.00      150.700      5.72732
      4776.40      158.085      5.92281
      4777.80      153.019      5.91812
      4779.20      147.058      5.66601
      4780.60      148.309      5.71998
      4782.00      149.568      5.64817
      4783.40      142.062      5.48548
      4784.80      147.266      5.74398
      4786.20      141.886      5.68441
      4787.60      152.312      5.89278
      4789.00      141.053      5.62365
      4790.40      148.960      5.81775
      4791.80      143.054      5.66930
      4793.20      145.953      5.68691
      4794.60      158.653      5.88492
      4796.00      153.520      5.73365
      4797.40      158.875      5.88586
      4798.80      153.681      5.92672
      4800.20      154.316      6.10964
      4801.60      155.739      6.06913
      4803.00      153.522      5.99223
      4804.40      148.473      5.58909
      4805.80      144.744      5.52898
      4807.20      153.672      5.71767
      4808.60      145.214      5.57085
      4810.00      149.694      5.67320
      4811.40      149.255      5.61089
      4812.80      138.812      5.40266
      4814.20      143.510      5.56137
      4815.60      153.107      5.75015
      4817.00      151.339      5.67307
      4818.40      152.699      5.70528
      4819.80      143.195      5.48199
      4821.20      159.873      5.85665
      4822.60      144.121      5.52275
      4824.00      153.739      5.73756
      4825.40      144.512      5.54001
      4826.80      148.025      5.62983
      4828.20      141.216      5.49332
      4829.60      143.963      5.53021
      4831.00      152.891      5.80399
      4832.40      142.780      5.67150
      4833.80      161.011      5.93981
      4835.20      151.912      5.73607
      4836.60      146.660      5.68064
      4838.00      148.242      5.86122
      4839.40      147.793      5.90716
      4840.80      142.526      5.73845
      4842.20      141.530      5.58312
      4843.60      147.982      5.71601
      4845.00      146.497      5.68718
      4846.40      136.758      5.44902
      4847.80      149.617      5.74722
      4849.20      134.249      5.40762
      4850.60      143.911      5.61681
      4852.00      141.518      5.54090
      4853.40      135.507      5.42677
      4854.80      143.372      5.64975
      4856.20      140.765      5.60178
      4857.60      136.957      5.55955
      4859.00      132.869      5.44896
      4860.40      121.687      5.11674
      4861.80      124.791      5.17235
      4863.20      118.530      5.04709
      4864.60      108.110      4.88185
      4866.00      86.4306      4.47834
      4867.40      72.4519      4.21318
      4868.80      93.8781      4.62241
      4870.20      115.779      5.07021
      4871.60      123.452      5.22437
      4873.00      126.572      5.21878
      4874.40      126.989      5.27753
      4875.80      127.593      5.12618
      4877.20      131.339      5.18585
      4878.60      132.327      5.38264
      4880.00      133.276      5.31055
      4881.40      127.013      5.06318
      4882.80      140.306      5.34844
      4884.20      135.471      5.27824
      4885.60      139.659      5.44618
      4887.00      132.838      5.24982
      4888.40      133.810      5.15324
      4889.80      139.964      5.57888
      4891.20      140.539      5.32050
      4892.60      141.680      5.33956
      4894.00      145.225      5.42884
      4895.40      143.688      5.41297
      4896.80      140.476      5.30063
      4898.20      142.134      5.31538
      4899.60      136.592      5.20403
      4901.00      142.222      5.31299
      4902.40      155.581      5.60302
      4903.80      143.706      5.34234
      4905.20      139.059      5.31656
      4906.60      148.084      5.55370
      4908.00      155.771      5.72477
      4909.40      148.210      5.49247
      4910.80      145.735      5.40083
      4912.20      139.270      5.28066
      4913.60      142.530      5.52436
      4915.00      145.178      5.68702
      4916.40      138.110      5.54499
      4917.80      147.475      5.61538
      4919.20      144.767      5.47926
      4920.60      152.895      5.60089
      4922.00      142.606      5.34354
      4923.40      143.244      5.40152
      4924.80      134.268      5.17964
      4926.20      131.366      5.08602
      4927.60      143.178      5.33086
      4929.00      137.329      5.20471
      4930.40      125.594      4.93135
      4931.80      137.814      5.25854
      4933.20      137.506      5.39095
      4934.60      138.751      5.21335
      4936.00      139.447      5.37337
      4937.40      136.318      5.23055
      4938.80      139.008      5.24424
      4940.20      138.250      5.21818
      4941.60      136.760      5.17482
      4943.00      138.356      5.20459
      4944.40      141.161      5.48161
      4945.80      149.608      5.45134
      4947.20      143.651      5.30786
      4948.60      145.736      5.40805
      4950.00      146.346      5.57174
      4951.40      139.186      5.45054
      4952.80      135.254      5.35621
      4954.20      139.524      5.55767
      4955.60      140.222      5.28315
      4957.00      137.817      5.27852
      4958.40      133.731      5.24141
      4959.80      144.609      5.41333
      4961.20      141.124      5.20817
      4962.60      141.063      5.22872
      4964.00      146.512      5.34134
      4965.40      133.409      5.08120
      4966.80      155.019      5.58558
      4968.20      146.929      5.34895
      4969.60      141.876      5.27523
      4971.00      146.113      5.36897
      4972.40      142.661      5.32817
      4973.80      143.085      5.26520
      4975.20      144.490      5.27389
      4976.60      148.264      5.41067
      4978.00      144.589      5.35765
      4979.40      140.239      5.24514
      4980.80      145.758      5.37207
      4982.20      155.476      5.60986
      4983.60      144.494      5.33643
      4985.00      129.896      5.02964
      4986.40      136.838      5.16145
      4987.80      140.691      5.25472
      4989.20      142.001      5.36026
      4990.60      143.865      5.53580
      4992.00      145.036      5.46786
      4993.40      137.403      5.17043
      4994.80      140.006      5.18005
      4996.20      137.133      5.13271
      4997.60      141.773      5.22213
      4999.00      142.402      5.22454
