      3900.00      169.257      9.57433
      3901.40      172.405      9.50139
      3902.80      162.243      9.03894
      3904.20      153.582      8.85935
      3905.60      159.164      9.03011
      3907.00      147.522      8.90971
      3908.40      170.196      9.77281
      3909.80      166.250      9.73916
      3911.20      185.845      9.48170
      3912.60      184.090      9.45039
      3914.00      177.133      9.66095
      3915.40      157.833      11.1409
      3916.80      168.790      9.70155
      3918.20      161.581      9.21367
      3919.60      168.774      9.25232
      3921.00      140.640      8.63804
      3922.40      173.122      9.20575
      3923.80      161.079      9.07407
      3925.20      146.685      8.61357
      3926.60      146.590      8.41135
      3928.00      133.506      8.00926
      3929.40      96.0592      7.03739
      3930.80      78.1630      6.50150
      3932.20      51.7009      5.81733
      3933.60      29.3852      5.16986
      3935.00      38.7120      5.49315
      3936.40      58.7450      6.11851
      3937.80      108.221      7.17379
      3939.20      135.796      10.4147
      3940.60      140.516      8.41995
      3942.00      153.607      8.33321
      3943.40      131.069      8.01216
      3944.80      152.094      8.51199
      3946.20      183.773      9.24085
      3947.60      167.280      8.86981
      3949.00      144.292      8.26617
      3950.40      178.891      8.79286
      3951.80      182.043      8.66833
      3953.20      175.199      8.53829
      3954.60      175.708      8.64354
      3956.00      164.197      8.21405
      3957.40      154.087      7.98068
      3958.80      157.210      8.06716
      3960.20      150.333      7.96338
      3961.60      145.464      7.87816
      3963.00      131.764      7.60566
      3964.40      123.472      7.51673
      3965.80      106.228      7.15164
      3967.20      71.1185      6.27548
      3968.60      30.3682      5.46000
      3970.00      34.1934      5.41279
      3971.40      74.6280      6.34147
      3972.80      101.134      6.89171
      3974.20      129.297      7.45705
      3975.60      146.170      7.91850
      3977.00      148.989      7.81391
      3978.40      158.436      7.86103
      3979.80      175.720      8.12182
      3981.20      172.942      8.05200
      3982.60      164.605      7.93040
      3984.00      159.917      7.93201
      3985.40      180.264      8.24787
      3986.80      176.461      8.14897
      3988.20      174.435      8.10739
      3989.60      175.262      8.08115
      3991.00      176.330      8.05341
      3992.40      186.582      8.25293
      3993.80      177.575      8.02716
      3995.20      190.630      8.32742
      3996.60      177.101      8.14129
      3998.00      150.073      7.55236
      3999.40      171.476      8.02593
      4000.80      174.800      8.15345
      4002.20      171.808      7.98679
      4003.60      170.831      7.83606
      4005.00      172.815      7.87398
      4006.40      163.769      7.69513
      4007.80      183.572      8.05149
      4009.20      176.164      7.93789
      4010.60      177.133      7.97717
      4012.00      178.708      7.95231
      4013.40      184.504      8.17567
      4014.80      177.778      7.85506
      4016.20      194.293      8.13557
      4017.60      163.475      7.66096
      4019.00      180.274      8.00137
      4020.40      193.653      8.24661
      4021.80      184.574      8.09804
      4023.20      179.826      7.91223
      4024.60      178.703      7.86788
      4026.00      187.153      8.06773
      4027.40      186.941      8.26057
      4028.80      181.607      8.01445
      4030.20      181.170      8.06879
      4031.60      177.325      7.94414
      4033.00      166.759      7.67563
      4034.40      179.568      7.74036
      4035.80      179.882      7.74122
      4037.20      181.675      7.79419
      4038.60      190.486      8.01578
      4040.00      191.425      8.15789
      4041.40      183.515      8.02950
      4042.80      187.162      8.01514
      4044.20      183.011      7.81109
      4045.60      169.471      7.77372
      4047.00      166.522      8.19422
      4048.40      192.898      8.57882
      4049.80      198.438      8.32203
      4051.20      191.125      8.05771
      4052.60      181.224      7.95062
      4054.00      184.880      7.96368
      4055.40      188.640      8.09970
      4056.80      190.751      8.07564
      4058.20      167.742      7.77392
      4059.60      190.903      8.33961
      4061.00      191.445      8.47456
      4062.40      173.022      8.05010
      4063.80      183.643      8.03420
      4065.20      176.499      7.79789
      4066.60      174.014      7.75144
      4068.00      182.758      8.04376
      4069.40      185.664      8.20745
      4070.80      181.671      7.98198
      4072.20      178.152      7.63616
      4073.60      186.696      7.68748
      4075.00      177.337      7.49292
      4076.40      179.746      7.83150
      4077.80      166.234      7.70350
      4079.20      173.924      7.90206
      4080.60      180.898      8.03900
      4082.00      192.335      7.91943
      4083.40      179.820      7.57590
      4084.80      176.938      7.50404
      4086.20      176.471      7.47697
      4087.60      184.352      7.66322
      4089.00      181.860      7.62495
      4090.40      177.770      7.39601
      4091.80      177.757      7.45375
      4093.20      171.551      7.31899
      4094.60      170.260      7.40155
      4096.00      156.268      7.12170
      4097.40      147.005      6.81589
      4098.80      144.135      6.71880
      4100.20      139.520      6.56482
      4101.60      111.367      6.16221
      4103.00      103.444      6.16317
      4104.40      143.372      6.84197
      4105.80      156.271      7.04727
      4107.20      152.447      6.74959
      4108.60      162.108      6.92268
      4110.00      167.111      7.06477
      4111.40      172.389      7.32794
      4112.80      177.985      7.52287
      4114.20      186.924      7.71641
      4115.60      187.844      7.74455
      4117.00      195.923      7.84127
      4118.40      179.588      7.49388
      4119.80      161.230      7.09529
      4121.20      180.609      7.43910
      4122.60      169.629      7.21944
      4124.00      196.164      7.70293
      4125.40      194.159      7.69249
      4126.80      189.180      7.62357
      4128.20      174.211      7.29964
      4129.60      192.943      7.51776
      4131.00      185.602      7.36003
      4132.40      173.926      7.22840
      4133.80      166.952      7.14724
      4135.20      179.014      7.37089
      4136.60      171.131      7.12074
      4138.00      182.488      7.24415
      4139.40      207.932      7.70547
      4140.80      197.150      7.55762
      4142.20      196.088      7.59552
      4143.60      186.697      7.35038
      4145.00      189.738      7.37857
      4146.40      188.016      7.42189
      4147.80      185.051      7.38735
      4149.20      181.130      7.27926
      4150.60      183.678      7.48064
      4152.00      182.311      7.58428
      4153.40      182.673      7.49832
      4154.80      186.232      7.54821
      4156.20      173.328      7.21410
      4157.60      181.734      7.29205
      4159.00      181.309      7.24588
      4160.40      194.044      7.49377
      4161.80      193.046      7.52404
      4163.20      186.965      7.48100
      4164.60      185.193      7.59472
      4166.00      191.237      7.37860
      4167.40      179.910      7.09101
      4168.80      185.181      7.15471
      4170.20      188.483      7.57270
      4171.60      181.500      7.35567
      4173.00      170.585      7.40551
      4174.40      163.197      6.66394
      4175.80      178.343      6.95955
      4177.20      175.971      6.97477
      4178.60      178.299      7.07005
      4180.00      177.064      7.01396
      4181.40      182.785      7.02931
      4182.80      183.300      7.05042
      4184.20      188.197      7.22627
      4185.60      198.931      7.42015
      4187.00      185.868      7.18321
      4188.40      179.349      7.03995
      4189.80      180.921      7.07105
      4191.20      192.395      7.46052
      4192.60      188.877      7.34738
      4194.00      192.566      7.31974
      4195.40      189.504      7.21400
      4196.80      180.220      6.99002
      4198.20      179.189      7.00012
      4199.60      177.874      7.05183
      4201.00      188.810      7.23277
      4202.40      181.989      7.05241
      4203.80      183.038      7.05483
      4205.20      199.540      7.37980
      4206.60      177.391      6.92894
      4208.00      191.030      7.14531
      4209.40      180.290      6.89674
      4210.80      189.885      7.02957
      4212.20      188.107      7.18613
      4213.60      187.240      7.21248
      4215.00      182.844      6.98290
      4216.40      174.563      6.75504
      4217.80      176.721      6.76026
      4219.20      193.895      7.09665
      4220.60      191.124      7.08904
      4222.00      192.980      7.24744
      4223.40      176.450      7.04990
      4224.80      180.758      7.08885
      4226.20      165.265      6.70481
      4227.60      144.443      6.20657
      4229.00      162.417      6.41230
      4230.40      192.855      7.02459
      4231.80      176.442      6.81007
      4233.20      186.389      6.99086
      4234.60      186.904      6.97751
      4236.00      187.308      6.94812
      4237.40      171.065      6.61429
      4238.80      182.170      6.90364
      4240.20      180.301      7.00683
      4241.60      190.697      7.29099
      4243.00      172.325      6.82909
      4244.40      176.191      6.79010
      4245.80      181.197      6.85344
      4247.20      179.173      6.87828
      4248.60      182.076      7.23379
      4250.00      188.568      7.27585
      4251.40      161.930      6.81655
      4252.80      185.651      7.03372
      4254.20      193.293      7.06262
      4255.60      179.304      6.78906
      4257.00      186.649      6.92391
      4258.40      188.423      7.00280
      4259.80      181.929      6.92690
      4261.20      171.238      6.68664
      4262.60      185.892      6.85947
      4264.00      192.713      6.99482
      4265.40      188.322      6.89418
      4266.80      192.647      6.95493
      4268.20      180.429      6.77737
      4269.60      172.930      7.07294
      4271.00      172.255      6.74865
      4272.40      158.943      6.45809
      4273.80      169.130      6.59965
      4275.20      176.659      6.72520
      4276.60      178.203      6.81358
      4278.00      186.820      7.27871
      4279.40      188.196      7.19025
      4280.80      182.588      6.99934
      4282.20      186.851      6.88820
      4283.60      180.076      6.71193
      4285.00      187.926      6.87828
      4286.40      175.601      6.58877
      4287.80      182.609      6.70855
      4289.20      170.495      7.12447
      4290.60      157.869      6.87904
      4292.00      169.178      6.66325
      4293.40      188.007      6.97598
      4294.80      168.870      6.53608
      4296.20      167.261      6.58843
      4297.60      157.648      6.46700
      4299.00      149.883      6.21713
      4300.40      145.423      5.97610
      4301.80      145.564      5.92088
      4303.20      154.442      6.23265
      4304.60      159.491      6.47989
      4306.00      155.881      6.41353
      4307.40      147.416      6.13784
      4308.80      146.152      5.98136
      4310.20      147.718      5.95231
      4311.60      151.795      6.21975
      4313.00      153.829      6.19023
      4314.40      164.814      6.46717
      4315.80      180.153      6.78031
      4317.20      192.208      8.29639
      4318.60      193.450      7.95838
      4320.00      192.492      6.91966
      4321.40      190.913      6.87893
      4322.80      170.872      6.53548
      4324.20      175.896      6.65928
      4325.60      155.404      6.08575
      4327.00      166.448      6.30628
      4328.40      182.457      6.92058
      4329.80      179.199      7.19508
      4331.20      189.241      7.18702
      4332.60      180.963      6.80232
      4334.00      177.304      6.66282
      4335.40      178.083      6.59745
      4336.80      157.289      6.20559
      4338.20      143.571      6.04642
      4339.60      122.120      5.57596
      4341.00      103.770      5.10302
      4342.40      125.573      5.49069
      4343.80      151.809      6.11303
      4345.20      161.155      6.54159
      4346.60      179.242      6.90699
      4348.00      176.314      6.66767
      4349.40      181.425      6.89903
      4350.80      177.713      6.85868
      4352.20      166.788      6.55240
      4353.60      170.254      6.43242
      4355.00      184.735      6.73657
      4356.40      181.215      6.87308
      4357.80      190.597      7.72828
      4359.20      189.589      8.08166
      4360.60      182.125      7.48576
      4362.00      195.548      7.02823
      4363.40      192.353      6.81402
      4364.80      194.957      6.91553
      4366.20      189.992      7.02861
      4367.60      182.964      6.91621
      4369.00      186.955      6.93983
      4370.40      190.898      6.81980
      4371.80      191.664      6.70978
      4373.20      183.431      6.72751
      4374.60      175.633      6.82832
      4376.00      177.115      6.81436
      4377.40      186.778      6.82104
      4378.80      191.888      6.92672
      4380.20      187.905      6.94546
      4381.60      194.869      6.99893
      4383.00      159.264      6.14045
      4384.40      156.738      6.00233
      4385.80      169.761      6.26837
      4387.20      182.222      6.55175
      4388.60      182.587      6.54221
      4390.00      181.247      6.58102
      4391.40      178.996      6.44204
      4392.80      183.900      6.63634
      4394.20      187.929      6.56812
      4395.60      181.133      6.43051
      4397.00      187.876      6.69905
      4398.40      186.493      6.75762
      4399.80      185.675      6.60801
      4401.20      178.584      6.57552
      4402.60      184.412      6.52162
      4404.00      182.751      6.43434
      4405.40      175.359      6.31860
      4406.80      194.666      6.83114
      4408.20      191.246      6.85703
      4409.60      188.871      6.67366
      4411.00      196.588      6.75754
      4412.40      200.714      6.80967
      4413.80      187.914      6.51968
      4415.20      185.711      6.48298
      4416.60      174.413      6.33367
      4418.00      182.862      6.50911
      4419.40      191.872      6.68116
      4420.80      198.582      6.74085
      4422.20      192.417      6.68567
      4423.60      183.459      6.50374
      4425.00      185.744      6.47239
      4426.40      189.003      6.53997
      4427.80      196.206      6.74725
      4429.20      182.536      6.53258
      4430.60      181.745      6.56200
      4432.00      184.908      6.59672
      4433.40      199.838      6.74828
      4434.80      190.165      6.47991
      4436.20      180.977      6.30760
      4437.60      186.202      6.45636
      4439.00      207.654      6.85169
      4440.40      201.216      6.80228
      4441.80      198.304      6.78821
      4443.20      172.582      6.31752
      4444.60      184.348      6.57869
      4446.00      193.412      6.79920
      4447.40      190.726      6.70694
      4448.80      190.265      6.68928
      4450.20      195.221      6.77976
      4451.60      193.260      6.65491
      4453.00      190.002      6.55222
      4454.40      166.976      6.05036
      4455.80      187.196      6.41469
      4457.20      180.056      6.35513
      4458.60      174.060      6.35956
      4460.00      191.190      6.77951
      4461.40      178.074      6.49822
      4462.80      190.909      6.70013
      4464.20      196.922      6.71207
      4465.60      193.297      6.60346
      4467.00      189.441      6.55763
      4468.40      179.204      6.34071
      4469.80      171.842      6.17705
      4471.20      186.304      6.41089
      4472.60      185.460      6.35031
      4474.00      190.228      6.43658
      4475.40      192.491      6.54579
      4476.80      190.087      6.58282
      4478.20      187.224      6.48679
      4479.60      186.799      6.51285
      4481.00      189.865      6.55069
      4482.40      172.261      6.16151
      4483.80      183.723      6.29970
      4485.20      196.900      6.57264
      4486.60      194.272      6.60908
      4488.00      186.283      6.40546
      4489.40      185.488      6.41236
      4490.80      181.517      6.35419
      4492.20      190.938      6.58333
      4493.60      199.146      6.74439
      4495.00      191.191      6.52645
      4496.40      185.584      6.34047
      4497.80      192.328      6.39233
      4499.20      196.179      6.47992
      4500.60      188.965      6.34036
      4502.00      184.947      6.31471
      4503.40      187.733      6.39489
      4504.80      192.606      6.61322
      4506.20      189.030      6.44086
      4507.60      183.570      6.40481
      4509.00      186.526      6.43300
      4510.40      192.021      6.44219
      4511.80      194.162      6.55298
      4513.20      193.243      6.49782
      4514.60      195.130      6.64715
      4516.00      192.801      6.81746
      4517.40      190.063      6.72547
      4518.80      189.174      6.40341
      4520.20      182.589      6.20426
      4521.60      189.660      6.71884
      4523.00      195.025      6.92941
      4524.40      194.603      6.74575
      4525.80      187.942      6.30528
      4527.20      177.976      6.13043
      4528.60      173.683      6.19079
      4530.00      179.836      6.27346
      4531.40      182.050      6.17293
      4532.80      190.997      6.40660
      4534.20      175.985      6.39715
      4535.60      172.203      6.45973
      4537.00      192.716      6.69527
      4538.40      191.986      6.55556
      4539.80      191.397      6.49722
      4541.20      191.637      6.67509
      4542.60      190.728      6.77873
      4544.00      190.940      6.86403
      4545.40      188.342      6.42214
      4546.80      188.202      6.26118
      4548.20      186.708      6.22640
      4549.60      178.969      6.20095
      4551.00      181.385      6.29256
      4552.40      189.206      6.47888
      4553.80      188.903      6.30250
      4555.20      180.032      6.12734
      4556.60      179.337      6.09842
      4558.00      191.940      6.38444
      4559.40      189.697      6.48604
      4560.80      194.350      6.47483
      4562.20      186.903      6.45561
      4563.60      176.052      6.36563
      4565.00      185.759      6.51019
      4566.40      197.756      6.54350
      4567.80      199.331      6.48775
      4569.20      201.274      6.57502
      4570.60      186.044      6.37569
      4572.00      184.073      6.29464
      4573.40      185.544      6.19892
      4574.80      191.561      6.26059
      4576.20      194.680      6.31306
      4577.60      182.990      6.16218
      4579.00      192.556      6.38776
      4580.40      186.601      6.24561
      4581.80      187.523      6.20096
      4583.20      194.108      6.34255
      4584.60      186.076      6.22394
      4586.00      188.002      6.28256
      4587.40      185.967      6.25839
      4588.80      185.713      6.21686
      4590.20      190.557      6.26104
      4591.60      196.234      6.31941
      4593.00      190.163      6.20125
      4594.40      198.770      6.41392
      4595.80      186.579      6.27939
      4597.20      183.824      6.13492
      4598.60      189.391      6.19711
      4600.00      194.248      6.34845
      4601.40      192.778      6.37082
      4602.80      191.159      6.26835
      4604.20      183.747      6.05555
      4605.60      188.232      6.41954
      4607.00      186.124      6.08644
      4608.40      182.306      6.04861
      4609.80      194.216      6.29708
      4611.20      190.220      6.45845
      4612.60      197.178      6.30108
      4614.00      188.913      6.15829
      4615.40      191.336      6.19200
      4616.80      185.985      6.09271
      4618.20      194.118      6.24064
      4619.60      188.190      6.12271
      4621.00      193.577      6.26097
      4622.40      191.942      6.22155
      4623.80      194.827      6.25913
      4625.20      190.489      6.20497
      4626.60      194.776      6.29844
      4628.00      197.322      6.38782
      4629.40      182.047      6.03439
      4630.80      193.198      6.24419
      4632.20      193.375      6.29854
      4633.60      185.467      6.14675
      4635.00      196.349      6.31639
      4636.40      185.262      6.11586
      4637.80      190.402      6.24043
      4639.20      188.257      6.15272
      4640.60      186.183      6.25470
      4642.00      196.186      6.31982
      4643.40      195.708      6.28385
      4644.80      188.616      6.12947
      4646.20      193.130      6.20475
      4647.60      182.023      6.01937
      4649.00      189.145      6.17240
      4650.40      191.119      6.18430
      4651.80      195.199      6.25822
      4653.20      202.168      6.37656
      4654.60      194.966      6.23201
      4656.00      186.966      6.13516
      4657.40      184.269      6.08742
      4658.80      187.939      6.14311
      4660.20      202.510      6.41087
      4661.60      199.443      6.34225
      4663.00      203.245      6.40825
      4664.40      204.012      6.42684
      4665.80      190.319      6.20973
      4667.20      189.022      6.32734
      4668.60      185.159      6.22089
      4670.00      190.115      6.23792
      4671.40      194.436      6.30945
      4672.80      199.069      6.36189
      4674.20      185.172      6.09350
      4675.60      194.632      6.27255
      4677.00      197.978      6.33734
      4678.40      195.525      6.27948
      4679.80      194.648      6.23210
      4681.20      196.805      6.34679
      4682.60      189.981      6.12389
      4684.00      192.582      6.15776
      4685.40      194.454      6.24469
      4686.80      199.113      6.45397
      4688.20      194.056      6.32848
      4689.60      200.013      6.33763
      4691.00      188.936      6.14896
      4692.40      188.569      6.10064
      4693.80      206.588      6.41835
      4695.20      205.809      6.39577
      4696.60      194.795      6.18783
      4698.00      191.542      6.13105
      4699.40      196.044      6.24734
      4700.80      193.527      6.27366
      4702.20      193.641      6.31341
      4703.60      180.833      6.04095
      4705.00      179.312      5.88083
      4706.40      185.213      6.01712
      4707.80      186.644      6.06679
      4709.20      183.910      6.06085
      4710.60      188.572      6.08425
      4712.00      189.469      6.10596
      4713.40      194.376      6.19416
      4714.80      193.653      6.28478
      4716.20      194.817      6.48013
      4717.60      192.967      6.34119
      4719.00      194.669      6.27023
      4720.40      195.894      6.20522
      4721.80      191.942      6.14852
      4723.20      191.154      6.19763
      4724.60      188.657      6.10422
      4726.00      195.792      6.29901
      4727.40      190.630      6.25762
      4728.80      193.416      6.16327
      4730.20      183.609      6.03639
      4731.60      188.715      6.24275
      4733.00      190.366      6.30863
      4734.40      193.821      6.37792
      4735.80      188.962      6.08837
      4737.20      192.425      6.10457
      4738.60      199.206      6.23108
      4740.00      196.692      6.17920
      4741.40      192.560      6.10196
      4742.80      193.230      6.09264
      4744.20      202.010      6.26771
      4745.60      194.380      6.13504
      4747.00      191.776      6.08461
      4748.40      192.602      6.13812
      4749.80      190.007      6.16857
      4751.20      200.609      6.40107
      4752.60      193.717      6.27274
      4754.00      193.006      6.17614
      4755.40      178.967      5.82660
      4756.80      190.409      6.01563
      4758.20      189.400      6.00215
      4759.60      182.601      5.95578
      4761.00      187.311      6.06343
      4762.40      184.731      6.01381
      4763.80      188.072      5.98614
      4765.20      188.582      6.00995
      4766.60      190.091      6.08863
      4768.00      190.926      6.14261
      4769.40      190.097      5.99955
      4770.80      189.815      5.98816
      4772.20      193.657      6.05747
      4773.60      194.596      6.12404
      4775.00      198.928      6.12051
      4776.40      196.741      6.08884
      4777.80      196.421      6.10906
      4779.20      195.804      6.09283
      4780.60      195.819      6.09716
      4782.00      176.347      5.76280
      4783.40      191.582      6.00779
      4784.80      192.265      5.99225
      4786.20      178.981      5.78635
      4787.60      177.473      5.91333
      4789.00      186.176      6.15004
      4790.40      195.768      6.26673
      4791.80      185.893      5.93289
      4793.20      194.364      6.04489
      4794.60      195.394      6.14800
      4796.00      187.606      6.16347
      4797.40      187.996      6.29572
      4798.80      188.165      6.00022
      4800.20      187.439      6.02103
      4801.60      190.196      6.44112
      4803.00      185.528      6.15950
      4804.40      191.946      6.12248
      4805.80      188.298      5.91967
      4807.20      190.029      5.92453
      4808.60      195.367      6.20976
      4810.00      193.011      6.18329
      4811.40      192.767      6.02863
      4812.80      192.819      6.14519
      4814.20      197.336      6.20954
      4815.60      194.627      6.27093
      4817.00      204.532      6.36977
      4818.40      195.507      6.07189
      4819.80      197.291      6.08997
      4821.20      193.048      6.10765
      4822.60      182.862      5.96244
      4824.00      182.966      6.10131
      4825.40      187.304      6.17239
      4826.80      192.916      6.22466
      4828.20      175.946      5.89302
      4829.60      182.460      5.97232
      4831.00      186.549      6.02199
      4832.40      189.550      6.09312
      4833.80      196.722      6.21645
      4835.20      189.992      6.09158
      4836.60      189.168      6.03080
      4838.00      183.977      5.95810
      4839.40      182.745      5.93778
      4840.80      181.548      6.06280
      4842.20      182.971      5.90156
      4843.60      172.068      5.71615
      4845.00      178.504      5.89650
      4846.40      188.646      6.22475
      4847.80      186.466      6.27878
      4849.20      180.999      5.95009
      4850.60      181.284      5.97483
      4852.00      188.322      6.07468
      4853.40      178.857      6.02860
      4854.80      170.726      5.82303
      4856.20      167.965      5.68614
      4857.60      162.171      5.63165
      4859.00      153.118      5.54428
      4860.40      126.945      5.12640
      4861.80      107.272      4.76051
      4863.20      121.800      4.95674
      4864.60      154.586      5.55239
      4866.00      164.004      5.92005
      4867.40      170.864      5.98366
      4868.80      169.982      5.89403
      4870.20      174.103      5.89760
      4871.60      175.645      5.83570
      4873.00      172.134      5.77049
      4874.40      181.909      6.12973
      4875.80      183.880      6.12868
      4877.20      177.530      5.99639
      4878.60      173.573      5.88590
      4880.00      175.532      5.85176
      4881.40      185.797      5.97390
      4882.80      184.840      5.95314
      4884.20      184.984      6.10373
      4885.60      187.841      6.06734
      4887.00      179.394      5.97332
      4888.40      180.088      5.97670
      4889.80      175.086      5.79507
      4891.20      166.560      5.59549
      4892.60      187.004      5.99363
      4894.00      194.764      6.22896
      4895.40      193.023      6.33700
      4896.80      184.058      6.21431
      4898.20      191.692      6.26676
      4899.60      189.273      6.05005
      4901.00      184.958      5.86821
      4902.40      192.086      5.97372
      4903.80      179.021      5.75073
      4905.20      181.289      5.89932
      4906.60      190.425      6.14412
      4908.00      194.256      6.13703
      4909.40      190.146      5.94682
      4910.80      180.265      5.77665
      4912.20      183.924      6.00765
      4913.60      189.988      6.16195
      4915.00      191.621      6.22791
      4916.40      184.463      5.98421
      4917.80      179.407      5.90573
      4919.20      170.452      5.51882
      4920.60      176.557      5.65151
      4922.00      181.378      5.77508
      4923.40      183.245      5.77080
      4924.80      177.078      5.66338
      4926.20      171.822      5.67281
      4927.60      186.888      6.04931
      4929.00      184.531      5.91424
      4930.40      187.848      5.86786
      4931.80      192.445      5.91744
      4933.20      193.903      5.95907
      4934.60      177.893      5.65050
      4936.00      185.417      5.77212
      4937.40      183.630      5.74958
      4938.80      171.667      5.61102
      4940.20      182.594      5.83473
      4941.60      173.367      5.69912
      4943.00      194.931      5.96862
      4944.40      189.555      5.85961
      4945.80      179.395      5.72755
      4947.20      192.459      5.99208
      4948.60      186.897      5.84666
      4950.00      184.787      5.94226
      4951.40      185.230      5.75720
      4952.80      186.285      5.84279
      4954.20      188.614      5.99166
      4955.60      188.729      5.97902
      4957.00      173.882      5.58628
      4958.40      170.807      5.47633
      4959.80      180.922      5.69795
      4961.20      183.405      5.82692
      4962.60      184.599      5.99011
      4964.00      186.454      5.85890
      4965.40      181.871      5.73586
      4966.80      186.979      5.80403
      4968.20      192.818      5.93824
      4969.60      191.639      5.97900
      4971.00      179.239      5.80298
      4972.40      195.670      6.05643
      4973.80      188.069      5.79554
      4975.20      187.988      5.78189
      4976.60      189.364      5.97882
      4978.00      192.107      6.17088
      4979.40      190.240      5.94897
      4980.80      184.591      5.75993
      4982.20      174.504      5.55611
      4983.60      174.885      5.55638
      4985.00      175.596      5.60941
      4986.40      180.014      5.63145
      4987.80      185.378      5.77105
      4989.20      188.978      5.84453
      4990.60      184.340      5.71000
      4992.00      180.003      5.72624
      4993.40      185.073      5.83808
      4994.80      182.326      5.73164
      4996.20      179.606      5.66628
      4997.60      181.801      5.83672
      4999.00      186.851      5.74277
