      3900.00      141.962      5.96935
      3901.40      158.561      6.39191
      3902.80      163.124      6.43739
      3904.20      158.149      6.26221
      3905.60      174.180      6.63191
      3907.00      169.773      6.70027
      3908.40      181.563      6.94801
      3909.80      179.614      6.84194
      3911.20      183.083      7.04070
      3912.60      179.659      6.92960
      3914.00      184.437      6.96520
      3915.40      183.755      6.84063
      3916.80      174.318      6.59924
      3918.20      184.319      6.80802
      3919.60      187.193      6.84626
      3921.00      182.397      6.57872
      3922.40      180.888      6.63042
      3923.80      184.068      6.81048
      3925.20      183.988      6.85263
      3926.60      184.500      6.58891
      3928.00      185.443      6.52458
      3929.40      176.234      6.27775
      3930.80      173.803      6.13768
      3932.20      137.576      5.26580
      3933.60      107.347      4.56056
      3935.00      125.243      4.94663
      3936.40      175.717      6.09221
      3937.80      181.028      6.27513
      3939.20      175.345      6.20285
      3940.60      190.190      6.58366
      3942.00      196.784      6.87313
      3943.40      176.341      6.48955
      3944.80      174.421      6.32020
      3946.20      196.881      8.15763
      3947.60      178.053      7.79031
      3949.00      192.821      6.69289
      3950.40      180.609      6.57005
      3951.80      173.078      6.52390
      3953.20      169.582      6.23996
      3954.60      167.301      6.20398
      3956.00      155.615      5.93475
      3957.40      154.522      6.07978
      3958.80      162.008      6.40207
      3960.20      140.406      5.96796
      3961.60      142.392      5.69086
      3963.00      132.431      5.26562
      3964.40      121.844      4.96636
      3965.80      121.202      4.85466
      3967.20      95.0831      4.18323
      3968.60      88.7926      4.07134
      3970.00      80.6951      3.93094
      3971.40      96.9275      4.34078
      3972.80      103.422      4.50311
      3974.20      123.162      4.96297
      3975.60      127.322      5.11773
      3977.00      136.122      5.34025
      3978.40      147.130      5.60815
      3979.80      149.766      5.70579
      3981.20      158.360      5.97285
      3982.60      164.081      6.01414
      3984.00      159.729      5.87128
      3985.40      160.656      5.90585
      3986.80      152.062      5.70233
      3988.20      178.179      6.28270
      3989.60      180.925      6.35064
      3991.00      181.748      6.47785
      3992.40      179.990      6.30854
      3993.80      181.294      6.32000
      3995.20      183.338      6.33500
      3996.60      180.288      6.27831
      3998.00      184.284      6.33821
      3999.40      179.880      6.27652
      4000.80      178.203      6.28529
      4002.20      178.858      6.27942
      4003.60      176.295      6.23438
      4005.00      171.225      6.13001
      4006.40      179.667      6.33213
      4007.80      181.399      6.26848
      4009.20      193.850      6.55849
      4010.60      182.433      6.31406
      4012.00      179.227      6.25127
      4013.40      192.711      6.60428
      4014.80      182.155      6.32214
      4016.20      189.878      6.43960
      4017.60      192.895      6.46897
      4019.00      185.702      6.39817
      4020.40      185.865      6.76324
      4021.80      185.120      6.33996
      4023.20      185.705      6.41854
      4024.60      183.233      6.61158
      4026.00      188.451      6.67942
      4027.40      184.101      6.32818
      4028.80      178.209      6.16204
      4030.20      186.506      6.31875
      4031.60      189.415      6.49963
      4033.00      190.129      6.45791
      4034.40      187.648      6.27052
      4035.80      176.214      6.06215
      4037.20      188.691      6.41953
      4038.60      197.093      6.60446
      4040.00      195.886      6.49950
      4041.40      188.391      6.32427
      4042.80      192.576      6.44906
      4044.20      184.120      6.42475
      4045.60      168.741      6.17067
      4047.00      176.232      6.46949
      4048.40      177.477      6.48684
      4049.80      185.469      6.50393
      4051.20      189.169      6.56146
      4052.60      177.685      6.32885
      4054.00      186.165      6.42917
      4055.40      188.357      6.40308
      4056.80      184.564      6.23164
      4058.20      183.176      6.10263
      4059.60      185.914      6.14921
      4061.00      180.381      6.08939
      4062.40      172.528      5.89643
      4063.80      173.853      5.83658
      4065.20      178.468      5.97163
      4066.60      182.190      6.14062
      4068.00      181.185      6.23535
      4069.40      185.197      6.36180
      4070.80      172.356      5.99348
      4072.20      175.440      5.95865
      4073.60      184.900      6.22778
      4075.00      173.267      6.18012
      4076.40      174.854      6.21518
      4077.80      169.299      5.86940
      4079.20      171.490      6.01202
      4080.60      173.231      5.89038
      4082.00      168.593      5.99141
      4083.40      168.941      6.13486
      4084.80      165.394      5.87364
      4086.20      161.706      5.81661
      4087.60      155.213      5.51669
      4089.00      153.561      5.53776
      4090.40      150.944      5.57553
      4091.80      145.944      5.52303
      4093.20      143.202      5.38927
      4094.60      131.326      5.04365
      4096.00      118.991      4.72262
      4097.40      118.446      4.72013
      4098.80      102.997      4.50388
      4100.20      106.945      4.62251
      4101.60      100.901      4.26295
      4103.00      99.7647      4.13543
      4104.40      107.448      4.36446
      4105.80      120.545      4.72750
      4107.20      129.321      4.95817
      4108.60      129.708      5.03006
      4110.00      133.341      4.99222
      4111.40      143.459      5.18470
      4112.80      148.925      5.39957
      4114.20      150.775      5.59417
      4115.60      149.938      5.48026
      4117.00      159.106      5.60251
      4118.40      161.721      5.57219
      4119.80      168.560      5.68173
      4121.20      171.480      5.73887
      4122.60      158.859      5.50442
      4124.00      175.651      5.89988
      4125.40      172.916      5.87437
      4126.80      168.476      5.70380
      4128.20      179.871      5.87293
      4129.60      182.719      5.95750
      4131.00      176.313      5.82760
      4132.40      170.598      5.65273
      4133.80      172.904      5.69166
      4135.20      175.826      5.88655
      4136.60      184.075      6.13778
      4138.00      174.390      5.86489
      4139.40      180.696      6.04110
      4140.80      177.958      6.25013
      4142.20      180.324      6.24705
      4143.60      178.184      5.83647
      4145.00      174.477      5.68981
      4146.40      182.430      5.89254
      4147.80      179.268      5.84527
      4149.20      179.751      5.86516
      4150.60      178.008      5.81106
      4152.00      175.701      5.83063
      4153.40      178.797      5.84982
      4154.80      174.756      5.89125
      4156.20      180.596      6.15425
      4157.60      177.916      6.03745
      4159.00      179.637      5.91221
      4160.40      181.198      5.84638
      4161.80      178.495      5.79808
      4163.20      178.090      5.97000
      4164.60      175.328      6.42340
      4166.00      176.719      6.47597
      4167.40      174.198      5.98106
      4168.80      172.593      5.71394
      4170.20      158.561      5.41077
      4171.60      169.559      5.58553
      4173.00      173.056      5.71569
      4174.40      180.877      5.98670
      4175.80      169.113      5.80961
      4177.20      174.848      5.90208
      4178.60      178.296      5.76455
      4180.00      173.952      5.66591
      4181.40      176.853      5.79574
      4182.80      179.044      5.78073
      4184.20      176.531      5.68118
      4185.60      177.669      5.70545
      4187.00      174.491      5.60510
      4188.40      178.263      5.85191
      4189.80      180.690      6.05061
      4191.20      183.685      5.95252
      4192.60      186.829      5.99247
      4194.00      179.152      6.01499
      4195.40      183.616      6.22564
      4196.80      172.350      6.30799
      4198.20      174.828      6.66507
      4199.60      166.729      7.11075
      4201.00      169.079      7.09581
      4202.40      169.249      5.63731
      4203.80      171.142      5.52569
      4205.20      181.246      5.79286
      4206.60      173.821      5.89198
      4208.00      173.603      5.60927
      4209.40      181.658      5.76661
      4210.80      184.598      5.81771
      4212.20      180.735      5.75634
      4213.60      174.476      5.64727
      4215.00      171.096      5.53413
      4216.40      178.743      5.65097
      4217.80      174.335      5.58222
      4219.20      179.819      5.70885
      4220.60      173.981      5.57963
      4222.00      177.857      5.66260
      4223.40      178.145      5.63818
      4224.80      174.048      5.51534
      4226.20      160.843      5.17505
      4227.60      164.290      5.21696
      4229.00      180.184      5.63087
      4230.40      166.112      5.40078
      4231.80      185.764      5.83061
      4233.20      167.805      5.44636
      4234.60      170.497      5.60774
      4236.00      172.950      5.73187
      4237.40      171.566      5.60217
      4238.80      170.175      5.47011
      4240.20      172.327      5.69599
      4241.60      175.992      5.65822
      4243.00      172.539      5.55169
      4244.40      175.832      5.57576
      4245.80      169.310      5.47401
      4247.20      172.467      5.68928
      4248.60      179.594      5.90818
      4250.00      164.799      5.59934
      4251.40      176.227      5.79372
      4252.80      173.946      5.71154
      4254.20      176.985      5.61190
      4255.60      181.857      5.64957
      4257.00      176.727      5.56404
      4258.40      175.633      5.63120
      4259.80      175.854      5.58388
      4261.20      175.513      5.46310
      4262.60      172.683      5.46994
      4264.00      175.868      5.58876
      4265.40      180.534      5.68194
      4266.80      183.525      5.73343
      4268.20      186.933      5.79015
      4269.60      179.408      5.61285
      4271.00      163.671      5.21476
      4272.40      176.084      5.45109
      4273.80      187.511      5.79221
      4275.20      174.964      5.55059
      4276.60      176.270      5.59780
      4278.00      163.375      5.41385
      4279.40      180.910      5.80035
      4280.80      172.465      5.61889
      4282.20      165.755      5.51136
      4283.60      172.569      5.77754
      4285.00      169.568      5.83086
      4286.40      168.352      5.93653
      4287.80      165.572      5.38166
      4289.20      167.129      5.30627
      4290.60      167.812      5.29642
      4292.00      173.992      5.45546
      4293.40      168.050      5.35506
      4294.80      171.071      5.39594
      4296.20      163.255      5.28750
      4297.60      167.612      5.50099
      4299.00      153.160      5.21076
      4300.40      152.337      5.15779
      4301.80      155.182      5.17998
      4303.20      157.293      5.12531
      4304.60      169.954      5.29467
      4306.00      171.003      5.33462
      4307.40      162.191      5.18112
      4308.80      167.996      5.24755
      4310.20      169.497      5.22671
      4311.60      159.914      5.21398
      4313.00      158.571      5.11509
      4314.40      156.677      5.16374
      4315.80      156.877      5.16559
      4317.20      157.520      5.22458
      4318.60      157.100      5.20758
      4320.00      154.702      5.13566
      4321.40      152.747      5.05131
      4322.80      154.104      5.04753
      4324.20      154.181      4.97549
      4325.60      142.457      4.68990
      4327.00      145.718      4.78683
      4328.40      147.117      4.87829
      4329.80      139.905      4.78136
      4331.20      137.185      4.79854
      4332.60      130.203      4.70664
      4334.00      125.299      4.53441
      4335.40      115.887      4.30928
      4336.80      111.146      4.15493
      4338.20      107.672      4.04847
      4339.60      112.827      4.24105
      4341.00      107.517      4.15335
      4342.40      106.492      4.07856
      4343.80      112.055      4.12004
      4345.20      119.212      4.29971
      4346.60      124.976      4.42872
      4348.00      133.341      4.61205
      4349.40      142.436      4.81512
      4350.80      136.066      4.71590
      4352.20      140.819      4.80269
      4353.60      141.160      4.69472
      4355.00      150.302      4.92305
      4356.40      150.154      4.99195
      4357.80      165.579      5.67188
      4359.20      146.532      5.38097
      4360.60      159.173      5.31729
      4362.00      159.589      5.18598
      4363.40      166.709      5.31182
      4364.80      163.737      5.23187
      4366.20      166.503      5.29170
      4367.60      166.119      5.25436
      4369.00      166.464      5.34009
      4370.40      165.549      5.47412
      4371.80      171.978      5.66254
      4373.20      172.458      5.53982
      4374.60      162.056      5.12025
      4376.00      163.178      5.12257
      4377.40      171.909      5.33115
      4378.80      165.624      5.50282
      4380.20      165.865      5.34896
      4381.60      160.814      5.27313
      4383.00      163.138      5.16868
      4384.40      152.057      4.78812
      4385.80      159.770      4.96455
      4387.20      170.957      5.27642
      4388.60      168.903      5.24214
      4390.00      162.820      5.11058
      4391.40      164.441      5.16281
      4392.80      165.746      5.22080
      4394.20      156.840      5.02304
      4395.60      156.251      4.99015
      4397.00      160.989      5.11192
      4398.40      161.313      5.22979
      4399.80      164.822      5.43669
      4401.20      156.384      5.31846
      4402.60      165.945      5.37037
      4404.00      157.869      4.98694
      4405.40      159.116      4.97298
      4406.80      166.385      5.29621
      4408.20      172.178      5.50741
      4409.60      163.644      5.18009
      4411.00      161.666      5.09269
      4412.40      164.147      5.17474
      4413.80      160.610      5.09347
      4415.20      153.649      4.94015
      4416.60      155.220      5.00468
      4418.00      155.918      5.09572
      4419.40      169.612      5.35026
      4420.80      167.012      5.38131
      4422.20      165.482      5.23469
      4423.60      166.439      5.18162
      4425.00      166.859      5.17757
      4426.40      165.873      5.15900
      4427.80      161.579      5.11683
      4429.20      164.385      5.30204
      4430.60      161.182      5.21094
      4432.00      168.558      5.21829
      4433.40      164.071      5.10175
      4434.80      169.169      5.29426
      4436.20      165.314      5.29867
      4437.60      167.624      5.31103
      4439.00      170.773      5.33934
      4440.40      167.183      5.23169
      4441.80      160.291      5.03658
      4443.20      154.874      4.87815
      4444.60      152.088      4.82740
      4446.00      160.541      5.12992
      4447.40      161.288      5.13430
      4448.80      161.565      5.28789
      4450.20      162.826      5.08177
      4451.60      163.899      5.08785
      4453.00      164.584      5.10218
      4454.40      153.426      4.84256
      4455.80      165.541      5.05671
      4457.20      161.669      4.98372
      4458.60      164.037      5.11805
      4460.00      164.728      5.21336
      4461.40      164.378      5.18793
      4462.80      165.009      5.12642
      4464.20      163.173      5.03585
      4465.60      160.022      4.98177
      4467.00      151.777      4.91093
      4468.40      151.795      4.89609
      4469.80      163.743      5.03373
      4471.20      161.964      5.00168
      4472.60      163.267      5.04845
      4474.00      147.191      4.75685
      4475.40      153.549      4.88324
      4476.80      152.858      4.96537
      4478.20      155.655      5.13529
      4479.60      159.441      4.97683
      4481.00      151.733      4.80446
      4482.40      151.321      4.78113
      4483.80      157.181      4.89278
      4485.20      163.644      5.06685
      4486.60      165.283      5.30630
      4488.00      163.878      5.24416
      4489.40      157.963      4.94259
      4490.80      154.888      4.84340
      4492.20      167.100      5.15363
      4493.60      162.862      5.17475
      4495.00      164.092      5.07217
      4496.40      159.954      4.94458
      4497.80      158.983      5.14868
      4499.20      168.061      5.40660
      4500.60      161.720      5.05210
      4502.00      150.806      4.77242
      4503.40      157.462      5.11584
      4504.80      164.003      5.53087
      4506.20      164.017      5.37207
      4507.60      165.032      5.13793
      4509.00      155.868      4.87248
      4510.40      165.878      5.06999
      4511.80      164.387      5.09278
      4513.20      156.580      4.92484
      4514.60      155.817      4.86469
      4516.00      160.902      4.94684
      4517.40      165.909      5.05074
      4518.80      158.048      4.89681
      4520.20      155.146      4.91174
      4521.60      157.797      4.97974
      4523.00      158.041      5.02798
      4524.40      160.057      4.92279
      4525.80      161.883      4.97101
      4527.20      158.178      4.96749
      4528.60      160.124      5.06045
      4530.00      162.452      5.06925
      4531.40      162.389      4.94506
      4532.80      154.483      4.78265
      4534.20      147.134      4.61815
      4535.60      163.681      4.95301
      4537.00      161.829      4.95028
      4538.40      160.307      4.93739
      4539.80      161.676      4.95677
      4541.20      161.870      4.95858
      4542.60      158.450      4.90126
      4544.00      155.105      5.07573
      4545.40      154.506      4.96261
      4546.80      153.362      4.82867
      4548.20      152.270      4.74281
      4549.60      146.367      4.59340
      4551.00      151.455      4.71662
      4552.40      156.360      4.96007
      4553.80      153.255      4.91290
      4555.20      157.894      4.90656
      4556.60      153.442      4.73826
      4558.00      159.634      4.89079
      4559.40      160.277      4.90419
      4560.80      164.933      5.05250
      4562.20      161.742      5.08449
      4563.60      153.328      5.26389
      4565.00      159.162      7.37598
      4566.40      162.055      4.95518
      4567.80      155.772      4.80748
      4569.20      160.667      4.92418
      4570.60      148.446      4.83575
      4572.00      150.644      4.94235
      4573.40      160.029      5.07225
      4574.80      158.350      4.91016
      4576.20      152.466      4.73917
      4577.60      153.534      4.75429
      4579.00      155.186      4.98425
      4580.40      162.486      5.09657
      4581.80      161.151      4.87252
      4583.20      161.245      4.87134
      4584.60      156.078      4.95613
      4586.00      152.882      5.04415
      4587.40      159.623      5.08788
      4588.80      152.840      4.86254
      4590.20      145.810      4.61623
      4591.60      155.529      4.79981
      4593.00      155.723      4.89285
      4594.40      158.596      4.96315
      4595.80      154.082      4.78623
      4597.20      162.691      4.92711
      4598.60      160.846      4.99403
      4600.00      165.962      5.13688
      4601.40      158.694      4.97518
      4602.80      154.880      4.86128
      4604.20      161.820      4.93683
      4605.60      156.874      4.79252
      4607.00      155.877      4.75699
      4608.40      152.844      4.71283
      4609.80      155.450      4.93828
      4611.20      153.608      4.83831
      4612.60      154.434      4.93287
      4614.00      155.246      4.92242
      4615.40      155.459      4.76667
      4616.80      154.290      4.76939
      4618.20      154.856      4.74167
      4619.60      157.467      4.82870
      4621.00      154.284      5.01781
      4622.40      155.929      5.09695
      4623.80      146.466      4.77832
      4625.20      147.058      4.60843
      4626.60      160.278      4.84337
      4628.00      160.977      4.91527
      4629.40      151.243      4.88349
      4630.80      150.786      4.87569
      4632.20      166.433      4.97820
      4633.60      150.058      4.64129
      4635.00      160.963      4.85095
      4636.40      162.365      4.94637
      4637.80      156.171      4.95754
      4639.20      155.660      4.99721
      4640.60      156.449      5.06956
      4642.00      157.960      4.97855
      4643.40      149.828      4.65107
      4644.80      158.603      4.79421
      4646.20      156.560      4.74390
      4647.60      155.527      4.71042
      4649.00      160.909      4.82012
      4650.40      157.686      4.78737
      4651.80      155.009      4.79805
      4653.20      157.466      4.81043
      4654.60      157.095      4.75871
      4656.00      161.144      4.87331
      4657.40      156.481      4.92849
      4658.80      150.333      4.74399
      4660.20      156.818      4.78903
      4661.60      152.687      4.70147
      4663.00      151.159      4.91205
      4664.40      151.128      4.72160
      4665.80      150.224      4.61076
      4667.20      153.839      4.65781
      4668.60      155.998      4.68896
      4670.00      157.029      4.84423
      4671.40      151.292      4.77243
      4672.80      150.011      4.65507
      4674.20      156.652      4.74354
      4675.60      157.595      4.76901
      4677.00      155.969      4.82553
      4678.40      156.560      4.76590
      4679.80      156.320      4.71188
      4681.20      161.086      4.81585
      4682.60      158.627      4.87283
      4684.00      156.453      4.98498
      4685.40      162.342      5.10195
      4686.80      156.707      4.91814
      4688.20      159.913      4.85692
      4689.60      159.562      4.77889
      4691.00      161.292      4.80572
      4692.40      148.173      4.55661
      4693.80      154.124      4.90489
      4695.20      157.757      5.20122
      4696.60      153.661      5.11287
      4698.00      152.556      5.28831
      4699.40      150.523      4.89671
      4700.80      152.247      4.64312
      4702.20      151.734      4.58810
      4703.60      145.767      4.45003
      4705.00      156.535      4.67705
      4706.40      157.563      4.72494
      4707.80      154.610      4.65574
      4709.20      151.058      4.57870
      4710.60      160.923      4.78552
      4712.00      155.182      4.75540
      4713.40      158.312      4.97313
      4714.80      151.638      4.80557
      4716.20      155.694      4.68238
      4717.60      152.753      4.61609
      4719.00      154.569      4.66097
      4720.40      154.676      4.66985
      4721.80      156.205      4.68912
      4723.20      152.987      4.62937
      4724.60      154.972      4.78391
      4726.00      151.824      4.75799
      4727.40      149.850      4.63223
      4728.80      150.643      4.63126
      4730.20      152.771      4.74109
      4731.60      150.513      4.77759
      4733.00      153.340      4.86372
      4734.40      149.209      4.68364
      4735.80      146.613      4.49976
      4737.20      151.914      4.61462
      4738.60      153.850      4.82716
      4740.00      153.043      4.95046
      4741.40      152.782      4.65798
      4742.80      157.937      4.72287
      4744.20      148.271      4.54831
      4745.60      148.662      4.68749
      4747.00      157.954      4.74274
      4748.40      149.361      4.63042
      4749.80      150.756      4.83654
      4751.20      151.831      4.72873
      4752.60      151.286      4.57129
      4754.00      148.422      4.50532
      4755.40      149.418      4.92943
      4756.80      150.689      4.94035
      4758.20      149.695      4.59635
      4759.60      149.865      4.54257
      4761.00      153.828      4.62147
      4762.40      143.303      4.38113
      4763.80      152.940      4.57257
      4765.20      142.882      4.39602
      4766.60      151.505      4.72311
      4768.00      148.282      4.61063
      4769.40      148.617      4.50157
      4770.80      146.676      4.46641
      4772.20      150.005      4.64202
      4773.60      148.747      4.71287
      4775.00      142.745      4.54584
      4776.40      151.191      4.71099
      4777.80      149.039      4.74056
      4779.20      143.989      4.73363
      4780.60      143.380      4.75693
      4782.00      146.856      4.80354
      4783.40      150.811      4.77558
      4784.80      148.717      4.55787
      4786.20      147.047      4.58077
      4787.60      143.173      4.37266
      4789.00      147.607      4.46064
      4790.40      147.850      4.50091
      4791.80      146.521      4.54839
      4793.20      147.769      4.63069
      4794.60      145.166      4.68407
      4796.00      142.920      4.61793
      4797.40      142.772      4.42661
      4798.80      147.787      4.57481
      4800.20      145.499      4.69174
      4801.60      144.014      4.56377
      4803.00      145.936      4.44618
      4804.40      141.568      4.36092
      4805.80      145.417      4.44559
      4807.20      144.214      4.48421
      4808.60      143.921      4.48094
      4810.00      147.737      4.48819
      4811.40      144.790      4.40178
      4812.80      135.012      4.21832
      4814.20      137.768      4.33930
      4815.60      140.402      4.37251
      4817.00      144.061      4.41456
      4818.40      144.477      4.65750
      4819.80      144.534      5.05764
      4821.20      144.342      4.88201
      4822.60      148.123      4.57262
      4824.00      145.788      4.40697
      4825.40      138.743      4.26942
      4826.80      136.114      4.24171
      4828.20      141.791      4.35068
      4829.60      139.625      4.29507
      4831.00      146.030      4.42389
      4832.40      140.162      4.31432
      4833.80      143.389      4.44364
      4835.20      141.761      4.55889
      4836.60      141.191      4.60958
      4838.00      142.777      4.48807
      4839.40      137.167      4.24879
      4840.80      138.253      4.25905
      4842.20      133.573      4.17366
      4843.60      133.458      4.20195
      4845.00      132.577      4.16530
      4846.40      130.776      4.14021
      4847.80      129.745      4.19688
      4849.20      126.084      4.07840
      4850.60      118.099      3.85755
      4852.00      116.252      3.97878
      4853.40      108.112      3.73839
      4854.80      109.168      3.73907
      4856.20      109.998      3.66972
      4857.60      108.610      3.65315
      4859.00      107.413      3.77212
      4860.40      106.897      3.98464
      4861.80      99.9431      3.47154
      4863.20      91.3599      3.24979
      4864.60      100.714      3.47333
      4866.00      114.435      3.78195
      4867.40      112.534      3.77106
      4868.80      109.997      3.73921
      4870.20      112.488      3.79934
      4871.60      111.518      3.78244
      4873.00      124.230      4.01345
      4874.40      121.367      3.96715
      4875.80      128.234      4.13788
      4877.20      128.770      4.21398
      4878.60      136.706      4.32235
      4880.00      143.808      4.45559
      4881.40      135.560      4.30747
      4882.80      132.494      4.25171
      4884.20      133.847      4.32448
      4885.60      139.218      4.45233
      4887.00      136.883      4.35140
      4888.40      139.897      4.35206
      4889.80      136.455      4.32599
      4891.20      127.082      4.32330
      4892.60      136.967      4.63910
      4894.00      142.603      4.63235
      4895.40      138.820      4.35033
      4896.80      142.760      4.41042
      4898.20      139.455      4.33939
      4899.60      140.618      4.35724
      4901.00      149.932      4.52586
      4902.40      134.559      4.21775
      4903.80      139.814      4.31911
      4905.20      142.705      4.37156
      4906.60      138.537      4.29199
      4908.00      145.521      4.42659
      4909.40      148.537      4.46606
      4910.80      149.937      4.47697
      4912.20      144.022      4.34501
      4913.60      140.998      4.30549
      4915.00      146.980      4.44151
      4916.40      139.819      4.29409
      4917.80      138.790      4.25877
      4919.20      135.437      4.14357
      4920.60      137.898      4.23547
      4922.00      141.247      4.39501
      4923.40      129.016      4.18591
      4924.80      133.967      4.23954
      4926.20      144.904      4.38024
      4927.60      145.028      4.36224
      4929.00      136.460      4.19480
      4930.40      147.269      4.41814
      4931.80      136.244      4.19209
      4933.20      137.386      4.20884
      4934.60      141.571      4.42137
      4936.00      140.780      4.51638
      4937.40      142.791      4.35061
      4938.80      141.979      4.27433
      4940.20      143.283      4.34921
      4941.60      146.131      4.47086
      4943.00      136.210      4.20760
      4944.40      144.282      4.34488
      4945.80      142.822      4.30939
      4947.20      144.337      4.33445
      4948.60      144.785      4.35408
      4950.00      133.597      4.17591
      4951.40      143.591      4.38552
      4952.80      142.731      4.30842
      4954.20      144.936      4.33591
      4955.60      142.807      4.29286
      4957.00      137.313      4.15552
      4958.40      134.822      4.06978
      4959.80      143.211      4.31453
      4961.20      140.435      4.46735
      4962.60      136.797      4.46994
      4964.00      136.057      4.39851
      4965.40      136.005      4.15148
      4966.80      133.700      4.10580
      4968.20      135.547      4.13971
      4969.60      135.398      4.12733
      4971.00      131.098      4.04716
      4972.40      141.357      4.25651
      4973.80      133.886      4.18145
      4975.20      140.526      4.26898
      4976.60      136.231      4.16965
      4978.00      131.475      4.15369
      4979.40      140.569      4.39944
      4980.80      139.292      4.35138
      4982.20      138.308      4.25633
      4983.60      140.391      4.21765
      4985.00      131.598      4.02286
      4986.40      140.104      4.27837
      4987.80      142.984      4.38946
      4989.20      140.806      4.31979
      4990.60      138.159      4.19462
      4992.00      135.556      4.11718
      4993.40      141.431      4.23489
      4994.80      135.861      4.20781
      4996.20      140.342      4.39579
      4997.60      135.915      4.15623
      4999.00      134.579      4.07937
