      3900.00      80.5035      3.00827
      3901.40      79.7909      2.98569
      3902.80      78.5244      2.96036
      3904.20      85.7182      3.16782
      3905.60      85.3699      3.17312
      3907.00      93.1007      3.31251
      3908.40      90.2956      3.24341
      3909.80      89.2872      3.21585
      3911.20      90.1647      3.27584
      3912.60      90.9030      3.29872
      3914.00      92.9133      3.31389
      3915.40      94.0790      3.29995
      3916.80      92.8832      3.24385
      3918.20      96.5220      3.32101
      3919.60      91.4513      3.20153
      3921.00      88.7693      3.13362
      3922.40      95.6557      3.29216
      3923.80      94.4353      3.25904
      3925.20      93.4851      3.22308
      3926.60      86.8524      3.09395
      3928.00      90.1719      3.17830
      3929.40      75.1887      2.80142
      3930.80      65.2948      2.56984
      3932.20      74.9412      2.78078
      3933.60      78.9740      2.86673
      3935.00      87.9899      3.07000
      3936.40      87.8368      3.05985
      3937.80      90.9512      3.17008
      3939.20      91.1653      3.13707
      3940.60      93.0756      3.17946
      3942.00      91.1188      3.14908
      3943.40      88.2433      3.06728
      3944.80      86.1088      3.02866
      3946.20      89.7289      3.09702
      3947.60      84.0673      2.95181
      3949.00      86.0824      2.99456
      3950.40      78.5186      2.82025
      3951.80      78.9414      2.89820
      3953.20      79.2304      2.91988
      3954.60      73.0657      2.70319
      3956.00      70.7918      2.63591
      3957.40      70.9408      2.66300
      3958.80      62.2463      2.49414
      3960.20      60.8977      2.44760
      3961.60      54.1262      2.23512
      3963.00      46.0111      2.03426
      3964.40      39.6162      1.87127
      3965.80      29.5040      1.63904
      3967.20      26.0486      1.59141
      3968.60      31.5863      1.73075
      3970.00      44.6304      2.00847
      3971.40      46.0616      2.03163
      3972.80      55.0523      2.23452
      3974.20      60.5164      2.34708
      3975.60      65.3522      2.47167
      3977.00      69.5822      2.57491
      3978.40      72.3584      2.62041
      3979.80      79.5028      2.79063
      3981.20      78.1726      2.76543
      3982.60      82.3464      2.90786
      3984.00      82.1062      2.85483
      3985.40      83.1075      2.91511
      3986.80      84.2339      2.93280
      3988.20      83.6505      3.05522
      3989.60      87.1346      2.98803
      3991.00      83.4665      2.89286
      3992.40      85.1322      2.91347
      3993.80      87.4847      2.95296
      3995.20      88.5885      2.95984
      3996.60      90.6550      2.98922
      3998.00      89.3174      2.95670
      3999.40      89.9804      3.08148
      4000.80      92.1619      3.01759
      4002.20      90.8546      2.98481
      4003.60      89.3832      2.94186
      4005.00      95.9607      3.09800
      4006.40      97.2335      3.14035
      4007.80      92.8469      3.05355
      4009.20      90.2631      3.00416
      4010.60      92.7083      3.07115
      4012.00      89.9145      3.01714
      4013.40      93.7460      3.09203
      4014.80      95.5340      3.10375
      4016.20      90.8661      2.99990
      4017.60      95.0559      3.11117
      4019.00      93.5479      3.09566
      4020.40      92.7361      3.05388
      4021.80      91.6809      2.99783
      4023.20      95.2235      3.06251
      4024.60      94.4030      3.04919
      4026.00      97.1870      3.11910
      4027.40      92.7948      3.02490
      4028.80      91.1438      2.97216
      4030.20      93.4010      2.99965
      4031.60      92.9465      2.98718
      4033.00      91.9849      2.96393
      4034.40      87.6613      2.86290
      4035.80      93.9275      2.99795
      4037.20      93.6511      3.00887
      4038.60      91.4575      2.97168
      4040.00      93.4305      3.00200
      4041.40      93.7119      2.99282
      4042.80      92.3142      2.96771
      4044.20      92.3400      2.96666
      4045.60      91.5772      2.97542
      4047.00      93.5342      3.06104
      4048.40      94.7689      3.07859
      4049.80      97.1963      3.09838
      4051.20      93.8595      3.02705
      4052.60      94.0152      3.03535
      4054.00      96.2135      3.04853
      4055.40      92.5863      2.95426
      4056.80      90.8199      2.90485
      4058.20      90.5821      2.90080
      4059.60      89.6904      2.87782
      4061.00      91.0123      2.90869
      4062.40      92.4292      2.95640
      4063.80      88.1971      2.89001
      4065.20      83.2658      2.77024
      4066.60      91.3861      2.92017
      4068.00      88.6641      2.85561
      4069.40      85.4217      2.79051
      4070.80      85.4198      2.81941
      4072.20      84.8603      2.83515
      4073.60      88.8542      2.91063
      4075.00      82.6514      2.72685
      4076.40      86.0510      2.80605
      4077.80      87.9782      2.84449
      4079.20      79.6472      2.66303
      4080.60      81.6549      2.72676
      4082.00      78.8500      2.68782
      4083.40      75.6577      2.59429
      4084.80      72.1734      2.48360
      4086.20      69.1503      2.43426
      4087.60      68.4695      2.49356
      4089.00      66.8070      2.39957
      4090.40      59.2362      2.25881
      4091.80      56.7912      2.18604
      4093.20      52.0832      2.04857
      4094.60      47.2154      1.90050
      4096.00      41.9202      1.76172
      4097.40      34.6665      1.60458
      4098.80      30.5557      1.52012
      4100.20      34.8139      1.62745
      4101.60      42.5949      1.79381
      4103.00      47.9774      1.92903
      4104.40      54.1134      2.07892
      4105.80      59.1246      2.19499
      4107.20      63.9936      2.30427
      4108.60      66.6195      2.36950
      4110.00      72.9328      2.52213
      4111.40      74.2010      2.52146
      4112.80      74.6545      2.54837
      4114.20      76.0813      2.60110
      4115.60      80.1614      2.73304
      4117.00      80.8449      2.64338
      4118.40      84.6936      2.69804
      4119.80      83.7865      2.70724
      4121.20      84.1562      2.78610
      4122.60      84.0583      2.70162
      4124.00      83.6933      2.69027
      4125.40      83.4766      2.70266
      4126.80      85.7898      2.79259
      4128.20      86.6373      2.89127
      4129.60      88.3293      2.78655
      4131.00      89.0668      2.78353
      4132.40      85.9602      2.74835
      4133.80      88.6784      2.82108
      4135.20      89.7663      2.81187
      4136.60      86.7579      2.74684
      4138.00      89.1579      2.84107
      4139.40      84.7127      2.77748
      4140.80      90.5279      2.87698
      4142.20      92.9739      2.88079
      4143.60      92.9408      2.86417
      4145.00      87.6926      2.79440
      4146.40      88.8338      2.83473
      4147.80      92.3992      2.86518
      4149.20      87.7048      2.75228
      4150.60      88.2295      2.75805
      4152.00      90.6707      2.80243
      4153.40      87.4999      2.73691
      4154.80      91.4874      2.81984
      4156.20      92.2989      2.83787
      4157.60      86.1492      2.70042
      4159.00      83.7760      2.66112
      4160.40      80.4294      2.60735
      4161.80      85.5901      2.71517
      4163.20      89.5507      2.78669
      4164.60      92.3228      2.84076
      4166.00      89.3028      2.78268
      4167.40      89.0813      2.77764
      4168.80      87.2185      2.74274
      4170.20      87.3939      2.73264
      4171.60      90.3700      2.79748
      4173.00      86.6428      2.74333
      4174.40      89.3199      2.80260
      4175.80      86.7534      2.70966
      4177.20      89.7395      2.77050
      4178.60      93.6125      2.90539
      4180.00      88.2369      2.79870
      4181.40      90.7149      2.80396
      4182.80      88.4594      2.73844
      4184.20      90.9115      2.78296
      4185.60      88.1660      2.72994
      4187.00      90.1065      2.79056
      4188.40      91.7411      2.85906
      4189.80      89.4188      2.74122
      4191.20      91.8250      2.79220
      4192.60      88.5868      2.72238
      4194.00      91.7608      2.78686
      4195.40      91.3780      2.79210
      4196.80      89.5883      2.76365
      4198.20      91.6887      2.80047
      4199.60      88.4066      2.72072
      4201.00      89.0143      2.73312
      4202.40      86.7914      2.68662
      4203.80      86.2000      2.68215
      4205.20      89.9356      2.76143
      4206.60      85.3826      2.65804
      4208.00      85.0633      2.64710
      4209.40      90.7889      2.76699
      4210.80      90.8433      2.76429
      4212.20      87.5158      2.68984
      4213.60      89.6595      2.73908
      4215.00      90.9209      2.76246
      4216.40      91.1400      2.76700
      4217.80      86.9966      2.67289
      4219.20      86.9479      2.66776
      4220.60      88.3372      2.69531
      4222.00      84.6082      2.61446
      4223.40      85.4309      2.62935
      4224.80      85.7809      2.64556
      4226.20      89.3454      2.74082
      4227.60      88.0184      2.76560
      4229.00      88.3231      2.69178
      4230.40      87.3742      2.67712
      4231.80      84.0939      2.61169
      4233.20      88.0797      2.71883
      4234.60      89.0440      2.74320
      4236.00      91.5569      2.78022
      4237.40      85.8727      2.64767
      4238.80      89.1657      2.71511
      4240.20      91.8740      2.77326
      4241.60      91.3213      2.76476
      4243.00      87.7023      2.71393
      4244.40      82.4864      2.58857
      4245.80      87.8699      2.68489
      4247.20      86.4560      2.65704
      4248.60      88.0525      2.72088
      4250.00      90.1496      2.77172
      4251.40      89.2333      2.73838
      4252.80      86.5281      2.65731
      4254.20      81.5883      2.56729
      4255.60      85.6669      2.70052
      4257.00      85.6683      2.63152
      4258.40      85.5805      2.63946
      4259.80      91.5469      2.76204
      4261.20      90.6253      2.73869
      4262.60      87.8541      2.68389
      4264.00      87.0411      2.77605
      4265.40      89.9704      2.88752
      4266.80      87.3392      2.72521
      4268.20      84.8038      2.63299
      4269.60      88.4667      2.69702
      4271.00      88.7553      2.70438
      4272.40      88.7034      2.69622
      4273.80      88.7854      2.70182
      4275.20      90.2410      2.73459
      4276.60      87.3441      2.66321
      4278.00      86.8673      2.65475
      4279.40      88.1651      2.68005
      4280.80      88.6534      2.68761
      4282.20      90.7760      2.73170
      4283.60      85.5187      2.70370
      4285.00      86.0776      2.66095
      4286.40      84.3324      2.59740
      4287.80      84.7565      2.60384
      4289.20      86.9315      2.65235
      4290.60      84.2652      2.59398
      4292.00      85.7695      2.62372
      4293.40      86.2925      2.63614
      4294.80      85.8700      2.74387
      4296.20      86.5835      2.66055
      4297.60      81.0040      2.52553
      4299.00      85.1731      2.60633
      4300.40      84.9525      2.59803
      4301.80      84.5938      2.62693
      4303.20      80.2047      2.53806
      4304.60      82.9352      2.57137
      4306.00      84.6897      2.62372
      4307.40      83.9954      2.63019
      4308.80      83.3586      2.58228
      4310.20      83.5680      2.57080
      4311.60      81.4005      2.52371
      4313.00      81.5303      2.52652
      4314.40      79.9221      2.51629
      4315.80      78.4751      2.51607
      4317.20      78.2651      2.46534
      4318.60      76.2927      2.41370
      4320.00      75.5860      2.44782
      4321.40      74.2083      2.46837
      4322.80      68.5695      2.24199
      4324.20      67.7333      2.21046
      4325.60      66.6676      2.22197
      4327.00      66.0803      2.20302
      4328.40      60.6489      2.06230
      4329.80      60.1966      2.07050
      4331.20      55.6455      1.95893
      4332.60      51.6868      1.86754
      4334.00      49.3234      1.80191
      4335.40      40.9867      1.60632
      4336.80      32.6271      1.42859
      4338.20      32.8881      1.47776
      4339.60      40.6334      1.62926
      4341.00      45.5756      1.70854
      4342.40      51.5836      1.85424
      4343.80      58.8186      2.02016
      4345.20      60.9409      2.09377
      4346.60      63.5577      2.18644
      4348.00      62.0057      2.08841
      4349.40      67.6948      2.20807
      4350.80      73.8439      2.35923
      4352.20      73.6632      2.40940
      4353.60      76.4537      2.87115
      4355.00      77.7669      2.58675
      4356.40      80.2578      2.50334
      4357.80      79.1966      2.52882
      4359.20      81.9213      2.64603
      4360.60      83.5537      2.63386
      4362.00      83.4280      2.58652
      4363.40      82.3947      2.56376
      4364.80      83.9490      2.56706
      4366.20      80.9978      2.50074
      4367.60      85.9661      2.62990
      4369.00      87.2418      2.65940
      4370.40      82.2386      2.52049
      4371.80      79.5102      2.46121
      4373.20      85.9877      2.60066
      4374.60      84.6016      2.58846
      4376.00      84.1675      2.57307
      4377.40      88.0155      2.64833
      4378.80      86.3946      2.61862
      4380.20      82.1684      2.53369
      4381.60      83.6353      2.56197
      4383.00      78.4773      2.46672
      4384.40      85.3443      2.73689
      4385.80      85.8902      2.67649
      4387.20      85.6671      2.65345
      4388.60      84.8174      2.64448
      4390.00      83.5040      2.53709
      4391.40      83.0508      2.54034
      4392.80      84.0559      2.58088
      4394.20      81.5854      2.52889
      4395.60      81.8148      2.51947
      4397.00      84.5594      2.56391
      4398.40      84.3432      2.57664
      4399.80      86.5792      2.63247
      4401.20      87.6318      2.65052
      4402.60      84.6915      2.56588
      4404.00      86.6349      2.60703
      4405.40      85.8274      2.59212
      4406.80      86.1173      2.62593
      4408.20      88.9577      2.67631
      4409.60      86.0666      2.59909
      4411.00      82.0153      2.50569
      4412.40      83.5364      2.53527
      4413.80      84.5806      2.55835
      4415.20      84.3668      2.56285
      4416.60      84.4770      2.59859
      4418.00      87.1897      2.66706
      4419.40      85.0646      2.64813
      4420.80      84.5801      2.59550
      4422.20      84.2139      2.56058
      4423.60      84.7431      2.57249
      4425.00      85.4096      2.59500
      4426.40      82.4880      2.53434
      4427.80      84.6749      2.57296
      4429.20      88.3729      2.63311
      4430.60      82.6649      2.51993
      4432.00      83.2589      2.58557
      4433.40      88.2165      2.68414
      4434.80      83.1023      2.59263
      4436.20      83.0346      2.58196
      4437.60      81.2119      2.51665
      4439.00      82.8844      2.50500
      4440.40      82.9340      2.50477
      4441.80      82.9011      2.52846
      4443.20      83.5812      2.51938
      4444.60      83.7565      2.51177
      4446.00      81.0580      2.45915
      4447.40      81.3671      2.46516
      4448.80      83.6329      2.51066
      4450.20      83.3551      2.50355
      4451.60      83.3517      2.50790
      4453.00      84.9631      2.55857
      4454.40      83.0128      2.51046
      4455.80      80.7812      2.44361
      4457.20      81.9516      2.46904
      4458.60      79.3609      2.41393
      4460.00      81.5825      2.48707
      4461.40      84.4476      2.56449
      4462.80      82.0778      2.56348
      4464.20      81.4056      2.49384
      4465.60      82.2577      2.49359
      4467.00      82.3672      2.49025
      4468.40      83.9688      2.51490
      4469.80      85.3920      2.53883
      4471.20      85.5720      2.55446
      4472.60      86.4836      2.59284
      4474.00      82.7220      2.49470
      4475.40      80.9461      2.44419
      4476.80      80.8070      2.43050
      4478.20      75.2176      2.31473
      4479.60      82.7206      2.46694
      4481.00      84.3687      2.52164
      4482.40      82.9086      2.47967
      4483.80      84.8798      2.51812
      4485.20      81.2739      2.44475
      4486.60      82.6836      2.48220
      4488.00      82.4769      2.51937
      4489.40      83.2281      2.51937
      4490.80      84.4484      2.50813
      4492.20      84.1917      2.50468
      4493.60      84.7763      2.52649
      4495.00      80.1400      2.44716
      4496.40      83.8240      2.52461
      4497.80      81.2150      2.46428
      4499.20      79.5263      2.42577
      4500.60      78.6297      2.42562
      4502.00      83.0441      2.56118
      4503.40      83.0054      2.56991
      4504.80      82.3121      2.51409
      4506.20      80.7005      2.43210
      4507.60      83.8327      2.50155
      4509.00      82.0026      2.48527
      4510.40      80.5202      2.44035
      4511.80      83.5854      2.48911
      4513.20      84.9525      2.52461
      4514.60      84.5053      2.53919
      4516.00      82.8512      2.48942
      4517.40      82.2323      2.45534
      4518.80      81.3943      2.43270
      4520.20      78.1314      2.36741
      4521.60      83.1343      2.49532
      4523.00      81.5722      2.45967
      4524.40      85.1081      2.53182
      4525.80      79.4307      2.39133
      4527.20      79.6638      2.39685
      4528.60      78.6282      2.38183
      4530.00      77.9044      2.36536
      4531.40      75.5811      2.30276
      4532.80      78.6965      2.43128
      4534.20      79.7423      2.44209
      4535.60      80.4372      2.44526
      4537.00      83.1408      2.49846
      4538.40      80.6507      2.42626
      4539.80      77.7033      2.35297
      4541.20      83.6884      2.48535
      4542.60      82.7154      2.48157
      4544.00      81.5990      2.46754
      4545.40      80.2904      2.42946
      4546.80      75.7632      2.32519
      4548.20      80.5097      2.43016
      4549.60      83.5439      2.48329
      4551.00      80.7206      2.41581
      4552.40      83.4056      2.47733
      4553.80      78.3189      2.36029
      4555.20      80.9515      2.41944
      4556.60      83.4096      2.46851
      4558.00      79.4217      2.38224
      4559.40      82.3101      2.44255
      4560.80      79.9353      2.39433
      4562.20      79.8286      2.40910
      4563.60      83.2078      2.48393
      4565.00      80.8573      2.42508
      4566.40      80.0078      2.41291
      4567.80      80.2615      2.41729
      4569.20      80.4870      2.44544
      4570.60      81.2629      2.45731
      4572.00      82.3205      2.45294
      4573.40      78.3473      2.35351
      4574.80      84.1701      2.47954
      4576.20      79.7524      2.50674
      4577.60      77.6541      2.34008
      4579.00      76.0469      2.30508
      4580.40      77.2261      2.34557
      4581.80      77.7359      2.36590
      4583.20      77.1683      2.36899
      4584.60      79.1837      2.37201
      4586.00      79.9603      2.39358
      4587.40      83.4897      2.46857
      4588.80      82.9235      2.48541
      4590.20      82.7000      2.54326
      4591.60      82.7058      2.50992
      4593.00      79.8772      2.38652
      4594.40      80.2460      2.39339
      4595.80      82.1896      2.44046
      4597.20      79.2587      2.40019
      4598.60      80.9795      2.46186
      4600.00      81.5579      2.48759
      4601.40      81.1482      2.45672
      4602.80      78.2517      2.34472
      4604.20      80.9346      2.40821
      4605.60      79.4353      2.37622
      4607.00      81.6463      2.41830
      4608.40      83.1175      2.44617
      4609.80      83.2523      2.48132
      4611.20      80.4072      2.44054
      4612.60      79.6242      2.40728
      4614.00      83.0406      2.45729
      4615.40      76.0936      2.29717
      4616.80      78.9663      2.36288
      4618.20      78.5949      2.36498
      4619.60      82.3366      2.43693
      4621.00      82.2289      2.43263
      4622.40      78.6211      2.37722
      4623.80      79.9781      2.40695
      4625.20      80.9110      2.40493
      4626.60      82.2844      2.43060
      4628.00      80.9837      2.40168
      4629.40      80.7755      2.40335
      4630.80      81.8264      2.43945
      4632.20      79.6375      2.39022
      4633.60      81.3959      2.41729
      4635.00      78.8315      2.35401
      4636.40      78.2728      2.33745
      4637.80      76.7431      2.30995
      4639.20      81.7335      2.42295
      4640.60      80.6778      2.40009
      4642.00      81.1149      2.40458
      4643.40      81.6442      2.41043
      4644.80      79.6434      2.36822
      4646.20      81.0034      2.40361
      4647.60      80.4566      2.40772
      4649.00      80.1544      2.41515
      4650.40      80.2753      2.38354
      4651.80      80.4353      2.38563
      4653.20      79.0533      2.35187
      4654.60      79.4901      2.35710
      4656.00      78.8555      2.34378
      4657.40      83.7777      2.45434
      4658.80      82.2141      2.42183
      4660.20      82.9218      2.44072
      4661.60      80.4238      2.37924
      4663.00      79.0510      2.35137
      4664.40      79.7798      2.36498
      4665.80      75.9107      2.28718
      4667.20      81.5154      2.41057
      4668.60      77.5822      2.32315
      4670.00      78.8862      2.35168
      4671.40      77.3064      2.31302
      4672.80      78.8918      2.34753
      4674.20      81.4489      2.41187
      4675.60      79.9671      2.38649
      4677.00      82.8961      2.44074
      4678.40      81.5738      2.41130
      4679.80      81.7282      2.41422
      4681.20      79.8668      2.37190
      4682.60      80.5102      2.39118
      4684.00      78.8128      2.35062
      4685.40      79.7540      2.39292
      4686.80      80.2917      2.42857
      4688.20      77.7345      2.38041
      4689.60      79.4397      2.43469
      4691.00      79.3939      2.36540
      4692.40      79.4989      2.36059
      4693.80      79.3931      2.43007
      4695.20      79.0871      2.41022
      4696.60      78.3962      2.34000
      4698.00      78.2504      2.33365
      4699.40      78.1225      2.32441
      4700.80      78.0540      2.32064
      4702.20      77.2019      2.30527
      4703.60      77.6938      2.31650
      4705.00      79.0468      2.34495
      4706.40      78.1292      2.39966
      4707.80      79.7470      2.38821
      4709.20      78.8660      2.38070
      4710.60      75.0944      2.28229
      4712.00      80.7074      2.38512
      4713.40      79.0188      2.34591
      4714.80      79.4697      2.35715
      4716.20      79.6839      2.35829
      4717.60      78.3300      2.33040
      4719.00      78.9396      2.34125
      4720.40      77.3942      2.31945
      4721.80      77.7234      2.32701
      4723.20      73.2916      2.21421
      4724.60      80.6413      2.37508
      4726.00      80.8347      2.40388
      4727.40      78.2983      2.40438
      4728.80      77.5117      2.32080
      4730.20      77.9222      2.33463
      4731.60      78.0291      2.34581
      4733.00      77.5735      2.35028
      4734.40      77.3042      2.34002
      4735.80      75.6207      2.26400
      4737.20      77.4535      2.30557
      4738.60      77.9369      2.33022
      4740.00      77.8249      2.32706
      4741.40      76.8386      2.29022
      4742.80      76.3521      2.27662
      4744.20      78.1530      2.31796
      4745.60      76.4560      2.30857
      4747.00      76.0591      2.32435
      4748.40      76.3964      2.27745
      4749.80      76.5504      2.27927
      4751.20      78.5601      2.32232
      4752.60      78.0870      2.31379
      4754.00      78.0689      2.34723
      4755.40      78.5246      2.33255
      4756.80      76.2475      2.26943
      4758.20      77.7571      2.30508
      4759.60      78.3016      2.31346
      4761.00      79.4486      2.34216
      4762.40      76.4833      2.27490
      4763.80      76.4160      2.27375
      4765.20      76.0983      2.27096
      4766.60      77.9568      2.32123
      4768.00      78.3334      2.32466
      4769.40      78.0158      2.30249
      4770.80      74.7335      2.23283
      4772.20      75.8197      2.25142
      4773.60      78.4763      2.31236
      4775.00      77.3686      2.29681
      4776.40      78.9411      2.32533
      4777.80      76.1845      2.26444
      4779.20      76.3457      2.26671
      4780.60      74.9518      2.30987
      4782.00      73.6098      2.23016
      4783.40      74.1804      2.24850
      4784.80      75.3847      2.27365
      4786.20      75.4133      2.32120
      4787.60      75.5182      2.28999
      4789.00      73.5352      2.22531
      4790.40      78.4092      2.32658
      4791.80      77.8432      2.30731
      4793.20      77.2346      2.29635
      4794.60      79.0113      2.34941
      4796.00      75.8486      2.29302
      4797.40      76.4663      2.30384
      4798.80      75.7897      2.27149
      4800.20      75.4367      2.25799
      4801.60      71.8320      2.18936
      4803.00      77.8405      2.32199
      4804.40      75.4654      2.26070
      4805.80      75.2662      2.25205
      4807.20      75.8858      2.28376
      4808.60      76.6239      2.32449
      4810.00      72.4714      2.23418
      4811.40      76.1925      2.28787
      4812.80      73.9304      2.22188
      4814.20      75.4266      2.24588
      4815.60      71.1756      2.15374
      4817.00      71.4127      2.21498
      4818.40      73.7493      2.30119
      4819.80      73.3528      2.20643
      4821.20      72.8260      2.19534
      4822.60      72.1447      2.20685
      4824.00      72.4217      2.20968
      4825.40      71.4413      2.16614
      4826.80      72.7671      2.19077
      4828.20      74.4510      2.22499
      4829.60      73.5783      2.20808
      4831.00      73.7220      2.20937
      4832.40      71.5342      2.16175
      4833.80      74.0848      2.21753
      4835.20      74.7810      2.23513
      4836.60      73.5771      2.34553
      4838.00      70.8229      2.29489
      4839.40      68.2514      2.16357
      4840.80      66.8160      2.06481
      4842.20      64.6353      2.01383
      4843.60      64.0053      2.06225
      4845.00      61.6083      1.95359
      4846.40      58.2811      1.88517
      4847.80      55.8181      1.83682
      4849.20      55.6740      1.82601
      4850.60      54.0021      1.76740
      4852.00      49.7791      1.67815
      4853.40      46.7076      1.61585
      4854.80      43.6835      1.55704
      4856.20      35.1451      1.37434
      4857.60      32.2413      1.30704
      4859.00      33.8623      1.31817
      4860.40      40.6921      1.47367
      4861.80      43.3122      1.55633
      4863.20      47.8004      1.65823
      4864.60      50.6359      1.70850
      4866.00      54.0513      1.77759
      4867.40      55.2071      1.79998
      4868.80      55.2509      1.80477
      4870.20      62.9453      1.98207
      4871.60      63.3517      1.97970
      4873.00      65.4912      2.02532
      4874.40      67.6429      2.07504
      4875.80      67.1595      2.06517
      4877.20      67.8548      2.10338
      4878.60      70.1738      2.17227
      4880.00      69.2729      2.14285
      4881.40      72.7173      2.20523
      4882.80      70.5956      2.15453
      4884.20      72.0450      2.19102
      4885.60      66.5306      2.09338
      4887.00      67.4776      2.12655
      4888.40      70.9716      2.21251
      4889.80      69.1368      2.17708
      4891.20      70.3974      2.29199
      4892.60      71.6304      2.19982
      4894.00      70.0252      2.17561
      4895.40      71.8162      2.21932
      4896.80      74.0669      2.26061
      4898.20      74.7631      2.26487
      4899.60      74.4967      2.25894
      4901.00      72.8564      2.22617
      4902.40      73.5598      2.24321
      4903.80      76.2119      2.30249
      4905.20      73.0291      2.22810
      4906.60      74.6507      2.26483
      4908.00      72.2943      2.21552
      4909.40      74.2891      2.25473
      4910.80      75.0580      2.27414
      4912.20      75.7614      2.28815
      4913.60      73.1945      2.22718
      4915.00      74.1952      2.24971
      4916.40      68.4115      2.12808
      4917.80      72.4759      2.21705
      4919.20      72.3529      2.20706
      4920.60      71.2576      2.17347
      4922.00      73.2960      2.21354
      4923.40      71.9260      2.18490
      4924.80      77.6422      2.30821
      4926.20      76.3864      2.27762
      4927.60      75.5776      2.25776
      4929.00      73.5783      2.21459
      4930.40      71.3232      2.16173
      4931.80      74.2835      2.24111
      4933.20      73.3293      2.24459
      4934.60      72.7599      2.29578
      4936.00      72.0437      2.17190
      4937.40      73.3881      2.20017
      4938.80      74.1302      2.21580
      4940.20      77.4042      2.28380
      4941.60      76.5902      2.26296
      4943.00      72.5433      2.18212
      4944.40      74.3600      2.21933
      4945.80      75.8042      2.26035
      4947.20      73.1050      2.19995
      4948.60      72.5719      2.17749
      4950.00      71.1688      2.14206
      4951.40      73.2293      2.18333
      4952.80      71.0551      2.13805
      4954.20      71.8224      2.15947
      4955.60      72.8394      2.23104
      4957.00      72.3903      2.20414
      4958.40      72.8441      2.24188
      4959.80      73.3163      2.21939
      4961.20      73.2794      2.18973
      4962.60      73.1258      2.18520
      4964.00      74.7509      2.21862
      4965.40      74.3344      2.21202
      4966.80      74.5778      2.21745
      4968.20      70.2432      2.12103
      4969.60      74.0100      2.20412
      4971.00      75.9344      2.24395
      4972.40      74.3555      2.21084
      4973.80      75.1319      2.23004
      4975.20      72.6939      2.17863
      4976.60      70.8773      2.13519
      4978.00      72.4802      2.17336
      4979.40      72.6894      2.18143
      4980.80      73.8733      2.20982
      4982.20      74.2097      2.21635
      4983.60      75.1154      2.23290
      4985.00      74.7543      2.23207
      4986.40      73.1645      2.20847
      4987.80      72.9932      2.20307
      4989.20      71.8625      2.16397
      4990.60      72.6477      2.17415
      4992.00      73.8005      2.20094
      4993.40      72.5155      2.19405
      4994.80      73.5753      2.23308
      4996.20      72.0108      2.17914
      4997.60      71.8808      2.21502
      4999.00      73.2365      2.23132
