      3900.00      294.834      9.81174
      3901.40      299.340      9.78384
      3902.80      298.208      9.73578
      3904.20      315.584      10.1695
      3905.60      323.584      10.2336
      3907.00      327.989      10.3341
      3908.40      335.192      10.4370
      3909.80      343.323      10.4922
      3911.20      360.051      10.7712
      3912.60      367.847      11.0208
      3914.00      367.832      11.1718
      3915.40      375.495      11.2016
      3916.80      359.293      10.7872
      3918.20      359.176      10.6662
      3919.60      376.964      10.9427
      3921.00      350.599      10.4543
      3922.40      362.476      10.6154
      3923.80      361.853      10.5716
      3925.20      371.992      10.7496
      3926.60      357.189      10.4405
      3928.00      367.663      10.6582
      3929.40      363.199      10.6908
      3930.80      353.067      10.4171
      3932.20      329.711      9.97492
      3933.60      288.664      9.08520
      3935.00      216.467      7.60310
      3936.40      132.172      6.03453
      3937.80      165.756      6.66864
      3939.20      278.613      8.82400
      3940.60      331.674      9.93240
      3942.00      358.789      10.4518
      3943.40      359.426      10.6678
      3944.80      358.541      10.3729
      3946.20      367.978      10.5102
      3947.60      363.726      10.3819
      3949.00      365.076      10.3684
      3950.40      352.497      10.1975
      3951.80      366.770      10.3805
      3953.20      363.184      10.4255
      3954.60      351.779      10.0767
      3956.00      358.215      10.1820
      3957.40      355.887      10.2398
      3958.80      338.770      10.0769
      3960.20      333.842      9.71974
      3961.60      331.150      9.78933
      3963.00      325.460      9.58395
      3964.40      310.853      9.23182
      3965.80      286.879      8.89939
      3967.20      276.703      8.81147
      3968.60      238.762      7.80479
      3970.00      180.460      6.61253
      3971.40      109.405      5.30344
      3972.80      86.6812      4.89447
      3974.20      139.663      5.93235
      3975.60      202.653      7.15919
      3977.00      232.843      7.69922
      3978.40      277.571      8.58207
      3979.80      288.881      8.76770
      3981.20      303.131      9.09342
      3982.60      322.322      9.40900
      3984.00      328.300      9.51705
      3985.40      324.124      9.33854
      3986.80      338.078      9.50599
      3988.20      353.622      9.80058
      3989.60      343.403      9.80579
      3991.00      354.768      9.83036
      3992.40      361.774      9.90151
      3993.80      374.016      10.1203
      3995.20      373.708      10.1317
      3996.60      371.591      10.1474
      3998.00      365.421      10.0380
      3999.40      370.175      10.0659
      4000.80      357.722      9.86234
      4002.20      346.957      9.63614
      4003.60      374.031      10.1173
      4005.00      381.440      10.2518
      4006.40      398.287      10.5866
      4007.80      369.042      10.0833
      4009.20      352.630      9.74755
      4010.60      378.508      10.1816
      4012.00      388.974      10.3290
      4013.40      388.860      10.3263
      4014.80      380.133      10.1722
      4016.20      371.059      10.0405
      4017.60      370.991      9.99669
      4019.00      378.911      10.1167
      4020.40      385.516      10.3362
      4021.80      377.793      10.1791
      4023.20      378.397      10.3102
      4024.60      372.988      9.93794
      4026.00      369.818      9.84530
      4027.40      360.146      9.68305
      4028.80      369.458      9.95560
      4030.20      367.001      9.96692
      4031.60      360.059      9.79242
      4033.00      363.431      9.76912
      4034.40      354.761      9.61412
      4035.80      357.151      10.0502
      4037.20      360.565      10.1037
      4038.60      363.908      9.79267
      4040.00      359.962      9.63010
      4041.40      372.283      9.83435
      4042.80      379.247      10.0100
      4044.20      376.267      9.91799
      4045.60      384.903      10.1726
      4047.00      366.713      10.1047
      4048.40      354.764      9.95497
      4049.80      341.135      9.40953
      4051.20      379.871      9.94895
      4052.60      356.205      9.51591
      4054.00      376.224      10.0774
      4055.40      369.576      9.86975
      4056.80      370.581      9.74679
      4058.20      366.675      9.70358
      4059.60      368.447      9.81479
      4061.00      366.409      9.80918
      4062.40      363.542      9.81746
      4063.80      349.196      9.58723
      4065.20      350.678      9.60670
      4066.60      347.028      9.30222
      4068.00      350.827      9.31755
      4069.40      353.579      9.36546
      4070.80      351.751      9.39898
      4072.20      350.213      11.0210
      4073.60      343.878      9.59801
      4075.00      330.249      8.94803
      4076.40      359.771      9.48587
      4077.80      344.905      9.42345
      4079.20      355.005      9.70690
      4080.60      313.982      8.80236
      4082.00      336.224      9.03064
      4083.40      345.580      9.38059
      4084.80      342.916      9.19306
      4086.20      342.247      9.24191
      4087.60      345.364      9.21317
      4089.00      339.196      9.10841
      4090.40      331.020      9.01605
      4091.80      326.248      8.94605
      4093.20      310.565      8.58163
      4094.60      304.348      8.50439
      4096.00      303.014      8.46514
      4097.40      296.860      8.28537
      4098.80      278.312      7.87630
      4100.20      261.357      7.63599
      4101.60      246.194      7.43506
      4103.00      196.300      6.54325
      4104.40      135.172      5.51169
      4105.80      142.646      5.65857
      4107.20      203.897      6.68930
      4108.60      235.969      7.25459
      4110.00      259.236      7.60039
      4111.40      274.682      7.87321
      4112.80      290.075      8.14927
      4114.20      307.723      8.63452
      4115.60      327.410      9.06605
      4117.00      320.562      8.75786
      4118.40      332.763      8.87986
      4119.80      337.262      8.80973
      4121.20      325.477      8.69091
      4122.60      334.208      8.92908
      4124.00      332.851      9.11174
      4125.40      337.829      8.93967
      4126.80      338.594      8.83417
      4128.20      344.672      8.95365
      4129.60      344.440      9.04687
      4131.00      346.276      8.94830
      4132.40      336.243      8.79022
      4133.80      341.260      8.90350
      4135.20      340.874      8.87521
      4136.60      344.022      8.93530
      4138.00      343.962      8.96855
      4139.40      350.382      9.10034
      4140.80      350.488      9.04154
      4142.20      351.318      9.28136
      4143.60      358.026      9.06309
      4145.00      357.663      9.06948
      4146.40      343.166      8.88718
      4147.80      339.999      8.86862
      4149.20      347.985      8.95226
      4150.60      366.171      9.21659
      4152.00      363.236      9.17507
      4153.40      367.133      9.29536
      4154.80      357.468      9.17599
      4156.20      350.062      9.08935
      4157.60      342.568      8.94181
      4159.00      343.484      9.05667
      4160.40      344.260      8.93814
      4161.80      350.106      9.01264
      4163.20      358.400      9.13315
      4164.60      345.378      8.86336
      4166.00      333.082      8.65709
      4167.40      335.472      8.72061
      4168.80      351.221      9.26398
      4170.20      345.450      8.91753
      4171.60      360.467      9.11346
      4173.00      359.945      9.26048
      4174.40      368.594      9.26165
      4175.80      330.639      8.58071
      4177.20      331.120      8.54949
      4178.60      332.182      8.59191
      4180.00      337.735      8.70543
      4181.40      329.517      8.51161
      4182.80      338.008      8.66607
      4184.20      343.209      8.81590
      4185.60      338.645      8.58391
      4187.00      340.968      8.60611
      4188.40      343.784      8.64950
      4189.80      343.579      8.67185
      4191.20      341.336      8.61490
      4192.60      336.472      8.58724
      4194.00      343.881      8.76228
      4195.40      345.286      8.74350
      4196.80      345.023      8.67262
      4198.20      333.922      8.45662
      4199.60      341.715      8.59117
      4201.00      333.315      8.44321
      4202.40      321.647      8.24972
      4203.80      333.831      8.44694
      4205.20      338.980      8.57648
      4206.60      327.784      8.40610
      4208.00      342.577      8.66634
      4209.40      342.384      8.64553
      4210.80      348.352      8.71280
      4212.20      336.894      8.48451
      4213.60      346.963      8.72579
      4215.00      334.555      8.38866
      4216.40      349.465      8.66760
      4217.80      333.227      8.36506
      4219.20      323.300      8.17472
      4220.60      335.500      8.40467
      4222.00      338.673      8.71823
      4223.40      345.315      8.72928
      4224.80      344.921      8.73217
      4226.20      345.823      8.71257
      4227.60      345.423      8.62350
      4229.00      320.002      8.12162
      4230.40      300.445      7.81764
      4231.80      325.862      8.26295
      4233.20      349.917      8.71842
      4234.60      344.373      8.55792
      4236.00      323.169      8.14482
      4237.40      319.330      8.07129
      4238.80      331.300      8.27302
      4240.20      333.247      8.31043
      4241.60      336.117      8.44318
      4243.00      347.136      8.67438
      4244.40      347.475      8.67219
      4245.80      343.380      8.58531
      4247.20      356.851      8.83595
      4248.60      351.367      8.72859
      4250.00      318.331      8.07486
      4251.40      327.167      8.18024
      4252.80      322.274      8.12608
      4254.20      310.365      7.90687
      4255.60      323.904      8.25417
      4257.00      334.870      8.45032
      4258.40      328.023      8.29204
      4259.80      334.231      8.40909
      4261.20      343.972      8.53404
      4262.60      333.172      8.30150
      4264.00      329.957      8.28182
      4265.40      337.204      8.54300
      4266.80      339.809      8.49475
      4268.20      337.015      8.62602
      4269.60      338.047      8.47857
      4271.00      341.316      8.70973
      4272.40      335.090      8.36805
      4273.80      328.458      8.20949
      4275.20      311.057      7.87078
      4276.60      322.745      8.07614
      4278.00      321.167      8.09472
      4279.40      340.597      8.44592
      4280.80      344.526      8.52356
      4282.20      342.544      8.55016
      4283.60      345.410      8.65619
      4285.00      323.694      8.28238
      4286.40      318.337      8.12354
      4287.80      338.406      8.39274
      4289.20      334.232      8.28162
      4290.60      342.370      8.41504
      4292.00      325.847      8.14566
      4293.40      306.148      7.82092
      4294.80      321.214      8.02385
      4296.20      335.331      8.25618
      4297.60      315.354      7.89237
      4299.00      318.526      7.94579
      4300.40      327.981      8.14486
      4301.80      317.704      7.95934
      4303.20      306.778      7.76950
      4304.60      296.389      7.58054
      4306.00      303.216      7.70253
      4307.40      318.033      7.96513
      4308.80      330.188      8.25001
      4310.20      328.939      8.24238
      4311.60      301.985      7.70766
      4313.00      327.756      8.11320
      4314.40      323.355      8.29055
      4315.80      329.147      8.32630
      4317.20      295.861      7.77672
      4318.60      295.225      7.71884
      4320.00      314.519      7.97818
      4321.40      313.839      7.90197
      4322.80      318.054      7.94157
      4324.20      303.312      7.64002
      4325.60      311.681      7.77197
      4327.00      315.618      7.84505
      4328.40      287.432      7.34734
      4329.80      284.863      7.31758
      4331.20      312.300      7.80019
      4332.60      309.269      7.74931
      4334.00      281.302      7.30925
      4335.40      292.877      9.42998
      4336.80      279.795      7.78767
      4338.20      280.421      7.28391
      4339.60      239.297      6.48878
      4341.00      208.046      5.88990
      4342.40      165.705      5.08252
      4343.80      122.741      4.35612
      4345.20      155.958      4.95900
      4346.60      203.372      5.86448
      4348.00      232.360      6.47623
      4349.40      260.747      6.94304
      4350.80      273.657      7.11612
      4352.20      285.345      7.33788
      4353.60      294.031      7.47913
      4355.00      277.926      7.24948
      4356.40      286.643      7.44058
      4357.80      306.031      8.06727
      4359.20      316.891      8.67422
      4360.60      312.943      8.35793
      4362.00      311.504      7.92541
      4363.40      325.202      8.08100
      4364.80      325.607      8.19013
      4366.20      326.928      8.01359
      4367.60      323.639      7.95166
      4369.00      328.570      8.02261
      4370.40      321.380      7.89578
      4371.80      312.042      7.72012
      4373.20      342.692      8.30907
      4374.60      332.099      8.13641
      4376.00      342.129      8.26424
      4377.40      316.039      7.79947
      4378.80      304.009      7.56081
      4380.20      330.291      8.05372
      4381.60      324.412      8.13276
      4383.00      324.775      8.18917
      4384.40      326.547      8.09588
      4385.80      316.302      7.79847
      4387.20      306.984      7.62100
      4388.60      304.865      7.53335
      4390.00      316.884      7.74039
      4391.40      319.086      7.77602
      4392.80      328.186      7.93453
      4394.20      328.658      7.95992
      4395.60      321.884      7.87078
      4397.00      316.772      7.72023
      4398.40      298.513      7.43396
      4399.80      303.487      7.55925
      4401.20      317.677      7.80646
      4402.60      308.621      7.65324
      4404.00      315.848      7.74623
      4405.40      316.214      7.75243
      4406.80      323.582      7.88573
      4408.20      311.896      7.65483
      4409.60      316.746      7.74592
      4411.00      327.669      7.91157
      4412.40      327.080      7.91270
      4413.80      330.488      7.98083
      4415.20      327.607      7.92160
      4416.60      326.902      7.93656
      4418.00      310.766      7.65993
      4419.40      299.757      7.43371
      4420.80      286.685      7.22405
      4422.20      305.088      7.54441
      4423.60      326.365      7.86219
      4425.00      309.777      7.56634
      4426.40      318.195      7.72399
      4427.80      309.898      7.62709
      4429.20      309.740      7.68537
      4430.60      311.979      7.73375
      4432.00      321.866      7.80850
      4433.40      326.249      7.87617
      4434.80      319.416      7.75166
      4436.20      324.829      7.81401
      4437.60      316.641      7.65806
      4439.00      302.992      7.44162
      4440.40      315.044      7.66242
      4441.80      322.179      7.76085
      4443.20      330.131      7.91128
      4444.60      323.530      7.81758
      4446.00      299.163      7.38014
      4447.40      292.567      7.21420
      4448.80      307.601      7.45815
      4450.20      314.178      7.57659
      4451.60      316.617      7.69036
      4453.00      310.531      7.71622
      4454.40      308.167      7.56814
      4455.80      319.467      7.74575
      4457.20      311.095      7.57548
      4458.60      309.486      7.50925
      4460.00      304.971      7.41094
      4461.40      311.964      7.50568
      4462.80      314.130      7.53110
      4464.20      319.022      7.61728
      4465.60      310.869      7.54005
      4467.00      313.735      7.53675
      4468.40      314.575      7.58718
      4469.80      307.441      7.47897
      4471.20      305.704      7.41811
      4472.60      301.354      7.32830
      4474.00      302.689      7.34929
      4475.40      316.027      7.58220
      4476.80      324.006      7.71523
      4478.20      316.023      7.58831
      4479.60      321.313      7.70608
      4481.00      326.657      7.78261
      4482.40      316.937      7.59487
      4483.80      307.884      7.39756
      4485.20      295.761      7.19767
      4486.60      312.161      7.56214
      4488.00      319.887      7.77752
      4489.40      319.926      7.71774
      4490.80      319.763      7.66140
      4492.20      318.748      7.67159
      4493.60      316.284      7.66083
      4495.00      308.382      7.49226
      4496.40      307.604      7.44970
      4497.80      307.988      7.43592
      4499.20      319.880      7.61256
      4500.60      311.475      7.45274
      4502.00      323.697      7.72314
      4503.40      308.505      7.52589
      4504.80      292.880      7.21536
      4506.20      311.689      7.49083
      4507.60      317.552      7.59335
      4509.00      312.530      7.51064
      4510.40      315.472      7.56091
      4511.80      314.128      7.53831
      4513.20      304.440      7.39929
      4514.60      310.472      7.48857
      4516.00      314.228      7.47058
      4517.40      313.300      7.44261
      4518.80      315.356      7.49396
      4520.20      310.206      7.43002
      4521.60      317.523      7.56091
      4523.00      304.690      7.32825
      4524.40      299.884      7.22125
      4525.80      291.170      7.06182
      4527.20      301.465      7.24003
      4528.60      308.163      7.37855
      4530.00      316.002      7.53350
      4531.40      295.720      7.13841
      4532.80      288.677      7.02629
      4534.20      305.790      7.32401
      4535.60      304.680      7.30161
      4537.00      287.168      7.02930
      4538.40      288.735      7.07145
      4539.80      304.799      7.42075
      4541.20      304.299      7.52395
      4542.60      301.243      7.27367
      4544.00      304.993      7.29376
      4545.40      297.478      7.15247
      4546.80      302.783      7.23456
      4548.20      320.025      7.58665
      4549.60      315.819      7.50384
      4551.00      306.120      7.32239
      4552.40      285.824      6.98273
      4553.80      274.459      6.80881
      4555.20      295.405      7.30520
      4556.60      298.707      7.21548
      4558.00      293.626      7.07447
      4559.40      292.068      7.02080
      4560.80      299.479      7.15237
      4562.20      299.018      7.13342
      4563.60      306.609      7.33874
      4565.00      304.967      7.27823
      4566.40      301.817      7.20445
      4567.80      300.946      7.19091
      4569.20      310.733      7.35818
      4570.60      304.083      7.24458
      4572.00      317.199      7.49266
      4573.40      311.400      7.37760
      4574.80      295.904      7.11065
      4576.20      287.449      6.96321
      4577.60      303.834      7.22967
      4579.00      308.352      7.29808
      4580.40      308.375      7.32032
      4581.80      305.193      7.25182
      4583.20      306.169      7.23640
      4584.60      302.263      7.19815
      4586.00      298.860      7.15328
      4587.40      281.545      6.86159
      4588.80      296.406      7.06616
      4590.20      302.610      7.36865
      4591.60      299.092      7.09440
      4593.00      298.171      7.08150
      4594.40      291.562      7.01327
      4595.80      305.372      7.26105
      4597.20      318.360      7.46697
      4598.60      317.718      7.42944
      4600.00      317.289      7.43552
      4601.40      316.397      7.39684
      4602.80      316.159      7.38273
      4604.20      311.008      7.32081
      4605.60      307.594      7.29464
      4607.00      306.540      7.30027
      4608.40      311.243      7.46627
      4609.80      312.999      7.40420
      4611.20      314.633      7.40368
      4612.60      309.181      7.25774
      4614.00      308.499      7.29000
      4615.40      302.304      7.11770
      4616.80      305.836      7.17636
      4618.20      304.546      7.35660
      4619.60      301.157      7.09461
      4621.00      299.095      7.09510
      4622.40      298.703      7.09796
      4623.80      303.672      7.16065
      4625.20      296.467      7.03246
      4626.60      319.650      7.45176
      4628.00      307.547      7.21186
      4629.40      304.203      7.13747
      4630.80      302.706      7.10297
      4632.20      295.384      6.98435
      4633.60      298.155      7.03852
      4635.00      298.852      7.04393
      4636.40      298.635      7.09340
      4637.80      301.350      7.10002
      4639.20      299.163      7.18825
      4640.60      301.747      7.09076
      4642.00      304.484      7.18535
      4643.40      297.399      6.99701
      4644.80      304.270      7.11973
      4646.20      306.923      7.32433
      4647.60      309.855      7.38625
      4649.00      304.887      7.15819
      4650.40      304.293      7.11775
      4651.80      298.739      7.02758
      4653.20      304.444      7.13444
      4654.60      299.273      7.01226
      4656.00      316.789      7.31433
      4657.40      306.730      7.14489
      4658.80      304.456      7.13163
      4660.20      296.812      7.02444
      4661.60      297.003      7.01484
      4663.00      307.382      7.19144
      4664.40      302.954      7.13957
      4665.80      305.656      7.19462
      4667.20      305.404      7.16240
      4668.60      294.952      6.99251
      4670.00      295.099      7.16612
      4671.40      298.059      7.08710
      4672.80      295.265      7.05736
      4674.20      296.799      7.09445
      4675.60      299.404      7.22061
      4677.00      300.140      7.05958
      4678.40      297.799      7.00044
      4679.80      299.531      7.03737
      4681.20      291.089      6.93023
      4682.60      295.724      6.96702
      4684.00      300.842      7.08480
      4685.40      303.446      7.18832
      4686.80      299.135      7.09548
      4688.20      304.935      7.12929
      4689.60      292.077      6.87111
      4691.00      298.548      6.98254
      4692.40      297.322      6.96748
      4693.80      299.495      6.99321
      4695.20      298.624      7.02352
      4696.60      299.144      7.13874
      4698.00      300.102      7.08936
      4699.40      317.803      7.31233
      4700.80      306.370      7.12886
      4702.20      304.190      7.10820
      4703.60      298.183      6.96249
      4705.00      299.609      6.98041
      4706.40      292.225      6.85810
      4707.80      291.344      6.94809
      4709.20      293.118      7.04993
      4710.60      293.061      6.90111
      4712.00      293.889      6.87989
      4713.40      295.667      6.92266
      4714.80      292.920      6.90198
      4716.20      293.340      6.98643
      4717.60      292.719      6.85615
      4719.00      296.178      6.90404
      4720.40      291.653      6.83025
      4721.80      296.209      6.89885
      4723.20      296.642      6.92542
      4724.60      307.640      7.14955
      4726.00      299.977      7.00374
      4727.40      299.642      6.97873
      4728.80      301.220      6.98097
      4730.20      299.069      6.98203
      4731.60      298.943      7.04933
      4733.00      297.798      6.96273
      4734.40      298.786      6.98595
      4735.80      290.717      6.85947
      4737.20      301.703      7.02397
      4738.60      298.072      6.96075
      4740.00      285.064      6.73643
      4741.40      291.113      6.80496
      4742.80      297.004      7.03647
      4744.20      285.797      6.74804
      4745.60      288.262      6.76947
      4747.00      293.238      6.84567
      4748.40      296.584      7.00225
      4749.80      298.221      6.95974
      4751.20      294.009      6.88226
      4752.60      289.636      6.86460
      4754.00      293.851      6.91812
      4755.40      287.023      6.73984
      4756.80      292.690      6.84950
      4758.20      291.566      6.95076
      4759.60      291.657      6.78736
      4761.00      285.657      6.67264
      4762.40      293.935      6.81394
      4763.80      288.939      6.75127
      4765.20      296.290      6.86962
      4766.60      294.747      6.82883
      4768.00      291.152      6.75050
      4769.40      288.935      6.75009
      4770.80      291.594      6.79725
      4772.20      292.608      6.78108
      4773.60      292.829      6.84024
      4775.00      286.942      6.70072
      4776.40      292.934      6.98978
      4777.80      284.286      6.69472
      4779.20      290.402      6.90481
      4780.60      289.464      6.84182
      4782.00      285.944      6.69343
      4783.40      282.704      6.61514
      4784.80      288.783      6.71064
      4786.20      293.125      6.79038
      4787.60      292.875      6.80617
      4789.00      288.274      6.73753
      4790.40      289.699      6.75997
      4791.80      291.543      6.80092
      4793.20      290.277      6.74895
      4794.60      288.363      6.70256
      4796.00      292.809      6.77158
      4797.40      289.227      6.72414
      4798.80      288.544      6.73192
      4800.20      290.074      6.72382
      4801.60      289.996      6.70765
      4803.00      291.956      6.74140
      4804.40      295.861      6.83912
      4805.80      287.776      6.70417
      4807.20      294.968      6.81327
      4808.60      277.452      6.50305
      4810.00      282.504      6.58712
      4811.40      284.680      6.61089
      4812.80      292.971      6.76523
      4814.20      283.785      6.60793
      4815.60      280.571      6.56616
      4817.00      294.164      6.81452
      4818.40      288.809      6.70532
      4819.80      293.414      6.79519
      4821.20      291.953      6.78487
      4822.60      291.627      6.78763
      4824.00      281.631      6.65059
      4825.40      284.190      6.62203
      4826.80      279.598      6.54805
      4828.20      273.166      6.46471
      4829.60      275.734      6.52399
      4831.00      278.154      6.53983
      4832.40      273.911      6.46991
      4833.80      283.184      6.65628
      4835.20      277.833      6.53221
      4836.60      280.498      6.54970
      4838.00      279.375      6.61531
      4839.40      274.830      6.61253
      4840.80      272.053      6.49429
      4842.20      275.572      6.53692
      4843.60      273.231      6.40122
      4845.00      272.180      6.38431
      4846.40      271.001      6.41019
      4847.80      266.217      6.33078
      4849.20      267.670      6.31450
      4850.60      259.005      6.12290
      4852.00      262.444      6.18401
      4853.40      256.617      6.11395
      4854.80      252.561      6.03702
      4856.20      245.443      5.87122
      4857.60      239.886      5.83913
      4859.00      225.559      5.59101
      4860.40      217.136      5.48032
      4861.80      206.081      5.19334
      4863.20      167.616      4.51741
      4864.60      128.174      3.84549
      4866.00      128.997      3.83681
      4867.40      174.639      4.64050
      4868.80      207.319      5.23020
      4870.20      225.799      5.53602
      4871.60      231.320      5.61792
      4873.00      241.138      5.78247
      4874.40      243.080      5.82416
      4875.80      250.897      5.98140
      4877.20      257.447      6.13220
      4878.60      251.622      6.08467
      4880.00      252.497      6.09790
      4881.40      259.280      6.12976
      4882.80      263.309      6.20182
      4884.20      268.823      6.29458
      4885.60      268.614      6.31886
      4887.00      270.975      6.33930
      4888.40      271.191      6.40244
      4889.80      272.703      6.44952
      4891.20      277.855      6.56967
      4892.60      271.584      6.44491
      4894.00      264.789      6.25052
      4895.40      262.461      6.19115
      4896.80      271.436      6.39144
      4898.20      272.540      6.45652
      4899.60      273.495      6.43802
      4901.00      275.530      6.43008
      4902.40      274.418      6.50253
      4903.80      275.398      6.51024
      4905.20      273.820      6.41021
      4906.60      273.303      6.39866
      4908.00      277.600      6.47859
      4909.40      284.444      6.59852
      4910.80      279.682      6.64724
      4912.20      272.462      6.55707
      4913.60      268.962      6.47415
      4915.00      276.673      6.54391
      4916.40      275.977      6.49114
      4917.80      280.624      6.59612
      4919.20      280.028      6.60671
      4920.60      276.695      6.71500
      4922.00      270.879      6.42762
      4923.40      265.434      6.34455
      4924.80      263.985      6.31444
      4926.20      262.672      6.26747
      4927.60      257.600      6.16431
      4929.00      258.590      6.16653
      4930.40      273.156      6.41391
      4931.80      280.200      6.54758
      4933.20      278.588      6.52052
      4934.60      281.336      6.56439
      4936.00      276.676      6.51120
      4937.40      275.589      6.47842
      4938.80      272.107      6.40596
      4940.20      278.196      6.50132
      4941.60      281.474      6.54887
      4943.00      282.368      6.56187
      4944.40      274.826      6.43053
      4945.80      275.444      6.43047
      4947.20      278.158      6.46333
      4948.60      280.116      6.50476
      4950.00      280.255      6.49221
      4951.40      281.590      6.50040
      4952.80      277.424      6.41889
      4954.20      281.569      6.49993
      4955.60      280.639      6.47936
      4957.00      268.607      6.25096
      4958.40      271.028      6.28459
      4959.80      274.614      6.35979
      4961.20      256.980      6.03360
      4962.60      263.057      6.15683
      4964.00      271.940      6.34530
      4965.40      280.770      6.47354
      4966.80      268.896      6.27356
      4968.20      271.315      6.33980
      4969.60      279.476      7.13142
      4971.00      281.487      7.39111
      4972.40      286.907      7.33108
      4973.80      283.146      6.55394
      4975.20      275.598      6.40728
      4976.60      271.868      6.34355
      4978.00      265.000      6.18477
      4979.40      258.739      6.06784
      4980.80      275.385      6.38339
      4982.20      260.118      6.09684
      4983.60      265.697      6.18856
      4985.00      266.143      6.21042
      4986.40      259.022      6.11535
      4987.80      256.840      6.04018
      4989.20      264.373      6.16256
      4990.60      276.746      6.40842
      4992.00      281.457      6.52343
      4993.40      269.351      6.29756
      4994.80      267.369      6.23775
      4996.20      272.392      6.28719
      4997.60      268.595      6.20632
      4999.00      264.648      6.14602
