      3900.00      515.381      18.8659
      3901.40      542.296      19.3502
      3902.80      529.800      18.9779
      3904.20      496.887      18.1792
      3905.60      536.946      18.7021
      3907.00      588.913      20.2170
      3908.40      594.642      20.3808
      3909.80      616.670      20.9558
      3911.20      597.294      19.6712
      3912.60      556.350      18.6479
      3914.00      534.102      18.0979
      3915.40      551.165      18.7286
      3916.80      553.690      18.4457
      3918.20      545.301      18.1898
      3919.60      543.293      18.1299
      3921.00      535.127      18.1211
      3922.40      529.404      18.1133
      3923.80      531.748      18.3617
      3925.20      517.925      18.5943
      3926.60      504.922      17.9809
      3928.00      470.353      16.9642
      3929.40      391.474      15.1475
      3930.80      260.667      12.3885
      3932.20      171.293      10.6317
      3933.60      195.367      10.8869
      3935.00      339.555      13.7557
      3936.40      456.777      16.1620
      3937.80      530.536      17.7505
      3939.20      534.142      17.7836
      3940.60      525.806      17.7028
      3942.00      537.298      17.7847
      3943.40      516.951      17.3974
      3944.80      526.601      18.0015
      3946.20      507.937      17.6760
      3947.60      515.468      18.0134
      3949.00      509.122      17.8416
      3950.40      497.439      17.5554
      3951.80      497.999      18.0455
      3953.20      468.820      17.0296
      3954.60      453.895      16.8350
      3956.00      452.332      17.0999
      3957.40      444.368      17.0353
      3958.80      436.317      17.1777
      3960.20      405.548      16.6788
      3961.60      386.492      16.6292
      3963.00      403.385      17.4138
      3964.40      373.147      17.1568
      3965.80      254.641      14.4385
      3967.20      148.280      11.8095
      3968.60      167.719      11.5321
      3970.00      289.333      13.4774
      3971.40      410.194      15.5447
      3972.80      463.243      16.0437
      3974.20      485.816      16.3847
      3975.60      520.571      16.8985
      3977.00      524.158      16.8989
      3978.40      580.816      18.3305
      3979.80      585.146      17.5261
      3981.20      577.001      17.3974
      3982.60      566.194      17.3040
      3984.00      569.284      17.3005
      3985.40      572.464      17.4851
      3986.80      581.758      17.2064
      3988.20      590.286      17.4894
      3989.60      576.325      17.2592
      3991.00      623.938      18.2167
      3992.40      600.670      17.8927
      3993.80      594.919      18.1705
      3995.20      592.676      17.3595
      3996.60      545.358      16.3399
      3998.00      583.654      17.0552
      3999.40      586.199      17.4201
      4000.80      597.164      17.4568
      4002.20      593.837      17.3030
      4003.60      567.977      16.7531
      4005.00      565.216      16.6996
      4006.40      590.373      17.1032
      4007.80      620.407      17.8054
      4009.20      592.981      17.4993
      4010.60      600.267      17.6361
      4012.00      563.433      17.0889
      4013.40      602.137      17.6923
      4014.80      626.281      17.9857
      4016.20      606.251      17.7997
      4017.60      622.778      18.0446
      4019.00      615.909      17.9859
      4020.40      596.181      17.6135
      4021.80      595.821      17.8025
      4023.20      580.854      17.2356
      4024.60      578.610      17.2923
      4026.00      581.558      17.4996
      4027.40      607.696      18.0244
      4028.80      548.639      16.7280
      4030.20      556.913      16.8264
      4031.60      584.875      17.3336
      4033.00      559.105      16.9791
      4034.40      586.501      17.7234
      4035.80      570.801      17.8434
      4037.20      577.688      17.3979
      4038.60      571.992      17.4030
      4040.00      576.240      17.5556
      4041.40      560.438      17.6568
      4042.80      572.561      18.0686
      4044.20      533.470      17.4253
      4045.60      534.990      17.6712
      4047.00      568.715      18.4172
      4048.40      565.157      18.3978
      4049.80      560.717      17.8626
      4051.20      556.050      18.1004
      4052.60      525.739      16.9943
      4054.00      539.485      17.2091
      4055.40      534.099      17.2481
      4056.80      537.661      17.6809
      4058.20      533.782      17.1141
      4059.60      557.783      17.4264
      4061.00      550.785      17.2256
      4062.40      513.623      16.4494
      4063.80      581.198      17.8919
      4065.20      571.905      17.9085
      4066.60      567.041      17.8416
      4068.00      568.211      17.6482
      4069.40      562.640      17.2499
      4070.80      527.091      16.5616
      4072.20      562.281      17.2001
      4073.60      567.972      17.4202
      4075.00      552.651      16.6498
      4076.40      512.919      15.9874
      4077.80      561.860      17.0591
      4079.20      556.073      16.7121
      4080.60      587.466      17.1299
      4082.00      570.614      17.1099
      4083.40      571.015      16.9913
      4084.80      554.474      16.6953
      4086.20      556.416      16.8670
      4087.60      568.556      16.9834
      4089.00      582.141      17.2061
      4090.40      544.317      16.1234
      4091.80      558.778      16.2811
      4093.20      531.172      16.1554
      4094.60      515.869      15.3843
      4096.00      492.190      15.0053
      4097.40      465.239      14.5190
      4098.80      418.833      13.9695
      4100.20      312.406      12.3879
      4101.60      337.981      12.7093
      4103.00      432.570      14.0127
      4104.40      485.391      14.8222
      4105.80      510.203      15.2383
      4107.20      504.887      15.1902
      4108.60      527.073      15.7984
      4110.00      555.475      16.1930
      4111.40      558.890      16.6961
      4112.80      565.309      16.4151
      4114.20      574.193      16.7172
      4115.60      559.565      16.5913
      4117.00      564.572      16.9738
      4118.40      566.446      16.9464
      4119.80      557.186      16.6146
      4121.20      568.382      16.6255
      4122.60      561.503      16.3791
      4124.00      571.246      16.4576
      4125.40      558.160      16.2763
      4126.80      550.075      15.9799
      4128.20      571.787      16.3393
      4129.60      575.423      16.5070
      4131.00      560.256      16.2326
      4132.40      575.225      16.6223
      4133.80      562.527      16.5261
      4135.20      605.146      17.1862
      4136.60      595.661      16.7907
      4138.00      617.641      16.9702
      4139.40      599.222      16.5211
      4140.80      608.676      16.7042
      4142.20      563.098      15.8233
      4143.60      572.648      15.8687
      4145.00      613.364      16.5592
      4146.40      603.215      16.3605
      4147.80      604.245      16.4431
      4149.20      598.019      16.3897
      4150.60      594.832      16.6586
      4152.00      592.924      16.4984
      4153.40      608.837      16.7857
      4154.80      588.504      16.4505
      4156.20      592.410      16.2773
      4157.60      581.320      16.0297
      4159.00      585.573      16.1206
      4160.40      589.285      15.9413
      4161.80      567.570      15.6706
      4163.20      583.234      15.9355
      4164.60      601.071      16.3417
      4166.00      606.937      16.6139
      4167.40      610.815      16.5404
      4168.80      603.237      16.2687
      4170.20      583.866      15.8439
      4171.60      559.607      15.4385
      4173.00      551.195      15.3280
      4174.40      581.271      15.8040
      4175.80      566.165      15.3798
      4177.20      555.090      15.2142
      4178.60      562.084      15.3988
      4180.00      577.178      15.5926
      4181.40      572.719      15.4691
      4182.80      573.752      15.4892
      4184.20      576.137      15.5877
      4185.60      554.962      15.3955
      4187.00      553.890      15.5291
      4188.40      567.977      15.7863
      4189.80      569.669      15.5862
      4191.20      584.816      15.8144
      4192.60      578.682      15.7431
      4194.00      558.685      15.6027
      4195.40      542.242      15.2494
      4196.80      540.843      14.9649
      4198.20      555.707      15.2642
      4199.60      560.900      15.4038
      4201.00      569.740      15.4844
      4202.40      546.991      14.9635
      4203.80      562.633      15.2464
      4205.20      573.772      15.8438
      4206.60      565.296      15.5233
      4208.00      568.879      15.6237
      4209.40      560.463      15.3513
      4210.80      558.882      15.3445
      4212.20      552.792      15.0254
      4213.60      545.708      14.9832
      4215.00      534.895      14.9707
      4216.40      565.326      15.4785
      4217.80      559.565      15.2307
      4219.20      568.061      15.2754
      4220.60      574.025      15.5837
      4222.00      557.785      15.1644
      4223.40      553.287      14.9841
      4224.80      512.249      14.2644
      4226.20      526.695      14.5292
      4227.60      563.778      15.1394
      4229.00      599.344      15.6926
      4230.40      587.762      15.4033
      4231.80      546.205      14.6527
      4233.20      529.685      14.4445
      4234.60      562.439      15.1107
      4236.00      564.524      15.4057
      4237.40      562.781      15.2631
      4238.80      587.603      15.5146
      4240.20      596.152      15.5841
      4241.60      569.973      15.2309
      4243.00      577.564      15.1859
      4244.40      551.800      14.8043
      4245.80      538.845      14.7189
      4247.20      518.191      14.4035
      4248.60      534.602      14.6243
      4250.00      528.701      14.3812
      4251.40      554.501      14.7827
      4252.80      551.750      14.8194
      4254.20      557.611      14.8948
      4255.60      585.903      16.8350
      4257.00      559.075      23.2058
      4258.40      548.927      14.8590
      4259.80      564.889      14.9454
      4261.20      582.042      15.5858
      4262.60      601.563      15.5847
      4264.00      599.476      15.4179
      4265.40      594.667      15.3867
      4266.80      596.159      15.4281
      4268.20      596.017      15.5349
      4269.60      541.569      14.6361
      4271.00      539.025      14.4760
      4272.40      558.180      14.6656
      4273.80      570.983      14.9068
      4275.20      580.207      15.0369
      4276.60      583.284      15.1955
      4278.00      604.651      15.5935
      4279.40      607.365      15.5490
      4280.80      587.238      15.1385
      4282.20      579.107      15.0036
      4283.60      593.555      15.1580
      4285.00      579.077      14.9524
      4286.40      587.513      15.0687
      4287.80      537.349      14.0314
      4289.20      537.494      14.1433
      4290.60      594.035      15.2111
      4292.00      566.213      14.8573
      4293.40      569.801      14.9298
      4294.80      591.013      15.1569
      4296.20      573.205      15.3227
      4297.60      524.525      13.8170
      4299.00      521.207      13.7384
      4300.40      521.477      13.8084
      4301.80      548.719      14.2500
      4303.20      571.067      14.6974
      4304.60      573.566      14.7261
      4306.00      539.005      14.1439
      4307.40      555.365      14.3105
      4308.80      584.655      14.8579
      4310.20      568.309      14.6279
      4311.60      548.382      14.2092
      4313.00      515.406      13.6289
      4314.40      542.901      14.1405
      4315.80      588.439      14.9856
      4317.20      594.336      15.0739
      4318.60      561.460      14.4687
      4320.00      551.991      14.4636
      4321.40      580.898      14.9309
      4322.80      564.324      14.5300
      4324.20      534.844      13.9757
      4325.60      541.500      14.0732
      4327.00      549.843      14.3993
      4328.40      581.152      14.9585
      4329.80      528.898      13.8186
      4331.20      544.123      14.3498
      4332.60      532.087      14.3305
      4334.00      528.366      13.8217
      4335.40      489.895      13.1383
      4336.80      425.727      11.9406
      4338.20      342.719      10.3615
      4339.60      315.251      9.89405
      4341.00      388.121      11.1671
      4342.40      452.380      12.5503
      4343.80      491.849      13.2882
      4345.20      514.396      13.5413
      4346.60      521.291      14.2761
      4348.00      532.442      14.3440
      4349.40      525.448      14.0395
      4350.80      511.329      13.8110
      4352.20      556.640      14.4804
      4353.60      573.225      14.6628
      4355.00      572.410      14.5880
      4356.40      578.223      14.7329
      4357.80      579.715      15.2855
      4359.20      585.105      15.9873
      4360.60      580.932      15.5307
      4362.00      575.955      14.9677
      4363.40      577.701      14.7880
      4364.80      566.753      14.5402
      4366.20      557.346      14.3719
      4367.60      558.543      14.4227
      4369.00      562.218      14.7763
      4370.40      573.639      14.6943
      4371.80      538.032      14.0474
      4373.20      534.573      14.0166
      4374.60      524.253      13.8651
      4376.00      547.454      14.3739
      4377.40      571.248      15.3336
      4378.80      571.453      14.9232
      4380.20      564.718      14.6711
      4381.60      531.270      13.9962
      4383.00      512.941      13.5241
      4384.40      526.309      13.7327
      4385.80      569.132      14.5662
      4387.20      569.168      14.5245
      4388.60      577.482      15.1047
      4390.00      558.109      14.4515
      4391.40      564.807      14.5964
      4392.80      525.222      13.9459
      4394.20      529.469      13.9363
      4395.60      549.546      14.1271
      4397.00      561.778      14.3385
      4398.40      537.968      14.0160
      4399.80      549.342      14.4147
      4401.20      560.518      14.4477
      4402.60      558.445      14.2147
      4404.00      530.003      13.7551
      4405.40      559.606      14.3287
      4406.80      569.521      14.3595
      4408.20      572.197      14.5410
      4409.60      575.375      14.5265
      4411.00      559.221      14.5433
      4412.40      549.792      14.0137
      4413.80      546.159      13.9104
      4415.20      523.351      13.4852
      4416.60      519.738      13.3881
      4418.00      553.017      13.8849
      4419.40      578.845      14.3983
      4420.80      565.825      14.6209
      4422.20      572.288      14.9937
      4423.60      582.317      14.6794
      4425.00      577.674      14.3482
      4426.40      580.114      14.4497
      4427.80      562.423      14.2252
      4429.20      604.867      14.8625
      4430.60      596.588      14.6017
      4432.00      593.054      14.5575
      4433.40      569.711      14.1093
      4434.80      567.708      14.1013
      4436.20      580.325      14.4029
      4437.60      607.427      14.8380
      4439.00      596.840      14.8471
      4440.40      562.445      14.2497
      4441.80      530.780      13.6182
      4443.20      543.935      13.7216
      4444.60      581.800      14.3689
      4446.00      603.371      14.7194
      4447.40      587.994      14.5021
      4448.80      556.017      13.9158
      4450.20      571.453      14.1795
      4451.60      563.178      14.2358
      4453.00      555.363      13.8907
      4454.40      549.765      13.8619
      4455.80      563.113      14.0789
      4457.20      550.769      13.8778
      4458.60      544.629      13.7216
      4460.00      561.184      14.0238
      4461.40      547.325      13.8233
      4462.80      538.061      13.5980
      4464.20      560.305      14.0428
      4465.60      549.179      13.8027
      4467.00      540.105      13.6512
      4468.40      530.870      13.5173
      4469.80      580.832      14.4990
      4471.20      591.338      14.5826
      4472.60      593.495      14.5895
      4474.00      582.559      14.3161
      4475.40      582.456      14.3383
      4476.80      580.895      14.2617
      4478.20      566.429      14.0926
      4479.60      551.537      13.7944
      4481.00      543.300      13.6623
      4482.40      553.836      13.8523
      4483.80      559.083      14.2694
      4485.20      567.023      14.4976
      4486.60      566.803      14.1838
      4488.00      549.167      13.7283
      4489.40      574.526      14.0954
      4490.80      559.393      13.9349
      4492.20      569.479      14.1937
      4493.60      568.434      14.0890
      4495.00      554.071      13.8844
      4496.40      566.120      14.1705
      4497.80      560.917      14.3242
      4499.20      556.652      14.3560
      4500.60      562.198      14.0251
      4502.00      560.525      13.9049
      4503.40      561.134      14.1215
      4504.80      558.062      13.9788
      4506.20      559.221      13.8945
      4507.60      556.698      13.9816
      4509.00      557.141      14.0484
      4510.40      554.376      14.0636
      4511.80      565.224      14.1987
      4513.20      562.260      14.1591
      4514.60      566.855      14.0189
      4516.00      563.115      13.8939
      4517.40      544.328      13.5776
      4518.80      551.440      13.7978
      4520.20      534.856      13.5462
      4521.60      535.738      13.5949
      4523.00      554.909      14.0973
      4524.40      556.771      14.5245
      4525.80      545.518      14.2261
      4527.20      522.758      13.8844
      4528.60      527.040      13.8135
      4530.00      531.501      13.7318
      4531.40      526.827      13.6991
      4532.80      505.378      13.2666
      4534.20      526.416      13.4394
      4535.60      544.829      13.8205
      4537.00      552.592      13.9747
      4538.40      557.627      13.9815
      4539.80      535.972      13.5102
      4541.20      545.357      13.7385
      4542.60      552.539      14.0448
      4544.00      563.711      14.2442
      4545.40      557.351      13.9916
      4546.80      534.922      13.4812
      4548.20      506.051      12.9219
      4549.60      533.147      13.2928
      4551.00      556.465      13.6491
      4552.40      534.912      13.2055
      4553.80      505.857      12.6842
      4555.20      547.064      13.4414
      4556.60      541.005      13.5153
      4558.00      564.706      14.0069
      4559.40      577.337      14.1038
      4560.80      562.922      13.7018
      4562.20      542.575      13.3798
      4563.60      531.264      13.1113
      4565.00      546.401      13.3948
      4566.40      535.896      13.1052
      4567.80      558.767      13.4729
      4569.20      548.124      13.3409
      4570.60      522.221      12.9149
      4572.00      542.177      13.2955
      4573.40      561.091      13.4369
      4574.80      552.448      13.5370
      4576.20      565.530      13.5314
      4577.60      562.329      13.4799
      4579.00      562.685      13.5113
      4580.40      553.176      13.5386
      4581.80      530.409      12.9279
      4583.20      535.751      13.1111
      4584.60      570.209      13.6504
      4586.00      563.978      13.4310
      4587.40      555.613      13.3113
      4588.80      550.593      13.2170
      4590.20      553.238      13.1882
      4591.60      575.155      13.5936
      4593.00      568.351      13.4541
      4594.40      577.774      13.7210
      4595.80      581.159      13.6457
      4597.20      566.320      13.4401
      4598.60      575.391      13.6639
      4600.00      584.528      13.7568
      4601.40      583.362      13.9917
      4602.80      578.773      13.6140
      4604.20      583.873      13.6961
      4605.60      577.134      13.5632
      4607.00      568.133      13.4322
      4608.40      583.626      13.8335
      4609.80      585.413      13.8897
      4611.20      580.823      13.6894
      4612.60      588.621      13.8217
      4614.00      568.914      13.5117
      4615.40      589.758      14.0117
      4616.80      588.125      13.9884
      4618.20      571.236      13.6932
      4619.60      564.732      13.5038
      4621.00      573.514      13.6572
      4622.40      560.307      13.3959
      4623.80      562.326      13.4789
      4625.20      565.108      13.4704
      4626.60      556.913      13.3312
      4628.00      546.856      13.1732
      4629.40      547.396      13.3325
      4630.80      547.798      13.1687
      4632.20      560.515      13.3757
      4633.60      552.436      13.3464
      4635.00      555.685      13.4642
      4636.40      566.416      13.6185
      4637.80      570.020      13.5605
      4639.20      558.553      13.5016
      4640.60      574.599      13.9479
      4642.00      540.326      13.3270
      4643.40      547.443      13.4488
      4644.80      563.380      13.6128
      4646.20      575.990      13.7739
      4647.60      582.172      13.8382
      4649.00      567.983      14.9079
      4650.40      559.944      14.3455
      4651.80      567.249      13.6558
      4653.20      549.106      13.2114
      4654.60      558.510      13.5766
      4656.00      562.482      13.4890
      4657.40      565.539      13.5266
      4658.80      548.048      13.2686
      4660.20      536.835      13.1144
      4661.60      553.020      13.5872
      4663.00      541.311      13.4121
      4664.40      557.071      13.3719
      4665.80      547.674      13.3433
      4667.20      548.675      13.1842
      4668.60      550.385      13.2591
      4670.00      555.283      13.3370
      4671.40      551.749      13.2604
      4672.80      550.479      13.3059
      4674.20      554.353      13.3978
      4675.60      545.617      13.2817
      4677.00      555.239      13.4603
      4678.40      551.804      13.4663
      4679.80      563.792      13.6196
      4681.20      573.217      13.7563
      4682.60      557.369      13.4489
      4684.00      555.741      13.5906
      4685.40      567.846      13.7325
      4686.80      559.148      13.6593
      4688.20      548.377      13.4911
      4689.60      527.326      13.0213
      4691.00      536.197      13.3066
      4692.40      544.752      13.5891
      4693.80      537.816      13.4435
      4695.20      530.648      13.2618
      4696.60      534.791      13.2894
      4698.00      523.854      13.1185
      4699.40      523.708      13.1365
      4700.80      520.662      13.1975
      4702.20      499.792      13.1677
      4703.60      535.432      13.7056
      4705.00      543.280      13.5543
      4706.40      542.273      13.4755
      4707.80      520.521      13.0845
      4709.20      536.220      13.5361
      4710.60      539.178      13.6557
      4712.00      528.973      13.2915
      4713.40      542.554      15.2589
      4714.80      541.448      22.1293
      4716.20      527.293      13.0484
      4717.60      542.302      13.3404
      4719.00      546.317      13.4306
      4720.40      547.118      13.3950
      4721.80      541.879      13.2614
      4723.20      558.463      13.4833
      4724.60      554.383      13.7622
      4726.00      567.761      13.8075
      4727.40      565.619      13.5744
      4728.80      555.411      13.2401
      4730.20      566.182      13.4098
      4731.60      571.572      13.4893
      4733.00      557.597      13.2503
      4734.40      578.877      13.6066
      4735.80      560.486      13.3525
      4737.20      572.281      13.4348
      4738.60      568.212      13.3559
      4740.00      584.319      13.6804
      4741.40      572.770      13.3457
      4742.80      589.416      13.5423
      4744.20      582.988      13.4174
      4745.60      591.240      13.5790
      4747.00      575.910      13.4651
      4748.40      579.614      13.3484
      4749.80      570.165      13.1158
      4751.20      564.039      12.9758
      4752.60      577.884      13.2361
      4754.00      568.237      13.0781
      4755.40      561.280      12.9995
      4756.80      582.225      13.3236
      4758.20      564.483      13.0410
      4759.60      580.960      13.3474
      4761.00      557.787      13.0297
      4762.40      558.024      13.0862
      4763.80      548.519      12.8848
      4765.20      568.602      13.1331
      4766.60      574.475      13.1922
      4768.00      585.426      13.3746
      4769.40      579.659      13.5852
      4770.80      568.994      13.0934
      4772.20      555.235      12.8378
      4773.60      559.579      12.9576
      4775.00      552.742      12.7666
      4776.40      579.502      13.5480
      4777.80      540.332      12.5547
      4779.20      541.689      12.5956
      4780.60      563.475      12.9866
      4782.00      556.489      12.8114
      4783.40      541.095      12.5320
      4784.80      551.537      12.8057
      4786.20      538.327      12.5258
      4787.60      548.171      12.6971
      4789.00      555.574      12.9476
      4790.40      550.562      12.9018
      4791.80      554.796      12.9508
      4793.20      549.988      12.9384
      4794.60      556.021      12.9107
      4796.00      549.096      12.8478
      4797.40      532.334      12.6029
      4798.80      551.168      12.9008
      4800.20      541.377      12.5562
      4801.60      525.440      12.4748
      4803.00      522.969      12.3782
      4804.40      531.866      12.4828
      4805.80      541.127      12.5630
      4807.20      531.772      12.4616
      4808.60      529.280      12.4515
      4810.00      513.350      12.1479
      4811.40      525.539      12.3551
      4812.80      524.155      12.3353
      4814.20      540.882      12.6195
      4815.60      535.389      12.5407
      4817.00      544.903      12.7546
      4818.40      527.594      12.5629
      4819.80      531.059      12.6569
      4821.20      542.183      12.9832
      4822.60      509.241      12.2606
      4824.00      515.884      12.2959
      4825.40      524.691      12.4011
      4826.80      525.650      12.4468
      4828.20      518.824      12.4031
      4829.60      529.197      12.5464
      4831.00      509.094      12.2094
      4832.40      513.721      12.3103
      4833.80      510.983      12.3050
      4835.20      512.397      12.3889
      4836.60      497.020      12.4801
      4838.00      496.156      12.2926
      4839.40      500.190      12.3264
      4840.80      494.761      12.3411
      4842.20      494.701      12.2286
      4843.60      495.742      12.1864
      4845.00      488.844      12.2434
      4846.40      482.398      12.0111
      4847.80      475.901      11.8483
      4849.20      480.851      11.9629
      4850.60      469.839      12.1437
      4852.00      461.129      11.6831
      4853.40      450.511      11.4435
      4854.80      445.725      11.2785
      4856.20      428.566      10.9719
      4857.60      402.411      10.4698
      4859.00      323.563      9.06278
      4860.40      283.898      8.38933
      4861.80      342.397      9.40535
      4863.20      408.735      10.6605
      4864.60      450.027      11.4090
      4866.00      464.353      11.6024
      4867.40      476.614      11.9375
      4868.80      469.584      11.7954
      4870.20      479.161      11.9045
      4871.60      480.880      11.9422
      4873.00      489.097      12.0951
      4874.40      495.107      12.0088
      4875.80      495.387      12.0384
      4877.20      519.114      12.4802
      4878.60      515.015      12.3265
      4880.00      520.377      12.4286
      4881.40      527.142      12.5551
      4882.80      523.495      12.6284
      4884.20      520.760      12.5688
      4885.60      541.784      12.7454
      4887.00      528.267      12.4177
      4888.40      531.694      12.4983
      4889.80      496.025      11.8627
      4891.20      509.758      12.1135
      4892.60      526.213      12.4758
      4894.00      540.493      12.6519
      4895.40      531.987      12.6229
      4896.80      532.105      12.5326
      4898.20      542.912      12.6627
      4899.60      528.180      12.3897
      4901.00      532.162      12.4488
      4902.40      528.521      12.3650
      4903.80      534.016      12.4853
      4905.20      532.327      12.4900
      4906.60      538.000      12.5637
      4908.00      536.969      12.5738
      4909.40      537.657      12.6218
      4910.80      536.930      12.5509
      4912.20      534.061      12.5915
      4913.60      531.270      12.6176
      4915.00      538.484      12.9135
      4916.40      526.041      12.5343
      4917.80      514.081      12.1290
      4919.20      502.039      11.9260
      4920.60      510.341      12.1366
      4922.00      491.905      11.7951
      4923.40      499.527      11.9221
      4924.80      509.097      12.3564
      4926.20      529.573      12.4799
      4927.60      524.988      12.3143
      4929.00      540.726      12.5880
      4930.40      544.787      12.6730
      4931.80      526.465      12.3981
      4933.20      484.625      11.6198
      4934.60      506.645      11.9680
      4936.00      530.547      12.3846
      4937.40      524.731      12.2546
      4938.80      534.613      12.4411
      4940.20      522.227      12.2145
      4941.60      533.092      12.3791
      4943.00      527.061      12.3199
      4944.40      535.111      12.4956
      4945.80      527.677      12.2648
      4947.20      536.571      12.4791
      4948.60      520.114      12.2202
      4950.00      532.077      12.5472
      4951.40      515.321      12.2132
      4952.80      517.793      12.0987
      4954.20      522.611      12.1761
      4955.60      489.206      11.5894
      4957.00      488.820      11.6027
      4958.40      498.124      11.8733
      4959.80      528.120      12.3828
      4961.20      527.316      12.3312
      4962.60      522.299      12.1194
      4964.00      519.831      12.0711
      4965.40      522.447      12.2727
      4966.80      522.176      12.4538
      4968.20      512.838      12.3115
      4969.60      521.664      12.6419
      4971.00      516.159      12.1131
      4972.40      520.565      12.1166
      4973.80      507.240      11.9216
      4975.20      505.852      11.8313
      4976.60      516.591      12.0512
      4978.00      513.998      12.0517
      4979.40      506.760      11.9811
      4980.80      495.713      12.1805
      4982.20      500.484      12.5107
      4983.60      488.602      11.6371
      4985.00      496.058      11.7579
      4986.40      514.134      12.0765
      4987.80      513.597      12.0594
      4989.20      496.376      11.8616
      4990.60      495.279      11.9081
      4992.00      511.781      12.0213
      4993.40      499.395      11.6938
      4994.80      517.641      12.0117
      4996.20      510.845      11.8447
      4997.60      511.958      11.9443
      4999.00      494.828      11.6644
