      3900.00      109.560      8.98287
      3901.40      109.226      9.59381
      3902.80      133.930      9.60406
      3904.20      140.540      9.87858
      3905.60      120.901      9.55725
      3907.00      125.996      9.84634
      3908.40      149.925      10.5687
      3909.80      117.644      9.88188
      3911.20      137.033      10.1965
      3912.60      165.559      10.5045
      3914.00      174.010      10.8991
      3915.40      159.931      10.1884
      3916.80      150.312      9.58533
      3918.20      148.225      9.52565
      3919.60      157.347      9.61404
      3921.00      146.527      9.32485
      3922.40      122.028      8.50924
      3923.80      140.802      8.75475
      3925.20      135.918      8.73709
      3926.60      151.488      9.21853
      3928.00      150.460      9.29729
      3929.40      136.791      8.50341
      3930.80      132.645      8.40159
      3932.20      114.692      7.88453
      3933.60      100.967      7.43268
      3935.00      60.9021      6.47220
      3936.40      46.3163      6.23210
      3937.80      60.3574      6.34978
      3939.20      94.5309      7.13389
      3940.60      130.840      8.12660
      3942.00      131.581      8.29109
      3943.40      151.137      8.61554
      3944.80      150.265      8.56786
      3946.20      173.054      9.10742
      3947.60      147.212      8.62640
      3949.00      158.383      8.87168
      3950.40      166.284      9.05008
      3951.80      131.779      8.29949
      3953.20      140.303      8.67286
      3954.60      139.557      8.62196
      3956.00      154.300      8.82911
      3957.40      156.723      8.86566
      3958.80      146.424      8.48219
      3960.20      132.786      8.18961
      3961.60      145.766      8.49461
      3963.00      136.125      8.61291
      3964.40      134.197      8.37236
      3965.80      128.572      8.22475
      3967.20      116.318      8.21562
      3968.60      94.5477      7.41269
      3970.00      81.3120      7.00367
      3971.40      46.4204      6.20990
      3972.80      46.8468      6.33639
      3974.20      64.3926      6.93514
      3975.60      105.756      8.23551
      3977.00      108.809      8.63012
      3978.40      133.513      9.13346
      3979.80      133.550      9.23016
      3981.20      158.138      9.79450
      3982.60      159.598      9.62307
      3984.00      146.818      9.41846
      3985.40      153.943      9.69143
      3986.80      150.375      9.44722
      3988.20      134.323      8.62601
      3989.60      149.728      8.63010
      3991.00      142.531      8.38534
      3992.40      138.075      8.30336
      3993.80      155.643      8.65039
      3995.20      161.547      8.70887
      3996.60      160.535      8.70983
      3998.00      162.187      8.34952
      3999.40      159.484      8.15485
      4000.80      148.037      7.91397
      4002.20      150.060      8.05070
      4003.60      151.944      7.90113
      4005.00      144.856      8.11974
      4006.40      158.641      7.99019
      4007.80      156.233      8.02173
      4009.20      159.281      8.08582
      4010.60      144.755      7.73701
      4012.00      162.564      8.19296
      4013.40      152.096      8.11153
      4014.80      142.535      7.98254
      4016.20      143.092      7.82892
      4017.60      144.852      7.63181
      4019.00      157.255      7.84361
      4020.40      170.609      8.13097
      4021.80      165.240      8.33717
      4023.20      168.581      8.49721
      4024.60      169.500      8.16643
      4026.00      156.043      7.70766
      4027.40      149.391      7.61627
      4028.80      158.302      7.77904
      4030.20      170.955      8.16966
      4031.60      151.804      7.78014
      4033.00      152.573      7.70386
      4034.40      139.345      7.39651
      4035.80      155.217      7.71319
      4037.20      147.080      7.53229
      4038.60      157.988      7.93128
      4040.00      155.290      8.19234
      4041.40      161.578      8.08576
      4042.80      169.985      8.16318
      4044.20      157.680      7.85308
      4045.60      170.604      8.22554
      4047.00      151.252      8.09614
      4048.40      160.919      8.38240
      4049.80      149.974      7.96495
      4051.20      159.719      8.05287
      4052.60      163.221      8.13728
      4054.00      165.737      8.29274
      4055.40      160.410      7.93518
      4056.80      161.896      7.93428
      4058.20      166.884      8.05403
      4059.60      141.743      7.60408
      4061.00      161.202      8.06144
      4062.40      153.269      7.88790
      4063.80      150.940      8.26618
      4065.20      153.984      8.11801
      4066.60      146.538      8.19410
      4068.00      148.587      8.25609
      4069.40      142.608      7.93671
      4070.80      157.326      8.21076
      4072.20      151.387      8.17553
      4073.60      139.948      7.77719
      4075.00      152.195      7.93065
      4076.40      154.377      8.16767
      4077.80      158.056      7.93145
      4079.20      153.684      7.97812
      4080.60      139.273      7.65500
      4082.00      135.089      7.62421
      4083.40      144.043      7.74219
      4084.80      158.022      8.07610
      4086.20      144.204      7.87614
      4087.60      152.843      8.00056
      4089.00      144.534      7.57209
      4090.40      147.447      7.44106
      4091.80      149.426      7.48696
      4093.20      159.206      7.70898
      4094.60      148.924      7.43843
      4096.00      154.128      7.79344
      4097.40      155.280      7.52866
      4098.80      139.336      7.23255
      4100.20      132.846      6.92273
      4101.60      127.607      6.99134
      4103.00      108.399      6.55424
      4104.40      88.7745      5.96550
      4105.80      86.3335      5.84228
      4107.20      108.173      6.31276
      4108.60      127.958      6.80781
      4110.00      138.026      7.10556
      4111.40      132.617      6.98971
      4112.80      137.768      7.01993
      4114.20      136.083      6.89457
      4115.60      149.332      7.45432
      4117.00      153.402      7.38667
      4118.40      145.059      7.32415
      4119.80      154.260      7.45530
      4121.20      151.903      7.55695
      4122.60      144.601      7.20589
      4124.00      160.305      7.51967
      4125.40      147.208      7.32901
      4126.80      155.895      7.63585
      4128.20      158.970      7.66913
      4129.60      161.009      7.65083
      4131.00      154.898      7.35245
      4132.40      140.386      7.09739
      4133.80      150.165      7.26628
      4135.20      144.073      7.11824
      4136.60      152.527      7.38891
      4138.00      163.250      7.46470
      4139.40      149.865      7.21611
      4140.80      159.486      7.35948
      4142.20      160.578      7.64537
      4143.60      163.714      7.41607
      4145.00      155.168      7.34841
      4146.40      155.075      7.50551
      4147.80      146.950      7.48167
      4149.20      153.146      7.49467
      4150.60      156.522      7.40160
      4152.00      159.550      7.33820
      4153.40      168.994      7.41040
      4154.80      157.699      7.18237
      4156.20      163.550      7.29968
      4157.60      141.193      6.83135
      4159.00      141.569      6.96406
      4160.40      149.485      7.18040
      4161.80      155.561      7.29494
      4163.20      160.262      7.35353
      4164.60      147.661      7.02690
      4166.00      153.193      7.07786
      4167.40      151.142      7.06652
      4168.80      161.757      7.27567
      4170.20      160.371      7.13310
      4171.60      148.992      6.93114
      4173.00      158.112      7.28163
      4174.40      148.015      7.03102
      4175.80      140.860      6.85410
      4177.20      139.759      6.71274
      4178.60      154.778      6.92424
      4180.00      142.700      6.61151
      4181.40      142.712      6.60044
      4182.80      146.100      6.61898
      4184.20      161.601      7.02460
      4185.60      149.382      6.66110
      4187.00      157.094      6.82605
      4188.40      154.763      7.06425
      4189.80      154.317      6.87610
      4191.20      154.093      6.96684
      4192.60      147.992      6.71062
      4194.00      149.135      6.62657
      4195.40      141.786      6.46581
      4196.80      167.195      6.96456
      4198.20      154.818      7.05507
      4199.60      150.766      7.05222
      4201.00      143.954      7.02594
      4202.40      147.456      6.89017
      4203.80      155.928      6.82130
      4205.20      157.022      6.72878
      4206.60      151.602      6.82281
      4208.00      148.193      6.93055
      4209.40      159.227      6.93964
      4210.80      153.843      6.64303
      4212.20      169.842      6.93048
      4213.60      142.432      6.46693
      4215.00      156.880      6.86991
      4216.40      167.445      7.04266
      4217.80      159.453      6.81581
      4219.20      134.329      6.35151
      4220.60      137.134      6.42662
      4222.00      153.589      6.75330
      4223.40      165.638      6.93924
      4224.80      161.213      6.73595
      4226.20      156.504      6.66690
      4227.60      154.765      6.56720
      4229.00      139.796      6.26699
      4230.40      143.465      6.40329
      4231.80      153.773      6.60600
      4233.20      154.135      6.82400
      4234.60      153.290      6.50748
      4236.00      154.919      6.56444
      4237.40      144.374      6.43408
      4238.80      157.916      6.74178
      4240.20      149.852      6.45963
      4241.60      155.095      6.42810
      4243.00      157.752      6.49998
      4244.40      156.285      6.53380
      4245.80      155.868      6.70070
      4247.20      154.873      6.75896
      4248.60      158.762      6.65046
      4250.00      151.612      6.45550
      4251.40      157.174      6.50236
      4252.80      151.854      6.37261
      4254.20      144.340      6.15706
      4255.60      151.313      6.32641
      4257.00      153.451      6.90931
      4258.40      158.247      6.63533
      4259.80      148.441      6.56346
      4261.20      152.927      6.49655
      4262.60      145.223      6.31968
      4264.00      155.384      6.48320
      4265.40      153.036      6.41195
      4266.80      164.875      6.69789
      4268.20      165.878      6.80236
      4269.60      157.959      6.63541
      4271.00      166.826      6.84773
      4272.40      164.583      6.77734
      4273.80      149.477      6.40418
      4275.20      135.698      6.08533
      4276.60      153.039      6.39132
      4278.00      156.399      6.45161
      4279.40      178.016      6.89586
      4280.80      168.274      6.75114
      4282.20      169.830      6.73218
      4283.60      155.622      6.45734
      4285.00      149.669      6.23188
      4286.40      165.004      6.50716
      4287.80      152.235      6.28229
      4289.20      159.437      6.43852
      4290.60      157.911      6.49326
      4292.00      144.683      6.14664
      4293.40      133.286      5.91349
      4294.80      153.845      6.29622
      4296.20      151.472      6.23176
      4297.60      153.014      6.28385
      4299.00      152.132      6.21854
      4300.40      152.362      6.42627
      4301.80      143.682      6.10089
      4303.20      131.281      5.95882
      4304.60      124.311      5.76022
      4306.00      131.448      6.01443
      4307.40      141.278      6.01454
      4308.80      154.152      6.27333
      4310.20      143.917      6.04265
      4311.60      154.464      6.35636
      4313.00      151.839      6.34901
      4314.40      143.245      6.11263
      4315.80      133.307      5.96372
      4317.20      136.036      6.08980
      4318.60      140.481      6.27180
      4320.00      140.055      6.10886
      4321.40      148.958      6.27211
      4322.80      153.494      6.27666
      4324.20      148.427      6.05485
      4325.60      146.480      6.01084
      4327.00      144.204      6.03161
      4328.40      138.239      5.84971
      4329.80      140.341      5.90010
      4331.20      153.591      6.25094
      4332.60      149.882      6.25401
      4334.00      142.801      6.15939
      4335.40      149.691      6.33847
      4336.80      138.874      6.11975
      4338.20      144.571      6.04975
      4339.60      134.302      5.79723
      4341.00      118.130      5.46037
      4342.40      100.180      5.04218
      4343.80      86.8591      5.05277
      4345.20      104.331      5.61734
      4346.60      123.736      6.07380
      4348.00      136.376      6.04228
      4349.40      141.331      5.94182
      4350.80      132.454      5.72547
      4352.20      140.160      6.12827
      4353.60      143.778      6.11717
      4355.00      142.083      5.99110
      4356.40      141.471      5.89132
      4357.80      125.529      6.07925
      4359.20      147.919      7.24365
      4360.60      146.677      7.23709
      4362.00      157.998      6.59258
      4363.40      155.076      6.23556
      4364.80      156.904      6.24238
      4366.20      152.893      6.20898
      4367.60      160.829      6.34370
      4369.00      158.537      6.26548
      4370.40      154.833      6.18475
      4371.80      159.428      6.32429
      4373.20      155.670      6.22599
      4374.60      157.069      6.24462
      4376.00      148.575      6.06507
      4377.40      144.845      5.93507
      4378.80      145.783      5.95239
      4380.20      150.319      6.04117
      4381.60      144.954      5.98072
      4383.00      155.730      6.15557
      4384.40      143.941      5.88956
      4385.80      149.126      6.00093
      4387.20      134.876      5.76382
      4388.60      142.524      5.96708
      4390.00      150.333      6.07195
      4391.40      153.443      6.11016
      4392.80      150.818      6.19064
      4394.20      156.546      6.40433
      4395.60      157.834      6.22962
      4397.00      152.195      6.10343
      4398.40      141.390      5.88502
      4399.80      157.599      6.25168
      4401.20      146.789      6.01092
      4402.60      155.751      6.14504
      4404.00      150.896      6.08792
      4405.40      151.842      6.25049
      4406.80      155.959      6.10159
      4408.20      151.119      6.00945
      4409.60      151.190      6.00430
      4411.00      148.965      5.96061
      4412.40      150.035      5.96503
      4413.80      152.031      6.06686
      4415.20      149.259      6.10725
      4416.60      161.549      6.11570
      4418.00      150.745      5.90854
      4419.40      146.030      5.81700
      4420.80      128.883      5.52000
      4422.20      148.895      5.87872
      4423.60      146.703      5.93380
      4425.00      143.287      5.91774
      4426.40      158.507      6.14850
      4427.80      145.046      5.82469
      4429.20      150.601      5.85022
      4430.60      150.175      5.81664
      4432.00      156.654      5.94908
      4433.40      151.092      5.82146
      4434.80      153.817      5.85957
      4436.20      149.493      5.77693
      4437.60      141.676      5.56283
      4439.00      144.377      5.66841
      4440.40      154.648      5.87416
      4441.80      158.835      6.01003
      4443.20      155.155      5.91917
      4444.60      161.343      5.97481
      4446.00      146.397      5.73621
      4447.40      138.933      5.61931
      4448.80      146.348      5.77081
      4450.20      162.971      6.08123
      4451.60      154.338      6.14069
      4453.00      154.318      5.98112
      4454.40      149.824      5.85134
      4455.80      151.074      5.85798
      4457.20      148.702      5.73948
      4458.60      140.432      5.58442
      4460.00      150.225      5.94066
      4461.40      160.140      6.16229
      4462.80      150.510      5.85059
      4464.20      155.488      5.82044
      4465.60      143.929      5.60367
      4467.00      148.586      5.68925
      4468.40      143.997      5.57391
      4469.80      142.608      5.70150
      4471.20      140.502      5.49921
      4472.60      142.199      5.53140
      4474.00      146.678      5.64214
      4475.40      153.777      5.90525
      4476.80      157.411      5.99552
      4478.20      156.727      5.92045
      4479.60      164.000      6.03401
      4481.00      157.501      5.86497
      4482.40      153.904      5.77095
      4483.80      152.851      5.76368
      4485.20      141.106      5.51450
      4486.60      133.830      5.45231
      4488.00      146.989      5.66448
      4489.40      155.281      5.75218
      4490.80      143.035      5.54167
      4492.20      156.432      5.83089
      4493.60      163.455      6.20959
      4495.00      169.701      6.54360
      4496.40      152.288      5.80331
      4497.80      142.507      5.55607
      4499.20      153.315      5.75481
      4500.60      153.189      5.78522
      4502.00      151.087      5.89722
      4503.40      145.028      5.84947
      4504.80      145.440      5.72262
      4506.20      142.795      5.56488
      4507.60      167.505      6.05612
      4509.00      155.535      5.82274
      4510.40      154.216      5.84175
      4511.80      148.408      5.64555
      4513.20      144.929      5.55936
      4514.60      154.482      5.69415
      4516.00      152.633      5.71541
      4517.40      145.380      5.76746
      4518.80      160.252      6.01137
      4520.20      144.768      5.77050
      4521.60      161.262      5.94326
      4523.00      157.696      5.84951
      4524.40      153.208      5.73139
      4525.80      137.846      5.40326
      4527.20      151.877      5.67566
      4528.60      147.374      5.64901
      4530.00      163.210      5.86392
      4531.40      147.110      5.53018
      4532.80      142.103      5.45845
      4534.20      142.767      5.77949
      4535.60      142.124      5.56747
      4537.00      141.895      5.50563
      4538.40      137.905      5.40256
      4539.80      150.981      5.65990
      4541.20      148.827      5.70725
      4542.60      152.039      5.96839
      4544.00      153.104      6.06486
      4545.40      152.887      5.81741
      4546.80      151.280      5.83550
      4548.20      149.676      5.76342
      4549.60      148.866      5.67293
      4551.00      150.414      5.64934
      4552.40      142.802      5.50985
      4553.80      148.348      5.68715
      4555.20      143.812      5.65159
      4556.60      157.342      5.85819
      4558.00      143.599      5.52729
      4559.40      152.099      5.65279
      4560.80      145.876      5.53840
      4562.20      151.105      5.61353
      4563.60      159.320      5.83287
      4565.00      145.621      5.49681
      4566.40      158.931      5.70294
      4567.80      141.233      5.36363
      4569.20      151.872      5.65257
      4570.60      144.802      5.68168
      4572.00      158.283      5.83104
      4573.40      151.745      5.60778
      4574.80      147.504      5.49924
      4576.20      148.561      5.49362
      4577.60      152.657      5.58474
      4579.00      155.054      5.65367
      4580.40      147.542      5.52276
      4581.80      152.934      5.60994
      4583.20      151.012      5.51228
      4584.60      155.769      5.56319
      4586.00      151.097      5.49222
      4587.40      137.800      5.27328
      4588.80      143.291      5.36232
      4590.20      154.580      5.51816
      4591.60      153.356      5.45304
      4593.00      147.166      5.35048
      4594.40      141.490      5.31059
      4595.80      142.319      5.29210
      4597.20      145.665      5.39814
      4598.60      156.865      5.55543
      4600.00      152.002      5.44402
      4601.40      148.640      5.37579
      4602.80      147.716      5.32610
      4604.20      155.795      5.50054
      4605.60      151.251      5.43595
      4607.00      151.214      5.43965
      4608.40      156.164      5.51861
      4609.80      150.416      5.51317
      4611.20      155.301      5.50889
      4612.60      148.683      5.43996
      4614.00      144.165      5.40127
      4615.40      144.781      5.40445
      4616.80      141.326      5.27170
      4618.20      147.106      5.29212
      4619.60      145.921      5.26143
      4621.00      148.516      5.32305
      4622.40      144.686      5.31496
      4623.80      154.140      5.45013
      4625.20      156.784      5.58766
      4626.60      147.532      5.39200
      4628.00      154.822      5.49483
      4629.40      149.985      5.33715
      4630.80      147.921      5.29463
      4632.20      137.238      5.10892
      4633.60      152.812      5.43559
      4635.00      148.887      5.38101
      4636.40      141.168      5.22799
      4637.80      147.269      5.29837
      4639.20      149.933      5.35034
      4640.60      146.316      5.28587
      4642.00      150.878      5.37809
      4643.40      143.450      5.25682
      4644.80      150.479      5.64091
      4646.20      146.225      5.37251
      4647.60      152.486      5.41097
      4649.00      153.856      5.36683
      4650.40      141.355      5.14077
      4651.80      152.034      5.46105
      4653.20      145.102      5.45678
      4654.60      154.373      5.76762
      4656.00      147.921      5.50379
      4657.40      148.687      5.47568
      4658.80      150.660      5.50488
      4660.20      151.746      5.47585
      4661.60      150.558      5.43258
      4663.00      150.716      5.38038
      4664.40      140.582      5.24748
      4665.80      142.623      5.47074
      4667.20      142.267      5.36898
      4668.60      153.434      5.51430
      4670.00      144.857      5.32191
      4671.40      146.653      5.39172
      4672.80      148.946      5.35918
      4674.20      143.037      5.25221
      4675.60      150.756      5.47147
      4677.00      154.744      5.58489
      4678.40      157.639      5.57196
      4679.80      148.079      5.33221
      4681.20      148.173      5.25494
      4682.60      156.563      5.40249
      4684.00      153.761      5.32921
      4685.40      130.695      4.92507
      4686.80      158.643      5.56426
      4688.20      163.133      5.64615
      4689.60      152.561      5.42658
      4691.00      142.587      5.12017
      4692.40      149.385      5.23448
      4693.80      148.319      5.22071
      4695.20      153.335      5.30520
      4696.60      153.594      5.37439
      4698.00      146.274      5.21360
      4699.40      150.022      5.26716
      4700.80      147.863      5.21019
      4702.20      144.968      5.21105
      4703.60      151.623      5.25725
      4705.00      150.653      5.26028
      4706.40      149.566      5.22761
      4707.80      147.579      5.24811
      4709.20      147.546      5.35489
      4710.60      152.309      5.46518
      4712.00      144.745      5.27225
      4713.40      144.325      5.26282
      4714.80      136.001      5.09665
      4716.20      146.841      5.28921
      4717.60      147.009      5.30466
      4719.00      145.683      5.24494
      4720.40      148.465      5.35173
      4721.80      150.179      5.32445
      4723.20      147.761      5.27562
      4724.60      146.830      5.27568
      4726.00      148.830      5.31760
      4727.40      146.970      5.40746
      4728.80      145.959      5.34250
      4730.20      148.626      5.27349
      4731.60      151.922      5.33498
      4733.00      152.730      5.38268
      4734.40      144.634      5.35711
      4735.80      151.599      5.31286
      4737.20      152.975      5.31401
      4738.60      139.333      5.09461
      4740.00      148.995      5.25283
      4741.40      153.051      5.29282
      4742.80      153.999      5.31203
      4744.20      152.722      5.32098
      4745.60      147.329      5.20419
      4747.00      147.306      5.21511
      4748.40      149.111      5.19196
      4749.80      150.506      5.19133
      4751.20      155.622      5.28119
      4752.60      155.015      5.32397
      4754.00      150.041      5.20902
      4755.40      154.866      5.29953
      4756.80      152.941      5.27002
      4758.20      150.359      5.16824
      4759.60      152.247      5.17315
      4761.00      142.668      5.00488
      4762.40      150.145      5.14195
      4763.80      146.849      5.28763
      4765.20      146.045      5.03492
      4766.60      145.802      5.09728
      4768.00      150.837      5.22439
      4769.40      146.655      5.12200
      4770.80      142.492      4.98878
      4772.20      147.704      5.02337
      4773.60      151.433      5.12819
      4775.00      148.383      5.06272
      4776.40      141.035      5.05755
      4777.80      132.079      4.84773
      4779.20      143.267      5.03674
      4780.60      145.404      5.07789
      4782.00      148.133      5.06365
      4783.40      151.494      5.24057
      4784.80      140.503      4.94081
      4786.20      137.151      4.85015
      4787.60      136.700      4.88180
      4789.00      149.570      5.17322
      4790.40      149.829      5.21775
      4791.80      146.048      5.25392
      4793.20      148.213      5.21397
      4794.60      136.407      4.86481
      4796.00      152.213      5.13426
      4797.40      153.295      5.17385
      4798.80      154.959      5.28159
      4800.20      148.128      5.26657
      4801.60      151.614      5.32495
      4803.00      150.501      5.16419
      4804.40      150.192      5.07039
      4805.80      145.986      5.02588
      4807.20      137.931      4.87990
      4808.60      144.122      5.08228
      4810.00      142.327      4.93531
      4811.40      143.934      4.97091
      4812.80      144.334      5.00549
      4814.20      145.675      5.09280
      4815.60      144.780      5.04561
      4817.00      144.802      5.08525
      4818.40      142.581      5.04834
      4819.80      148.660      5.14993
      4821.20      142.126      5.07892
      4822.60      146.039      5.18487
      4824.00      144.732      5.04934
      4825.40      150.728      5.30731
      4826.80      146.255      5.25545
      4828.20      147.944      5.25893
      4829.60      145.144      5.06124
      4831.00      146.341      5.02842
      4832.40      138.842      4.87391
      4833.80      151.485      5.20446
      4835.20      152.297      5.26177
      4836.60      148.213      5.14260
      4838.00      141.346      4.95078
      4839.40      153.133      5.14577
      4840.80      148.115      5.05830
      4842.20      142.201      5.03364
      4843.60      141.872      5.06185
      4845.00      141.377      5.00061
      4846.40      145.243      5.00954
      4847.80      142.117      4.94795
      4849.20      146.128      5.02637
      4850.60      139.975      4.94868
      4852.00      143.435      5.02842
      4853.40      137.991      4.92306
      4854.80      138.631      5.03147
      4856.20      137.691      4.93085
      4857.60      132.260      4.76046
      4859.00      128.924      4.69806
      4860.40      127.316      4.73294
      4861.80      122.862      4.72790
      4863.20      114.614      4.51315
      4864.60      89.7418      3.95377
      4866.00      84.1405      3.98845
      4867.40      98.2342      4.41503
      4868.80      116.253      4.73338
      4870.20      130.056      4.78559
      4871.60      126.676      4.69673
      4873.00      119.545      4.62917
      4874.40      134.058      4.99824
      4875.80      129.452      4.88183
      4877.20      128.241      4.73457
      4878.60      133.356      4.93957
      4880.00      131.626      4.76642
      4881.40      129.378      4.72697
      4882.80      138.571      4.92687
      4884.20      137.343      4.94292
      4885.60      141.249      4.92038
      4887.00      145.996      5.05181
      4888.40      146.008      5.10536
      4889.80      141.676      5.08632
      4891.20      141.491      5.10856
      4892.60      147.092      5.25624
      4894.00      136.159      5.00651
      4895.40      130.384      4.84587
      4896.80      136.514      4.90434
      4898.20      146.830      5.03111
      4899.60      146.787      4.97478
      4901.00      147.515      5.01322
      4902.40      147.590      5.07421
      4903.80      146.856      4.93419
      4905.20      145.632      4.93961
      4906.60      143.834      4.95592
      4908.00      143.941      4.94837
      4909.40      142.004      4.93504
      4910.80      144.673      4.90374
      4912.20      142.671      4.79415
      4913.60      136.882      4.69827
      4915.00      140.933      4.83306
      4916.40      149.962      5.03871
      4917.80      150.857      5.02233
      4919.20      147.553      4.98005
      4920.60      150.297      5.06939
      4922.00      143.333      4.90647
      4923.40      128.750      4.58536
      4924.80      134.612      4.66431
      4926.20      135.744      4.68245
      4927.60      126.821      4.51062
      4929.00      136.954      4.76152
      4930.40      147.212      4.91945
      4931.80      143.298      4.81360
      4933.20      145.018      4.88754
      4934.60      147.031      4.90456
      4936.00      147.593      5.02173
      4937.40      138.221      4.92198
      4938.80      135.887      4.77659
      4940.20      142.120      4.75722
      4941.60      138.121      4.69470
      4943.00      139.644      4.79697
      4944.40      139.740      4.84534
      4945.80      144.856      4.95872
      4947.20      139.336      4.84042
      4948.60      141.280      4.83172
      4950.00      141.838      4.80555
      4951.40      143.200      4.79735
      4952.80      138.450      4.68935
      4954.20      136.265      4.65774
      4955.60      143.044      4.80010
      4957.00      135.599      4.64797
      4958.40      138.238      4.83253
      4959.80      141.900      4.77355
      4961.20      135.009      4.62029
      4962.60      135.425      4.65300
      4964.00      141.087      4.74360
      4965.40      135.212      4.61146
      4966.80      144.280      4.76362
      4968.20      141.951      4.82493
      4969.60      137.250      4.68527
      4971.00      134.185      4.68408
      4972.40      138.886      4.80684
      4973.80      131.583      4.62201
      4975.20      146.195      4.86882
      4976.60      141.913      4.78859
      4978.00      145.475      4.86725
      4979.40      150.760      4.97456
      4980.80      149.737      4.95543
      4982.20      141.719      5.00145
      4983.60      141.908      4.98743
      4985.00      136.855      4.75529
      4986.40      129.161      4.59747
      4987.80      131.949      4.60373
      4989.20      136.346      4.71581
      4990.60      136.492      4.81657
      4992.00      137.685      4.72922
      4993.40      138.315      4.66412
      4994.80      146.789      4.81730
      4996.20      134.437      4.64016
      4997.60      131.653      4.61920
      4999.00      136.092      4.62679
