      3900.00      319.929      15.0957
      3901.40      366.235      16.2794
      3902.80      370.742      16.5126
      3904.20      377.704      16.5813
      3905.60      365.470      16.4171
      3907.00      402.986      17.2530
      3908.40      413.649      17.5294
      3909.80      423.462      17.6629
      3911.20      407.915      17.0417
      3912.60      374.407      16.2302
      3914.00      382.453      16.3782
      3915.40      412.504      16.9452
      3916.80      388.806      17.1283
      3918.20      379.605      16.6421
      3919.60      349.005      15.8901
      3921.00      368.179      16.3601
      3922.40      413.224      17.2732
      3923.80      388.767      16.7374
      3925.20      404.221      17.1406
      3926.60      380.211      16.7783
      3928.00      377.572      16.0645
      3929.40      403.181      16.4552
      3930.80      395.981      16.0611
      3932.20      278.416      13.3189
      3933.60      198.867      11.3800
      3935.00      294.324      13.2236
      3936.40      387.988      15.1653
      3937.80      410.490      15.6119
      3939.20      398.850      15.8060
      3940.60      422.729      16.0376
      3942.00      395.355      15.5443
      3943.40      395.468      15.4516
      3944.80      405.314      15.5550
      3946.20      406.607      15.6014
      3947.60      412.035      15.8892
      3949.00      389.104      15.4204
      3950.40      391.173      15.1081
      3951.80      368.937      14.3946
      3953.20      372.100      14.3951
      3954.60      342.116      13.6615
      3956.00      342.375      13.7180
      3957.40      350.888      14.0507
      3958.80      362.798      14.3279
      3960.20      321.612      13.3710
      3961.60      318.052      13.2083
      3963.00      291.478      12.8647
      3964.40      286.154      12.3922
      3965.80      244.126      11.4775
      3967.20      184.358      10.1162
      3968.60      127.542      8.93908
      3970.00      141.465      9.43836
      3971.40      200.680      10.8891
      3972.80      246.313      11.8041
      3974.20      250.704      11.9612
      3975.60      294.372      12.8647
      3977.00      316.742      13.4974
      3978.40      317.689      13.4502
      3979.80      322.038      13.5908
      3981.20      346.153      14.1762
      3982.60      341.406      14.4057
      3984.00      354.385      15.0436
      3985.40      343.751      14.3880
      3986.80      367.518      15.0045
      3988.20      368.921      15.5804
      3989.60      365.608      16.2641
      3991.00      369.287      16.7858
      3992.40      371.330      16.4839
      3993.80      410.397      16.5889
      3995.20      415.135      16.2451
      3996.60      423.423      16.1469
      3998.00      387.178      15.2882
      3999.40      398.607      15.2966
      4000.80      418.263      15.3109
      4002.20      465.169      15.8970
      4003.60      430.646      15.1998
      4005.00      391.973      14.3327
      4006.40      389.175      14.2989
      4007.80      411.181      14.6731
      4009.20      412.898      14.6169
      4010.60      387.404      14.0152
      4012.00      399.104      14.2829
      4013.40      386.510      14.1849
      4014.80      425.852      14.8561
      4016.20      400.577      14.2987
      4017.60      422.649      14.5230
      4019.00      406.324      14.1878
      4020.40      398.664      14.0399
      4021.80      392.991      14.0998
      4023.20      380.654      14.1400
      4024.60      394.012      14.3255
      4026.00      397.835      14.1654
      4027.40      381.770      13.9165
      4028.80      386.631      13.9849
      4030.20      357.725      13.6309
      4031.60      384.917      14.2618
      4033.00      388.344      14.1875
      4034.40      383.130      13.9484
      4035.80      396.225      14.0326
      4037.20      385.009      13.8825
      4038.60      385.052      13.4894
      4040.00      397.706      13.7640
      4041.40      388.026      13.7206
      4042.80      389.615      13.7687
      4044.20      380.443      13.4673
      4045.60      375.755      13.4762
      4047.00      374.731      13.8331
      4048.40      382.662      14.1170
      4049.80      380.619      13.6053
      4051.20      388.733      13.5875
      4052.60      387.155      13.6795
      4054.00      398.888      14.1820
      4055.40      380.439      13.8835
      4056.80      382.362      13.5288
      4058.20      393.301      13.6153
      4059.60      367.697      13.1567
      4061.00      391.175      13.6154
      4062.40      356.938      13.0182
      4063.80      370.578      13.2193
      4065.20      371.085      13.2440
      4066.60      376.361      13.3234
      4068.00      370.825      13.3068
      4069.40      377.287      13.5197
      4070.80      342.705      13.1253
      4072.20      349.824      13.1791
      4073.60      343.286      12.8852
      4075.00      352.876      13.0122
      4076.40      354.780      13.4322
      4077.80      338.333      13.1230
      4079.20      354.546      13.9748
      4080.60      356.420      14.2802
      4082.00      362.860      14.0476
      4083.40      371.870      14.1360
      4084.80      351.260      13.1908
      4086.20      365.090      13.1684
      4087.60      352.913      13.0070
      4089.00      326.676      12.6059
      4090.40      341.103      12.9927
      4091.80      330.632      12.8535
      4093.20      314.286      12.5271
      4094.60      298.797      11.9767
      4096.00      279.751      11.3891
      4097.40      249.355      10.6513
      4098.80      214.073      9.83963
      4100.20      169.498      9.04899
      4101.60      148.030      8.74860
      4103.00      183.018      9.50946
      4104.40      237.673      10.5501
      4105.80      272.191      11.0300
      4107.20      274.844      10.9758
      4108.60      288.639      11.2211
      4110.00      295.702      11.4375
      4111.40      307.325      11.9539
      4112.80      311.258      11.7098
      4114.20      344.961      12.1678
      4115.60      340.278      12.2714
      4117.00      346.967      12.4275
      4118.40      347.152      12.5090
      4119.80      347.722      12.4239
      4121.20      348.064      12.2712
      4122.60      353.373      12.2199
      4124.00      368.316      12.5422
      4125.40      352.470      12.1235
      4126.80      362.781      12.3336
      4128.20      362.829      12.4128
      4129.60      345.682      11.9692
      4131.00      360.932      12.2661
      4132.40      362.239      12.2677
      4133.80      359.646      12.4576
      4135.20      353.429      12.3717
      4136.60      361.991      12.2866
      4138.00      361.971      12.2501
      4139.40      356.280      12.2258
      4140.80      365.860      12.6842
      4142.20      332.266      11.8560
      4143.60      328.624      11.6281
      4145.00      352.750      12.0207
      4146.40      351.454      12.0193
      4147.80      358.994      12.2378
      4149.20      357.871      12.2498
      4150.60      363.416      12.2603
      4152.00      355.073      12.0189
      4153.40      354.376      11.9991
      4154.80      371.893      12.3745
      4156.20      369.485      12.2305
      4157.60      348.616      11.8153
      4159.00      341.474      11.7017
      4160.40      361.380      12.1160
      4161.80      369.010      12.4083
      4163.20      360.407      12.1773
      4164.60      349.621      12.3055
      4166.00      366.270      12.2894
      4167.40      347.252      11.9846
      4168.80      356.392      12.2258
      4170.20      356.551      11.9801
      4171.60      374.734      12.3363
      4173.00      334.213      11.5786
      4174.40      342.343      11.7131
      4175.80      343.079      11.5571
      4177.20      347.094      11.5506
      4178.60      346.576      11.6489
      4180.00      341.407      11.7196
      4181.40      349.755      11.8365
      4182.80      347.506      11.5810
      4184.20      350.484      11.4740
      4185.60      345.584      11.2690
      4187.00      340.750      11.1372
      4188.40      350.847      11.3159
      4189.80      345.838      11.1527
      4191.20      351.067      11.2482
      4192.60      355.669      11.2999
      4194.00      352.975      11.3252
      4195.40      355.911      11.8674
      4196.80      348.892      11.6199
      4198.20      347.276      11.3637
      4199.60      362.026      11.4895
      4201.00      347.907      11.1738
      4202.40      349.382      11.2128
      4203.80      363.669      11.4999
      4205.20      350.902      11.2833
      4206.60      345.569      11.1718
      4208.00      346.406      11.2990
      4209.40      356.595      11.3108
      4210.80      365.397      11.6345
      4212.20      333.947      11.3824
      4213.60      357.556      11.9678
      4215.00      338.199      11.6080
      4216.40      345.822      11.5445
      4217.80      355.210      11.4409
      4219.20      357.017      11.2327
      4220.60      343.471      10.9421
      4222.00      337.985      10.8205
      4223.40      340.603      10.8779
      4224.80      333.581      10.8212
      4226.20      321.100      10.6647
      4227.60      328.895      10.8036
      4229.00      356.927      11.3515
      4230.40      337.437      11.0082
      4231.80      337.252      10.8415
      4233.20      319.561      10.4999
      4234.60      336.087      10.9383
      4236.00      352.746      11.2182
      4237.40      336.785      10.9551
      4238.80      341.019      10.8671
      4240.20      347.169      11.1163
      4241.60      352.426      11.3083
      4243.00      344.942      11.3116
      4244.40      341.859      11.1014
      4245.80      329.435      10.6846
      4247.20      332.291      10.6878
      4248.60      328.547      10.6201
      4250.00      324.301      10.5020
      4251.40      345.812      10.8460
      4252.80      348.015      10.9692
      4254.20      341.241      10.8788
      4255.60      315.129      10.5347
      4257.00      344.097      10.9136
      4258.40      340.863      10.7012
      4259.80      350.664      10.8257
      4261.20      346.081      10.6693
      4262.60      353.739      11.1295
      4264.00      350.380      11.3816
      4265.40      348.049      11.1755
      4266.80      333.544      10.9585
      4268.20      337.899      10.9431
      4269.60      334.000      10.7152
      4271.00      321.188      10.4549
      4272.40      332.125      10.8210
      4273.80      332.559      10.8304
      4275.20      334.518      10.8319
      4276.60      333.691      10.8209
      4278.00      343.933      10.9198
      4279.40      341.428      11.1890
      4280.80      330.169      10.6329
      4282.20      333.229      10.8181
      4283.60      301.595      10.2529
      4285.00      337.964      10.6417
      4286.40      334.798      10.4805
      4287.80      316.252      10.1914
      4289.20      354.631      10.8576
      4290.60      337.153      10.4238
      4292.00      325.704      10.2091
      4293.40      320.909      10.2174
      4294.80      320.280      10.6757
      4296.20      330.443      10.9536
      4297.60      327.920      10.8069
      4299.00      327.417      10.5701
      4300.40      316.255      10.1211
      4301.80      310.247      9.84525
      4303.20      316.287      9.92199
      4304.60      330.824      10.2208
      4306.00      318.621      10.2921
      4307.40      301.812      10.2506
      4308.80      318.438      10.4273
      4310.20      329.152      10.4286
      4311.60      308.152      9.95860
      4313.00      313.862      10.0448
      4314.40      326.857      10.1686
      4315.80      323.502      10.1985
      4317.20      326.061      10.5573
      4318.60      317.346      10.2981
      4320.00      323.154      10.1372
      4321.40      319.716      10.0229
      4322.80      302.759      9.78244
      4324.20      289.861      9.35855
      4325.60      293.194      9.38956
      4327.00      291.764      9.33578
      4328.40      286.340      9.22427
      4329.80      281.059      9.16842
      4331.20      270.985      8.99313
      4332.60      265.240      8.85755
      4334.00      256.878      8.73441
      4335.40      234.535      8.41063
      4336.80      221.769      8.21689
      4338.20      179.631      7.26133
      4339.60      133.744      6.39763
      4341.00      153.520      6.84147
      4342.40      188.670      7.60552
      4343.80      222.550      8.08052
      4345.20      249.601      8.54823
      4346.60      251.842      8.76191
      4348.00      264.164      9.67500
      4349.40      280.640      9.90604
      4350.80      273.535      9.41633
      4352.20      279.066      9.24409
      4353.60      300.943      9.76711
      4355.00      308.531      9.68751
      4356.40      308.164      9.96397
      4357.80      298.950      10.8065
      4359.20      308.221      11.5361
      4360.60      313.670      11.1759
      4362.00      325.822      10.6462
      4363.40      317.681      10.1481
      4364.80      310.130      9.69630
      4366.20      318.040      9.78401
      4367.60      327.517      10.0529
      4369.00      341.134      10.3697
      4370.40      324.368      10.1573
      4371.80      323.352      10.0560
      4373.20      327.986      10.1819
      4374.60      315.978      10.0638
      4376.00      324.348      10.0248
      4377.40      332.816      9.98618
      4378.80      321.298      9.76615
      4380.20      310.861      9.68908
      4381.60      307.882      9.85314
      4383.00      313.461      10.1579
      4384.40      294.299      9.25766
      4385.80      301.072      9.28719
      4387.20      316.654      9.54195
      4388.60      322.221      9.71742
      4390.00      330.024      9.97907
      4391.40      320.286      9.83868
      4392.80      325.767      9.93433
      4394.20      307.270      9.55046
      4395.60      304.726      9.40371
      4397.00      309.987      9.47566
      4398.40      311.698      9.81586
      4399.80      312.244      9.66876
      4401.20      304.881      9.97800
      4402.60      305.088      9.87407
      4404.00      304.031      9.59591
      4405.40      306.755      9.45361
      4406.80      326.276      9.83851
      4408.20      330.373      9.95379
      4409.60      306.316      9.60589
      4411.00      319.293      9.90409
      4412.40      318.580      9.79829
      4413.80      313.690      9.72712
      4415.20      303.403      9.45770
      4416.60      300.662      9.45047
      4418.00      307.496      9.59823
      4419.40      315.237      9.70572
      4420.80      309.160      9.93753
      4422.20      320.387      10.1012
      4423.60      317.484      9.75445
      4425.00      315.973      9.71676
      4426.40      315.949      9.75608
      4427.80      309.243      9.50220
      4429.20      312.370      9.48558
      4430.60      313.760      9.56727
      4432.00      318.169      9.89004
      4433.40      328.310      10.0630
      4434.80      302.768      9.51836
      4436.20      320.480      9.72799
      4437.60      335.940      10.0438
      4439.00      323.253      10.0295
      4440.40      318.644      9.67764
      4441.80      301.931      9.23140
      4443.20      299.444      9.13093
      4444.60      305.728      9.38112
      4446.00      311.812      9.78314
      4447.40      311.193      9.56969
      4448.80      302.844      9.29067
      4450.20      307.459      9.32607
      4451.60      312.795      9.57136
      4453.00      311.543      9.40144
      4454.40      316.286      9.54423
      4455.80      296.215      9.14904
      4457.20      300.050      9.17327
      4458.60      313.285      9.36934
      4460.00      310.939      9.29871
      4461.40      308.794      9.24256
      4462.80      302.535      9.15496
      4464.20      310.258      9.26340
      4465.60      311.314      9.28903
      4467.00      308.556      9.16760
      4468.40      303.400      9.05200
      4469.80      291.510      8.87410
      4471.20      319.572      9.37745
      4472.60      317.838      9.39390
      4474.00      313.911      9.34066
      4475.40      301.939      9.19763
      4476.80      301.560      9.28041
      4478.20      300.734      9.33449
      4479.60      301.967      9.43651
      4481.00      296.812      9.31083
      4482.40      299.714      9.17685
      4483.80      301.178      9.09988
      4485.20      301.638      9.17403
      4486.60      313.300      9.24975
      4488.00      304.209      9.17898
      4489.40      310.903      9.78903
      4490.80      298.487      9.67356
      4492.20      321.002      9.80969
      4493.60      332.607      10.8595
      4495.00      305.020      9.59899
      4496.40      303.118      9.28844
      4497.80      311.094      9.56912
      4499.20      308.738      9.56726
      4500.60      310.885      9.28414
      4502.00      297.538      8.95322
      4503.40      308.448      9.14116
      4504.80      303.732      9.10607
      4506.20      304.073      9.18536
      4507.60      308.034      9.43894
      4509.00      286.316      8.81834
      4510.40      318.734      9.43463
      4511.80      307.556      9.17086
      4513.20      306.990      9.05729
      4514.60      306.814      9.00931
      4516.00      308.706      9.05487
      4517.40      317.877      9.24542
      4518.80      308.206      9.08925
      4520.20      296.914      8.83463
      4521.60      295.352      8.83214
      4523.00      307.057      8.99155
      4524.40      298.181      8.94301
      4525.80      295.033      9.07892
      4527.20      300.369      9.25413
      4528.60      290.507      8.86061
      4530.00      294.126      8.79776
      4531.40      295.742      8.98512
      4532.80      291.515      8.81872
      4534.20      289.592      9.00406
      4535.60      291.691      9.30169
      4537.00      302.466      9.18692
      4538.40      300.558      8.84874
      4539.80      312.657      9.12738
      4541.20      300.619      9.12374
      4542.60      301.743      9.04895
      4544.00      297.622      8.86403
      4545.40      298.996      8.87865
      4546.80      297.589      9.07023
      4548.20      296.965      9.02478
      4549.60      286.125      8.87960
      4551.00      288.775      8.74051
      4552.40      304.780      8.85854
      4553.80      299.251      8.86325
      4555.20      289.450      8.79813
      4556.60      295.733      8.92371
      4558.00      289.986      8.64299
      4559.40      296.287      8.93258
      4560.80      296.859      9.32854
      4562.20      298.708      9.04279
      4563.60      292.537      8.73518
      4565.00      295.201      8.77800
      4566.40      292.006      8.79765
      4567.80      290.656      8.76957
      4569.20      293.160      8.92062
      4570.60      292.128      8.71192
      4572.00      282.020      8.53042
      4573.40      290.768      8.71528
      4574.80      299.166      8.90104
      4576.20      297.967      8.96910
      4577.60      302.006      9.98628
      4579.00      295.211      9.26221
      4580.40      296.850      8.83306
      4581.80      298.005      8.84155
      4583.20      281.572      8.61696
      4584.60      294.638      8.90786
      4586.00      294.530      8.99542
      4587.40      297.539      9.06683
      4588.80      290.219      8.95850
      4590.20      291.290      8.75180
      4591.60      290.338      8.66236
      4593.00      298.227      9.73471
      4594.40      295.352      9.17414
      4595.80      300.045      8.97896
      4597.20      295.538      8.61467
      4598.60      297.559      8.64993
      4600.00      288.778      8.54396
      4601.40      283.105      8.48800
      4602.80      296.878      8.67918
      4604.20      284.680      8.38641
      4605.60      283.073      8.35752
      4607.00      295.605      8.57992
      4608.40      297.517      8.87362
      4609.80      290.568      8.62113
      4611.20      291.078      8.54867
      4612.60      299.689      8.65110
      4614.00      293.507      8.56903
      4615.40      287.766      8.52884
      4616.80      298.732      8.75030
      4618.20      296.440      8.76562
      4619.60      297.277      8.82490
      4621.00      283.871      8.52917
      4622.40      289.002      8.51979
      4623.80      291.826      8.55613
      4625.20      305.110      8.76940
      4626.60      309.288      8.78037
      4628.00      294.247      8.53516
      4629.40      287.669      8.67228
      4630.80      282.258      8.72358
      4632.20      307.016      8.83576
      4633.60      293.691      8.45222
      4635.00      294.099      8.46630
      4636.40      282.718      8.31562
      4637.80      298.799      8.65490
      4639.20      296.932      8.71866
      4640.60      293.350      8.65724
      4642.00      295.618      8.69087
      4643.40      299.895      8.77899
      4644.80      280.052      8.38133
      4646.20      291.770      8.65038
      4647.60      290.479      8.41017
      4649.00      292.716      8.48614
      4650.40      289.730      8.43064
      4651.80      281.254      8.28615
      4653.20      284.484      8.32475
      4654.60      284.661      8.40212
      4656.00      285.822      8.49347
      4657.40      287.952      8.59248
      4658.80      287.311      8.51274
      4660.20      291.717      8.60678
      4661.60      294.715      8.58637
      4663.00      291.371      8.49881
      4664.40      291.517      8.51813
      4665.80      294.905      8.58075
      4667.20      284.921      8.34889
      4668.60      277.137      8.23898
      4670.00      284.415      8.46961
      4671.40      299.239      8.78338
      4672.80      281.261      8.41011
      4674.20      298.570      8.64867
      4675.60      287.592      8.44548
      4677.00      283.126      8.33980
      4678.40      300.624      8.61367
      4679.80      276.952      8.22807
      4681.20      286.374      8.40439
      4682.60      289.547      8.49249
      4684.00      282.432      8.39885
      4685.40      280.700      8.34033
      4686.80      287.168      8.39920
      4688.20      282.491      8.29748
      4689.60      278.931      8.22782
      4691.00      281.063      8.25837
      4692.40      282.756      8.24337
      4693.80      285.134      8.29718
      4695.20      294.245      8.51060
      4696.60      284.953      8.46427
      4698.00      282.538      8.50107
      4699.40      280.351      8.38975
      4700.80      275.702      8.21169
      4702.20      280.232      8.20237
      4703.60      283.370      8.21579
      4705.00      281.185      8.31611
      4706.40      286.938      8.42005
      4707.80      286.603      8.27173
      4709.20      270.878      7.98036
      4710.60      288.944      8.33657
      4712.00      282.209      8.38638
      4713.40      277.605      8.42985
      4714.80      283.608      8.49928
      4716.20      285.164      8.44893
      4717.60      276.293      8.28719
      4719.00      283.866      8.80387
      4720.40      285.005      9.74913
      4721.80      283.525      8.50005
      4723.20      279.603      8.26976
      4724.60      264.094      7.98953
      4726.00      282.756      8.39883
      4727.40      281.096      8.84430
      4728.80      273.471      8.42710
      4730.20      283.351      8.79239
      4731.60      283.085      8.44447
      4733.00      283.809      8.32876
      4734.40      285.264      8.40250
      4735.80      282.950      8.36943
      4737.20      274.635      8.25517
      4738.60      281.947      8.59508
      4740.00      284.375      8.73046
      4741.40      277.680      8.47692
      4742.80      275.904      8.41092
      4744.20      286.387      8.72905
      4745.60      284.414      8.88646
      4747.00      282.147      8.37428
      4748.40      281.791      8.33051
      4749.80      281.843      8.39485
      4751.20      281.632      8.54565
      4752.60      268.941      8.34797
      4754.00      282.180      8.50513
      4755.40      295.375      8.62278
      4756.80      296.344      8.58374
      4758.20      289.051      8.60254
      4759.60      277.375      8.48208
      4761.00      283.715      8.47952
      4762.40      293.427      8.50847
      4763.80      284.091      8.25193
      4765.20      291.324      8.30611
      4766.60      296.163      8.35824
      4768.00      281.861      8.06888
      4769.40      282.926      8.20949
      4770.80      285.809      8.33190
      4772.20      277.291      8.24247
      4773.60      282.828      8.34768
      4775.00      269.727      8.01546
      4776.40      282.594      8.08954
      4777.80      284.646      8.12807
      4779.20      273.083      8.00056
      4780.60      281.164      8.28800
      4782.00      282.519      8.20595
      4783.40      283.889      8.15954
      4784.80      273.540      7.94378
      4786.20      273.097      7.86032
      4787.60      279.235      8.01141
      4789.00      272.939      7.98187
      4790.40      261.490      7.71119
      4791.80      274.327      7.86234
      4793.20      282.058      8.05992
      4794.60      282.878      8.23128
      4796.00      280.407      8.26656
      4797.40      271.298      8.01890
      4798.80      279.160      8.00146
      4800.20      280.656      7.95780
      4801.60      269.736      7.75603
      4803.00      272.985      7.82914
      4804.40      265.784      7.72978
      4805.80      277.101      8.03948
      4807.20      280.101      8.02776
      4808.60      277.511      7.90959
      4810.00      262.555      7.63930
      4811.40      265.452      7.70043
      4812.80      266.302      7.72914
      4814.20      271.969      7.82564
      4815.60      277.214      7.90495
      4817.00      268.182      7.96584
      4818.40      269.637      7.79268
      4819.80      270.688      7.78545
      4821.20      267.590      7.88408
      4822.60      262.665      7.82796
      4824.00      263.645      7.85560
      4825.40      267.504      7.79285
      4826.80      269.613      7.75331
      4828.20      266.808      7.76855
      4829.60      258.296      7.63644
      4831.00      267.565      7.72929
      4832.40      255.928      7.50432
      4833.80      259.480      7.54512
      4835.20      263.152      7.67694
      4836.60      258.183      7.58269
      4838.00      265.090      7.65702
      4839.40      263.102      7.71978
      4840.80      244.185      7.60147
      4842.20      259.227      7.80235
      4843.60      242.863      7.31096
      4845.00      244.225      7.34832
      4846.40      241.834      7.53305
      4847.80      238.263      7.41161
      4849.20      234.102      7.20671
      4850.60      230.567      7.07521
      4852.00      223.035      6.93427
      4853.40      223.045      6.97343
      4854.80      208.347      6.69875
      4856.20      197.653      6.46282
      4857.60      190.598      6.39230
      4859.00      153.670      5.69396
      4860.40      112.870      4.81933
      4861.80      127.217      5.05129
      4863.20      158.884      5.75625
      4864.60      190.177      6.58007
      4866.00      198.903      6.63786
      4867.40      211.162      6.65750
      4868.80      204.940      6.52316
      4870.20      220.518      6.85221
      4871.60      221.094      6.87919
      4873.00      229.029      7.11513
      4874.40      236.991      7.20956
      4875.80      240.337      7.19888
      4877.20      243.635      7.30423
      4878.60      246.388      7.58550
      4880.00      242.734      7.60279
      4881.40      239.596      7.55397
      4882.80      239.028      7.52251
      4884.20      246.995      7.47523
      4885.60      237.989      7.32870
      4887.00      245.777      7.48071
      4888.40      256.328      7.71276
      4889.80      259.743      7.72976
      4891.20      262.014      8.26123
      4892.60      260.150      8.18090
      4894.00      264.585      8.67688
      4895.40      249.574      7.59352
      4896.80      264.653      7.93568
      4898.20      266.890      7.79598
      4899.60      266.493      8.08153
      4901.00      262.102      8.11917
      4902.40      256.355      7.73650
      4903.80      258.786      7.62323
      4905.20      258.631      7.55010
      4906.60      255.933      7.58535
      4908.00      261.005      7.62775
      4909.40      259.822      7.65217
      4910.80      254.113      7.56831
      4912.20      257.503      7.75698
      4913.60      260.463      7.59118
      4915.00      252.006      7.37931
      4916.40      246.449      7.26632
      4917.80      253.413      7.41559
      4919.20      241.567      7.21913
      4920.60      253.191      7.39453
      4922.00      248.280      7.29770
      4923.40      241.938      7.17061
      4924.80      252.767      7.30393
      4926.20      244.138      7.14324
      4927.60      243.248      7.10384
      4929.00      243.739      7.10597
      4930.40      248.386      7.17604
      4931.80      241.971      7.06684
      4933.20      254.017      7.30007
      4934.60      251.922      7.23377
      4936.00      261.031      7.39929
      4937.40      239.071      7.08717
      4938.80      247.551      7.29486
      4940.20      244.490      7.16496
      4941.60      242.144      7.07972
      4943.00      249.433      7.21010
      4944.40      248.926      7.30430
      4945.80      242.147      7.18743
      4947.20      251.870      7.25098
      4948.60      251.920      7.23270
      4950.00      255.092      7.28817
      4951.40      244.629      7.15369
      4952.80      252.588      7.46828
      4954.20      248.993      7.39750
      4955.60      245.095      7.12052
      4957.00      249.682      7.14091
      4958.40      240.623      6.94655
      4959.80      242.053      6.96462
      4961.20      248.744      7.19649
      4962.60      241.610      7.36045
      4964.00      242.006      7.26165
      4965.40      244.159      7.28337
      4966.80      237.172      7.08757
      4968.20      243.679      7.04886
      4969.60      245.660      7.07897
      4971.00      247.520      7.10181
      4972.40      242.123      7.02045
      4973.80      234.671      6.94088
      4975.20      248.305      7.16024
      4976.60      242.888      7.17071
      4978.00      245.677      7.24357
      4979.40      234.080      7.01745
      4980.80      238.294      7.14059
      4982.20      250.620      7.34777
      4983.60      246.918      7.21592
      4985.00      244.274      7.26276
      4986.40      248.680      7.38974
      4987.80      246.536      7.32177
      4989.20      237.825      7.07937
      4990.60      234.398      6.94730
      4992.00      244.660      7.19006
      4993.40      244.203      7.17494
      4994.80      243.905      7.38580
      4996.20      235.438      7.17021
      4997.60      246.770      7.36866
      4999.00      245.613      7.18444
