      3900.00      121.528      7.56432
      3901.40      126.821      7.88266
      3902.80      119.968      8.44980
      3904.20      119.439      8.48916
      3905.60      118.565      7.55449
      3907.00      119.656      7.42788
      3908.40      114.963      7.52316
      3909.80      135.114      8.00535
      3911.20      133.926      7.97439
      3912.60      134.872      8.04668
      3914.00      120.432      7.84285
      3915.40      141.750      8.16401
      3916.80      120.508      7.56502
      3918.20      140.626      7.86331
      3919.60      134.144      7.60696
      3921.00      127.166      7.29049
      3922.40      135.874      7.42765
      3923.80      121.430      7.27093
      3925.20      132.381      7.74568
      3926.60      154.327      7.80381
      3928.00      127.106      7.07930
      3929.40      130.253      6.96699
      3930.80      108.621      6.41150
      3932.20      106.572      6.13322
      3933.60      66.3583      5.06302
      3935.00      74.4493      5.13283
      3936.40      113.562      6.12126
      3937.80      115.793      6.33836
      3939.20      137.392      6.98784
      3940.60      148.317      7.43132
      3942.00      143.698      7.66400
      3943.40      129.559      7.68258
      3944.80      140.564      7.86681
      3946.20      139.345      7.74627
      3947.60      136.467      7.34699
      3949.00      135.779      7.23665
      3950.40      123.914      7.03050
      3951.80      116.785      7.07157
      3953.20      117.492      7.29028
      3954.60      117.457      7.28387
      3956.00      113.804      6.97433
      3957.40      125.138      7.02036
      3958.80      115.703      7.13821
      3960.20      122.783      7.05303
      3961.60      110.146      6.51520
      3963.00      113.698      6.33806
      3964.40      109.564      6.36758
      3965.80      99.2182      5.88939
      3967.20      64.8815      4.93632
      3968.60      46.2480      4.38204
      3970.00      42.4253      4.37310
      3971.40      59.8729      4.93830
      3972.80      84.1279      5.74878
      3974.20      89.5105      5.97638
      3975.60      98.1521      6.19812
      3977.00      94.5318      6.13811
      3978.40      108.744      6.51109
      3979.80      117.013      6.96836
      3981.20      120.534      6.82320
      3982.60      120.801      6.80441
      3984.00      111.888      6.61629
      3985.40      114.838      6.67330
      3986.80      126.123      6.86198
      3988.20      126.847      6.93593
      3989.60      139.020      7.28014
      3991.00      126.630      7.07822
      3992.40      129.305      7.18924
      3993.80      140.508      7.16541
      3995.20      123.122      6.76061
      3996.60      129.704      6.88322
      3998.00      124.079      6.77772
      3999.40      131.876      7.33892
      4000.80      142.928      7.64479
      4002.20      144.885      7.28652
      4003.60      138.439      7.13731
      4005.00      138.145      7.03688
      4006.40      131.541      6.73892
      4007.80      131.448      6.96435
      4009.20      127.607      6.86341
      4010.60      131.093      6.94195
      4012.00      131.165      6.94709
      4013.40      126.703      6.85341
      4014.80      122.761      6.80271
      4016.20      137.973      7.04404
      4017.60      132.354      6.88238
      4019.00      134.070      6.91671
      4020.40      126.672      6.82999
      4021.80      124.164      6.78147
      4023.20      130.802      6.84331
      4024.60      132.660      6.85644
      4026.00      134.485      6.89410
      4027.40      132.371      6.89751
      4028.80      132.877      6.93757
      4030.20      131.066      6.87762
      4031.60      125.904      6.58659
      4033.00      126.978      6.49106
      4034.40      140.554      6.76038
      4035.80      126.737      6.51261
      4037.20      124.519      6.61404
      4038.60      144.751      7.05833
      4040.00      138.706      6.91681
      4041.40      135.390      6.81418
      4042.80      133.930      6.79055
      4044.20      133.713      7.03268
      4045.60      120.020      6.44626
      4047.00      124.506      6.46621
      4048.40      139.817      6.98550
      4049.80      130.650      6.78682
      4051.20      112.990      6.41603
      4052.60      120.984      6.48663
      4054.00      128.497      6.68361
      4055.40      119.331      6.55524
      4056.80      127.698      6.65012
      4058.20      129.322      6.57406
      4059.60      123.343      6.58057
      4061.00      128.577      7.13413
      4062.40      115.598      6.97256
      4063.80      123.272      6.59451
      4065.20      133.420      6.57114
      4066.60      124.662      6.82908
      4068.00      140.134      7.10335
      4069.40      143.784      6.88528
      4070.80      119.206      6.39826
      4072.20      125.094      6.39371
      4073.60      120.007      6.35789
      4075.00      132.345      6.60803
      4076.40      124.504      6.57595
      4077.80      119.222      6.22696
      4079.20      128.443      6.38085
      4080.60      131.116      6.50348
      4082.00      136.719      6.69777
      4083.40      118.693      6.33443
      4084.80      132.668      6.53899
      4086.20      115.325      6.25977
      4087.60      136.233      6.77187
      4089.00      131.072      6.61055
      4090.40      133.289      6.63024
      4091.80      123.019      6.53744
      4093.20      122.778      6.34166
      4094.60      114.746      6.23133
      4096.00      106.698      6.08034
      4097.40      108.993      6.46107
      4098.80      91.5273      6.02041
      4100.20      88.1605      5.51546
      4101.60      61.1679      4.83361
      4103.00      59.8468      4.68995
      4104.40      90.8099      5.42769
      4105.80      94.8059      5.76104
      4107.20      102.061      6.09944
      4108.60      113.244      6.18113
      4110.00      113.662      6.12047
      4111.40      118.744      6.44324
      4112.80      121.889      6.25477
      4114.20      119.145      6.52802
      4115.60      121.985      6.55064
      4117.00      112.629      6.12807
      4118.40      126.590      6.36791
      4119.80      133.652      6.46114
      4121.20      133.103      6.34549
      4122.60      126.504      6.24679
      4124.00      119.556      6.12601
      4125.40      121.572      6.28225
      4126.80      126.597      6.45575
      4128.20      137.697      6.55239
      4129.60      135.911      6.41068
      4131.00      137.537      6.43359
      4132.40      120.183      6.11343
      4133.80      115.837      6.02347
      4135.20      125.701      6.12608
      4136.60      121.730      6.15383
      4138.00      128.981      6.73419
      4139.40      134.586      7.27231
      4140.80      133.708      7.35252
      4142.20      129.671      6.87054
      4143.60      134.383      6.34700
      4145.00      122.628      5.89082
      4146.40      124.895      6.13640
      4147.80      134.216      6.34754
      4149.20      137.433      6.37054
      4150.60      122.162      6.02102
      4152.00      129.058      6.15340
      4153.40      124.377      6.05045
      4154.80      112.294      5.90980
      4156.20      129.397      6.11103
      4157.60      128.425      6.09269
      4159.00      120.701      6.06652
      4160.40      130.025      6.55314
      4161.80      123.952      6.08910
      4163.20      136.227      6.39174
      4164.60      132.645      7.07776
      4166.00      139.489      7.67032
      4167.40      128.999      7.25424
      4168.80      132.325      7.88472
      4170.20      132.515      6.89431
      4171.60      130.406      6.40328
      4173.00      122.851      5.90154
      4174.40      121.305      5.81744
      4175.80      122.764      6.53896
      4177.20      125.447      6.46810
      4178.60      130.283      6.01772
      4180.00      117.823      5.78472
      4181.40      133.112      6.27362
      4182.80      132.117      6.06617
      4184.20      121.185      5.97486
      4185.60      119.061      5.77409
      4187.00      119.404      5.76852
      4188.40      109.598      5.49685
      4189.80      125.567      5.82245
      4191.20      124.414      5.85681
      4192.60      130.082      5.97979
      4194.00      134.331      6.12110
      4195.40      125.810      5.93505
      4196.80      124.632      5.79743
      4198.20      126.875      6.00073
      4199.60      114.248      6.27430
      4201.00      122.661      6.68648
      4202.40      122.306      6.12460
      4203.80      124.790      5.89357
      4205.20      131.237      5.92690
      4206.60      129.198      5.89624
      4208.00      129.064      5.95944
      4209.40      137.239      6.26708
      4210.80      129.078      6.23404
      4212.20      122.410      6.17983
      4213.60      126.224      6.20352
      4215.00      122.657      5.84208
      4216.40      127.510      5.79355
      4217.80      121.258      5.64582
      4219.20      121.651      5.74472
      4220.60      125.816      6.03637
      4222.00      122.424      6.13847
      4223.40      117.472      5.94403
      4224.80      116.994      5.59776
      4226.20      111.164      5.31408
      4227.60      120.530      5.35439
      4229.00      117.178      5.39697
      4230.40      132.041      5.98601
      4231.80      127.484      6.29025
      4233.20      119.395      6.24901
      4234.60      112.033      5.67524
      4236.00      124.680      5.65695
      4237.40      126.432      5.67734
      4238.80      118.756      5.53647
      4240.20      131.668      5.79161
      4241.60      123.412      5.68082
      4243.00      119.912      5.92283
      4244.40      121.090      6.18991
      4245.80      120.317      6.09846
      4247.20      126.309      6.09324
      4248.60      129.215      5.98832
      4250.00      125.400      5.91609
      4251.40      114.595      5.47409
      4252.80      121.852      5.62532
      4254.20      125.754      5.72171
      4255.60      121.704      5.55669
      4257.00      127.335      5.72433
      4258.40      127.539      5.77684
      4259.80      131.492      5.78536
      4261.20      121.868      5.53394
      4262.60      130.918      5.97308
      4264.00      136.236      6.44036
      4265.40      136.611      6.53388
      4266.80      119.052      5.94921
      4268.20      124.296      5.70704
      4269.60      125.132      5.62014
      4271.00      117.260      5.41163
      4272.40      122.253      5.42676
      4273.80      129.081      5.55698
      4275.20      123.765      5.49858
      4276.60      123.040      5.52660
      4278.00      119.971      5.59010
      4279.40      119.869      5.57910
      4280.80      121.454      5.60022
      4282.20      136.362      6.12121
      4283.60      131.893      6.05566
      4285.00      125.155      5.67757
      4286.40      137.352      5.77424
      4287.80      132.594      5.76981
      4289.20      126.673      5.80445
      4290.60      123.621      5.74509
      4292.00      129.840      5.88897
      4293.40      117.917      5.73144
      4294.80      110.257      5.48369
      4296.20      115.687      5.74858
      4297.60      118.591      5.34535
      4299.00      114.823      5.18687
      4300.40      110.769      5.00323
      4301.80      119.752      5.16158
      4303.20      120.245      5.22935
      4304.60      115.641      5.11290
      4306.00      128.354      5.37149
      4307.40      126.511      5.35280
      4308.80      122.903      5.37017
      4310.20      124.700      5.30695
      4311.60      124.821      5.24795
      4313.00      115.689      5.12919
      4314.40      109.975      5.22331
      4315.80      115.118      5.35915
      4317.20      111.360      5.78616
      4318.60      118.296      5.99362
      4320.00      115.522      5.95471
      4321.40      110.474      5.51969
      4322.80      114.794      5.64140
      4324.20      115.082      5.40082
      4325.60      110.418      5.19506
      4327.00      113.027      5.15318
      4328.40      116.840      5.27312
      4329.80      113.774      5.31928
      4331.20      106.494      5.20299
      4332.60      110.130      5.23520
      4334.00      103.311      5.24642
      4335.40      105.334      5.14276
      4336.80      91.0367      5.05277
      4338.20      86.4711      4.87828
      4339.60      68.1980      4.32779
      4341.00      48.0201      3.80428
      4342.40      69.0784      4.21098
      4343.80      85.0467      4.86453
      4345.20      87.5829      5.12258
      4346.60      102.439      5.32753
      4348.00      99.9012      5.06050
      4349.40      106.419      5.36877
      4350.80      110.943      5.22416
      4352.20      109.635      5.09687
      4353.60      114.759      5.25097
      4355.00      106.999      5.14057
      4356.40      109.845      5.15605
      4357.80      121.481      5.71227
      4359.20      121.141      6.15489
      4360.60      117.735      5.68260
      4362.00      122.206      5.51442
      4363.40      112.990      5.29030
      4364.80      123.956      5.48379
      4366.20      117.211      5.52740
      4367.60      127.904      5.79593
      4369.00      120.701      5.65831
      4370.40      128.366      5.56621
      4371.80      114.582      5.17971
      4373.20      120.531      5.28384
      4374.60      121.437      5.32976
      4376.00      124.389      5.49791
      4377.40      111.719      5.29442
      4378.80      116.429      5.24677
      4380.20      112.989      5.13827
      4381.60      123.334      5.31114
      4383.00      124.721      5.23564
      4384.40      113.798      4.86597
      4385.80      115.261      5.06153
      4387.20      113.044      5.54147
      4388.60      112.476      5.60618
      4390.00      112.813      5.32405
      4391.40      112.921      5.02343
      4392.80      119.750      5.18058
      4394.20      115.153      5.32450
      4395.60      114.885      5.12467
      4397.00      114.943      5.23783
      4398.40      114.104      5.23878
      4399.80      113.339      5.19644
      4401.20      121.986      5.40705
      4402.60      117.722      5.31757
      4404.00      120.742      5.19929
      4405.40      118.639      5.07340
      4406.80      119.910      5.23194
      4408.20      122.528      5.47790
      4409.60      125.979      5.31473
      4411.00      124.416      5.31372
      4412.40      120.333      5.27158
      4413.80      124.258      5.36396
      4415.20      110.054      5.23821
      4416.60      114.319      5.28153
      4418.00      113.704      5.09751
      4419.40      113.832      5.09743
      4420.80      113.801      5.29384
      4422.20      113.812      5.18582
      4423.60      113.179      5.14076
      4425.00      114.254      5.44998
      4426.40      107.881      5.13273
      4427.80      113.986      5.11927
      4429.20      114.605      5.10686
      4430.60      121.644      5.25047
      4432.00      111.590      5.63669
      4433.40      121.725      5.86423
      4434.80      115.100      5.09323
      4436.20      116.457      5.02159
      4437.60      119.349      5.11186
      4439.00      127.270      5.37591
      4440.40      126.725      5.38390
      4441.80      118.423      5.18808
      4443.20      121.858      5.19495
      4444.60      118.347      5.09567
      4446.00      111.949      5.00920
      4447.40      117.579      5.13837
      4448.80      118.576      5.14751
      4450.20      117.191      5.13505
      4451.60      110.354      4.99536
      4453.00      112.470      5.04145
      4454.40      114.941      5.14621
      4455.80      108.368      5.15508
      4457.20      122.399      5.55863
      4458.60      120.468      5.49705
      4460.00      117.748      5.26340
      4461.40      111.284      4.87401
      4462.80      114.510      4.97820
      4464.20      114.930      5.40216
      4465.60      110.918      5.54814
      4467.00      109.958      5.16324
      4468.40      109.384      5.05368
      4469.80      110.888      4.87610
      4471.20      108.633      4.83528
      4472.60      106.226      4.82669
      4474.00      106.680      4.90818
      4475.40      116.715      5.13506
      4476.80      115.643      5.01801
      4478.20      119.438      5.12230
      4479.60      117.660      5.11780
      4481.00      116.940      5.00013
      4482.40      116.528      4.92347
      4483.80      116.880      4.97446
      4485.20      116.712      5.09279
      4486.60      113.986      5.01687
      4488.00      124.076      5.22746
      4489.40      117.114      5.03082
      4490.80      108.597      4.79872
      4492.20      112.056      4.90134
      4493.60      123.766      5.17868
      4495.00      118.584      5.08420
      4496.40      113.168      4.90216
      4497.80      110.709      4.87351
      4499.20      112.707      5.06268
      4500.60      109.625      5.09753
      4502.00      113.455      4.95861
      4503.40      117.763      5.01053
      4504.80      111.522      5.21674
      4506.20      109.817      4.91343
      4507.60      112.753      4.93767
      4509.00      110.305      4.85764
      4510.40      110.583      4.90157
      4511.80      112.322      5.05900
      4513.20      112.863      4.89413
      4514.60      114.237      4.91190
      4516.00      110.644      4.83782
      4517.40      113.989      4.92664
      4518.80      113.513      4.90463
      4520.20      106.164      4.73651
      4521.60      113.910      4.92743
      4523.00      114.272      4.91295
      4524.40      111.921      4.85729
      4525.80      114.548      4.88980
      4527.20      114.182      4.82514
      4528.60      118.666      4.88435
      4530.00      116.701      4.84691
      4531.40      106.580      4.81228
      4532.80      104.657      4.92056
      4534.20      107.843      4.83528
      4535.60      112.636      4.90089
      4537.00      115.524      5.20020
      4538.40      120.412      5.22817
      4539.80      110.222      4.82160
      4541.20      108.150      4.75314
      4542.60      119.749      4.94729
      4544.00      116.210      4.97611
      4545.40      113.784      4.89916
      4546.80      109.101      4.87237
      4548.20      114.453      5.15296
      4549.60      111.512      5.23644
      4551.00      109.097      5.34844
      4552.40      108.508      5.47079
      4553.80      108.940      5.19244
      4555.20      107.912      4.78249
      4556.60      108.357      4.67378
      4558.00      109.877      4.82822
      4559.40      106.773      5.28955
      4560.80      114.796      5.31036
      4562.20      113.784      4.84300
      4563.60      118.724      4.93345
      4565.00      106.637      4.84194
      4566.40      110.186      4.86034
      4567.80      121.382      4.95582
      4569.20      113.726      4.83851
      4570.60      117.566      4.88135
      4572.00      116.526      5.06122
      4573.40      111.763      5.16795
      4574.80      109.497      4.84743
      4576.20      110.476      4.74025
      4577.60      119.309      4.91931
      4579.00      121.839      5.23138
      4580.40      120.936      5.33189
      4581.80      118.878      5.08632
      4583.20      98.0190      4.45837
      4584.60      108.328      4.65941
      4586.00      112.058      4.80972
      4587.40      110.152      5.00838
      4588.80      107.834      5.08844
      4590.20      116.200      5.14305
      4591.60      109.993      4.79732
      4593.00      104.336      4.66611
      4594.40      115.559      5.05218
      4595.80      119.754      5.17835
      4597.20      111.238      4.92035
      4598.60      113.697      4.96263
      4600.00      106.272      4.83999
      4601.40      114.103      4.83304
      4602.80      113.078      4.68083
      4604.20      115.150      4.74265
      4605.60      114.119      4.72002
      4607.00      115.485      4.72497
      4608.40      110.667      4.66498
      4609.80      118.465      4.87603
      4611.20      117.538      5.02054
      4612.60      114.649      4.77174
      4614.00      116.861      4.73190
      4615.40      109.495      4.61389
      4616.80      112.434      4.67106
      4618.20      101.163      4.78361
      4619.60      110.076      5.01606
      4621.00      115.187      4.77427
      4622.40      112.040      4.69125
      4623.80      111.024      4.70686
      4625.20      110.550      4.95344
      4626.60      108.268      4.57297
      4628.00      115.023      4.71290
      4629.40      117.370      4.76850
      4630.80      111.634      4.83893
      4632.20      116.368      4.95232
      4633.60      118.892      4.86868
      4635.00      121.839      4.83179
      4636.40      110.423      4.62271
      4637.80      118.363      4.87016
      4639.20      117.252      4.74999
      4640.60      117.173      4.70913
      4642.00      113.299      4.65352
      4643.40      113.514      4.66499
      4644.80      112.466      4.64531
      4646.20      121.885      4.78872
      4647.60      102.184      4.42316
      4649.00      109.098      4.80439
      4650.40      109.949      4.80938
      4651.80      107.060      4.58853
      4653.20      110.204      4.60004
      4654.60      110.875      4.74276
      4656.00      111.429      4.64685
      4657.40      109.802      4.55787
      4658.80      109.703      4.76191
      4660.20      105.823      4.61309
      4661.60      100.348      4.52263
      4663.00      108.147      4.69287
      4664.40      107.198      4.54967
      4665.80      106.910      4.50655
      4667.20      107.121      4.49648
      4668.60      104.345      4.47153
      4670.00      106.810      4.48679
      4671.40      113.446      4.64443
      4672.80      113.534      4.64682
      4674.20      106.775      4.50272
      4675.60      101.735      4.46230
      4677.00      107.425      4.64107
      4678.40      101.601      4.50409
      4679.80      104.766      4.56762
      4681.20      119.470      4.89873
      4682.60      114.587      4.70619
      4684.00      113.771      4.60434
      4685.40      109.629      4.54060
      4686.80      112.543      4.60373
      4688.20      106.993      4.55140
      4689.60      104.438      4.52100
      4691.00      105.841      4.48811
      4692.40      110.166      4.53615
      4693.80      116.828      4.65535
      4695.20      114.307      4.61731
      4696.60      112.895      4.61221
      4698.00      115.867      4.63752
      4699.40      111.303      4.61757
      4700.80      105.929      4.77895
      4702.20      110.139      4.86244
      4703.60      106.820      4.48558
      4705.00      108.507      4.58606
      4706.40      116.821      4.96083
      4707.80      120.288      4.82203
      4709.20      115.876      4.59224
      4710.60      109.889      4.48851
      4712.00      108.930      4.69943
      4713.40      115.910      4.82698
      4714.80      109.733      4.52466
      4716.20      107.386      4.62985
      4717.60      106.219      4.89871
      4719.00      101.401      4.82694
      4720.40      106.990      4.75683
      4721.80      106.106      4.46268
      4723.20      110.986      4.53039
      4724.60      111.141      4.83675
      4726.00      110.818      5.48625
      4727.40      105.106      5.13433
      4728.80      111.854      4.64430
      4730.20      107.623      4.38716
      4731.60      105.605      4.36970
      4733.00      97.2710      4.20703
      4734.40      112.040      4.51000
      4735.80      113.738      4.56183
      4737.20      104.648      4.34991
      4738.60      106.605      4.46312
      4740.00      103.655      4.47603
      4741.40      116.422      4.61421
      4742.80      115.477      4.58824
      4744.20      113.702      4.56192
      4745.60      103.877      4.37039
      4747.00      102.953      4.35466
      4748.40      111.253      4.51261
      4749.80      108.296      4.54425
      4751.20      111.165      4.70496
      4752.60      113.139      5.69447
      4754.00      111.610      4.49314
      4755.40      109.006      4.42626
      4756.80      116.048      4.56919
      4758.20      117.232      4.68728
      4759.60      115.718      4.70587
      4761.00      111.199      4.48639
      4762.40      110.025      4.43721
      4763.80      109.444      4.39784
      4765.20      109.941      4.41582
      4766.60      113.168      4.47148
      4768.00      111.824      4.55885
      4769.40      105.991      4.68973
      4770.80      114.415      4.93100
      4772.20      113.233      4.66748
      4773.60      107.549      4.37897
      4775.00      115.524      4.61520
      4776.40      111.570      4.63865
      4777.80      110.468      4.51612
      4779.20      108.706      4.42014
      4780.60      100.449      4.24956
      4782.00      104.871      4.33185
      4783.40      108.187      4.37410
      4784.80      112.204      4.43733
      4786.20      107.134      4.38417
      4787.60      108.338      4.44810
      4789.00      102.783      4.25748
      4790.40      107.511      4.35980
      4791.80      110.177      4.57688
      4793.20      108.672      4.63787
      4794.60      106.773      4.43592
      4796.00      107.770      4.36351
      4797.40      107.842      4.37006
      4798.80      102.258      4.25509
      4800.20      108.809      4.36252
      4801.60      112.521      4.43328
      4803.00      104.921      4.31098
      4804.40      109.940      4.40012
      4805.80      100.025      4.20076
      4807.20      102.539      4.27255
      4808.60      112.590      4.53007
      4810.00      111.767      4.52279
      4811.40      108.402      4.42093
      4812.80      105.264      4.33855
      4814.20      105.146      4.29887
      4815.60      101.429      4.22872
      4817.00      104.236      4.30529
      4818.40      113.358      4.46075
      4819.80      111.794      4.43520
      4821.20      102.623      4.25525
      4822.60      97.4221      4.15862
      4824.00      108.380      4.33882
      4825.40      104.753      4.59619
      4826.80      105.318      4.29208
      4828.20      104.315      4.27531
      4829.60      108.388      4.36020
      4831.00      109.980      4.36267
      4832.40      103.313      4.24031
      4833.80      101.683      4.20608
      4835.20      104.104      4.25052
      4836.60      110.021      4.36647
      4838.00      106.926      4.30669
      4839.40      106.504      4.28597
      4840.80      107.807      4.39190
      4842.20      105.040      4.46192
      4843.60      103.769      4.51737
      4845.00      99.1528      4.11175
      4846.40      99.7495      4.17970
      4847.80      95.8538      4.33438
      4849.20      95.7911      4.53096
      4850.60      89.4670      4.35167
      4852.00      86.9493      4.12329
      4853.40      96.8413      4.07483
      4854.80      94.9330      4.00748
      4856.20      91.4453      4.01139
      4857.60      86.6491      4.02314
      4859.00      80.1570      3.83249
      4860.40      60.7307      3.34541
      4861.80      47.9038      3.08870
      4863.20      63.0949      3.37611
      4864.60      74.3206      3.57704
      4866.00      80.9720      3.73434
      4867.40      87.3430      3.87931
      4868.80      93.0120      3.99566
      4870.20      91.1127      3.97769
      4871.60      90.4943      3.92637
      4873.00      98.8686      4.11635
      4874.40      95.6016      4.17733
      4875.80      103.010      4.39714
      4877.20      108.293      4.44073
      4878.60      102.434      4.22620
      4880.00      102.196      4.23646
      4881.40      97.6200      4.18502
      4882.80      102.959      4.62851
      4884.20      101.339      4.47999
      4885.60      95.2659      4.12945
      4887.00      101.368      4.23577
      4888.40      104.096      4.42665
      4889.80      104.056      4.68431
      4891.20      105.243      4.71378
      4892.60      104.165      4.68921
      4894.00      91.3938      4.23362
      4895.40      101.929      4.38082
      4896.80      103.386      4.44873
      4898.20      99.9063      4.40092
      4899.60      104.665      4.34915
      4901.00      107.505      4.40146
      4902.40      104.399      4.47664
      4903.80      99.6020      4.69700
      4905.20      106.557      4.68842
      4906.60      105.299      4.35572
      4908.00      109.876      4.42368
      4909.40      101.735      4.24304
      4910.80      107.752      4.34087
      4912.20      108.867      4.47657
      4913.60      94.9705      4.29991
      4915.00      101.109      4.26291
      4916.40      105.685      4.29845
      4917.80      103.223      4.22661
      4919.20      102.738      4.15419
      4920.60      98.0607      4.02099
      4922.00      106.506      4.19490
      4923.40      101.695      4.16152
      4924.80      104.775      4.20807
      4926.20      103.165      4.16028
      4927.60      104.306      4.19643
      4929.00      97.9011      4.07721
      4930.40      104.692      4.23434
      4931.80      102.595      4.15286
      4933.20      103.285      4.16389
      4934.60      96.2001      4.19990
      4936.00      105.920      4.63485
      4937.40      103.130      4.49757
      4938.80      105.532      4.18669
      4940.20      105.070      4.15289
      4941.60      100.840      4.19275
      4943.00      100.943      4.13748
      4944.40      100.102      4.10098
      4945.80      103.352      4.22516
      4947.20      101.233      4.22108
      4948.60      99.4385      4.11939
      4950.00      106.091      4.19967
      4951.40      96.5886      4.03536
      4952.80      101.904      4.13532
      4954.20      101.978      4.12170
      4955.60      100.109      4.20979
      4957.00      102.794      4.35281
      4958.40      98.4419      4.19958
      4959.80      100.274      4.09179
      4961.20      101.370      4.09333
      4962.60      107.786      4.24524
      4964.00      106.865      4.20158
      4965.40      108.174      4.26149
      4966.80      102.483      4.36031
      4968.20      102.720      4.39725
      4969.60      96.2616      4.18620
      4971.00      100.974      4.22877
      4972.40      104.059      4.35564
      4973.80      103.808      4.27355
      4975.20      100.673      4.09371
      4976.60      101.598      4.10817
      4978.00      97.4668      4.01212
      4979.40      107.370      4.19301
      4980.80      100.003      4.04575
      4982.20      97.2021      4.05509
      4983.60      104.203      4.21485
      4985.00      105.710      4.15540
      4986.40      103.249      4.05383
      4987.80      103.490      4.11522
      4989.20      102.914      4.21853
      4990.60      102.221      4.18459
      4992.00      100.786      4.08659
      4993.40      94.1383      3.89616
      4994.80      104.679      4.09195
      4996.20      95.4632      3.92944
      4997.60      98.9463      4.10863
      4999.00      98.7005      4.14471
