      3900.00      209.015      11.7058
      3901.40      212.048      11.4299
      3902.80      236.486      11.9579
      3904.20      256.039      12.5018
      3905.60      243.735      12.8946
      3907.00      250.167      13.5558
      3908.40      248.673      13.2740
      3909.80      285.490      13.2217
      3911.20      280.479      13.3073
      3912.60      275.071      13.0851
      3914.00      290.348      13.3690
      3915.40      271.222      13.0934
      3916.80      252.206      12.3401
      3918.20      295.930      13.1138
      3919.60      293.003      12.9741
      3921.00      282.663      12.7351
      3922.40      281.175      12.5755
      3923.80      295.767      12.9896
      3925.20      306.667      13.2723
      3926.60      314.546      13.3685
      3928.00      268.175      12.2242
      3929.40      306.710      13.0421
      3930.80      295.685      12.6769
      3932.20      282.682      12.3058
      3933.60      259.480      11.7763
      3935.00      222.753      10.9184
      3936.40      187.266      10.1037
      3937.80      233.539      11.1361
      3939.20      269.823      12.0905
      3940.60      311.182      13.0929
      3942.00      283.014      12.5257
      3943.40      300.364      13.0155
      3944.80      302.556      13.0838
      3946.20      279.219      12.5868
      3947.60      267.118      12.2717
      3949.00      277.816      13.1283
      3950.40      273.322      12.2368
      3951.80      287.407      12.6732
      3953.20      264.261      12.3380
      3954.60      276.894      12.6051
      3956.00      291.866      12.8616
      3957.40      254.437      11.7519
      3958.80      253.969      11.9490
      3960.20      254.785      11.6282
      3961.60      249.393      11.3338
      3963.00      232.538      10.8701
      3964.40      212.295      10.3228
      3965.80      198.473      10.0512
      3967.20      187.011      9.66017
      3968.60      163.327      9.02374
      3970.00      120.921      7.93594
      3971.40      72.8064      6.98122
      3972.80      74.8006      7.09836
      3974.20      110.039      7.89530
      3975.60      133.772      8.54514
      3977.00      160.576      9.25318
      3978.40      185.662      9.69859
      3979.80      201.812      10.4644
      3981.20      215.702      10.4849
      3982.60      232.051      10.8813
      3984.00      229.588      10.8663
      3985.40      232.710      11.1215
      3986.80      265.282      11.8239
      3988.20      262.265      11.9106
      3989.60      273.153      12.0242
      3991.00      274.600      11.7149
      3992.40      273.412      11.6340
      3993.80      285.757      11.9085
      3995.20      299.665      12.2360
      3996.60      277.201      11.7860
      3998.00      286.621      12.0492
      3999.40      278.255      11.8338
      4000.80      299.619      12.2532
      4002.20      290.893      12.5617
      4003.60      296.873      12.1509
      4005.00      284.893      11.8765
      4006.40      292.622      11.9739
      4007.80      283.826      11.8848
      4009.20      274.354      11.9887
      4010.60      292.754      12.5244
      4012.00      298.374      12.4834
      4013.40      283.783      11.8981
      4014.80      276.151      11.6943
      4016.20      296.247      12.2293
      4017.60      298.160      12.4078
      4019.00      273.479      11.7660
      4020.40      298.224      12.1803
      4021.80      251.561      11.2100
      4023.20      297.412      12.3241
      4024.60      288.789      12.1451
      4026.00      275.372      11.6849
      4027.40      276.943      11.5465
      4028.80      301.347      12.0194
      4030.20      290.820      11.7399
      4031.60      298.087      11.8614
      4033.00      303.502      11.9927
      4034.40      289.289      11.7828
      4035.80      280.677      11.5714
      4037.20      286.356      11.6934
      4038.60      290.444      11.7387
      4040.00      284.211      11.7762
      4041.40      304.121      12.3533
      4042.80      298.150      12.2163
      4044.20      297.446      12.0005
      4045.60      278.356      11.4093
      4047.00      264.521      11.4522
      4048.40      277.739      11.9553
      4049.80      278.077      12.0303
      4051.20      286.746      12.3273
      4052.60      282.795      11.7705
      4054.00      288.397      11.8379
      4055.40      283.639      12.1579
      4056.80      276.893      11.7831
      4058.20      281.133      11.7507
      4059.60      274.291      11.4114
      4061.00      291.126      11.6700
      4062.40      285.316      11.4317
      4063.80      273.451      11.1408
      4065.20      265.608      11.0937
      4066.60      269.611      11.4014
      4068.00      283.628      11.6841
      4069.40      278.176      11.3447
      4070.80      274.980      11.1626
      4072.20      290.685      11.5338
      4073.60      257.388      10.9356
      4075.00      266.842      11.0779
      4076.40      277.236      11.2309
      4077.80      279.891      11.2632
      4079.20      259.915      10.8367
      4080.60      258.110      10.8201
      4082.00      281.389      11.3685
      4083.40      268.435      11.0162
      4084.80      288.756      11.4072
      4086.20      271.578      10.9732
      4087.60      280.307      11.2001
      4089.00      275.762      11.1078
      4090.40      247.039      10.5124
      4091.80      237.637      10.2284
      4093.20      234.075      10.1351
      4094.60      223.657      9.96494
      4096.00      223.950      10.0306
      4097.40      209.967      9.80558
      4098.80      179.982      9.24302
      4100.20      173.583      8.98199
      4101.60      132.519      7.91670
      4103.00      100.994      6.92529
      4104.40      81.4658      6.45214
      4105.80      92.4384      6.85592
      4107.20      118.237      7.59065
      4108.60      148.378      8.19647
      4110.00      166.086      8.49250
      4111.40      199.028      9.23993
      4112.80      199.119      9.25199
      4114.20      234.345      10.0360
      4115.60      235.167      10.0996
      4117.00      232.404      9.97981
      4118.40      255.667      10.4518
      4119.80      244.312      10.2281
      4121.20      252.420      10.5462
      4122.60      262.135      10.7579
      4124.00      256.317      10.6256
      4125.40      270.104      10.8566
      4126.80      262.281      10.6025
      4128.20      259.054      10.5265
      4129.60      271.643      10.7748
      4131.00      268.082      10.6363
      4132.40      265.067      10.5950
      4133.80      265.824      10.6357
      4135.20      255.076      10.3878
      4136.60      257.980      10.4511
      4138.00      253.146      10.3331
      4139.40      285.451      11.0273
      4140.80      267.728      10.6963
      4142.20      274.855      10.9973
      4143.60      277.162      11.1130
      4145.00      266.248      10.8327
      4146.40      263.290      10.7369
      4147.80      285.450      11.1529
      4149.20      265.453      10.7445
      4150.60      260.470      10.7127
      4152.00      289.022      11.1855
      4153.40      260.450      10.4489
      4154.80      271.329      10.6343
      4156.20      283.935      10.8962
      4157.60      280.840      10.8386
      4159.00      263.727      10.4443
      4160.40      269.492      11.5388
      4161.80      267.193      10.5729
      4163.20      265.650      10.6170
      4164.60      252.336      10.6129
      4166.00      253.378      10.9373
      4167.40      267.060      11.2259
      4168.80      248.440      10.4664
      4170.20      249.428      10.1461
      4171.60      267.017      11.1314
      4173.00      274.045      11.1806
      4174.40      268.443      10.9140
      4175.80      265.360      10.4701
      4177.20      259.384      10.2461
      4178.60      260.282      10.3258
      4180.00      269.820      10.8664
      4181.40      270.424      10.8324
      4182.80      261.003      10.2604
      4184.20      259.379      10.1934
      4185.60      266.121      10.4251
      4187.00      260.366      10.4150
      4188.40      268.313      10.6085
      4189.80      262.275      10.4582
      4191.20      259.144      10.2744
      4192.60      271.415      10.4559
      4194.00      268.366      10.3871
      4195.40      252.078      10.0317
      4196.80      253.300      10.0512
      4198.20      264.576      10.2458
      4199.60      255.318      9.96827
      4201.00      281.677      10.6636
      4202.40      284.745      10.7422
      4203.80      258.131      10.1108
      4205.20      264.654      10.2543
      4206.60      275.336      10.4840
      4208.00      246.827      9.85685
      4209.40      290.072      11.0721
      4210.80      283.496      11.0621
      4212.20      288.256      11.1462
      4213.60      274.546      10.7635
      4215.00      264.188      10.4397
      4216.40      253.869      10.1258
      4217.80      264.060      10.3769
      4219.20      262.688      10.4921
      4220.60      253.101      10.2470
      4222.00      256.156      10.1114
      4223.40      274.375      10.6433
      4224.80      276.187      10.4790
      4226.20      271.945      10.5083
      4227.60      265.093      10.2048
      4229.00      256.613      10.0093
      4230.40      238.368      9.66475
      4231.80      253.018      10.0493
      4233.20      262.378      10.3051
      4234.60      251.072      10.0194
      4236.00      264.585      10.3318
      4237.40      252.622      9.96697
      4238.80      266.208      10.2130
      4240.20      278.748      10.5022
      4241.60      270.608      10.3126
      4243.00      260.801      10.0938
      4244.40      268.084      10.3163
      4245.80      270.970      10.5955
      4247.20      269.328      10.5419
      4248.60      277.368      10.5305
      4250.00      257.542      10.0435
      4251.40      256.286      9.94293
      4252.80      257.614      10.0065
      4254.20      264.560      10.1908
      4255.60      258.342      10.0181
      4257.00      273.160      10.3365
      4258.40      256.538      10.0285
      4259.80      256.197      9.96451
      4261.20      267.070      10.1323
      4262.60      265.138      10.0749
      4264.00      257.585      9.94798
      4265.40      266.484      10.1938
      4266.80      269.736      10.2843
      4268.20      231.947      9.40454
      4269.60      261.988      10.0716
      4271.00      265.422      10.1938
      4272.40      281.553      10.5780
      4273.80      247.336      9.75064
      4275.20      261.521      10.0060
      4276.60      265.247      10.0875
      4278.00      250.798      9.90568
      4279.40      256.553      10.1172
      4280.80      264.000      10.2836
      4282.20      272.395      10.4893
      4283.60      270.892      10.5092
      4285.00      260.544      10.3399
      4286.40      275.859      10.6139
      4287.80      253.743      10.1064
      4289.20      267.810      10.2251
      4290.60      250.103      9.69968
      4292.00      242.724      9.54296
      4293.40      246.597      9.65345
      4294.80      267.996      10.1087
      4296.20      240.938      9.49077
      4297.60      256.399      9.81203
      4299.00      257.983      9.83973
      4300.40      255.981      9.71733
      4301.80      249.086      9.59698
      4303.20      233.040      9.35408
      4304.60      243.466      9.64984
      4306.00      261.018      10.0428
      4307.40      264.347      10.0343
      4308.80      258.848      10.1966
      4310.20      243.171      9.42143
      4311.60      254.638      9.67228
      4313.00      253.242      9.69538
      4314.40      258.685      9.85728
      4315.80      237.404      9.44206
      4317.20      238.457      9.58898
      4318.60      250.919      10.2105
      4320.00      246.120      10.0658
      4321.40      230.143      9.45255
      4322.80      240.502      9.51525
      4324.20      219.869      9.04589
      4325.60      234.577      9.55248
      4327.00      223.369      9.59973
      4328.40      212.249      9.10489
      4329.80      222.579      9.14262
      4331.20      217.079      8.93151
      4332.60      209.410      8.77899
      4334.00      215.154      8.87524
      4335.40      188.630      8.54065
      4336.80      170.440      8.25980
      4338.20      162.706      7.73301
      4339.60      150.132      7.25270
      4341.00      111.286      6.37357
      4342.40      88.3782      5.85926
      4343.80      62.9893      5.34165
      4345.20      97.1594      6.18858
      4346.60      121.343      6.78041
      4348.00      157.953      7.61359
      4349.40      174.838      7.96643
      4350.80      185.457      8.20268
      4352.20      203.079      8.49508
      4353.60      218.667      8.79478
      4355.00      211.704      8.71191
      4356.40      218.409      9.16424
      4357.80      218.168      9.62609
      4359.20      211.718      10.7597
      4360.60      231.063      10.7835
      4362.00      233.936      9.66984
      4363.40      223.928      9.24266
      4364.80      230.872      9.62383
      4366.20      235.417      9.55810
      4367.60      229.051      9.13691
      4369.00      228.009      9.09549
      4370.40      241.605      9.36864
      4371.80      254.453      9.70736
      4373.20      261.346      10.2576
      4374.60      263.698      10.0699
      4376.00      240.875      9.39205
      4377.40      242.784      9.35511
      4378.80      264.859      9.96246
      4380.20      256.921      9.99080
      4381.60      252.132      10.0784
      4383.00      240.851      9.91847
      4384.40      260.843      10.0011
      4385.80      246.799      9.34259
      4387.20      239.148      9.20362
      4388.60      243.828      9.40144
      4390.00      252.659      9.83428
      4391.40      248.037      9.66694
      4392.80      254.543      9.62546
      4394.20      248.470      9.47609
      4395.60      252.914      9.53330
      4397.00      246.710      9.63127
      4398.40      232.249      9.13360
      4399.80      247.260      9.49516
      4401.20      248.995      9.78437
      4402.60      232.587      9.63433
      4404.00      242.132      9.76765
      4405.40      254.539      9.79990
      4406.80      244.089      9.56618
      4408.20      239.079      9.48645
      4409.60      256.100      9.80970
      4411.00      240.598      9.39971
      4412.40      254.048      9.64961
      4413.80      246.494      9.52806
      4415.20      242.542      9.46681
      4416.60      230.188      9.19637
      4418.00      237.365      9.27685
      4419.40      230.929      9.00855
      4420.80      229.238      8.98370
      4422.20      246.450      9.38338
      4423.60      248.763      9.39481
      4425.00      247.590      9.37964
      4426.40      244.716      9.41928
      4427.80      239.991      9.18203
      4429.20      227.874      8.94573
      4430.60      238.923      9.15775
      4432.00      239.707      9.15942
      4433.40      239.254      9.55891
      4434.80      232.744      9.03729
      4436.20      238.368      9.27121
      4437.60      251.267      9.50607
      4439.00      249.327      9.39680
      4440.40      235.440      9.12254
      4441.80      243.765      9.24071
      4443.20      241.627      9.16091
      4444.60      240.981      9.14299
      4446.00      244.094      9.22978
      4447.40      236.270      9.14872
      4448.80      249.943      9.54758
      4450.20      252.208      9.63767
      4451.60      254.518      9.65653
      4453.00      246.154      9.32996
      4454.40      250.052      9.33500
      4455.80      255.866      9.39981
      4457.20      246.538      9.19127
      4458.60      232.122      8.92752
      4460.00      232.399      9.10154
      4461.40      228.647      9.03367
      4462.80      244.690      9.17572
      4464.20      246.813      9.17345
      4465.60      228.585      8.83181
      4467.00      253.024      9.36274
      4468.40      232.024      8.89781
      4469.80      239.670      9.12124
      4471.20      225.039      8.69328
      4472.60      221.928      8.60594
      4474.00      234.185      8.94338
      4475.40      252.933      9.58434
      4476.80      250.006      9.81104
      4478.20      254.987      9.97136
      4479.60      235.300      9.52344
      4481.00      230.670      9.18116
      4482.40      239.248      9.15123
      4483.80      218.747      8.54848
      4485.20      223.002      8.65707
      4486.60      231.465      8.92653
      4488.00      234.079      9.21060
      4489.40      248.305      9.68865
      4490.80      235.289      9.38298
      4492.20      241.166      9.18318
      4493.60      255.177      9.37144
      4495.00      224.122      8.71281
      4496.40      236.080      9.11724
      4497.80      250.905      9.57416
      4499.20      233.604      9.16909
      4500.60      250.129      9.43100
      4502.00      253.075      9.45145
      4503.40      244.896      9.28648
      4504.80      238.761      9.13534
      4506.20      243.244      9.27501
      4507.60      239.511      9.25216
      4509.00      238.488      9.28560
      4510.40      239.522      9.27044
      4511.80      228.756      9.01078
      4513.20      219.770      8.73997
      4514.60      229.615      9.15487
      4516.00      230.810      8.89898
      4517.40      224.248      8.75321
      4518.80      230.761      8.96547
      4520.20      230.302      9.31295
      4521.60      228.245      8.89811
      4523.00      232.896      8.82162
      4524.40      227.386      8.68357
      4525.80      214.054      8.40615
      4527.20      229.927      8.68650
      4528.60      239.620      8.90415
      4530.00      241.453      8.92815
      4531.40      228.201      8.66331
      4532.80      225.920      8.62562
      4534.20      236.381      8.97290
      4535.60      220.744      8.86691
      4537.00      230.635      8.96993
      4538.40      242.074      9.00173
      4539.80      235.027      8.81515
      4541.20      237.568      8.91268
      4542.60      241.376      9.04708
      4544.00      254.979      9.28409
      4545.40      250.718      9.18770
      4546.80      245.399      9.14433
      4548.20      231.747      8.92895
      4549.60      242.401      10.9204
      4551.00      221.689      13.7466
      4552.40      219.966      8.45374
      4553.80      232.476      8.75958
      4555.20      224.906      8.56462
      4556.60      234.098      8.77933
      4558.00      212.837      8.49640
      4559.40      240.008      9.22806
      4560.80      232.217      9.14425
      4562.20      235.584      9.11133
      4563.60      239.838      9.06664
      4565.00      228.166      8.63409
      4566.40      227.071      8.60857
      4567.80      223.061      14.8266
      4569.20      222.757      8.95090
      4570.60      223.930      8.76178
      4572.00      225.160      8.79264
      4573.40      238.412      8.86804
      4574.80      225.053      8.52542
      4576.20      233.371      8.71572
      4577.60      235.490      8.74106
      4579.00      226.466      8.56411
      4580.40      220.982      8.41923
      4581.80      217.072      8.41111
      4583.20      233.810      8.74962
      4584.60      230.545      8.63847
      4586.00      221.309      8.41995
      4587.40      209.554      8.11796
      4588.80      217.841      8.34812
      4590.20      222.246      8.45310
      4591.60      229.052      8.56163
      4593.00      233.935      8.63940
      4594.40      222.727      8.39670
      4595.80      216.422      8.25489
      4597.20      236.151      8.65781
      4598.60      239.526      8.74508
      4600.00      232.149      8.63665
      4601.40      237.402      8.78505
      4602.80      229.077      8.68037
      4604.20      232.709      8.82277
      4605.60      232.074      8.73800
      4607.00      234.395      8.67248
      4608.40      227.780      8.52512
      4609.80      236.024      8.72874
      4611.20      237.552      8.79809
      4612.60      234.121      8.91139
      4614.00      245.309      9.24449
      4615.40      238.509      9.87261
      4616.80      224.040      9.04756
      4618.20      239.517      8.98077
      4619.60      226.457      8.64701
      4621.00      217.516      8.43353
      4622.40      229.230      8.71834
      4623.80      226.645      8.70906
      4625.20      225.736      8.69777
      4626.60      228.743      8.79017
      4628.00      222.800      8.80137
      4629.40      222.234      8.59959
      4630.80      219.704      8.33713
      4632.20      220.196      8.32128
      4633.60      216.569      8.44848
      4635.00      218.731      8.38556
      4636.40      230.840      8.54947
      4637.80      224.407      8.41207
      4639.20      220.540      8.36532
      4640.60      212.219      8.43051
      4642.00      222.472      8.64077
      4643.40      231.413      8.61707
      4644.80      225.201      8.40659
      4646.20      224.988      8.39415
      4647.60      232.542      8.65353
      4649.00      222.348      8.41606
      4650.40      229.014      8.46216
      4651.80      219.824      8.26806
      4653.20      220.557      10.0629
      4654.60      230.524      8.56046
      4656.00      214.317      8.30112
      4657.40      226.577      8.68311
      4658.80      215.309      8.34818
      4660.20      214.662      8.30478
      4661.60      221.512      8.55060
      4663.00      222.687      8.47979
      4664.40      239.405      8.75280
      4665.80      241.623      8.78413
      4667.20      225.737      8.41062
      4668.60      217.038      8.20295
      4670.00      224.629      8.38204
      4671.40      220.725      8.31543
      4672.80      233.831      8.62519
      4674.20      235.171      8.66154
      4675.60      232.419      8.56137
      4677.00      232.704      8.61006
      4678.40      244.721      8.87290
      4679.80      246.530      9.07011
      4681.20      227.457      8.58580
      4682.60      221.340      8.30523
      4684.00      224.462      8.43533
      4685.40      224.232      8.76346
      4686.80      219.835      8.68312
      4688.20      232.147      8.74298
      4689.60      225.951      8.38524
      4691.00      228.372      8.58672
      4692.40      227.669      8.62264
      4693.80      212.671      8.28192
      4695.20      222.671      8.71554
      4696.60      216.467      8.25637
      4698.00      219.298      8.26670
      4699.40      218.770      8.34771
      4700.80      220.340      8.38805
      4702.20      218.151      8.22089
      4703.60      239.483      8.60516
      4705.00      234.112      8.49928
      4706.40      223.567      8.29980
      4707.80      233.686      8.52270
      4709.20      245.089      8.76899
      4710.60      204.698      7.92639
      4712.00      231.526      9.09901
      4713.40      238.728      9.14820
      4714.80      222.743      8.35513
      4716.20      227.324      8.37878
      4717.60      233.646      8.88017
      4719.00      220.995      8.88392
      4720.40      222.193      8.76308
      4721.80      219.917      8.41739
      4723.20      215.742      8.13949
      4724.60      222.011      8.26202
      4726.00      219.705      8.24382
      4727.40      222.699      8.35705
      4728.80      219.861      8.62009
      4730.20      219.802      8.74067
      4731.60      211.510      8.26957
      4733.00      225.843      8.32246
      4734.40      221.054      8.23680
      4735.80      210.069      8.01116
      4737.20      226.588      8.37494
      4738.60      211.788      8.07482
      4740.00      228.203      8.44031
      4741.40      219.582      8.25214
      4742.80      217.860      8.21194
      4744.20      209.197      8.08131
      4745.60      212.153      8.20922
      4747.00      209.592      8.02194
      4748.40      209.894      8.03716
      4749.80      210.122      8.19192
      4751.20      211.688      8.40070
      4752.60      222.717      8.47746
      4754.00      230.811      8.44306
      4755.40      235.320      8.54600
      4756.80      196.817      7.76205
      4758.20      210.427      8.11736
      4759.60      213.503      8.06460
      4761.00      214.046      8.05574
      4762.40      215.986      8.10519
      4763.80      211.578      8.11166
      4765.20      210.468      8.26190
      4766.60      217.405      8.25834
      4768.00      212.592      7.99698
      4769.40      223.340      8.25958
      4770.80      210.057      8.00675
      4772.20      204.139      7.90207
      4773.60      228.808      8.44305
      4775.00      216.399      8.44223
      4776.40      206.506      12.8946
      4777.80      200.721      9.04742
      4779.20      218.338      8.51114
      4780.60      208.118      8.06040
      4782.00      216.319      8.29554
      4783.40      218.004      8.07789
      4784.80      211.951      7.93934
      4786.20      219.492      8.13331
      4787.60      219.164      8.14606
      4789.00      206.295      7.89833
      4790.40      202.779      7.80735
      4791.80      204.451      7.77718
      4793.20      214.169      7.99346
      4794.60      217.568      8.05633
      4796.00      214.024      8.10388
      4797.40      217.671      8.61795
      4798.80      219.183      8.66176
      4800.20      225.137      8.48910
      4801.60      221.462      8.14092
      4803.00      217.129      8.03997
      4804.40      212.391      7.95552
      4805.80      202.651      7.79970
      4807.20      201.353      7.96093
      4808.60      191.172      7.84299
      4810.00      210.782      8.19712
      4811.40      215.544      8.18311
      4812.80      218.420      8.14673
      4814.20      215.526      8.16205
      4815.60      210.831      8.20540
      4817.00      201.484      7.97859
      4818.40      213.513      8.15153
      4819.80      211.989      8.07664
      4821.20      193.610      7.64886
      4822.60      205.775      7.83555
      4824.00      209.660      7.90041
      4825.40      213.896      7.97131
      4826.80      219.426      8.18414
      4828.20      210.156      8.07146
      4829.60      216.873      8.35171
      4831.00      204.348      8.28258
      4832.40      212.044      8.58960
      4833.80      212.175      8.35076
      4835.20      184.233      7.36037
      4836.60      203.942      7.73335
      4838.00      191.342      7.56763
      4839.40      191.473      7.54939
      4840.80      201.048      7.68287
      4842.20      182.466      7.31184
      4843.60      198.387      7.90376
      4845.00      194.801      7.60576
      4846.40      187.233      7.39443
      4847.80      187.353      7.76456
      4849.20      190.190      7.69234
      4850.60      175.227      7.61217
      4852.00      177.833      7.58081
      4853.40      175.320      7.34175
      4854.80      173.089      7.15173
      4856.20      171.579      7.13018
      4857.60      156.581      6.61077
      4859.00      142.625      6.27842
      4860.40      136.871      6.25357
      4861.80      116.786      6.14647
      4863.20      78.1308      5.23199
      4864.60      75.9388      4.86185
      4866.00      79.2016      4.94692
      4867.40      98.8674      5.48400
      4868.80      135.909      6.61376
      4870.20      125.235      6.45965
      4871.60      156.163      6.92202
      4873.00      149.656      6.56575
      4874.40      177.261      7.06635
      4875.80      189.511      7.41027
      4877.20      184.743      7.38027
      4878.60      174.813      7.13034
      4880.00      181.649      7.25559
      4881.40      197.808      7.66213
      4882.80      198.156      8.27291
      4884.20      197.081      8.41272
      4885.60      194.870      7.86449
      4887.00      186.221      7.32674
      4888.40      195.354      7.50714
      4889.80      204.213      7.70543
      4891.20      185.082      7.31758
      4892.60      190.975      7.48283
      4894.00      196.619      7.58410
      4895.40      208.961      7.84982
      4896.80      207.717      7.86895
      4898.20      205.604      7.80105
      4899.60      207.375      7.89856
      4901.00      193.967      7.63788
      4902.40      198.863      7.70025
      4903.80      204.335      8.15827
      4905.20      194.196      7.61086
      4906.60      197.415      7.70599
      4908.00      210.709      7.99956
      4909.40      208.941      7.96357
      4910.80      200.640      7.75558
      4912.20      202.309      8.07105
      4913.60      200.686      7.79428
      4915.00      193.079      7.76695
      4916.40      191.166      7.88302
      4917.80      199.481      8.32368
      4919.20      224.700      8.25824
      4920.60      197.758      7.65091
      4922.00      203.918      7.78862
      4923.40      209.176      7.92182
      4924.80      207.386      8.07919
      4926.20      196.076      8.12256
      4927.60      186.737      8.11065
      4929.00      189.153      8.14338
      4930.40      196.687      7.96091
      4931.80      215.534      8.10082
      4933.20      193.433      7.59967
      4934.60      227.913      8.29409
      4936.00      209.051      7.88158
      4937.40      206.884      8.02460
      4938.80      195.643      7.84831
      4940.20      205.348      8.14124
      4941.60      199.790      7.90499
      4943.00      201.589      7.70200
      4944.40      197.855      7.62967
      4945.80      190.845      7.47756
      4947.20      203.934      7.90399
      4948.60      212.943      8.41007
      4950.00      205.098      8.51511
      4951.40      204.864      7.98131
      4952.80      216.916      8.09299
      4954.20      210.191      8.28229
      4955.60      213.449      8.69572
      4957.00      194.741      7.89621
      4958.40      195.296      7.42804
      4959.80      202.743      7.58226
      4961.20      206.006      7.88857
      4962.60      183.449      7.52769
      4964.00      201.392      7.70087
      4965.40      197.877      7.58695
      4966.80      204.510      7.72182
      4968.20      205.383      7.76258
      4969.60      201.824      7.67901
      4971.00      216.278      7.94900
      4972.40      213.323      7.87775
      4973.80      206.734      7.86212
      4975.20      207.721      8.38158
      4976.60      212.703      8.69058
      4978.00      199.536      8.24778
      4979.40      201.555      7.94374
      4980.80      203.576      7.77578
      4982.20      205.095      7.82404
      4983.60      202.553      7.77244
      4985.00      205.843      7.84100
      4986.40      190.025      7.51684
      4987.80      197.304      7.66265
      4989.20      192.190      7.53854
      4990.60      193.068      7.51311
      4992.00      205.058      7.83385
      4993.40      197.426      7.53798
      4994.80      201.911      7.62163
      4996.20      194.946      7.46590
      4997.60      189.013      7.42340
      4999.00      193.310      7.48032
