      3900.00      1152.54      43.7253
      3901.40      1139.63      43.5397
      3902.80      1146.07      43.6335
      3904.20      1128.56      42.8003
      3905.60      1163.04      42.9888
      3907.00      1256.10      44.9733
      3908.40      1336.15      46.0575
      3909.80      1402.44      47.1620
      3911.20      1365.88      45.7395
      3912.60      1289.43      44.7476
      3914.00      1246.17      44.3877
      3915.40      1342.79      44.8828
      3916.80      1361.15      44.9703
      3918.20      1250.15      42.5501
      3919.60      1245.09      41.2662
      3921.00      1357.10      42.1775
      3922.40      1291.92      41.3629
      3923.80      1392.07      43.4138
      3925.20      1361.28      43.7936
      3926.60      1323.71      41.9904
      3928.00      1242.93      39.7139
      3929.40      1124.83      36.8759
      3930.80      904.397      32.2574
      3932.20      476.670      24.5650
      3933.60      515.459      24.5886
      3935.00      914.067      30.7564
      3936.40      1258.67      36.6505
      3937.80      1407.82      39.9798
      3939.20      1418.24      41.1769
      3940.60      1438.27      44.8085
      3942.00      1419.21      43.6904
      3943.40      1452.47      43.4096
      3944.80      1375.76      42.4771
      3946.20      1311.06      42.4014
      3947.60      1314.01      43.8223
      3949.00      1169.88      42.1816
      3950.40      1051.64      40.9656
      3951.80      1086.41      43.6949
      3953.20      1032.90      43.9682
      3954.60      1039.28      44.9750
      3956.00      1034.18      45.0290
      3957.40      1044.96      44.1627
      3958.80      1024.72      42.7630
      3960.20      980.809      41.8106
      3961.60      978.203      38.8950
      3963.00      976.682      36.5813
      3964.40      918.499      34.7014
      3965.80      713.734      30.1677
      3967.20      444.219      23.9765
      3968.60      315.624      20.7853
      3970.00      544.893      24.8646
      3971.40      783.357      29.5347
      3972.80      930.752      32.3399
      3974.20      1053.36      34.3606
      3975.60      1069.05      35.3870
      3977.00      1128.80      37.2161
      3978.40      1141.67      38.2231
      3979.80      1174.66      38.5244
      3981.20      1165.21      38.0282
      3982.60      1205.11      38.2149
      3984.00      1225.96      38.6678
      3985.40      1239.39      38.7688
      3986.80      1265.34      38.2891
      3988.20      1275.94      38.3930
      3989.60      1291.14      39.0672
      3991.00      1359.19      41.9375
      3992.40      1403.55      41.0039
      3993.80      1320.64      39.0259
      3995.20      1254.99      37.4216
      3996.60      1204.92      36.8521
      3998.00      1235.59      37.1217
      3999.40      1332.87      38.4436
      4000.80      1364.01      39.2046
      4002.20      1374.41      39.7151
      4003.60      1301.55      38.6379
      4005.00      1253.29      37.3226
      4006.40      1419.66      39.2204
      4007.80      1393.27      39.6413
      4009.20      1360.69      40.3233
      4010.60      1344.89      39.8865
      4012.00      1352.37      39.1341
      4013.40      1383.61      39.2913
      4014.80      1344.61      39.0528
      4016.20      1394.77      39.9509
      4017.60      1427.54      41.0651
      4019.00      1410.49      42.5322
      4020.40      1396.65      41.7364
      4021.80      1371.59      40.2733
      4023.20      1356.50      39.2193
      4024.60      1365.13      39.2124
      4026.00      1327.08      38.8137
      4027.40      1381.80      40.6206
      4028.80      1360.68      39.8553
      4030.20      1366.00      39.5768
      4031.60      1361.36      39.0200
      4033.00      1353.21      38.5172
      4034.40      1357.06      38.5924
      4035.80      1344.38      38.7834
      4037.20      1415.92      47.5493
      4038.60      1337.82      44.5360
      4040.00      1326.24      41.8366
      4041.40      1293.13      38.8953
      4042.80      1263.08      38.9793
      4044.20      1231.79      38.5866
      4045.60      1229.41      39.1878
      4047.00      1274.03      42.5023
      4048.40      1307.95      42.2733
      4049.80      1271.26      39.2038
      4051.20      1345.89      40.7500
      4052.60      1291.82      42.1226
      4054.00      1309.00      42.2703
      4055.40      1327.90      40.0385
      4056.80      1285.87      37.8899
      4058.20      1264.76      37.0433
      4059.60      1325.09      38.0076
      4061.00      1287.20      37.9040
      4062.40      1196.15      36.4178
      4063.80      1256.96      37.3478
      4065.20      1253.77      38.1698
      4066.60      1333.65      39.0209
      4068.00      1269.24      37.1769
      4069.40      1292.92      38.0355
      4070.80      1289.83      38.0412
      4072.20      1243.98      38.2175
      4073.60      1240.01      38.6057
      4075.00      1235.48      36.9479
      4076.40      1145.33      34.5080
      4077.80      1183.25      35.1550
      4079.20      1252.07      37.7000
      4080.60      1303.15      37.3503
      4082.00      1263.05      36.5184
      4083.40      1259.48      38.3379
      4084.80      1179.48      34.7021
      4086.20      1189.96      35.5727
      4087.60      1213.07      36.4210
      4089.00      1222.39      36.1824
      4090.40      1190.46      34.7957
      4091.80      1205.39      34.9516
      4093.20      1188.66      34.6090
      4094.60      1122.37      34.1577
      4096.00      1074.74      34.1389
      4097.40      1057.51      34.1939
      4098.80      872.700      30.7843
      4100.20      634.861      26.1636
      4101.60      662.560      25.3508
      4103.00      888.023      28.8517
      4104.40      949.772      31.2834
      4105.80      1056.01      33.7965
      4107.20      1067.65      33.2502
      4108.60      1112.91      33.5661
      4110.00      1176.64      34.8634
      4111.40      1175.75      35.3924
      4112.80      1180.58      35.9886
      4114.20      1207.15      35.9578
      4115.60      1153.21      36.5242
      4117.00      1201.66      37.1427
      4118.40      1194.67      36.8702
      4119.80      1280.56      36.2482
      4121.20      1206.16      34.4695
      4122.60      1231.97      34.8460
      4124.00      1278.51      36.5174
      4125.40      1311.17      37.7474
      4126.80      1268.36      36.4581
      4128.20      1243.05      35.0826
      4129.60      1286.92      35.4876
      4131.00      1187.54      34.7820
      4132.40      1221.80      35.8312
      4133.80      1262.59      36.2071
      4135.20      1279.51      35.3581
      4136.60      1285.56      35.1240
      4138.00      1369.40      36.8681
      4139.40      1361.98      36.9942
      4140.80      1324.64      36.2100
      4142.20      1238.29      34.5516
      4143.60      1243.71      33.6847
      4145.00      1297.70      34.6176
      4146.40      1310.05      35.8239
      4147.80      1273.20      35.9078
      4149.20      1292.68      35.8957
      4150.60      1281.79      35.3043
      4152.00      1295.14      35.2730
      4153.40      1254.32      34.4841
      4154.80      1256.96      34.0971
      4156.20      1270.70      34.3550
      4157.60      1273.29      34.2618
      4159.00      1278.66      35.5254
      4160.40      1310.34      34.3717
      4161.80      1287.79      33.8494
      4163.20      1291.21      34.0755
      4164.60      1313.31      34.8872
      4166.00      1245.34      33.7881
      4167.40      1288.37      34.4061
      4168.80      1260.46      34.1056
      4170.20      1259.29      33.8013
      4171.60      1244.55      32.9866
      4173.00      1204.51      32.2729
      4174.40      1241.90      32.8750
      4175.80      1283.23      33.3103
      4177.20      1272.04      33.1124
      4178.60      1287.84      33.5162
      4180.00      1285.36      33.4927
      4181.40      1291.24      33.2294
      4182.80      1245.88      33.1005
      4184.20      1283.53      34.0256
      4185.60      1257.18      33.5794
      4187.00      1223.98      32.5978
      4188.40      1260.93      32.8421
      4189.80      1274.60      33.7440
      4191.20      1264.66      32.9806
      4192.60      1279.15      33.2056
      4194.00      1287.33      33.6216
      4195.40      1279.34      35.1440
      4196.80      1252.77      34.0374
      4198.20      1180.95      31.4564
      4199.60      1207.93      31.5455
      4201.00      1210.34      31.5619
      4202.40      1239.40      32.7888
      4203.80      1251.62      33.3649
      4205.20      1226.18      33.8746
      4206.60      1228.15      33.8068
      4208.00      1237.31      34.1153
      4209.40      1243.15      33.2569
      4210.80      1296.25      33.6205
      4212.20      1220.15      32.6755
      4213.60      1204.80      31.8482
      4215.00      1212.00      31.9176
      4216.40      1227.36      32.4776
      4217.80      1262.53      33.2420
      4219.20      1297.99      33.8502
      4220.60      1304.72      33.5014
      4222.00      1233.66      32.3400
      4223.40      1263.66      32.7438
      4224.80      1174.54      31.6354
      4226.20      1190.92      31.3103
      4227.60      1230.53      31.1713
      4229.00      1296.18      32.2495
      4230.40      1294.57      33.0373
      4231.80      1245.99      31.7726
      4233.20      1157.27      30.5386
      4234.60      1233.37      31.7112
      4236.00      1246.13      32.0494
      4237.40      1285.86      32.8899
      4238.80      1258.15      32.6745
      4240.20      1236.37      31.2945
      4241.60      1281.11      32.3377
      4243.00      1285.83      32.2003
      4244.40      1224.52      31.7156
      4245.80      1178.96      31.6244
      4247.20      1263.55      32.9054
      4248.60      1210.94      31.5244
      4250.00      1181.02      30.5237
      4251.40      1220.89      31.1003
      4252.80      1244.21      32.1681
      4254.20      1280.15      32.3759
      4255.60      1247.25      31.9195
      4257.00      1263.47      33.3187
      4258.40      1257.92      33.4404
      4259.80      1239.01      31.9702
      4261.20      1227.34      30.9238
      4262.60      1322.46      33.0331
      4264.00      1304.80      32.7849
      4265.40      1275.31      32.4342
      4266.80      1298.36      32.9103
      4268.20      1254.47      32.2328
      4269.60      1205.08      30.5127
      4271.00      1164.67      29.5635
      4272.40      1145.38      29.5174
      4273.80      1209.02      30.9021
      4275.20      1242.30      31.5771
      4276.60      1266.88      32.1639
      4278.00      1286.57      32.2924
      4279.40      1292.92      32.9653
      4280.80      1212.72      31.9735
      4282.20      1223.72      31.3491
      4283.60      1232.92      30.7891
      4285.00      1232.13      31.3294
      4286.40      1275.05      32.3682
      4287.80      1181.95      30.2251
      4289.20      1117.02      28.6487
      4290.60      1191.22      29.5141
      4292.00      1230.26      30.4198
      4293.40      1219.29      30.6199
      4294.80      1247.99      30.6785
      4296.20      1199.29      30.0033
      4297.60      1175.46      29.8974
      4299.00      1115.14      28.9037
      4300.40      1128.81      28.2717
      4301.80      1193.72      29.0259
      4303.20      1199.58      29.4859
      4304.60      1235.10      30.3657
      4306.00      1161.35      29.2592
      4307.40      1157.35      28.8203
      4308.80      1188.86      28.9662
      4310.20      1206.90      29.8079
      4311.60      1188.21      28.9728
      4313.00      1158.63      28.9713
      4314.40      1169.26      29.7993
      4315.80      1231.32      30.5543
      4317.20      1227.29      30.7517
      4318.60      1184.95      30.1664
      4320.00      1155.27      29.9215
      4321.40      1211.24      30.4295
      4322.80      1155.04      29.1753
      4324.20      1104.64      27.9284
      4325.60      1122.97      27.8029
      4327.00      1189.96      29.2217
      4328.40      1168.98      29.7565
      4329.80      1139.65      29.2858
      4331.20      1108.28      28.4214
      4332.60      1062.42      27.5595
      4334.00      1123.97      28.5355
      4335.40      1035.76      27.4974
      4336.80      879.439      25.4212
      4338.20      731.277      22.5215
      4339.60      547.518      19.1653
      4341.00      716.790      21.4378
      4342.40      925.834      24.9522
      4343.80      1066.99      27.5147
      4345.20      1059.55      27.6926
      4346.60      1095.54      28.6735
      4348.00      1174.72      29.0371
      4349.40      1171.87      30.6432
      4350.80      1105.61      28.3870
      4352.20      1150.72      28.2236
      4353.60      1205.49      29.0023
      4355.00      1236.25      30.2618
      4356.40      1232.46      30.3799
      4357.80      1238.23      32.0878
      4359.20      1239.60      32.9894
      4360.60      1248.77      32.9508
      4362.00      1257.33      31.2331
      4363.40      1242.92      30.5857
      4364.80      1259.48      30.8141
      4366.20      1222.18      30.2768
      4367.60      1216.51      29.9544
      4369.00      1244.80      30.6877
      4370.40      1268.08      31.0306
      4371.80      1257.07      30.3245
      4373.20      1191.19      29.2367
      4374.60      1168.07      28.8129
      4376.00      1235.89      30.0052
      4377.40      1259.48      30.8684
      4378.80      1266.63      30.3759
      4380.20      1229.27      29.8406
      4381.60      1196.71      29.7616
      4383.00      1110.11      28.3667
      4384.40      1177.74      28.8887
      4385.80      1233.96      29.7955
      4387.20      1233.18      29.5013
      4388.60      1215.19      28.8878
      4390.00      1226.57      29.2822
      4391.40      1225.32      29.2514
      4392.80      1171.05      28.5572
      4394.20      1148.47      28.1114
      4395.60      1188.32      28.6886
      4397.00      1191.63      29.6735
      4398.40      1156.66      30.0622
      4399.80      1157.54      29.8598
      4401.20      1190.82      30.1049
      4402.60      1170.36      28.6284
      4404.00      1154.25      27.8560
      4405.40      1215.36      28.4871
      4406.80      1223.14      28.6843
      4408.20      1204.83      28.6696
      4409.60      1193.44      28.5859
      4411.00      1231.76      29.4039
      4412.40      1206.98      29.3865
      4413.80      1182.80      28.7441
      4415.20      1112.33      27.1912
      4416.60      1137.23      27.4912
      4418.00      1184.75      28.3737
      4419.40      1202.65      29.5342
      4420.80      1182.68      29.1148
      4422.20      1178.39      28.2738
      4423.60      1214.11      28.5506
      4425.00      1221.39      28.9034
      4426.40      1193.38      29.1621
      4427.80      1211.48      29.3809
      4429.20      1209.31      29.2582
      4430.60      1205.77      29.4492
      4432.00      1202.71      28.9293
      4433.40      1184.34      29.0269
      4434.80      1157.81      28.0232
      4436.20      1198.00      28.2363
      4437.60      1172.59      29.2783
      4439.00      1156.55      29.1901
      4440.40      1158.70      29.0072
      4441.80      1126.87      28.1228
      4443.20      1124.03      27.5694
      4444.60      1180.61      28.6090
      4446.00      1160.99      29.4010
      4447.40      1174.79      30.2388
      4448.80      1143.20      27.9044
      4450.20      1151.10      27.8271
      4451.60      1163.37      28.2998
      4453.00      1199.56      28.7312
      4454.40      1145.14      27.2761
      4455.80      1146.18      27.2235
      4457.20      1158.31      27.5295
      4458.60      1173.39      28.1353
      4460.00      1165.11      28.0662
      4461.40      1173.08      27.8173
      4462.80      1168.90      27.9628
      4464.20      1154.71      27.4190
      4465.60      1152.92      27.4795
      4467.00      1127.20      27.0859
      4468.40      1110.48      26.9983
      4469.80      1195.08      28.4061
      4471.20      1208.03      28.2520
      4472.60      1181.10      28.1532
      4474.00      1200.79      28.6661
      4475.40      1189.03      28.1367
      4476.80      1223.08      28.6572
      4478.20      1184.08      28.4914
      4479.60      1099.31      28.4799
      4481.00      1044.52      39.8866
      4482.40      1101.20      31.7410
      4483.80      1198.31      27.7854
      4485.20      1191.67      28.0109
      4486.60      1169.43      28.5997
      4488.00      1162.31      27.9758
      4489.40      1169.75      27.7801
      4490.80      1187.30      27.7792
      4492.20      1178.59      27.4244
      4493.60      1161.51      27.1504
      4495.00      1183.74      28.1072
      4496.40      1228.62      29.0993
      4497.80      1213.81      29.5713
      4499.20      1231.54      29.8017
      4500.60      1117.30      26.8729
      4502.00      1199.66      27.6421
      4503.40      1226.84      28.1639
      4504.80      1183.42      27.7435
      4506.20      1186.06      28.1468
      4507.60      1169.93      27.8766
      4509.00      1208.35      27.9673
      4510.40      1210.55      28.0479
      4511.80      1222.10      28.8957
      4513.20      1193.55      28.0293
      4514.60      1199.74      28.0722
      4516.00      1212.25      28.1409
      4517.40      1177.77      27.5951
      4518.80      1165.85      27.6140
      4520.20      1135.50      27.6928
      4521.60      1109.97      27.0822
      4523.00      1137.19      27.1232
      4524.40      1152.77      27.3981
      4525.80      1132.64      27.3137
      4527.20      1072.70      26.4528
      4528.60      1140.18      26.9959
      4530.00      1137.85      26.9358
      4531.40      1133.85      27.0768
      4532.80      1039.75      25.7953
      4534.20      1084.71      26.2429
      4535.60      1182.41      27.5379
      4537.00      1171.18      27.7322
      4538.40      1161.63      27.3173
      4539.80      1142.10      27.1427
      4541.20      1148.23      27.0881
      4542.60      1174.24      27.2998
      4544.00      1167.33      27.2477
      4545.40      1154.02      27.4288
      4546.80      1155.08      27.3795
      4548.20      1082.44      26.1247
      4549.60      1139.85      26.3769
      4551.00      1166.94      26.6703
      4552.40      1114.47      26.0834
      4553.80      1110.13      26.4087
      4555.20      1119.23      26.4961
      4556.60      1124.47      26.3379
      4558.00      1136.92      26.4074
      4559.40      1144.87      26.6526
      4560.80      1166.02      26.9512
      4562.20      1124.41      26.3070
      4563.60      1115.93      26.1313
      4565.00      1176.07      26.7935
      4566.40      1173.98      26.6000
      4567.80      1175.29      26.6614
      4569.20      1144.72      26.4182
      4570.60      1126.94      26.8468
      4572.00      1135.67      27.2860
      4573.40      1166.30      27.1040
      4574.80      1172.00      26.5607
      4576.20      1160.37      26.4792
      4577.60      1165.40      26.9106
      4579.00      1150.46      26.7770
      4580.40      1177.47      27.2400
      4581.80      1130.59      26.4011
      4583.20      1088.45      25.3628
      4584.60      1120.89      26.2078
      4586.00      1149.25      27.6347
      4587.40      1106.11      26.2267
      4588.80      1106.69      25.7277
      4590.20      1181.01      26.7938
      4591.60      1165.92      26.7159
      4593.00      1187.27      26.7706
      4594.40      1177.31      26.5418
      4595.80      1162.83      26.4317
      4597.20      1181.93      26.5400
      4598.60      1160.31      26.3736
      4600.00      1157.35      26.6000
      4601.40      1150.98      26.5221
      4602.80      1137.53      26.3376
      4604.20      1167.40      26.6643
      4605.60      1156.79      26.2706
      4607.00      1152.52      26.0630
      4608.40      1163.16      26.5644
      4609.80      1167.43      26.7046
      4611.20      1177.64      26.8518
      4612.60      1131.05      25.8778
      4614.00      1154.81      26.9141
      4615.40      1147.86      27.2508
      4616.80      1142.94      26.5741
      4618.20      1150.75      26.0083
      4619.60      1140.10      25.7801
      4621.00      1144.95      25.9533
      4622.40      1135.17      26.0531
      4623.80      1166.19      27.1675
      4625.20      1171.93      27.4033
      4626.60      1148.11      26.4317
      4628.00      1103.68      25.7085
      4629.40      1123.97      26.2435
      4630.80      1151.18      26.6556
      4632.20      1106.64      26.0052
      4633.60      1127.47      26.5425
      4635.00      1128.13      25.8553
      4636.40      1153.78      26.0678
      4637.80      1131.86      25.8070
      4639.20      1124.34      25.5313
      4640.60      1162.86      26.2272
      4642.00      1137.10      26.1631
      4643.40      1163.20      26.4549
      4644.80      1129.80      25.8919
      4646.20      1127.07      25.5608
      4647.60      1125.42      25.5338
      4649.00      1115.80      25.3846
      4650.40      1123.55      25.8933
      4651.80      1117.20      26.1594
      4653.20      1118.78      25.7583
      4654.60      1127.77      25.4966
      4656.00      1095.05      25.0513
      4657.40      1103.02      24.9643
      4658.80      1136.38      25.7305
      4660.20      1141.09      26.1944
      4661.60      1130.44      26.1384
      4663.00      1150.11      26.1537
      4664.40      1162.39      25.9739
      4665.80      1149.87      25.8626
      4667.20      1195.87      26.6841
      4668.60      1152.86      25.7941
      4670.00      1151.83      25.8805
      4671.40      1159.85      25.9143
      4672.80      1169.11      26.2830
      4674.20      1173.30      26.0807
      4675.60      1163.68      26.6783
      4677.00      1149.73      27.2430
      4678.40      1141.34      26.0649
      4679.80      1135.46      25.4765
      4681.20      1145.56      25.8107
      4682.60      1141.30      26.1338
      4684.00      1089.24      25.1751
      4685.40      1111.01      25.4438
      4686.80      1087.43      25.1399
      4688.20      1151.95      26.2307
      4689.60      1145.89      26.2970
      4691.00      1131.22      25.9603
      4692.40      1113.14      25.6632
      4693.80      1150.03      26.2103
      4695.20      1117.02      25.9649
      4696.60      1087.38      25.5015
      4698.00      1105.96      26.2389
      4699.40      1091.74      25.3959
      4700.80      1089.29      25.7089
      4702.20      1070.48      25.6436
      4703.60      1090.92      25.4334
      4705.00      1067.69      24.8637
      4706.40      1047.35      24.7693
      4707.80      1038.75      24.9708
      4709.20      1069.55      26.4684
      4710.60      1044.56      26.8327
      4712.00      1110.40      27.3521
      4713.40      1062.71      25.5997
      4714.80      1083.10      25.4478
      4716.20      1085.66      25.4743
      4717.60      1106.65      25.8855
      4719.00      1113.65      25.6456
      4720.40      1114.64      25.6658
      4721.80      1078.73      25.1860
      4723.20      1106.09      25.3468
      4724.60      1098.05      25.6716
      4726.00      1085.07      25.2433
      4727.40      1054.39      24.4404
      4728.80      1082.14      24.7383
      4730.20      1056.50      24.5767
      4731.60      1066.18      25.0460
      4733.00      1083.13      25.4388
      4734.40      1074.20      24.8180
      4735.80      1067.34      24.8122
      4737.20      1070.58      24.4537
      4738.60      1043.40      24.1767
      4740.00      1060.05      24.3467
      4741.40      1070.41      24.3015
      4742.80      1096.17      24.9612
      4744.20      1060.79      24.3874
      4745.60      1069.78      24.5496
      4747.00      1093.66      24.6222
      4748.40      1084.39      24.4867
      4749.80      1069.47      24.4181
      4751.20      1074.17      24.7693
      4752.60      1060.35      24.2229
      4754.00      1073.57      24.6869
      4755.40      1121.77      25.1134
      4756.80      1099.36      24.5260
      4758.20      1075.29      24.1993
      4759.60      1082.90      24.4928
      4761.00      1106.05      24.9538
      4762.40      1049.03      24.1153
      4763.80      1100.22      24.4872
      4765.20      1029.48      26.9838
      4766.60      1072.69      24.3622
      4768.00      1097.36      24.5797
      4769.40      1075.47      24.0793
      4770.80      1077.93      24.1087
      4772.20      1104.90      24.7244
      4773.60      1101.19      24.8699
      4775.00      1040.99      23.8181
      4776.40      1063.55      23.8606
      4777.80      1060.42      23.9268
      4779.20      1085.76      24.4304
      4780.60      1060.57      24.0052
      4782.00      1054.24      24.0663
      4783.40      1052.82      23.7965
      4784.80      1043.05      23.7228
      4786.20      1053.03      23.8754
      4787.60      1054.78      23.8081
      4789.00      1074.58      24.3217
      4790.40      1074.31      24.1716
      4791.80      1047.33      23.8005
      4793.20      1064.63      24.0155
      4794.60      1056.20      24.0259
      4796.00      1058.42      24.1506
      4797.40      1053.24      23.9623
      4798.80      1061.15      23.9630
      4800.20      1043.69      23.8045
      4801.60      1045.33      23.5725
      4803.00      1040.23      23.4277
      4804.40      1042.27      23.7714
      4805.80      1066.93      24.2549
      4807.20      1066.13      23.9837
      4808.60      1075.08      23.7880
      4810.00      1069.41      23.9240
      4811.40      1082.47      24.7372
      4812.80      1071.82      24.6170
      4814.20      1078.51      24.2161
      4815.60      1043.29      23.5073
      4817.00      1077.72      23.9762
      4818.40      1100.95      24.2735
      4819.80      1088.12      24.1247
      4821.20      1085.25      24.3954
      4822.60      1078.91      24.6113
      4824.00      1048.96      23.9092
      4825.40      1045.10      23.6582
      4826.80      1048.93      23.9640
      4828.20      1085.60      24.3929
      4829.60      1087.64      24.3992
      4831.00      1067.94      23.9855
      4832.40      1044.78      23.6390
      4833.80      1039.35      23.5662
      4835.20      1048.63      23.6992
      4836.60      1031.63      23.4518
      4838.00      999.015      23.0934
      4839.40      1027.06      23.9953
      4840.80      1041.10      23.9233
      4842.20      1020.14      23.7064
      4843.60      976.945      22.9942
      4845.00      983.013      23.4726
      4846.40      979.479      23.1695
      4847.80      982.610      23.0496
      4849.20      953.740      23.1488
      4850.60      967.676      23.6364
      4852.00      950.785      22.5568
      4853.40      905.104      21.5794
      4854.80      883.143      21.6410
      4856.20      856.080      21.5281
      4857.60      760.845      20.0578
      4859.00      644.865      18.1497
      4860.40      492.936      15.5763
      4861.80      593.047      16.6214
      4863.20      770.664      19.1252
      4864.60      834.346      20.0999
      4866.00      932.689      21.6026
      4867.40      927.738      22.2199
      4868.80      924.625      21.5193
      4870.20      941.717      21.5383
      4871.60      958.730      21.5948
      4873.00      988.091      22.4202
      4874.40      982.560      22.0924
      4875.80      992.613      22.2487
      4877.20      994.760      22.2498
      4878.60      1014.65      22.7912
      4880.00      1002.11      23.0865
      4881.40      1008.31      22.9537
      4882.80      1013.50      22.6640
      4884.20      1016.69      22.6263
      4885.60      1031.68      23.0348
      4887.00      1043.74      23.0038
      4888.40      1014.59      22.5341
      4889.80      985.122      22.0750
      4891.20      1027.51      23.0028
      4892.60      1027.46      22.7888
      4894.00      1075.05      23.7621
      4895.40      1060.16      23.4895
      4896.80      1054.77      23.4282
      4898.20      1042.07      23.6362
      4899.60      1025.14      23.5254
      4901.00      1049.24      23.0273
      4902.40      1039.73      22.5869
      4903.80      1041.61      22.6310
      4905.20      1062.84      23.0145
      4906.60      1071.08      23.1766
      4908.00      1071.31      23.1732
      4909.40      1066.80      23.1014
      4910.80      1076.28      23.1310
      4912.20      1077.74      23.0530
      4913.60      1067.44      23.0539
      4915.00      1077.08      23.6571
      4916.40      1024.14      23.2245
      4917.80      998.520      22.4799
      4919.20      1009.33      22.2090
      4920.60      990.205      21.9443
      4922.00      985.356      22.2337
      4923.40      993.652      21.9063
      4924.80      1019.58      22.4209
      4926.20      1038.11      22.5911
      4927.60      1070.03      22.8610
      4929.00      1030.48      22.3217
      4930.40      1057.19      22.8725
      4931.80      1022.66      22.3698
      4933.20      1006.93      22.1202
      4934.60      1027.75      22.2383
      4936.00      1015.74      21.9724
      4937.40      1018.34      22.2987
      4938.80      1020.76      22.4843
      4940.20      1064.47      22.8528
      4941.60      1059.53      22.7571
      4943.00      1018.08      22.1918
      4944.40      1050.70      22.8188
      4945.80      1042.41      23.0701
      4947.20      1059.06      23.1374
      4948.60      1070.92      22.8885
      4950.00      1054.29      22.5662
      4951.40      1048.44      23.1824
      4952.80      1041.45      23.1404
      4954.20      1048.84      22.5083
      4955.60      1009.06      21.8727
      4957.00      995.850      21.7264
      4958.40      1025.11      22.2951
      4959.80      1059.75      22.9831
      4961.20      1061.14      22.9650
      4962.60      1054.87      22.6183
      4964.00      1049.10      22.5290
      4965.40      1013.05      22.1250
      4966.80      1041.57      22.3009
      4968.20      1052.00      22.4359
      4969.60      1047.94      22.5687
      4971.00      1053.15      23.0204
      4972.40      1013.24      22.2587
      4973.80      1030.37      22.1648
      4975.20      1051.33      22.4775
      4976.60      1058.69      22.6766
      4978.00      1037.62      23.1413
      4979.40      1018.87      22.1584
      4980.80      1037.12      22.2564
      4982.20      1002.36      21.6152
      4983.60      1010.54      21.7438
      4985.00      1033.09      22.5396
      4986.40      1044.82      22.4674
      4987.80      1012.96      22.0668
      4989.20      1004.49      22.1026
      4990.60      1006.38      22.0574
      4992.00      1021.55      22.1440
      4993.40      1032.18      22.3368
      4994.80      1023.01      22.0323
      4996.20      1028.60      22.0697
      4997.60      1021.21      21.8122
      4999.00      1022.24      21.9936
