      3900.00      817.176      30.5620
      3901.40      805.904      30.2961
      3902.80      890.242      69.6642
      3904.20      895.998      39.5533
      3905.60      913.498      32.4328
      3907.00      914.903      32.0730
      3908.40      914.354      31.9485
      3909.80      885.369      32.4388
      3911.20      856.529      30.4061
      3912.60      902.119      31.3505
      3914.00      924.307      31.6894
      3915.40      961.913      32.4899
      3916.80      923.715      31.7701
      3918.20      881.246      30.8047
      3919.60      874.915      30.3492
      3921.00      935.243      31.2460
      3922.40      983.496      32.3309
      3923.80      872.934      29.9870
      3925.20      870.639      31.1319
      3926.60      881.735      30.4849
      3928.00      831.034      29.1372
      3929.40      769.586      27.3854
      3930.80      580.518      22.6482
      3932.20      469.669      20.0029
      3933.60      586.880      22.7411
      3935.00      824.370      28.2162
      3936.40      893.877      29.8238
      3937.80      897.201      31.9556
      3939.20      909.291      31.5144
      3940.60      900.855      30.4822
      3942.00      881.380      29.8409
      3943.40      877.802      30.1532
      3944.80      887.616      29.7874
      3946.20      866.908      29.3745
      3947.60      846.398      28.9426
      3949.00      925.917      30.7889
      3950.40      925.938      30.8845
      3951.80      896.087      30.1985
      3953.20      849.786      29.1996
      3954.60      823.973      28.7203
      3956.00      861.679      29.8103
      3957.40      825.902      29.6870
      3958.80      796.274      28.8183
      3960.20      732.356      27.5162
      3961.60      720.433      27.5114
      3963.00      718.132      27.6980
      3964.40      575.887      24.1405
      3965.80      456.353      21.0127
      3967.20      349.765      18.1632
      3968.60      379.596      18.5357
      3970.00      489.813      21.0352
      3971.40      602.699      23.4446
      3972.80      680.214      24.8766
      3974.20      735.133      26.0063
      3975.60      755.539      26.6936
      3977.00      782.976      26.9876
      3978.40      801.226      26.9123
      3979.80      787.075      26.4367
      3981.20      830.386      27.2783
      3982.60      853.163      27.7454
      3984.00      852.990      28.0024
      3985.40      861.776      28.3779
      3986.80      904.478      29.2131
      3988.20      909.890      29.0900
      3989.60      923.476      29.2816
      3991.00      934.097      29.4322
      3992.40      941.048      29.6996
      3993.80      855.596      27.8558
      3995.20      920.625      29.1273
      3996.60      903.184      28.6109
      3998.00      903.104      28.5464
      3999.40      921.107      28.8149
      4000.80      899.078      29.4351
      4002.20      889.735      28.1331
      4003.60      881.740      28.0332
      4005.00      910.200      28.5832
      4006.40      913.880      28.4292
      4007.80      904.976      29.0022
      4009.20      899.171      28.2433
      4010.60      884.865      28.0156
      4012.00      907.075      28.3860
      4013.40      916.058      28.4306
      4014.80      933.846      29.3518
      4016.20      933.255      29.3319
      4017.60      936.253      29.7740
      4019.00      935.246      29.1441
      4020.40      901.844      28.1407
      4021.80      893.544      28.3861
      4023.20      910.791      29.0477
      4024.60      900.870      28.9741
      4026.00      926.905      29.1983
      4027.40      905.697      28.4034
      4028.80      881.489      27.7806
      4030.20      913.325      28.5380
      4031.60      915.386      28.6500
      4033.00      910.495      28.4739
      4034.40      910.258      28.5223
      4035.80      927.076      29.0698
      4037.20      968.521      30.6231
      4038.60      959.860      30.2351
      4040.00      896.661      28.5141
      4041.40      925.746      29.0636
      4042.80      854.151      27.4974
      4044.20      833.755      27.0862
      4045.60      909.953      28.9564
      4047.00      883.757      28.7918
      4048.40      903.896      29.5087
      4049.80      919.527      29.6197
      4051.20      918.274      28.8084
      4052.60      894.827      28.0029
      4054.00      920.454      28.4736
      4055.40      861.518      27.3838
      4056.80      875.189      27.7917
      4058.20      906.412      28.4776
      4059.60      904.884      28.3793
      4061.00      809.245      26.2173
      4062.40      863.690      27.3241
      4063.80      908.775      28.2685
      4065.20      890.419      27.8568
      4066.60      904.606      28.0808
      4068.00      853.990      26.8542
      4069.40      847.327      26.7367
      4070.80      796.054      25.6260
      4072.20      873.578      27.4609
      4073.60      865.162      27.1458
      4075.00      750.560      24.2572
      4076.40      807.534      25.5411
      4077.80      823.368      25.8074
      4079.20      821.516      25.6985
      4080.60      809.184      26.9175
      4082.00      806.108      25.6968
      4083.40      791.109      24.9677
      4084.80      791.041      24.9947
      4086.20      812.190      25.4122
      4087.60      814.340      25.8339
      4089.00      767.219      24.9599
      4090.40      775.027      24.8634
      4091.80      763.667      24.1802
      4093.20      696.836      22.5444
      4094.60      653.180      21.6403
      4096.00      622.868      20.8256
      4097.40      537.604      18.9495
      4098.80      537.416      18.9580
      4100.20      492.151      17.9930
      4101.60      539.444      19.0043
      4103.00      583.116      20.0715
      4104.40      630.752      21.0895
      4105.80      696.073      22.4697
      4107.20      696.227      22.5194
      4108.60      732.633      23.4299
      4110.00      732.389      23.6195
      4111.40      790.250      24.9435
      4112.80      776.306      24.6186
      4114.20      790.025      25.5461
      4115.60      780.427      24.8331
      4117.00      818.112      25.3269
      4118.40      822.212      25.4139
      4119.80      814.960      25.2417
      4121.20      846.622      26.1857
      4122.60      846.835      26.6156
      4124.00      816.475      25.3238
      4125.40      840.295      25.7623
      4126.80      860.259      26.2427
      4128.20      865.684      26.3500
      4129.60      793.120      24.6167
      4131.00      827.302      25.2407
      4132.40      846.505      25.7350
      4133.80      823.273      25.3087
      4135.20      861.254      26.1126
      4136.60      858.084      25.8850
      4138.00      881.465      26.2824
      4139.40      850.089      25.6045
      4140.80      814.326      24.8130
      4142.20      820.836      24.9596
      4143.60      820.321      25.6216
      4145.00      853.606      25.8536
      4146.40      834.263      25.2304
      4147.80      831.734      25.1031
      4149.20      841.029      26.2329
      4150.60      844.485      25.1837
      4152.00      848.324      25.2833
      4153.40      842.167      26.1759
      4154.80      846.922      25.4106
      4156.20      821.886      24.9454
      4157.60      815.797      24.7902
      4159.00      866.025      25.7684
      4160.40      854.269      25.2619
      4161.80      817.044      24.2666
      4163.20      837.577      24.6537
      4164.60      823.267      24.3269
      4166.00      874.280      25.5128
      4167.40      828.421      24.5865
      4168.80      815.290      24.1586
      4170.20      780.758      23.3997
      4171.60      813.056      24.0502
      4173.00      838.443      24.7228
      4174.40      817.344      24.5906
      4175.80      828.760      25.0021
      4177.20      831.943      24.7530
      4178.60      821.081      24.2244
      4180.00      804.389      23.7759
      4181.40      836.159      24.4622
      4182.80      831.671      24.3580
      4184.20      839.384      24.5926
      4185.60      797.837      23.6590
      4187.00      828.417      24.2877
      4188.40      810.156      23.9345
      4189.80      838.120      24.5339
      4191.20      837.150      24.6344
      4192.60      833.760      24.3533
      4194.00      830.068      24.2829
      4195.40      818.116      24.0209
      4196.80      747.987      22.4426
      4198.20      826.189      24.2152
      4199.60      809.388      23.8474
      4201.00      833.865      24.3686
      4202.40      834.809      25.0029
      4203.80      844.542      24.5173
      4205.20      839.626      24.3582
      4206.60      785.786      23.2931
      4208.00      843.634      24.7737
      4209.40      837.552      24.7026
      4210.80      833.098      24.4433
      4212.20      804.896      23.6177
      4213.60      794.156      23.2778
      4215.00      829.865      24.0281
      4216.40      825.201      23.9618
      4217.80      816.134      23.7373
      4219.20      821.397      23.8016
      4220.60      820.908      23.7886
      4222.00      803.519      23.3654
      4223.40      775.509      22.7997
      4224.80      731.054      21.8477
      4226.20      787.532      23.0677
      4227.60      835.441      24.0513
      4229.00      750.377      22.1343
      4230.40      794.150      23.0299
      4231.80      788.723      22.9108
      4233.20      796.532      23.2329
      4234.60      803.846      23.4618
      4236.00      816.935      23.7838
      4237.40      816.147      23.4562
      4238.80      820.479      23.5637
      4240.20      808.775      23.3842
      4241.60      821.908      23.7313
      4243.00      810.693      23.5087
      4244.40      772.477      22.6961
      4245.80      785.192      22.9470
      4247.20      774.416      22.6305
      4248.60      757.143      22.2321
      4250.00      775.856      22.6743
      4251.40      774.153      23.6667
      4252.80      770.172      22.6907
      4254.20      774.616      22.7914
      4255.60      815.357      23.6336
      4257.00      794.422      23.0925
      4258.40      766.712      22.4935
      4259.80      783.037      22.8265
      4261.20      781.736      22.7703
      4262.60      803.082      23.1670
      4264.00      779.333      22.6206
      4265.40      798.722      23.1005
      4266.80      793.080      23.0355
      4268.20      759.313      22.1896
      4269.60      742.254      21.7823
      4271.00      729.346      21.3865
      4272.40      772.068      22.3472
      4273.80      778.872      22.5161
      4275.20      765.163      22.1972
      4276.60      778.143      22.4953
      4278.00      774.911      22.4418
      4279.40      764.354      22.1504
      4280.80      788.484      22.6785
      4282.20      783.533      22.5901
      4283.60      844.435      24.1912
      4285.00      701.955      58.8851
      4286.40      745.393      23.1516
      4287.80      730.227      21.4949
      4289.20      761.542      22.1383
      4290.60      739.307      21.6101
      4292.00      764.889      22.1177
      4293.40      821.758      23.3010
      4294.80      798.773      22.8421
      4296.20      725.984      21.2991
      4297.60      679.285      20.3992
      4299.00      678.670      20.2573
      4300.40      692.650      20.3959
      4301.80      692.201      20.3400
      4303.20      752.972      21.6451
      4304.60      732.566      21.1935
      4306.00      755.868      21.6969
      4307.40      721.839      20.9909
      4308.80      744.551      21.5624
      4310.20      744.140      21.5534
      4311.60      695.303      20.4292
      4313.00      708.089      20.6212
      4314.40      732.704      21.1570
      4315.80      732.753      21.2219
      4317.20      695.197      20.4578
      4318.60      681.296      20.0999
      4320.00      696.310      20.3244
      4321.40      714.391      20.7416
      4322.80      651.236      19.3211
      4324.20      661.316      19.4650
      4325.60      708.181      20.6324
      4327.00      672.597      19.8336
      4328.40      646.895      19.2243
      4329.80      641.971      19.1049
      4331.20      637.300      18.9283
      4332.60      596.743      18.0009
      4334.00      564.224      17.2291
      4335.40      515.088      16.2355
      4336.80      517.818      16.3697
      4338.20      472.112      15.3696
      4339.60      454.675      14.9756
      4341.00      492.646      15.7451
      4342.40      570.890      17.4702
      4343.80      604.859      18.2131
      4345.20      634.208      19.8176
      4346.60      642.746      19.2879
      4348.00      630.145      18.8903
      4349.40      631.532      18.8470
      4350.80      664.542      19.5355
      4352.20      684.040      19.9825
      4353.60      702.330      20.7818
      4355.00      702.122      20.6343
      4356.40      692.196      20.2155
      4357.80      708.979      20.8317
      4359.20      711.507      21.0669
      4360.60      715.890      20.9606
      4362.00      741.317      21.3785
      4363.40      727.406      20.9552
      4364.80      718.023      20.7370
      4366.20      734.677      21.0601
      4367.60      751.436      21.4740
      4369.00      749.665      21.4273
      4370.40      741.647      21.2460
      4371.80      710.944      20.6247
      4373.20      716.354      20.9819
      4374.60      721.947      21.1068
      4376.00      759.780      21.6824
      4377.40      761.664      21.6592
      4378.80      743.521      21.3333
      4380.20      721.880      20.9935
      4381.60      684.196      20.1631
      4383.00      715.880      20.6894
      4384.40      731.248      20.9199
      4385.80      741.961      21.1265
      4387.20      751.579      21.4683
      4388.60      755.466      21.7658
      4390.00      757.228      21.5072
      4391.40      759.863      21.5845
      4392.80      667.243      19.4897
      4394.20      709.098      20.3396
      4395.60      731.756      20.8253
      4397.00      693.759      20.0145
      4398.40      715.277      20.8183
      4399.80      723.011      20.9630
      4401.20      685.261      19.8286
      4402.60      691.575      20.0100
      4404.00      721.495      20.6771
      4405.40      731.226      20.8823
      4406.80      732.883      20.8607
      4408.20      704.733      20.3213
      4409.60      725.022      20.8493
      4411.00      731.395      20.7508
      4412.40      704.623      20.3080
      4413.80      671.776      19.5294
      4415.20      696.158      20.1328
      4416.60      707.206      20.4274
      4418.00      715.523      20.5746
      4419.40      726.366      20.7940
      4420.80      727.352      20.6813
      4422.20      735.281      20.7186
      4423.60      743.998      20.9157
      4425.00      714.361      20.2693
      4426.40      717.434      20.3556
      4427.80      712.334      20.2043
      4429.20      698.416      20.1973
      4430.60      727.965      20.8625
      4432.00      707.999      20.1045
      4433.40      679.524      19.4516
      4434.80      733.311      20.6822
      4436.20      725.966      20.6128
      4437.60      714.648      20.4261
      4439.00      726.925      20.6364
      4440.40      690.226      19.7065
      4441.80      654.846      18.9584
      4443.20      705.473      21.6065
      4444.60      751.302      22.1126
      4446.00      727.896      20.5353
      4447.40      716.826      20.2578
      4448.80      688.919      19.6573
      4450.20      713.255      20.4212
      4451.60      693.954      20.1196
      4453.00      657.467      19.1640
      4454.40      714.402      20.2692
      4455.80      709.111      20.0494
      4457.20      721.775      20.3181
      4458.60      686.882      19.5934
      4460.00      699.877      19.8757
      4461.40      722.746      20.3402
      4462.80      711.949      20.1000
      4464.20      671.284      19.1859
      4465.60      671.235      19.1873
      4467.00      649.460      18.6944
      4468.40      709.953      19.9690
      4469.80      688.879      19.5475
      4471.20      711.432      20.0129
      4472.60      691.523      19.5766
      4474.00      723.479      20.2642
      4475.40      695.270      19.6707
      4476.80      720.124      20.2051
      4478.20      685.382      19.3695
      4479.60      641.686      18.5039
      4481.00      706.176      19.9980
      4482.40      726.162      20.4060
      4483.80      697.820      19.7086
      4485.20      673.638      19.1828
      4486.60      673.118      19.2521
      4488.00      693.197      19.8396
      4489.40      706.339      20.0309
      4490.80      709.588      19.9217
      4492.20      706.085      19.7882
      4493.60      713.102      19.9423
      4495.00      711.604      19.9138
      4496.40      678.205      19.1655
      4497.80      681.212      19.2546
      4499.20      701.451      19.6806
      4500.60      706.861      19.7825
      4502.00      671.805      18.9985
      4503.40      677.177      19.1200
      4504.80      687.893      19.3993
      4506.20      683.983      19.3322
      4507.60      669.638      18.9658
      4509.00      682.132      19.4038
      4510.40      680.858      19.4024
      4511.80      694.597      19.5606
      4513.20      672.655      19.1058
      4514.60      708.927      19.8195
      4516.00      711.460      19.8760
      4517.40      676.878      19.1913
      4518.80      691.845      19.5655
      4520.20      676.484      19.1758
      4521.60      685.396      19.3208
      4523.00      682.644      19.2948
      4524.40      686.285      19.4153
      4525.80      661.379      18.8892
      4527.20      681.746      19.3715
      4528.60      687.264      19.5375
      4530.00      675.502      19.2990
      4531.40      670.842      19.1709
      4532.80      681.382      19.3596
      4534.20      704.760      19.8494
      4535.60      688.696      20.1213
      4537.00      689.303      19.4990
      4538.40      676.633      19.2333
      4539.80      691.653      19.5471
      4541.20      685.997      19.9889
      4542.60      675.811      19.2686
      4544.00      689.284      19.4985
      4545.40      689.649      19.4580
      4546.80      634.996      18.2042
      4548.20      665.788      19.2479
      4549.60      657.612      19.0407
      4551.00      644.929      18.3940
      4552.40      655.894      18.5548
      4553.80      662.573      18.6783
      4555.20      674.864      18.9658
      4556.60      676.185      19.0204
      4558.00      687.084      19.2396
      4559.40      684.498      19.1340
      4560.80      651.546      18.4026
      4562.20      633.450      18.0550
      4563.60      695.077      19.3843
      4565.00      705.203      19.5346
      4566.40      697.905      19.3544
      4567.80      672.974      18.8560
      4569.20      622.803      17.7855
      4570.60      652.399      18.3855
      4572.00      684.557      19.0501
      4573.40      686.936      19.0750
      4574.80      680.935      18.9448
      4576.20      683.610      18.9982
      4577.60      657.021      18.4078
      4579.00      651.087      18.2959
      4580.40      650.988      18.2991
      4581.80      629.907      17.8319
      4583.20      661.844      18.5369
      4584.60      689.946      19.1322
      4586.00      637.736      17.9637
      4587.40      681.570      18.8898
      4588.80      667.698      18.5934
      4590.20      670.154      18.7031
      4591.60      637.804      17.9494
      4593.00      659.007      18.3802
      4594.40      653.677      18.2836
      4595.80      672.819      18.7062
      4597.20      655.824      18.3584
      4598.60      651.126      18.2186
      4600.00      650.480      18.1559
      4601.40      654.541      18.7463
      4602.80      643.057      18.0353
      4604.20      648.621      18.1168
      4605.60      663.646      18.4840
      4607.00      688.233      18.9958
      4608.40      669.920      18.5669
      4609.80      642.670      18.0022
      4611.20      662.892      18.4891
      4612.60      643.873      18.1090
      4614.00      645.908      18.1182
      4615.40      654.405      18.2854
      4616.80      637.109      17.8906
      4618.20      650.639      18.1530
      4619.60      671.620      18.6462
      4621.00      668.458      18.5908
      4622.40      655.589      18.2852
      4623.80      661.484      18.4051
      4625.20      644.177      17.9765
      4626.60      660.520      18.3289
      4628.00      653.715      18.1592
      4629.40      653.536      18.2190
      4630.80      651.504      18.5735
      4632.20      629.735      17.7925
      4633.60      660.197      18.3663
      4635.00      649.086      18.1158
      4636.40      647.371      18.0548
      4637.80      657.925      18.2797
      4639.20      623.710      17.5760
      4640.60      654.861      18.3164
      4642.00      657.469      18.4097
      4643.40      652.267      18.2518
      4644.80      643.465      18.0007
      4646.20      650.883      18.0904
      4647.60      644.070      17.9282
      4649.00      640.906      17.8753
      4650.40      670.481      18.4976
      4651.80      633.054      17.6584
      4653.20      633.837      17.6561
      4654.60      656.551      18.1777
      4656.00      651.019      18.0965
      4657.40      630.637      17.6689
      4658.80      629.239      17.6197
      4660.20      635.784      17.9814
      4661.60      634.589      17.7553
      4663.00      649.743      18.0064
      4664.40      629.317      17.5482
      4665.80      630.197      17.5643
      4667.20      633.674      17.9667
      4668.60      634.177      17.6191
      4670.00      625.451      17.3926
      4671.40      639.492      17.7070
      4672.80      636.307      17.6687
      4674.20      643.020      17.8833
      4675.60      614.338      17.2867
      4677.00      651.100      18.0504
      4678.40      644.965      17.8785
      4679.80      653.805      18.0382
      4681.20      651.356      17.9938
      4682.60      639.713      17.7399
      4684.00      632.914      17.6062
      4685.40      640.786      17.8005
      4686.80      648.088      17.9958
      4688.20      641.643      17.8578
      4689.60      651.660      18.0886
      4691.00      639.013      17.8389
      4692.40      633.504      17.7542
      4693.80      630.035      17.7413
      4695.20      623.721      17.6165
      4696.60      642.031      17.9917
      4698.00      639.551      17.8975
      4699.40      652.454      18.1188
      4700.80      604.454      17.0503
      4702.20      616.051      17.3109
      4703.60      631.967      17.7158
      4705.00      634.560      17.7928
      4706.40      620.857      17.5128
      4707.80      638.827      17.8782
      4709.20      635.068      17.8050
      4710.60      651.046      18.1533
      4712.00      622.366      17.4770
      4713.40      640.113      17.8466
      4714.80      616.832      17.3321
      4716.20      628.761      17.6635
      4717.60      618.544      17.5662
      4719.00      619.646      17.4775
      4720.40      627.708      17.5571
      4721.80      623.484      17.4240
      4723.20      602.467      16.9862
      4724.60      612.014      17.1347
      4726.00      609.468      16.9558
      4727.40      615.136      17.0353
      4728.80      621.165      17.1764
      4730.20      617.087      17.1074
      4731.60      611.368      16.9601
      4733.00      622.045      17.1410
      4734.40      625.491      17.2199
      4735.80      625.161      17.2338
      4737.20      640.508      17.5909
      4738.60      627.417      17.3268
      4740.00      618.933      17.1217
      4741.40      612.289      16.9257
      4742.80      610.182      16.8779
      4744.20      601.975      16.6789
      4745.60      623.156      17.1118
      4747.00      624.546      17.1206
      4748.40      622.289      17.0516
      4749.80      618.351      16.9574
      4751.20      634.926      17.3221
      4752.60      622.481      17.0609
      4754.00      610.156      16.8075
      4755.40      618.690      17.0327
      4756.80      625.334      17.1829
      4758.20      618.852      17.0226
      4759.60      615.998      16.9517
      4761.00      596.800      16.5992
      4762.40      619.740      17.1308
      4763.80      630.998      17.2932
      4765.20      627.357      17.1221
      4766.60      609.621      16.7718
      4768.00      608.649      16.7866
      4769.40      639.588      17.4990
      4770.80      628.656      17.2595
      4772.20      623.576      17.1345
      4773.60      629.508      17.2374
      4775.00      621.951      17.0670
      4776.40      609.913      16.7694
      4777.80      614.497      16.9401
      4779.20      608.865      16.8817
      4780.60      591.301      16.4371
      4782.00      613.518      16.8881
      4783.40      610.387      16.7915
      4784.80      608.224      16.7976
      4786.20      617.537      17.0127
      4787.60      621.063      17.0734
      4789.00      587.593      16.3112
      4790.40      625.400      17.1214
      4791.80      608.558      16.7269
      4793.20      626.497      17.0663
      4794.60      610.704      16.7139
      4796.00      621.550      16.9737
      4797.40      584.453      16.1681
      4798.80      603.421      16.5784
      4800.20      617.450      16.8954
      4801.60      602.409      16.5791
      4803.00      601.456      16.5503
      4804.40      609.750      16.6890
      4805.80      605.296      16.5769
      4807.20      601.217      16.4686
      4808.60      602.040      16.5021
      4810.00      613.080      16.7171
      4811.40      622.497      16.9260
      4812.80      611.487      16.7180
      4814.20      627.192      17.0843
      4815.60      585.818      16.2184
      4817.00      597.555      16.5206
      4818.40      603.859      16.6285
      4819.80      610.821      16.7516
      4821.20      621.048      16.9704
      4822.60      605.480      16.6105
      4824.00      598.638      16.4694
      4825.40      614.179      16.8317
      4826.80      614.917      16.8734
      4828.20      576.756      16.0366
      4829.60      590.888      16.3192
      4831.00      586.987      16.2075
      4832.40      586.851      16.2240
      4833.80      581.601      16.1594
      4835.20      589.140      16.3297
      4836.60      556.720      15.6000
      4838.00      581.474      16.1301
      4839.40      571.363      15.9235
      4840.80      576.515      16.0709
      4842.20      588.737      16.3626
      4843.60      559.175      15.6755
      4845.00      553.748      15.5519
      4846.40      539.688      15.2495
      4847.80      533.857      15.1512
      4849.20      531.486      15.5471
      4850.60      514.751      14.7191
      4852.00      515.100      14.7605
      4853.40      496.990      14.3491
      4854.80      483.140      14.0435
      4856.20      453.364      13.3920
      4857.60      413.950      12.5275
      4859.00      383.818      11.7593
      4860.40      361.582      11.3831
      4861.80      437.460      12.9912
      4863.20      463.209      13.5296
      4864.60      498.395      14.4043
      4866.00      511.962      14.8938
      4867.40      512.421      14.6899
      4868.80      511.936      14.5476
      4870.20      528.354      14.8354
      4871.60      533.472      14.9461
      4873.00      548.047      15.2426
      4874.40      540.574      15.0872
      4875.80      546.470      15.2244
      4877.20      566.524      15.6038
      4878.60      566.506      15.5908
      4880.00      579.080      15.8792
      4881.40      569.487      15.7603
      4882.80      557.085      15.4822
      4884.20      580.538      15.8379
      4885.60      577.407      15.7810
      4887.00      567.740      15.5765
      4888.40      556.991      15.3689
      4889.80      576.304      15.7398
      4891.20      593.013      16.0980
      4892.60      603.003      16.3295
      4894.00      591.524      16.0939
      4895.40      571.271      15.6566
      4896.80      573.163      15.6696
      4898.20      576.640      15.7386
      4899.60      551.720      15.2879
      4901.00      577.320      16.0004
      4902.40      577.170      15.7147
      4903.80      580.404      15.7688
      4905.20      577.322      16.1584
      4906.60      574.465      15.6611
      4908.00      561.912      15.3743
      4909.40      571.685      15.5763
      4910.80      563.716      15.4227
      4912.20      601.188      16.2275
      4913.60      595.210      16.3598
      4915.00      614.570      21.3700
      4916.40      600.124      21.5367
      4917.80      588.953      16.3572
      4919.20      553.418      15.1405
      4920.60      537.369      14.8015
      4922.00      540.521      14.8793
      4923.40      574.017      15.5791
      4924.80      577.481      15.6947
      4926.20      572.075      15.5688
      4927.60      589.043      15.9547
      4929.00      577.017      15.7071
      4930.40      568.063      15.4277
      4931.80      573.067      15.6000
      4933.20      574.643      15.6691
      4934.60      578.088      15.7523
      4936.00      565.891      15.4705
      4937.40      568.550      15.5229
      4938.80      578.295      15.7241
      4940.20      577.708      15.6788
      4941.60      579.963      15.7173
      4943.00      577.252      15.6535
      4944.40      569.069      15.9064
      4945.80      569.248      15.7623
      4947.20      591.336      16.0446
      4948.60      582.336      15.8651
      4950.00      571.539      15.6527
      4951.40      582.552      15.8687
      4952.80      585.099      15.8461
      4954.20      540.031      14.8148
      4955.60      557.802      15.1945
      4957.00      558.812      15.2154
      4958.40      564.404      15.3651
      4959.80      567.203      15.4336
      4961.20      577.508      15.6265
      4962.60      554.060      15.0950
      4964.00      567.658      15.4099
      4965.40      563.997      15.3450
      4966.80      557.225      15.2301
      4968.20      569.388      15.4763
      4969.60      565.705      15.3438
      4971.00      566.948      15.3762
      4972.40      579.200      15.9721
      4973.80      569.325      15.9072
      4975.20      566.542      15.5298
      4976.60      582.685      15.8602
      4978.00      568.360      15.4677
      4979.40      551.622      15.0315
      4980.80      557.212      15.1808
      4982.20      564.344      15.3940
      4983.60      569.609      15.5581
      4985.00      584.704      15.8690
      4986.40      555.141      15.1703
      4987.80      557.028      15.1703
      4989.20      573.528      15.4986
      4990.60      573.009      15.5214
      4992.00      541.684      14.8443
      4993.40      563.905      15.2880
      4994.80      578.103      15.5551
      4996.20      588.237      15.7629
      4997.60      574.092      15.4673
      4999.00      571.900      15.4470
