      3900.00      280.921      15.8666
      3901.40      284.391      16.1254
      3902.80      297.304      16.8328
      3904.20      289.797      16.9215
      3905.60      310.451      17.3232
      3907.00      328.233      17.3274
      3908.40      351.774      17.4760
      3909.80      289.025      15.9617
      3911.20      297.698      16.1414
      3912.60      273.258      15.1061
      3914.00      308.149      15.6087
      3915.40      318.620      15.9973
      3916.80      312.696      15.5731
      3918.20      306.366      15.3779
      3919.60      316.257      15.5433
      3921.00      283.686      14.4412
      3922.40      311.003      15.0523
      3923.80      292.509      14.7586
      3925.20      310.917      14.9935
      3926.60      282.478      14.3326
      3928.00      283.555      14.3508
      3929.40      289.571      14.4917
      3930.80      236.964      13.7341
      3932.20      140.721      11.6651
      3933.60      147.342      11.9714
      3935.00      211.728      13.1711
      3936.40      273.902      14.9106
      3937.80      295.621      15.0937
      3939.20      292.078      15.0042
      3940.60      295.194      15.0723
      3942.00      307.616      15.9206
      3943.40      295.271      15.2749
      3944.80      293.465      14.7218
      3946.20      305.153      14.4713
      3947.60      285.386      14.0130
      3949.00      304.597      14.4862
      3950.40      291.703      14.1896
      3951.80      276.099      13.8392
      3953.20      303.899      14.6700
      3954.60      322.048      14.8392
      3956.00      289.183      14.2408
      3957.40      280.495      14.0123
      3958.80      278.931      14.1352
      3960.20      276.083      14.2029
      3961.60      278.434      14.4040
      3963.00      269.678      14.6127
      3964.40      242.285      14.4867
      3965.80      196.795      13.4407
      3967.20      129.060      12.0506
      3968.60      112.657      11.6744
      3970.00      172.003      12.7646
      3971.40      203.451      13.5219
      3972.80      232.039      13.9636
      3974.20      243.905      14.0225
      3975.60      264.034      14.5996
      3977.00      272.914      15.0617
      3978.40      255.864      13.5091
      3979.80      307.346      14.6554
      3981.20      304.607      14.2608
      3982.60      313.531      14.4601
      3984.00      315.455      14.7136
      3985.40      293.970      14.2327
      3986.80      290.879      13.7637
      3988.20      281.478      13.1247
      3989.60      287.236      13.1136
      3991.00      306.664      13.4933
      3992.40      297.213      13.6537
      3993.80      272.184      13.0006
      3995.20      296.891      13.2802
      3996.60      319.532      13.5862
      3998.00      321.235      13.5162
      3999.40      276.742      12.5609
      4000.80      314.106      13.5743
      4002.20      308.216      13.3214
      4003.60      308.767      13.0160
      4005.00      305.837      12.9829
      4006.40      315.373      13.3142
      4007.80      318.250      13.5414
      4009.20      319.428      14.3136
      4010.60      312.568      14.1060
      4012.00      333.837      14.3780
      4013.40      305.304      13.2552
      4014.80      301.122      12.7759
      4016.20      312.504      12.9707
      4017.60      301.384      12.6994
      4019.00      335.927      13.7432
      4020.40      319.975      13.3169
      4021.80      303.060      13.0341
      4023.20      286.523      12.7182
      4024.60      329.675      13.6215
      4026.00      301.954      13.1601
      4027.40      312.299      13.3717
      4028.80      308.617      13.3659
      4030.20      283.910      12.2938
      4031.60      307.122      12.5289
      4033.00      316.986      13.0744
      4034.40      303.263      12.7063
      4035.80      307.757      13.2612
      4037.20      321.929      13.1560
      4038.60      312.988      13.1930
      4040.00      334.971      13.4854
      4041.40      312.415      13.0231
      4042.80      313.904      13.5814
      4044.20      308.896      13.3272
      4045.60      309.970      13.9749
      4047.00      323.002      14.6166
      4048.40      329.489      14.3440
      4049.80      296.035      13.5381
      4051.20      326.091      14.6719
      4052.60      326.649      14.6779
      4054.00      301.632      13.2144
      4055.40      320.212      13.6237
      4056.80      347.733      15.7518
      4058.20      351.577      17.1925
      4059.60      327.951      14.1397
      4061.00      310.709      13.4786
      4062.40      322.370      13.5131
      4063.80      320.489      13.4241
      4065.20      328.901      13.9355
      4066.60      313.795      13.8185
      4068.00      321.246      13.7669
      4069.40      328.451      13.4667
      4070.80      342.030      15.6939
      4072.20      335.265      13.5468
      4073.60      319.600      13.0639
      4075.00      301.213      12.6157
      4076.40      304.295      12.6868
      4077.80      287.762      12.4120
      4079.20      290.702      12.4596
      4080.60      321.103      13.0772
      4082.00      294.047      12.4487
      4083.40      306.794      12.5751
      4084.80      319.608      12.8241
      4086.20      336.604      13.1558
      4087.60      324.240      12.6428
      4089.00      305.253      12.4448
      4090.40      286.141      12.3972
      4091.80      295.954      12.6251
      4093.20      274.307      12.0390
      4094.60      272.096      12.1473
      4096.00      267.587      11.3233
      4097.40      254.871      11.1971
      4098.80      237.331      10.7838
      4100.20      187.715      9.81111
      4101.60      171.957      9.50430
      4103.00      213.248      10.1738
      4104.40      247.309      10.7791
      4105.80      273.193      11.3601
      4107.20      248.128      11.0831
      4108.60      291.043      11.7926
      4110.00      307.908      12.0766
      4111.40      296.328      11.9354
      4112.80      294.142      11.8781
      4114.20      326.627      12.4265
      4115.60      313.104      12.3001
      4117.00      314.423      12.8326
      4118.40      306.028      12.9454
      4119.80      318.079      12.6857
      4121.20      322.970      12.3775
      4122.60      317.444      12.4584
      4124.00      323.198      12.4427
      4125.40      302.677      12.1076
      4126.80      302.745      11.9380
      4128.20      313.996      12.1285
      4129.60      309.078      12.4716
      4131.00      290.996      11.6339
      4132.40      289.809      11.7414
      4133.80      310.373      12.2573
      4135.20      307.871      11.8543
      4136.60      319.657      12.1754
      4138.00      324.503      12.4773
      4139.40      319.520      12.6896
      4140.80      315.290      12.8329
      4142.20      317.536      13.5360
      4143.60      307.311      12.5264
      4145.00      309.252      11.7618
      4146.40      311.297      11.7608
      4147.80      296.099      11.4223
      4149.20      312.826      11.7936
      4150.60      317.165      11.8208
      4152.00      344.987      12.3184
      4153.40      314.578      11.9257
      4154.80      320.191      12.0263
      4156.20      305.284      11.6624
      4157.60      319.856      12.1656
      4159.00      310.465      11.8653
      4160.40      299.300      11.6112
      4161.80      318.432      11.8960
      4163.20      305.456      11.5121
      4164.60      335.148      12.1825
      4166.00      307.722      11.5159
      4167.40      292.001      11.1259
      4168.80      320.175      11.7469
      4170.20      299.455      11.7046
      4171.60      302.217      12.2081
      4173.00      308.545      11.5869
      4174.40      310.279      11.2068
      4175.80      312.941      11.3268
      4177.20      304.377      11.2072
      4178.60      307.016      11.5714
      4180.00      319.634      11.8730
      4181.40      319.811      11.6148
      4182.80      320.637      11.5335
      4184.20      307.118      11.6479
      4185.60      291.324      10.9488
      4187.00      317.303      11.4033
      4188.40      301.550      11.1251
      4189.80      325.405      11.7308
      4191.20      303.271      11.4136
      4192.60      311.823      11.5134
      4194.00      323.555      11.7258
      4195.40      318.095      11.4418
      4196.80      310.391      11.0388
      4198.20      312.098      11.0991
      4199.60      302.389      10.8489
      4201.00      317.604      11.1529
      4202.40      313.200      11.2847
      4203.80      297.485      11.2653
      4205.20      297.494      11.2762
      4206.60      319.434      11.5472
      4208.00      289.271      10.6842
      4209.40      312.298      11.2079
      4210.80      319.904      11.5563
      4212.20      319.712      11.6600
      4213.60      311.003      11.6310
      4215.00      307.629      11.5711
      4216.40      314.721      11.2853
      4217.80      327.451      11.2211
      4219.20      311.260      10.9392
      4220.60      321.999      11.1518
      4222.00      303.104      10.8040
      4223.40      294.289      10.6080
      4224.80      311.095      10.7855
      4226.20      290.656      10.4159
      4227.60      308.625      10.6984
      4229.00      310.456      10.7724
      4230.40      332.626      11.2093
      4231.80      307.119      10.7918
      4233.20      304.128      10.7888
      4234.60      328.309      11.3821
      4236.00      311.772      10.9276
      4237.40      321.797      11.0554
      4238.80      320.673      11.0691
      4240.20      319.319      10.9923
      4241.60      325.993      11.0361
      4243.00      320.506      10.9100
      4244.40      337.259      11.3537
      4245.80      303.142      10.7146
      4247.20      307.399      11.0064
      4248.60      325.465      11.2406
      4250.00      301.595      10.5688
      4251.40      304.613      10.5014
      4252.80      301.129      10.3893
      4254.20      315.451      10.9706
      4255.60      306.665      10.5486
      4257.00      306.624      10.3916
      4258.40      315.311      10.5165
      4259.80      311.749      10.6465
      4261.20      315.878      10.5805
      4262.60      310.234      10.6199
      4264.00      318.677      11.0594
      4265.40      334.573      11.2283
      4266.80      328.043      10.9567
      4268.20      323.623      10.7570
      4269.60      307.402      10.5029
      4271.00      302.475      10.3046
      4272.40      304.428      10.3848
      4273.80      325.488      10.9236
      4275.20      299.622      10.2469
      4276.60      332.469      10.8602
      4278.00      308.263      10.4753
      4279.40      320.258      10.9289
      4280.80      316.651      10.6553
      4282.20      318.755      10.8914
      4283.60      318.180      11.0152
      4285.00      309.499      10.7288
      4286.40      318.898      10.8605
      4287.80      313.750      11.0115
      4289.20      311.768      10.4536
      4290.60      303.985      10.1784
      4292.00      310.726      10.3849
      4293.40      314.958      10.4804
      4294.80      314.323      10.6036
      4296.20      312.427      10.4894
      4297.60      306.043      10.3726
      4299.00      296.449      10.3757
      4300.40      292.276      9.89439
      4301.80      298.570      10.0622
      4303.20      301.701      10.0397
      4304.60      325.572      10.5787
      4306.00      301.425      10.1285
      4307.40      308.721      10.1990
      4308.80      309.042      10.1385
      4310.20      318.205      10.4341
      4311.60      314.946      10.4294
      4313.00      312.444      10.4149
      4314.40      311.101      10.3178
      4315.80      289.579      9.91069
      4317.20      306.229      10.2380
      4318.60      298.611      9.92583
      4320.00      302.429      10.3136
      4321.40      291.307      9.77702
      4322.80      316.794      10.3086
      4324.20      306.055      10.0958
      4325.60      282.350      9.57096
      4327.00      292.523      9.78578
      4328.40      313.216      10.2829
      4329.80      311.134      10.5466
      4331.20      301.451      10.8236
      4332.60      304.184      10.5777
      4334.00      279.564      9.75782
      4335.40      277.201      9.58534
      4336.80      236.427      8.81789
      4338.20      209.274      8.39239
      4339.60      168.022      7.75222
      4341.00      186.177      8.00514
      4342.40      245.260      8.96499
      4343.80      270.593      9.36914
      4345.20      272.740      9.49973
      4346.60      287.288      10.1421
      4348.00      280.827      9.87931
      4349.40      290.930      10.0123
      4350.80      296.833      10.0697
      4352.20      293.144      9.91316
      4353.60      292.067      9.75017
      4355.00      304.857      9.94798
      4356.40      299.223      9.90809
      4357.80      296.472      10.2016
      4359.20      292.249      10.9371
      4360.60      307.815      11.6308
      4362.00      305.849      10.5436
      4363.40      315.612      10.3615
      4364.80      301.089      9.93134
      4366.20      309.554      10.0939
      4367.60      321.244      10.4824
      4369.00      318.844      10.1511
      4370.40      317.526      10.0307
      4371.80      309.229      9.94491
      4373.20      315.165      10.1234
      4374.60      289.910      9.91436
      4376.00      320.929      10.5867
      4377.40      321.420      10.5834
      4378.80      317.418      10.4876
      4380.20      323.943      10.4329
      4381.60      301.394      9.89180
      4383.00      292.403      9.70130
      4384.40      328.980      10.2757
      4385.80      312.980      9.98456
      4387.20      311.510      10.1956
      4388.60      317.098      10.4521
      4390.00      315.587      10.3277
      4391.40      310.029      10.0221
      4392.80      316.991      10.1240
      4394.20      315.018      10.1244
      4395.60      304.072      10.0809
      4397.00      316.028      10.1373
      4398.40      313.820      9.98853
      4399.80      325.509      10.3393
      4401.20      320.261      10.1616
      4402.60      318.121      10.0819
      4404.00      315.216      10.1726
      4405.40      311.160      10.2234
      4406.80      309.565      9.91654
      4408.20      312.570      9.88194
      4409.60      317.919      10.0194
      4411.00      316.963      10.0422
      4412.40      316.549      10.2648
      4413.80      322.156      10.3028
      4415.20      320.229      10.0029
      4416.60      302.371      9.64450
      4418.00      312.983      9.76200
      4419.40      314.923      9.94036
      4420.80      309.645      9.80665
      4422.20      325.151      10.1036
      4423.60      314.278      10.0005
      4425.00      288.261      9.57804
      4426.40      327.231      10.1672
      4427.80      321.815      10.0048
      4429.20      307.801      9.62595
      4430.60      309.929      9.71211
      4432.00      323.633      9.96880
      4433.40      315.339      9.95188
      4434.80      308.706      10.0098
      4436.20      312.419      10.3011
      4437.60      299.449      9.77178
      4439.00      308.232      9.73928
      4440.40      303.323      9.60789
      4441.80      301.988      9.53483
      4443.20      302.744      9.57806
      4444.60      304.197      9.57914
      4446.00      306.418      9.64390
      4447.40      311.500      9.66664
      4448.80      314.359      9.69821
      4450.20      320.369      9.87176
      4451.60      317.868      9.78787
      4453.00      301.802      9.53780
      4454.40      311.181      9.66022
      4455.80      323.795      11.9040
      4457.20      318.971      9.77777
      4458.60      311.537      9.62123
      4460.00      313.007      10.0346
      4461.40      323.903      9.93280
      4462.80      310.840      9.65450
      4464.20      308.719      9.65338
      4465.60      317.388      9.87461
      4467.00      314.489      9.71791
      4468.40      311.281      9.57439
      4469.80      303.471      9.47336
      4471.20      308.571      9.66451
      4472.60      316.962      9.84130
      4474.00      309.167      9.60034
      4475.40      304.846      9.43197
      4476.80      317.481      9.59882
      4478.20      302.825      9.41975
      4479.60      313.683      9.59203
      4481.00      310.532      9.64053
      4482.40      298.801      9.36757
      4483.80      312.706      9.48965
      4485.20      314.444      9.46550
      4486.60      320.902      9.73465
      4488.00      293.043      9.34058
      4489.40      310.065      9.89015
      4490.80      310.777      9.53212
      4492.20      302.405      9.34036
      4493.60      300.065      9.40623
      4495.00      318.964      9.86796
      4496.40      312.052      9.92996
      4497.80      309.239      9.42208
      4499.20      304.456      9.33542
      4500.60      304.991      9.38856
      4502.00      315.446      9.67284
      4503.40      301.890      9.47283
      4504.80      301.861      9.73033
      4506.20      311.950      9.73241
      4507.60      303.242      9.30580
      4509.00      303.393      9.37247
      4510.40      296.563      9.30237
      4511.80      296.675      9.33575
      4513.20      306.206      9.44507
      4514.60      325.843      9.63792
      4516.00      319.258      9.49391
      4517.40      309.242      9.32938
      4518.80      317.786      9.48205
      4520.20      315.424      9.39646
      4521.60      306.759      9.31416
      4523.00      311.697      9.40067
      4524.40      302.941      9.58694
      4525.80      296.513      9.14946
      4527.20      301.416      9.28529
      4528.60      315.469      9.71979
      4530.00      304.375      9.33852
      4531.40      322.490      9.60098
      4532.80      322.279      9.63643
      4534.20      337.058      9.86375
      4535.60      301.186      9.23030
      4537.00      312.697      9.46204
      4538.40      324.682      12.7617
      4539.80      318.815      10.0837
      4541.20      316.381      9.85352
      4542.60      318.308      9.88103
      4544.00      317.173      9.85578
      4545.40      312.580      9.60858
      4546.80      313.452      9.57361
      4548.20      318.351      9.57188
      4549.60      315.481      9.57938
      4551.00      315.184      9.63304
      4552.40      308.676      9.41219
      4553.80      305.884      9.64207
      4555.20      302.509      9.22135
      4556.60      294.015      9.16472
      4558.00      319.629      9.72669
      4559.40      318.545      10.5983
      4560.80      298.316      10.6897
      4562.20      321.863      9.79644
      4563.60      309.529      9.44996
      4565.00      322.074      9.62769
      4566.40      317.175      9.45339
      4567.80      312.986      9.71922
      4569.20      314.460      9.49359
      4570.60      306.979      9.34474
      4572.00      300.504      9.24724
      4573.40      316.762      9.66894
      4574.80      309.554      9.12010
      4576.20      314.827      9.22854
      4577.60      304.184      9.10893
      4579.00      309.165      9.28397
      4580.40      313.424      9.26223
      4581.80      303.025      8.94490
      4583.20      311.774      9.13622
      4584.60      307.612      9.06484
      4586.00      319.220      9.28938
      4587.40      321.549      9.43828
      4588.80      321.544      9.35977
      4590.20      298.781      8.88235
      4591.60      323.233      9.32475
      4593.00      300.852      8.92638
      4594.40      303.313      9.08817
      4595.80      308.602      9.18582
      4597.20      306.916      9.01565
      4598.60      314.886      9.17591
      4600.00      318.007      9.42446
      4601.40      323.143      9.53850
      4602.80      329.925      9.65212
      4604.20      311.103      9.27905
      4605.60      307.688      9.04289
      4607.00      314.812      9.10130
      4608.40      310.306      9.02320
      4609.80      307.835      9.01805
      4611.20      313.466      9.22701
      4612.60      300.555      9.15553
      4614.00      307.506      9.30684
      4615.40      296.640      8.89260
      4616.80      309.599      8.97338
      4618.20      302.752      8.81845
      4619.60      301.889      8.84259
      4621.00      297.884      8.80011
      4622.40      305.124      9.01486
      4623.80      310.977      9.04252
      4625.20      305.563      8.93890
      4626.60      322.373      9.25428
      4628.00      319.091      9.27090
      4629.40      317.306      9.49214
      4630.80      320.553      9.36451
      4632.20      310.640      9.01009
      4633.60      310.593      9.03936
      4635.00      311.047      9.05794
      4636.40      311.330      9.04453
      4637.80      321.322      9.15660
      4639.20      307.262      8.93566
      4640.60      314.073      9.07474
      4642.00      312.626      9.00888
      4643.40      334.413      9.63978
      4644.80      314.769      9.46017
      4646.20      306.331      9.21093
      4647.60      312.461      9.16693
      4649.00      309.654      8.98015
      4650.40      314.740      9.07021
      4651.80      300.528      8.86009
      4653.20      303.444      8.87161
      4654.60      304.713      8.93387
      4656.00      307.108      8.95410
      4657.40      300.134      8.89498
      4658.80      316.183      9.27259
      4660.20      310.739      9.05798
      4661.60      312.991      9.04855
      4663.00      314.418      9.05517
      4664.40      304.620      8.88762
      4665.80      297.211      8.77098
      4667.20      307.318      8.95749
      4668.60      308.722      8.96492
      4670.00      311.084      8.99729
      4671.40      311.597      9.18947
      4672.80      308.165      8.88570
      4674.20      300.483      8.77688
      4675.60      311.674      9.04175
      4677.00      316.672      9.01843
      4678.40      324.360      9.11740
      4679.80      322.276      9.05603
      4681.20      312.139      9.10941
      4682.60      310.252      8.92437
      4684.00      306.278      8.89957
      4685.40      309.419      8.81853
      4686.80      301.727      8.75515
      4688.20      300.454      8.79184
      4689.60      295.685      8.76642
      4691.00      305.212      8.93365
      4692.40      308.821      9.01533
      4693.80      305.235      8.93427
      4695.20      315.661      9.09315
      4696.60      308.097      9.22681
      4698.00      304.658      8.79622
      4699.40      317.026      9.10554
      4700.80      300.700      8.73738
      4702.20      300.257      8.74581
      4703.60      298.229      8.68656
      4705.00      305.674      8.90552
      4706.40      300.878      8.88456
      4707.80      295.735      8.82479
      4709.20      294.682      10.7039
      4710.60      296.913      9.04040
      4712.00      309.552      9.05817
      4713.40      313.392      9.29443
      4714.80      309.013      9.06888
      4716.20      308.069      9.01866
      4717.60      316.533      9.10513
      4719.00      301.286      8.83546
      4720.40      306.471      8.96947
      4721.80      308.781      9.02849
      4723.20      298.265      8.81167
      4724.60      302.936      8.94007
      4726.00      318.181      9.16843
      4727.40      305.610      8.91397
      4728.80      304.109      8.95504
      4730.20      319.876      9.23242
      4731.60      314.920      9.07412
      4733.00      308.646      8.96030
      4734.40      311.802      8.95235
      4735.80      304.681      8.86038
      4737.20      307.187      8.94353
      4738.60      306.768      9.10664
      4740.00      317.817      9.48979
      4741.40      301.871      8.99536
      4742.80      311.088      8.93444
      4744.20      313.984      8.88710
      4745.60      313.955      8.83256
      4747.00      294.384      8.45898
      4748.40      310.960      8.71581
      4749.80      315.456      8.81888
      4751.20      314.093      8.92536
      4752.60      306.524      8.74584
      4754.00      297.837      8.48375
      4755.40      309.635      8.70106
      4756.80      308.078      8.62138
      4758.20      314.441      8.73522
      4759.60      308.235      8.64142
      4761.00      314.177      8.86320
      4762.40      312.103      8.66934
      4763.80      308.712      8.61173
      4765.20      312.097      8.70138
      4766.60      297.195      8.46931
      4768.00      307.335      8.66550
      4769.40      302.420      8.58270
      4770.80      318.517      8.72009
      4772.20      312.930      8.75765
      4773.60      304.127      8.59990
      4775.00      290.090      8.37694
      4776.40      286.747      8.34948
      4777.80      299.419      8.67250
      4779.20      311.329      8.98379
      4780.60      298.511      8.49263
      4782.00      302.802      8.52351
      4783.40      305.598      8.55139
      4784.80      308.250      8.75267
      4786.20      295.102      8.63469
      4787.60      300.041      8.67353
      4789.00      306.379      8.73101
      4790.40      292.125      8.29939
      4791.80      301.081      8.86441
      4793.20      316.768      8.77532
      4794.60      310.178      8.63095
      4796.00      299.122      8.46087
      4797.40      296.980      8.40525
      4798.80      311.295      8.57351
      4800.20      305.461      8.68589
      4801.60      285.805      8.55646
      4803.00      296.313      8.40132
      4804.40      312.880      8.63053
      4805.80      300.971      8.41594
      4807.20      296.562      8.44476
      4808.60      293.328      8.55814
      4810.00      304.409      8.82117
      4811.40      312.077      8.81860
      4812.80      305.183      8.51938
      4814.20      295.022      8.31057
      4815.60      288.112      8.20912
      4817.00      300.812      8.46114
      4818.40      291.087      8.27709
      4819.80      301.429      8.49128
      4821.20      302.762      8.57684
      4822.60      288.449      8.42973
      4824.00      302.883      8.83315
      4825.40      307.680      8.71707
      4826.80      305.157      8.63104
      4828.20      305.242      8.53445
      4829.60      289.258      8.18020
      4831.00      279.651      8.02854
      4832.40      317.314      8.73763
      4833.80      313.877      8.82526
      4835.20      312.733      8.82253
      4836.60      296.134      8.35614
      4838.00      314.192      8.68006
      4839.40      311.888      8.68642
      4840.80      301.177      8.60669
      4842.20      295.405      8.44171
      4843.60      301.294      8.40186
      4845.00      278.202      8.03049
      4846.40      299.807      8.49500
      4847.80      283.808      8.27675
      4849.20      270.619      8.05963
      4850.60      285.595      8.30073
      4852.00      277.986      8.37967
      4853.40      271.044      8.32927
      4854.80      268.558      8.11530
      4856.20      267.923      8.11635
      4857.60      243.746      7.73052
      4859.00      193.066      6.85755
      4860.40      163.828      6.28934
      4861.80      196.658      6.77543
      4863.20      245.291      7.68120
      4864.60      252.613      7.68953
      4866.00      260.594      7.89215
      4867.40      272.739      8.19688
      4868.80      265.242      7.97300
      4870.20      277.077      8.68031
      4871.60      279.031      8.64729
      4873.00      276.294      8.21035
      4874.40      290.229      8.50163
      4875.80      288.663      8.41987
      4877.20      288.698      8.39273
      4878.60      294.411      8.42880
      4880.00      285.482      8.22536
      4881.40      297.742      8.46854
      4882.80      297.672      8.53132
      4884.20      303.804      8.68170
      4885.60      298.592      8.43151
      4887.00      292.751      8.31643
      4888.40      286.344      8.28422
      4889.80      281.526      8.26294
      4891.20      281.970      8.21976
      4892.60      292.203      8.18958
      4894.00      291.819      8.17954
      4895.40      302.614      8.54068
      4896.80      304.731      8.57712
      4898.20      305.393      8.42841
      4899.60      298.078      8.18875
      4901.00      300.417      8.18679
      4902.40      307.256      8.29859
      4903.80      305.773      8.45180
      4905.20      299.885      9.05202
      4906.60      307.140      10.0704
      4908.00      294.862      8.15054
      4909.40      304.912      8.34409
      4910.80      305.909      8.57122
      4912.20      299.338      8.21578
      4913.60      291.104      8.00291
      4915.00      306.483      8.24114
      4916.40      305.586      8.23312
      4917.80      308.216      8.33034
      4919.20      292.488      8.06139
      4920.60      289.343      7.97279
      4922.00      289.048      7.97329
      4923.40      286.754      7.90172
      4924.80      288.669      8.01450
      4926.20      304.910      8.34199
      4927.60      302.802      8.32305
      4929.00      306.835      8.25029
      4930.40      291.688      7.98364
      4931.80      310.485      8.28830
      4933.20      283.845      7.83528
      4934.60      306.005      8.32661
      4936.00      300.543      8.11814
      4937.40      294.454      8.03978
      4938.80      298.645      8.10003
      4940.20      291.483      7.98384
      4941.60      297.859      8.08834
      4943.00      302.907      8.14968
      4944.40      299.531      8.11730
      4945.80      297.234      8.22746
      4947.20      306.138      8.36854
      4948.60      304.508      8.14156
      4950.00      296.928      8.05770
      4951.40      305.844      8.34326
      4952.80      285.078      8.00653
      4954.20      288.899      7.96090
      4955.60      287.520      7.89287
      4957.00      290.900      8.00414
      4958.40      293.921      8.29398
      4959.80      288.565      8.02839
      4961.20      292.119      7.99415
      4962.60      298.328      8.08663
      4964.00      295.232      8.11167
      4965.40      293.207      8.04039
      4966.80      293.138      8.09019
      4968.20      294.909      8.04182
      4969.60      295.156      8.11016
      4971.00      293.845      8.05361
      4972.40      296.256      8.12924
      4973.80      302.840      8.25633
      4975.20      297.020      8.18455
      4976.60      284.585      7.93837
      4978.00      298.938      8.11235
      4979.40      295.280      8.07248
      4980.80      296.353      8.17950
      4982.20      304.634      8.43322
      4983.60      303.856      8.37631
      4985.00      299.570      8.20848
      4986.40      297.834      8.20918
      4987.80      300.505      8.33842
      4989.20      301.047      8.31255
      4990.60      280.124      7.79057
      4992.00      289.383      8.06705
      4993.40      289.207      7.99636
      4994.80      284.552      7.87406
      4996.20      284.506      7.84895
      4997.60      285.453      8.43208
      4999.00      287.112      7.92709
