      3900.00      454.725      24.8309
      3901.40      430.920      23.6327
      3902.80      460.619      23.3373
      3904.20      480.615      23.6136
      3905.60      469.099      23.3828
      3907.00      505.185      24.0261
      3908.40      541.707      24.3297
      3909.80      553.544      25.2333
      3911.20      575.290      24.7402
      3912.60      572.451      24.5661
      3914.00      592.165      24.2049
      3915.40      596.839      24.0769
      3916.80      573.647      23.6428
      3918.20      564.004      23.3682
      3919.60      588.788      23.8658
      3921.00      596.404      24.1349
      3922.40      586.461      23.4675
      3923.80      607.898      23.8130
      3925.20      616.486      23.8966
      3926.60      600.947      23.5701
      3928.00      619.501      23.7924
      3929.40      654.245      24.0378
      3930.80      558.957      22.3414
      3932.20      552.190      22.1780
      3933.60      440.498      20.6330
      3935.00      352.730      19.4188
      3936.40      473.469      21.2425
      3937.80      574.468      22.7749
      3939.20      602.286      23.1951
      3940.60      578.157      22.4060
      3942.00      573.657      22.2504
      3943.40      614.126      22.8817
      3944.80      634.149      23.4783
      3946.20      593.933      23.3249
      3947.60      554.151      21.9789
      3949.00      518.169      21.0207
      3950.40      567.087      22.0652
      3951.80      548.554      21.9768
      3953.20      575.807      24.5461
      3954.60      548.334      23.1841
      3956.00      515.005      22.0218
      3957.40      497.843      21.6954
      3958.80      477.402      21.4797
      3960.20      463.860      21.7472
      3961.60      408.967      20.5911
      3963.00      419.276      21.2694
      3964.40      407.224      21.5922
      3965.80      342.681      21.0469
      3967.20      317.561      21.5550
      3968.60      242.451      20.2331
      3970.00      182.553      18.9357
      3971.40      174.105      16.9907
      3972.80      274.384      17.6267
      3974.20      328.241      18.2815
      3975.60      366.265      18.7930
      3977.00      391.142      19.2415
      3978.40      418.009      19.4943
      3979.80      422.748      19.7469
      3981.20      438.996      19.1364
      3982.60      484.134      19.8228
      3984.00      501.837      19.8286
      3985.40      469.283      19.3347
      3986.80      510.466      20.0510
      3988.20      545.956      20.4745
      3989.60      554.844      20.4853
      3991.00      576.516      20.7593
      3992.40      543.007      20.2044
      3993.80      529.917      20.2988
      3995.20      549.308      20.4073
      3996.60      584.941      20.4401
      3998.00      602.120      20.6803
      3999.40      598.688      20.7319
      4000.80      609.513      20.8403
      4002.20      595.712      23.9467
      4003.60      603.688      24.6558
      4005.00      615.942      21.2652
      4006.40      607.045      20.7574
      4007.80      602.735      20.6128
      4009.20      604.507      20.6539
      4010.60      576.189      20.4201
      4012.00      601.171      21.2689
      4013.40      607.415      21.4896
      4014.80      593.697      20.8580
      4016.20      582.451      20.1929
      4017.60      621.296      20.3717
      4019.00      620.995      20.4171
      4020.40      609.500      20.5423
      4021.80      590.416      20.8870
      4023.20      632.434      22.4232
      4024.60      671.597      21.6322
      4026.00      592.214      20.2067
      4027.40      612.115      20.6321
      4028.80      634.494      21.3658
      4030.20      627.858      21.3407
      4031.60      566.200      20.2555
      4033.00      592.303      20.7152
      4034.40      568.577      20.0285
      4035.80      594.337      20.2650
      4037.20      613.124      20.5498
      4038.60      603.060      20.1224
      4040.00      615.705      20.2883
      4041.40      601.852      20.2371
      4042.80      597.586      20.5190
      4044.20      612.940      21.6644
      4045.60      603.248      20.4991
      4047.00      601.547      21.3439
      4048.40      575.362      21.6110
      4049.80      623.447      21.7538
      4051.20      679.730      21.9513
      4052.60      635.719      21.2633
      4054.00      585.659      20.3588
      4055.40      614.197      21.0864
      4056.80      637.074      21.4469
      4058.20      668.835      22.6618
      4059.60      608.288      26.4359
      4061.00      659.709      21.7113
      4062.40      574.360      20.8978
      4063.80      602.245      20.5940
      4065.20      583.880      20.2658
      4066.60      587.533      20.1492
      4068.00      587.625      20.6065
      4069.40      576.133      19.9908
      4070.80      578.141      19.7579
      4072.20      594.894      19.9902
      4073.60      574.494      19.5590
      4075.00      573.827      19.5122
      4076.40      603.241      19.9304
      4077.80      550.523      19.1862
      4079.20      556.771      19.3809
      4080.60      569.053      19.6405
      4082.00      492.507      17.9715
      4083.40      554.564      19.1345
      4084.80      548.836      19.2558
      4086.20      532.414      18.6480
      4087.60      526.756      18.3126
      4089.00      514.865      17.8309
      4090.40      484.448      17.1498
      4091.80      462.852      16.9165
      4093.20      447.415      17.2192
      4094.60      413.998      16.1011
      4096.00      375.216      15.3646
      4097.40      364.787      15.0137
      4098.80      312.881      14.1319
      4100.20      263.577      13.3580
      4101.60      215.399      12.5935
      4103.00      193.400      12.3127
      4104.40      228.553      12.7864
      4105.80      340.207      14.8511
      4107.20      339.729      15.4764
      4108.60      356.613      15.0992
      4110.00      363.146      15.5065
      4111.40      440.698      17.0087
      4112.80      460.244      17.0925
      4114.20      480.097      17.0663
      4115.60      491.315      17.2760
      4117.00      483.802      17.0041
      4118.40      507.530      17.3128
      4119.80      533.660      17.6740
      4121.20      522.632      17.3823
      4122.60      519.548      17.4118
      4124.00      546.167      17.9175
      4125.40      530.160      17.8202
      4126.80      530.544      17.7711
      4128.20      548.700      18.2256
      4129.60      576.195      18.3141
      4131.00      576.373      18.2673
      4132.40      565.760      18.3522
      4133.80      581.316      19.0411
      4135.20      529.815      18.1764
      4136.60      568.676      18.3611
      4138.00      562.197      18.0150
      4139.40      553.243      17.7189
      4140.80      571.936      18.0015
      4142.20      582.001      18.1553
      4143.60      568.226      17.7773
      4145.00      568.142      17.6451
      4146.40      581.080      18.5463
      4147.80      592.345      18.2031
      4149.20      597.212      18.2011
      4150.60      592.904      17.9436
      4152.00      574.218      17.7239
      4153.40      605.697      18.1654
      4154.80      584.719      17.7366
      4156.20      562.548      17.6405
      4157.60      569.681      17.6104
      4159.00      579.615      17.5412
      4160.40      580.302      17.8039
      4161.80      568.919      17.4696
      4163.20      577.578      17.8687
      4164.60      551.301      17.5413
      4166.00      564.907      17.6298
      4167.40      594.355      17.8096
      4168.80      593.125      17.6959
      4170.20      606.469      17.9227
      4171.60      613.822      17.9544
      4173.00      559.806      17.0783
      4174.40      555.888      16.9181
      4175.80      563.655      16.9586
      4177.20      560.871      17.0841
      4178.60      554.922      16.8605
      4180.00      565.437      17.2120
      4181.40      565.861      17.4061
      4182.80      545.597      17.3927
      4184.20      583.671      17.1179
      4185.60      562.765      16.8331
      4187.00      572.015      16.9142
      4188.40      577.076      17.5297
      4189.80      565.879      17.0098
      4191.20      579.478      17.4251
      4192.60      606.186      17.7748
      4194.00      582.275      17.2522
      4195.40      574.370      17.0497
      4196.80      600.135      17.4197
      4198.20      560.958      16.9372
      4199.60      593.671      18.2754
      4201.00      621.935      19.1864
      4202.40      551.919      16.5353
      4203.80      560.329      16.6128
      4205.20      565.426      16.8102
      4206.60      556.223      16.7460
      4208.00      583.426      17.1444
      4209.40      580.097      17.0028
      4210.80      616.175      17.4859
      4212.20      578.813      16.8355
      4213.60      594.624      17.2405
      4215.00      612.080      17.4953
      4216.40      572.254      16.7355
      4217.80      571.120      16.8431
      4219.20      595.979      17.1240
      4220.60      588.385      16.8337
      4222.00      590.513      16.8985
      4223.40      560.646      16.3584
      4224.80      572.352      16.6469
      4226.20      569.616      16.6560
      4227.60      569.874      16.6117
      4229.00      549.295      16.3285
      4230.40      593.376      17.0616
      4231.80      606.838      17.3350
      4233.20      584.359      17.0342
      4234.60      550.349      16.2224
      4236.00      560.615      16.2130
      4237.40      571.927      17.0299
      4238.80      588.271      18.5675
      4240.20      583.935      16.5801
      4241.60      591.376      16.6886
      4243.00      575.585      16.4369
      4244.40      575.684      16.9726
      4245.80      598.270      16.8679
      4247.20      571.323      16.6238
      4248.60      581.229      16.5538
      4250.00      565.401      16.2766
      4251.40      545.734      15.9637
      4252.80      578.400      16.4854
      4254.20      574.599      16.3464
      4255.60      556.707      16.0283
      4257.00      549.579      15.9753
      4258.40      551.023      15.9381
      4259.80      576.604      16.4056
      4261.20      543.124      15.6660
      4262.60      547.815      15.9590
      4264.00      556.355      16.2461
      4265.40      588.606      16.5451
      4266.80      571.583      16.1066
      4268.20      569.419      16.1553
      4269.60      545.860      15.7954
      4271.00      541.300      15.5198
      4272.40      560.361      16.0045
      4273.80      546.237      15.6640
      4275.20      576.372      16.1752
      4276.60      570.764      16.1249
      4278.00      567.675      16.0037
      4279.40      567.515      15.8651
      4280.80      563.032      15.8475
      4282.20      579.371      16.5171
      4283.60      555.090      16.1525
      4285.00      587.652      16.3653
      4286.40      562.558      15.8392
      4287.80      583.391      16.2191
      4289.20      541.340      15.4773
      4290.60      538.010      15.4911
      4292.00      557.638      15.7801
      4293.40      592.982      17.0349
      4294.80      558.304      15.8197
      4296.20      531.624      15.6981
      4297.60      544.149      15.4188
      4299.00      557.466      15.5163
      4300.40      514.621      14.8659
      4301.80      515.373      14.8536
      4303.20      541.101      15.2904
      4304.60      552.195      15.4473
      4306.00      567.642      15.7477
      4307.40      515.130      14.8667
      4308.80      516.640      14.8695
      4310.20      545.480      15.3449
      4311.60      525.694      15.0858
      4313.00      525.986      15.0338
      4314.40      530.340      15.1309
      4315.80      523.948      15.1388
      4317.20      527.995      15.2550
      4318.60      501.625      15.1357
      4320.00      506.654      14.7262
      4321.40      493.482      14.5224
      4322.80      519.728      14.9892
      4324.20      496.072      14.7303
      4325.60      495.165      14.5704
      4327.00      471.061      14.0758
      4328.40      444.227      13.9348
      4329.80      444.096      13.8778
      4331.20      440.494      13.8604
      4332.60      423.950      13.5124
      4334.00      384.479      12.7819
      4335.40      358.986      12.1350
      4336.80      341.870      11.8304
      4338.20      284.938      10.7647
      4339.60      252.655      10.2956
      4341.00      171.331      8.89446
      4342.40      218.036      9.76364
      4343.80      257.951      10.5808
      4345.20      278.756      10.8537
      4346.60      356.877      12.1989
      4348.00      369.151      12.4349
      4349.40      394.794      13.0067
      4350.80      415.711      13.5523
      4352.20      415.194      13.1163
      4353.60      422.972      13.1046
      4355.00      444.603      13.5290
      4356.40      471.883      14.1335
      4357.80      477.723      15.0334
      4359.20      487.298      17.2632
      4360.60      499.277      16.8642
      4362.00      525.588      15.6867
      4363.40      517.470      14.9424
      4364.80      523.777      15.0427
      4366.20      543.666      15.4138
      4367.60      527.926      15.1144
      4369.00      543.701      15.2109
      4370.40      523.611      14.7625
      4371.80      543.860      15.1916
      4373.20      549.771      16.1902
      4374.60      512.903      15.0831
      4376.00      524.275      15.1858
      4377.40      551.957      15.5000
      4378.80      547.883      15.6634
      4380.20      555.127      15.8275
      4381.60      552.983      15.7576
      4383.00      561.779      15.6441
      4384.40      530.362      14.8515
      4385.80      527.078      14.8302
      4387.20      552.745      15.2379
      4388.60      554.007      15.3178
      4390.00      539.494      15.1576
      4391.40      548.265      15.2463
      4392.80      550.216      15.2807
      4394.20      535.773      15.4117
      4395.60      504.313      14.4675
      4397.00      518.393      14.5889
      4398.40      567.371      15.2584
      4399.80      545.755      14.9354
      4401.20      538.722      14.8326
      4402.60      529.751      14.5913
      4404.00      536.812      14.7057
      4405.40      566.732      15.1457
      4406.80      531.361      14.5274
      4408.20      549.841      14.9392
      4409.60      554.475      14.9643
      4411.00      567.817      15.9891
      4412.40      576.250      15.2979
      4413.80      553.192      15.1008
      4415.20      551.502      14.9520
      4416.60      515.788      14.2164
      4418.00      531.799      14.4734
      4419.40      534.157      14.5610
      4420.80      559.326      15.0425
      4422.20      527.429      14.3998
      4423.60      543.824      15.1065
      4425.00      548.715      14.6990
      4426.40      542.873      14.7596
      4427.80      539.572      14.7194
      4429.20      533.429      14.4315
      4430.60      545.956      14.6485
      4432.00      541.835      14.5990
      4433.40      545.669      14.5998
      4434.80      509.390      14.4308
      4436.20      526.540      14.6571
      4437.60      523.107      14.4359
      4439.00      539.198      15.2954
      4440.40      534.423      14.7060
      4441.80      525.865      14.2338
      4443.20      530.599      14.3849
      4444.60      522.169      14.3567
      4446.00      521.044      14.3014
      4447.40      556.978      14.8195
      4448.80      550.727      14.7323
      4450.20      536.091      14.5416
      4451.60      530.743      14.5368
      4453.00      522.655      14.2890
      4454.40      528.811      14.3277
      4455.80      532.195      14.2973
      4457.20      536.632      14.3724
      4458.60      543.271      14.4187
      4460.00      515.143      13.9427
      4461.40      527.188      14.1423
      4462.80      527.912      14.4289
      4464.20      527.746      14.3321
      4465.60      531.480      14.6027
      4467.00      519.984      14.4310
      4468.40      516.784      14.2895
      4469.80      511.567      14.0660
      4471.20      510.925      13.9278
      4472.60      537.541      14.2894
      4474.00      521.830      14.0899
      4475.40      516.877      14.1595
      4476.80      525.323      14.0250
      4478.20      511.709      14.0195
      4479.60      499.445      14.0118
      4481.00      495.871      13.9709
      4482.40      511.737      14.2327
      4483.80      506.176      14.3683
      4485.20      506.678      14.0879
      4486.60      508.033      14.1485
      4488.00      536.781      14.5278
      4489.40      515.532      14.1176
      4490.80      534.405      14.2697
      4492.20      544.209      14.3105
      4493.60      544.020      14.3708
      4495.00      533.855      14.1940
      4496.40      529.838      14.1105
      4497.80      545.017      14.2673
      4499.20      531.245      14.6620
      4500.60      514.138      13.8468
      4502.00      519.484      13.9061
      4503.40      513.274      13.8351
      4504.80      518.303      13.9401
      4506.20      518.754      14.0163
      4507.60      526.318      13.9768
      4509.00      507.230      13.6214
      4510.40      518.993      13.7863
      4511.80      520.859      13.8685
      4513.20      512.479      13.8415
      4514.60      538.336      14.1566
      4516.00      527.980      13.8272
      4517.40      510.589      13.6245
      4518.80      494.402      13.3746
      4520.20      512.256      13.7570
      4521.60      510.787      13.8010
      4523.00      504.198      13.6979
      4524.40      512.036      13.8898
      4525.80      511.564      13.7876
      4527.20      515.457      13.7329
      4528.60      510.174      13.6658
      4530.00      520.821      14.1117
      4531.40      533.404      14.8259
      4532.80      520.572      18.8934
      4534.20      515.212      14.4974
      4535.60      492.182      13.3850
      4537.00      525.610      13.8541
      4538.40      528.122      13.9710
      4539.80      529.186      13.9933
      4541.20      522.492      13.8913
      4542.60      519.891      13.7684
      4544.00      535.216      14.0861
      4545.40      537.261      14.0971
      4546.80      513.252      13.7272
      4548.20      525.492      13.8644
      4549.60      484.641      13.2032
      4551.00      493.220      13.3225
      4552.40      525.384      13.9059
      4553.80      490.732      13.3732
      4555.20      515.299      13.8284
      4556.60      505.463      13.4095
      4558.00      513.083      13.7485
      4559.40      529.756      16.6858
      4560.80      511.460      13.7469
      4562.20      503.888      13.6376
      4563.60      516.947      13.7933
      4565.00      510.478      13.3895
      4566.40      502.428      13.2190
      4567.80      518.028      13.4602
      4569.20      515.762      13.5453
      4570.60      501.663      13.4140
      4572.00      499.155      13.1968
      4573.40      483.187      12.7590
      4574.80      512.862      13.2663
      4576.20      517.951      13.2899
      4577.60      494.888      12.9415
      4579.00      507.519      13.2260
      4580.40      525.940      13.6191
      4581.80      517.380      13.5034
      4583.20      521.128      13.3450
      4584.60      484.191      12.6886
      4586.00      502.980      12.9316
      4587.40      501.757      13.1436
      4588.80      513.142      13.2466
      4590.20      496.915      12.9126
      4591.60      509.427      13.3361
      4593.00      507.487      13.3276
      4594.40      506.870      13.2673
      4595.80      518.923      13.3581
      4597.20      505.866      13.5948
      4598.60      514.647      14.9593
      4600.00      505.158      13.2802
      4601.40      507.216      12.9761
      4602.80      519.765      13.2974
      4604.20      530.022      13.4038
      4605.60      515.869      13.1545
      4607.00      506.127      12.9775
      4608.40      506.793      12.9885
      4609.80      502.069      13.1428
      4611.20      498.312      13.1076
      4612.60      507.866      13.1656
      4614.00      509.091      13.1160
      4615.40      514.796      13.1395
      4616.80      492.685      12.7506
      4618.20      506.463      12.9898
      4619.60      488.938      12.8154
      4621.00      493.547      12.9886
      4622.40      510.793      13.1799
      4623.80      499.662      12.8456
      4625.20      522.756      13.3303
      4626.60      518.593      13.0768
      4628.00      512.309      13.0801
      4629.40      490.033      12.8131
      4630.80      500.013      12.9337
      4632.20      503.040      12.9937
      4633.60      496.392      12.9287
      4635.00      516.935      13.3100
      4636.40      489.237      12.9303
      4637.80      507.151      13.1571
      4639.20      493.682      13.0733
      4640.60      495.646      12.8607
      4642.00      507.120      13.1018
      4643.40      491.977      13.1834
      4644.80      503.139      13.0150
      4646.20      506.688      12.8765
      4647.60      489.347      12.5869
      4649.00      497.150      12.6831
      4650.40      509.649      12.9605
      4651.80      476.722      12.3403
      4653.20      499.917      12.6808
      4654.60      507.444      13.0577
      4656.00      501.320      13.9497
      4657.40      499.854      12.8997
      4658.80      486.894      12.5002
      4660.20      481.543      12.4405
      4661.60      493.563      12.5971
      4663.00      490.018      12.5453
      4664.40      486.915      12.8978
      4665.80      500.684      12.7936
      4667.20      472.665      12.3130
      4668.60      486.028      12.4825
      4670.00      488.285      12.5497
      4671.40      492.793      12.8302
      4672.80      483.384      12.5928
      4674.20      485.472      12.6191
      4675.60      487.754      12.5604
      4677.00      482.687      12.4174
      4678.40      493.697      12.5517
      4679.80      490.801      12.5020
      4681.20      492.497      12.5234
      4682.60      496.059      12.6082
      4684.00      500.852      12.6591
      4685.40      483.984      12.4725
      4686.80      498.207      12.7062
      4688.20      500.295      12.6852
      4689.60      498.313      12.7593
      4691.00      480.437      12.4815
      4692.40      489.248      12.7042
      4693.80      502.810      12.7418
      4695.20      495.574      12.7757
      4696.60      499.158      12.8986
      4698.00      490.469      12.6123
      4699.40      475.178      12.3284
      4700.80      490.696      13.0330
      4702.20      476.241      12.4759
      4703.60      478.186      12.6017
      4705.00      488.231      12.5732
      4706.40      499.497      12.8604
      4707.80      474.226      12.3736
      4709.20      490.988      12.8640
      4710.60      490.789      12.7488
      4712.00      472.953      12.7484
      4713.40      484.150      12.7512
      4714.80      481.584      12.7644
      4716.20      476.735      12.5457
      4717.60      498.590      12.7909
      4719.00      473.871      12.4706
      4720.40      495.274      12.8309
      4721.80      505.444      12.9764
      4723.20      482.778      12.6294
      4724.60      484.948      12.6475
      4726.00      489.023      12.6509
      4727.40      475.008      12.4669
      4728.80      454.180      12.1983
      4730.20      474.178      12.3362
      4731.60      480.816      12.3472
      4733.00      473.300      12.2703
      4734.40      471.944      12.2658
      4735.80      468.783      12.1424
      4737.20      477.502      12.1184
      4738.60      473.312      12.0283
      4740.00      470.359      12.0213
      4741.40      493.439      12.5216
      4742.80      492.503      12.4414
      4744.20      495.406      12.4777
      4745.60      489.839      12.4017
      4747.00      482.115      12.1442
      4748.40      484.942      12.0956
      4749.80      467.609      13.7761
      4751.20      488.022      12.4138
      4752.60      482.958      12.2103
      4754.00      494.264      12.2596
      4755.40      470.476      18.5793
      4756.80      469.077      12.4427
      4758.20      477.359      12.0436
      4759.60      492.417      12.2980
      4761.00      467.421      11.8514
      4762.40      483.442      12.0330
      4763.80      492.420      12.7148
      4765.20      487.208      16.7116
      4766.60      489.986      12.0834
      4768.00      472.466      11.7890
      4769.40      478.274      11.9570
      4770.80      477.600      11.9788
      4772.20      464.195      11.7431
      4773.60      471.282      12.1278
      4775.00      457.202      12.0603
      4776.40      459.192      12.0174
      4777.80      477.727      12.1028
      4779.20      469.429      11.7642
      4780.60      478.779      11.8665
      4782.00      479.584      12.0711
      4783.40      462.711      11.9881
      4784.80      482.568      12.1147
      4786.20      466.038      11.6227
      4787.60      463.559      11.6044
      4789.00      463.919      11.6396
      4790.40      467.522      11.6894
      4791.80      461.528      11.5471
      4793.20      460.671      11.5805
      4794.60      469.184      11.7042
      4796.00      471.654      11.7833
      4797.40      467.516      11.7444
      4798.80      453.730      11.5546
      4800.20      453.887      11.4152
      4801.60      457.078      11.4791
      4803.00      462.375      12.5540
      4804.40      453.001      12.7449
      4805.80      461.765      12.2580
      4807.20      470.906      12.1839
      4808.60      479.027      11.8315
      4810.00      436.497      11.2258
      4811.40      457.371      11.5106
      4812.80      469.450      11.6476
      4814.20      469.112      11.6318
      4815.60      466.462      11.6096
      4817.00      438.586      11.1550
      4818.40      458.878      11.4842
      4819.80      444.719      11.2997
      4821.20      454.194      11.4604
      4822.60      441.535      11.2351
      4824.00      454.305      11.4653
      4825.40      453.817      11.5397
      4826.80      450.278      11.4806
      4828.20      445.575      11.4492
      4829.60      435.267      11.1742
      4831.00      454.903      11.4822
      4832.40      442.260      11.3027
      4833.80      452.132      11.7294
      4835.20      440.995      11.2933
      4836.60      442.322      11.2751
      4838.00      417.533      10.9026
      4839.40      418.593      10.9121
      4840.80      423.922      10.9961
      4842.20      424.667      11.0454
      4843.60      399.379      10.7084
      4845.00      407.686      10.9546
      4846.40      396.944      10.7598
      4847.80      393.874      10.6292
      4849.20      389.561      10.5662
      4850.60      384.091      10.5082
      4852.00      381.211      10.4364
      4853.40      360.269      10.1523
      4854.80      337.366      9.89264
      4856.20      316.950      9.51884
      4857.60      300.032      9.12631
      4859.00      261.366      8.40825
      4860.40      232.452      7.93498
      4861.80      186.454      7.22327
      4863.20      179.679      7.40589
      4864.60      214.134      7.95982
      4866.00      248.686      8.38474
      4867.40      280.540      8.81681
      4868.80      308.476      9.35394
      4870.20      338.377      9.89063
      4871.60      346.888      10.0971
      4873.00      350.824      9.96266
      4874.40      365.967      10.1391
      4875.80      370.912      10.3248
      4877.20      372.707      10.2867
      4878.60      390.652      10.4784
      4880.00      394.607      10.5926
      4881.40      403.022      10.7675
      4882.80      393.287      10.4285
      4884.20      402.518      10.6423
      4885.60      421.628      10.9648
      4887.00      415.269      10.7512
      4888.40      431.366      10.9169
      4889.80      436.796      11.0077
      4891.20      437.802      11.0143
      4892.60      429.648      11.1898
      4894.00      426.793      11.1079
      4895.40      431.685      11.0730
      4896.80      435.576      11.0844
      4898.20      423.975      11.0139
      4899.60      426.411      11.1828
      4901.00      430.298      11.2655
      4902.40      430.496      10.9880
      4903.80      454.988      11.2280
      4905.20      445.992      11.1098
      4906.60      450.137      11.1800
      4908.00      457.530      11.2758
      4909.40      435.233      10.8348
      4910.80      428.048      10.7640
      4912.20      432.343      10.7715
      4913.60      453.940      11.2622
      4915.00      433.998      11.0577
      4916.40      450.883      11.2678
      4917.80      432.385      10.9120
      4919.20      452.365      11.1455
      4920.60      437.404      10.9216
      4922.00      416.905      10.5461
      4923.40      432.272      10.7532
      4924.80      407.794      10.3895
      4926.20      416.323      10.5330
      4927.60      420.407      10.6546
      4929.00      434.642      10.7421
      4930.40      456.638      11.1377
      4931.80      462.568      11.2235
      4933.20      437.401      10.8171
      4934.60      436.168      10.8013
      4936.00      421.294      10.5631
      4937.40      448.332      11.0802
      4938.80      440.024      11.0554
      4940.20      433.894      10.9321
      4941.60      440.843      10.9454
      4943.00      439.973      10.8851
      4944.40      432.646      10.7691
      4945.80      439.231      10.8586
      4947.20      436.287      10.8036
      4948.60      445.403      10.9705
      4950.00      434.668      10.8764
      4951.40      434.830      10.9242
      4952.80      433.109      10.8423
      4954.20      444.234      10.8933
      4955.60      431.831      10.7085
      4957.00      431.650      10.6810
      4958.40      422.613      10.5440
      4959.80      427.741      10.7705
      4961.20      436.615      11.0038
      4962.60      445.727      11.1310
      4964.00      450.291      11.0329
      4965.40      414.985      10.4590
      4966.80      424.120      10.7104
      4968.20      421.952      10.5847
      4969.60      431.570      10.6687
      4971.00      430.610      10.8866
      4972.40      430.163      10.7421
      4973.80      440.593      11.1390
      4975.20      432.684      10.9259
      4976.60      443.078      11.1051
      4978.00      433.311      10.8505
      4979.40      452.902      11.2500
      4980.80      428.230      10.9837
      4982.20      436.323      11.0249
      4983.60      434.450      11.0591
      4985.00      434.971      11.4352
      4986.40      437.106      10.9957
      4987.80      433.253      10.9171
      4989.20      421.257      10.9936
      4990.60      421.852      10.8028
      4992.00      423.842      10.6519
      4993.40      426.557      10.6860
      4994.80      424.337      11.3267
      4996.20      439.116      11.8824
      4997.60      429.898      10.6805
      4999.00      427.047      10.5354
