      3900.00      188.465      14.4001
      3901.40      171.737      13.5923
      3902.80      203.537      14.1229
      3904.20      197.810      13.9126
      3905.60      192.686      13.7347
      3907.00      205.769      13.9514
      3908.40      205.097      14.1196
      3909.80      227.442      14.6407
      3911.20      232.919      14.9478
      3912.60      212.405      14.3678
      3914.00      193.812      13.7123
      3915.40      206.045      13.5298
      3916.80      208.300      13.4961
      3918.20      194.893      13.3558
      3919.60      199.092      13.8334
      3921.00      204.015      13.2666
      3922.40      216.200      13.2357
      3923.80      211.949      13.3020
      3925.20      215.790      13.2182
      3926.60      206.011      12.9085
      3928.00      194.139      12.7121
      3929.40      191.462      12.8681
      3930.80      190.471      12.8894
      3932.20      153.868      11.9530
      3933.60      85.8742      10.1718
      3935.00      129.404      11.0628
      3936.40      181.810      12.3162
      3937.80      191.066      12.5053
      3939.20      216.448      13.0758
      3940.60      212.350      13.2611
      3942.00      216.881      13.5846
      3943.40      221.945      14.2380
      3944.80      219.460      13.6734
      3946.20      228.573      14.1221
      3947.60      206.330      14.0772
      3949.00      219.665      14.4794
      3950.40      228.435      14.8654
      3951.80      243.570      15.1890
      3953.20      177.842      13.8278
      3954.60      205.259      14.5748
      3956.00      208.837      15.1605
      3957.40      196.913      15.6260
      3958.80      193.237      15.2722
      3960.20      197.742      14.7319
      3961.60      208.140      14.4459
      3963.00      181.118      13.5562
      3964.40      165.635      13.1724
      3965.80      162.510      12.5264
      3967.20      126.474      11.4298
      3968.60      80.5179      9.93748
      3970.00      81.9256      9.69023
      3971.40      126.703      10.9154
      3972.80      152.490      11.7719
      3974.20      164.850      12.1804
      3975.60      192.053      12.4722
      3977.00      190.419      12.1882
      3978.40      191.946      12.0417
      3979.80      179.792      11.9457
      3981.20      185.561      13.5464
      3982.60      209.626      13.2603
      3984.00      195.116      12.3297
      3985.40      194.985      11.9774
      3986.80      195.555      11.8372
      3988.20      217.965      12.5995
      3989.60      205.045      12.5079
      3991.00      224.239      12.5800
      3992.40      186.681      11.5521
      3993.80      231.714      12.4639
      3995.20      212.621      12.0039
      3996.60      208.996      11.8505
      3998.00      204.180      11.8092
      3999.40      212.274      12.1873
      4000.80      222.296      12.9407
      4002.20      223.440      13.4501
      4003.60      221.527      12.4842
      4005.00      197.244      11.4503
      4006.40      224.042      11.9239
      4007.80      234.791      12.1557
      4009.20      215.186      12.2568
      4010.60      219.235      12.2617
      4012.00      222.743      12.2584
      4013.40      225.575      11.9942
      4014.80      216.229      11.8408
      4016.20      208.382      11.6990
      4017.60      225.384      11.9848
      4019.00      222.537      11.8492
      4020.40      212.515      11.9751
      4021.80      242.774      12.7744
      4023.20      223.661      12.4766
      4024.60      220.299      12.5465
      4026.00      227.499      12.6509
      4027.40      215.722      12.0487
      4028.80      210.093      11.8355
      4030.20      214.457      11.9343
      4031.60      228.842      12.1026
      4033.00      218.920      11.9486
      4034.40      202.562      11.4549
      4035.80      226.656      11.8414
      4037.20      223.043      12.1495
      4038.60      225.094      12.4177
      4040.00      211.240      12.4734
      4041.40      213.500      12.3924
      4042.80      220.148      13.7632
      4044.20      208.351      12.7155
      4045.60      198.950      12.4768
      4047.00      224.427      13.6441
      4048.40      205.494      13.5351
      4049.80      213.980      12.6447
      4051.20      232.752      12.8096
      4052.60      213.679      12.1957
      4054.00      206.133      12.0166
      4055.40      199.039      11.7727
      4056.80      202.829      11.7335
      4058.20      209.008      12.0011
      4059.60      208.032      12.4988
      4061.00      209.665      11.7916
      4062.40      206.791      11.6855
      4063.80      195.326      11.7031
      4065.20      233.299      12.6345
      4066.60      213.448      11.7835
      4068.00      219.146      11.9186
      4069.40      221.023      12.2163
      4070.80      202.094      12.0127
      4072.20      203.132      11.4923
      4073.60      212.285      11.6781
      4075.00      199.960      11.0236
      4076.40      197.741      11.0248
      4077.80      207.423      11.2089
      4079.20      199.178      10.9678
      4080.60      205.838      11.2677
      4082.00      196.894      11.2836
      4083.40      213.662      11.9723
      4084.80      208.469      11.0267
      4086.20      203.989      10.9694
      4087.60      212.848      11.5350
      4089.00      201.927      11.0042
      4090.40      190.664      10.7077
      4091.80      181.449      10.4629
      4093.20      199.679      10.8718
      4094.60      206.227      10.9747
      4096.00      178.322      10.4317
      4097.40      171.569      10.2880
      4098.80      151.990      10.0185
      4100.20      150.001      9.45606
      4101.60      134.878      9.02440
      4103.00      134.095      9.08624
      4104.40      143.446      9.30731
      4105.80      152.990      9.88120
      4107.20      182.125      10.6877
      4108.60      190.834      10.9535
      4110.00      199.036      11.3380
      4111.40      200.568      10.9822
      4112.80      185.912      10.4313
      4114.20      200.227      10.6570
      4115.60      214.537      10.9931
      4117.00      219.213      11.2599
      4118.40      202.045      10.9050
      4119.80      219.423      11.4796
      4121.20      210.197      11.3891
      4122.60      206.616      10.9538
      4124.00      209.350      10.6341
      4125.40      190.504      10.3046
      4126.80      206.584      10.5610
      4128.20      226.067      10.9723
      4129.60      211.754      10.8783
      4131.00      210.940      10.8792
      4132.40      235.530      11.3801
      4133.80      196.248      10.5057
      4135.20      201.580      10.6954
      4136.60      215.268      11.0230
      4138.00      228.112      11.1985
      4139.40      214.365      10.6901
      4140.80      214.749      10.4931
      4142.20      212.989      10.4116
      4143.60      216.630      10.3862
      4145.00      208.744      10.2373
      4146.40      211.933      10.2588
      4147.80      219.741      10.4933
      4149.20      211.814      10.1084
      4150.60      222.304      10.3690
      4152.00      219.959      10.3472
      4153.40      194.834      10.0201
      4154.80      204.766      10.3509
      4156.20      210.320      10.3480
      4157.60      203.049      10.3463
      4159.00      206.475      10.0124
      4160.40      206.426      9.96997
      4161.80      210.422      10.0999
      4163.20      215.635      10.2102
      4164.60      216.021      10.2738
      4166.00      205.988      10.3469
      4167.40      227.618      10.5046
      4168.80      221.458      10.3832
      4170.20      187.312      9.84615
      4171.60      216.072      10.6640
      4173.00      202.150      10.3042
      4174.40      216.126      10.2759
      4175.80      231.474      10.4855
      4177.20      211.649      10.0308
      4178.60      224.871      10.2720
      4180.00      234.113      10.4348
      4181.40      208.769      9.88063
      4182.80      212.300      9.90797
      4184.20      220.385      10.1087
      4185.60      213.618      10.0345
      4187.00      216.909      10.1664
      4188.40      202.610      9.91570
      4189.80      230.846      10.4908
      4191.20      217.920      10.2635
      4192.60      211.106      10.0745
      4194.00      223.129      10.4163
      4195.40      219.586      10.2976
      4196.80      203.530      9.94028
      4198.20      213.400      10.0208
      4199.60      205.300      9.71082
      4201.00      209.718      9.76194
      4202.40      198.616      9.52199
      4203.80      210.782      9.74077
      4205.20      225.272      10.0201
      4206.60      213.355      9.75672
      4208.00      223.630      9.96333
      4209.40      226.541      10.1326
      4210.80      195.178      9.55879
      4212.20      193.400      9.48654
      4213.60      192.351      9.35245
      4215.00      207.672      9.64147
      4216.40      204.508      9.59162
      4217.80      206.366      9.64442
      4219.20      216.711      9.72355
      4220.60      211.029      9.66962
      4222.00      214.287      9.77426
      4223.40      202.532      9.57434
      4224.80      205.896      9.52707
      4226.20      190.652      9.14042
      4227.60      192.842      9.10407
      4229.00      206.305      9.55327
      4230.40      208.914      9.88996
      4231.80      205.965      9.92967
      4233.20      213.473      10.0232
      4234.60      203.634      9.88346
      4236.00      202.664      9.81021
      4237.40      201.432      9.55780
      4238.80      212.030      9.67543
      4240.20      216.268      9.58763
      4241.60      217.369      9.86269
      4243.00      217.236      9.56258
      4244.40      205.274      9.38233
      4245.80      202.807      9.34857
      4247.20      202.259      9.35694
      4248.60      205.523      9.33659
      4250.00      190.582      9.04363
      4251.40      182.350      8.85052
      4252.80      213.924      9.57387
      4254.20      201.274      9.26821
      4255.60      213.162      9.73346
      4257.00      210.108      9.93031
      4258.40      195.833      9.63169
      4259.80      200.322      9.54620
      4261.20      201.887      9.14436
      4262.60      213.165      9.41798
      4264.00      211.727      9.43306
      4265.40      200.899      9.97926
      4266.80      219.664      10.0229
      4268.20      209.089      9.47667
      4269.60      196.448      9.09284
      4271.00      194.242      9.01334
      4272.40      194.102      9.12349
      4273.80      214.206      9.58551
      4275.20      211.404      9.62367
      4276.60      211.629      9.33905
      4278.00      207.392      9.21494
      4279.40      201.928      9.07416
      4280.80      200.384      9.27285
      4282.20      207.286      9.34108
      4283.60      206.825      9.14613
      4285.00      224.084      9.41739
      4286.40      199.325      9.08255
      4287.80      209.290      9.53774
      4289.20      209.202      9.73745
      4290.60      208.003      9.73008
      4292.00      204.287      9.21072
      4293.40      200.360      8.98857
      4294.80      197.077      8.90385
      4296.20      193.215      8.85931
      4297.60      199.529      9.06880
      4299.00      199.894      8.96038
      4300.40      195.941      8.78353
      4301.80      200.606      9.01671
      4303.20      200.865      8.88251
      4304.60      200.778      8.90195
      4306.00      199.168      8.99365
      4307.40      203.594      8.95800
      4308.80      193.655      8.85388
      4310.20      206.948      9.16069
      4311.60      214.783      9.12665
      4313.00      215.813      9.05963
      4314.40      199.795      8.92706
      4315.80      209.845      9.50440
      4317.20      194.547      9.39751
      4318.60      206.684      9.58138
      4320.00      189.159      9.26681
      4321.40      202.769      9.47350
      4322.80      195.610      9.02759
      4324.20      198.246      8.85036
      4325.60      191.394      8.53249
      4327.00      203.403      8.75520
      4328.40      191.889      8.61231
      4329.80      194.434      8.73306
      4331.20      196.219      8.79911
      4332.60      185.853      8.46689
      4334.00      177.103      8.34402
      4335.40      170.872      8.36064
      4336.80      168.962      8.34908
      4338.20      159.864      7.89044
      4339.60      131.524      7.22285
      4341.00      106.541      6.68097
      4342.40      144.220      7.47963
      4343.80      159.268      7.92453
      4345.20      166.880      8.10362
      4346.60      188.404      8.77649
      4348.00      187.447      9.51957
      4349.40      184.893      8.83641
      4350.80      197.246      8.79856
      4352.20      183.435      8.36685
      4353.60      188.795      8.50725
      4355.00      189.136      8.51815
      4356.40      193.234      8.68201
      4357.80      195.838      9.55272
      4359.20      194.615      10.5992
      4360.60      202.187      10.4865
      4362.00      202.677      9.51012
      4363.40      203.210      9.00897
      4364.80      207.751      9.29947
      4366.20      196.608      9.10191
      4367.60      200.118      9.14844
      4369.00      205.301      9.19881
      4370.40      208.349      9.01989
      4371.80      211.143      9.04017
      4373.20      203.023      8.95876
      4374.60      194.834      8.65467
      4376.00      188.279      8.51031
      4377.40      199.268      8.74300
      4378.80      210.335      9.12926
      4380.20      215.535      9.46319
      4381.60      201.260      9.28201
      4383.00      193.191      8.50332
      4384.40      184.784      8.25831
      4385.80      192.931      8.67887
      4387.20      199.626      8.87793
      4388.60      193.925      8.49037
      4390.00      205.569      8.64178
      4391.40      200.764      8.63112
      4392.80      197.082      8.81182
      4394.20      192.021      8.84602
      4395.60      185.763      8.69565
      4397.00      197.421      8.72549
      4398.40      199.598      8.53558
      4399.80      196.305      8.40405
      4401.20      192.850      8.46823
      4402.60      207.114      8.77967
      4404.00      190.961      8.57964
      4405.40      188.641      8.36000
      4406.80      200.629      8.54492
      4408.20      208.551      8.77719
      4409.60      196.507      8.70613
      4411.00      202.058      8.58280
      4412.40      200.691      8.54594
      4413.80      192.731      8.40857
      4415.20      185.169      8.43424
      4416.60      178.746      8.17316
      4418.00      178.389      8.27705
      4419.40      197.549      8.80833
      4420.80      203.339      9.08461
      4422.20      202.146      8.64994
      4423.60      202.444      8.43021
      4425.00      202.887      8.48739
      4426.40      202.731      8.66643
      4427.80      201.555      8.60391
      4429.20      190.684      8.36747
      4430.60      202.976      8.43912
      4432.00      200.333      8.69554
      4433.40      196.471      8.49129
      4434.80      196.656      8.45386
      4436.20      197.556      8.32738
      4437.60      194.490      8.44247
      4439.00      192.778      8.40291
      4440.40      191.123      8.48864
      4441.80      197.946      8.57006
      4443.20      200.563      8.54386
      4444.60      193.435      8.51630
      4446.00      201.215      8.61285
      4447.40      197.002      8.34308
      4448.80      203.210      8.45278
      4450.20      211.011      8.90064
      4451.60      212.149      9.07554
      4453.00      209.732      8.57294
      4454.40      190.333      8.09200
      4455.80      196.245      8.17252
      4457.20      201.666      8.30868
      4458.60      213.298      8.65360
      4460.00      205.510      8.45472
      4461.40      205.794      8.43188
      4462.80      198.003      8.30475
      4464.20      214.287      8.59272
      4465.60      200.957      8.34323
      4467.00      206.568      8.41890
      4468.40      191.156      8.13118
      4469.80      197.095      8.30392
      4471.20      199.217      8.37815
      4472.60      194.790      8.32089
      4474.00      188.411      8.15556
      4475.40      223.033      8.70072
      4476.80      208.999      8.33772
      4478.20      197.462      8.10678
      4479.60      217.978      8.62261
      4481.00      201.168      8.33742
      4482.40      192.320      8.14319
      4483.80      198.751      8.15627
      4485.20      200.853      8.18073
      4486.60      186.918      7.97987
      4488.00      190.861      8.12892
      4489.40      194.153      8.29543
      4490.80      199.123      8.07354
      4492.20      193.586      8.02589
      4493.60      193.765      8.13078
      4495.00      185.253      8.07263
      4496.40      204.865      8.45829
      4497.80      206.025      8.38708
      4499.20      207.705      8.27538
      4500.60      198.272      8.11363
      4502.00      201.640      8.10913
      4503.40      200.362      8.08680
      4504.80      194.796      8.22271
      4506.20      205.900      8.69318
      4507.60      211.119      8.57405
      4509.00      198.307      7.98232
      4510.40      193.957      7.89079
      4511.80      212.878      8.37154
      4513.20      202.131      8.19770
      4514.60      197.278      8.02628
      4516.00      185.407      7.73658
      4517.40      207.861      8.18016
      4518.80      184.123      7.85792
      4520.20      202.335      8.30984
      4521.60      199.785      8.27623
      4523.00      203.000      8.28632
      4524.40      201.386      8.20714
      4525.80      202.852      8.26290
      4527.20      197.994      8.15649
      4528.60      197.724      8.15384
      4530.00      187.785      7.96023
      4531.40      206.650      8.33221
      4532.80      196.565      8.12156
      4534.20      194.407      8.01034
      4535.60      209.955      8.34914
      4537.00      195.301      8.08799
      4538.40      212.652      8.33532
      4539.80      203.527      8.14466
      4541.20      197.940      8.10647
      4542.60      208.210      8.36894
      4544.00      185.946      7.88670
      4545.40      204.151      8.18081
      4546.80      210.414      8.20201
      4548.20      203.461      7.97205
      4549.60      191.755      7.71934
      4551.00      202.692      7.90537
      4552.40      183.656      7.63886
      4553.80      186.597      7.73760
      4555.20      192.965      7.76699
      4556.60      192.569      7.69336
      4558.00      194.889      7.78792
      4559.40      206.646      7.97172
      4560.80      200.923      8.04117
      4562.20      194.060      7.73004
      4563.60      196.035      7.71170
      4565.00      202.514      7.84241
      4566.40      210.538      8.09231
      4567.80      194.546      7.74191
      4569.20      200.254      7.86185
      4570.60      197.384      8.14972
      4572.00      183.215      8.09376
      4573.40      199.526      8.00373
      4574.80      191.179      7.58819
      4576.20      196.776      7.83463
      4577.60      195.319      7.76792
      4579.00      203.805      7.78859
      4580.40      193.919      7.60580
      4581.80      190.225      7.61681
      4583.20      188.228      7.60035
      4584.60      190.198      7.60848
      4586.00      201.040      7.75463
      4587.40      196.148      7.63615
      4588.80      194.155      7.68893
      4590.20      197.182      7.69257
      4591.60      188.951      7.47674
      4593.00      186.769      7.54114
      4594.40      189.677      7.73966
      4595.80      202.383      8.00788
      4597.20      189.405      7.67961
      4598.60      198.651      7.76402
      4600.00      198.984      7.78297
      4601.40      187.499      7.65204
      4602.80      197.521      7.81477
      4604.20      198.782      7.72395
      4605.60      197.883      7.73188
      4607.00      187.812      7.80812
      4608.40      195.703      8.05306
      4609.80      183.343      7.56022
      4611.20      194.502      7.55562
      4612.60      202.294      7.71037
      4614.00      199.758      7.65680
      4615.40      199.369      7.76185
      4616.80      197.786      7.78873
      4618.20      199.055      7.66420
      4619.60      191.033      7.49034
      4621.00      199.077      7.94166
      4622.40      200.170      7.97848
      4623.80      214.015      7.99273
      4625.20      196.498      7.56746
      4626.60      205.060      7.80608
      4628.00      198.736      7.79959
      4629.40      187.447      7.55857
      4630.80      194.654      7.62434
      4632.20      183.375      7.37813
      4633.60      198.669      7.63291
      4635.00      207.218      7.79250
      4636.40      212.290      7.94308
      4637.80      206.963      7.87193
      4639.20      194.421      7.59731
      4640.60      192.356      7.50198
      4642.00      198.661      7.58047
      4643.40      201.301      7.60325
      4644.80      197.957      7.55430
      4646.20      200.443      7.56623
      4647.60      199.114      7.65525
      4649.00      201.032      8.01989
      4650.40      198.331      8.08022
      4651.80      202.238      7.77192
      4653.20      193.196      7.46780
      4654.60      202.336      7.58611
      4656.00      213.616      7.78963
      4657.40      189.856      7.33675
      4658.80      199.154      7.53214
      4660.20      198.652      7.57145
      4661.60      199.439      7.56400
      4663.00      196.523      7.55572
      4664.40      203.523      7.78025
      4665.80      202.494      7.75285
      4667.20      208.595      7.81661
      4668.60      184.572      7.40965
      4670.00      197.031      7.54122
      4671.40      194.813      7.60776
      4672.80      189.972      7.52077
      4674.20      192.213      7.68242
      4675.60      204.459      7.95863
      4677.00      202.603      7.76491
      4678.40      206.127      7.91289
      4679.80      205.186      7.78501
      4681.20      197.164      7.54062
      4682.60      195.496      7.39483
      4684.00      214.252      7.75359
      4685.40      208.360      7.87638
      4686.80      188.269      7.50575
      4688.20      185.241      7.40738
      4689.60      193.074      7.45947
      4691.00      199.372      7.56771
      4692.40      210.705      7.82063
      4693.80      204.139      7.78552
      4695.20      198.346      7.71085
      4696.60      205.285      7.94843
      4698.00      196.923      7.78193
      4699.40      207.818      7.97461
      4700.80      186.898      7.59996
      4702.20      192.539      7.73561
      4703.60      191.814      7.47448
      4705.00      200.098      7.63537
      4706.40      204.390      7.81114
      4707.80      192.988      7.61621
      4709.20      195.151      7.59780
      4710.60      192.129      7.52434
      4712.00      204.879      7.72212
      4713.40      184.375      7.37069
      4714.80      194.170      7.62324
      4716.20      197.887      7.73494
      4717.60      198.430      7.57366
      4719.00      198.702      7.52031
      4720.40      198.595      7.48966
      4721.80      197.459      7.53216
      4723.20      186.881      7.38984
      4724.60      193.852      7.42004
      4726.00      189.536      7.31009
      4727.40      191.515      7.39749
      4728.80      186.220      7.33087
      4730.20      193.371      7.47864
      4731.60      195.997      7.48080
      4733.00      201.117      7.44867
      4734.40      188.976      7.24062
      4735.80      190.522      7.26106
      4737.20      186.412      7.22789
      4738.60      196.885      7.25445
      4740.00      194.326      7.21218
      4741.40      187.718      7.09016
      4742.80      203.432      7.39742
      4744.20      190.270      7.29605
      4745.60      197.897      7.39918
      4747.00      205.755      7.49087
      4748.40      208.930      7.54551
      4749.80      197.440      7.29696
      4751.20      188.565      7.01092
      4752.60      208.810      7.36065
      4754.00      209.415      7.40576
      4755.40      194.730      7.16859
      4756.80      194.485      7.15374
      4758.20      204.833      7.34269
      4759.60      189.411      7.08208
      4761.00      194.757      7.16506
      4762.40      198.265      7.29846
      4763.80      193.630      7.41994
      4765.20      192.440      7.37361
      4766.60      189.206      7.13519
      4768.00      191.078      7.19514
      4769.40      196.357      7.34499
      4770.80      188.661      7.14100
      4772.20      179.447      6.90835
      4773.60      189.211      7.04781
      4775.00      194.695      7.35815
      4776.40      181.641      6.90355
      4777.80      188.764      6.99011
      4779.20      192.033      7.15328
      4780.60      204.697      7.55100
      4782.00      189.978      7.14813
      4783.40      198.728      7.20458
      4784.80      199.017      7.38899
      4786.20      199.439      7.34309
      4787.60      199.228      7.51056
      4789.00      199.213      7.44259
      4790.40      193.624      7.17329
      4791.80      189.976      7.00247
      4793.20      190.250      7.22140
      4794.60      190.922      7.50883
      4796.00      195.822      7.47471
      4797.40      192.307      7.18087
      4798.80      189.982      7.32298
      4800.20      189.493      7.86415
      4801.60      187.827      7.11010
      4803.00      182.369      6.84326
      4804.40      183.271      6.92335
      4805.80      179.976      6.82176
      4807.20      186.114      6.95925
      4808.60      195.054      7.08499
      4810.00      194.570      7.07731
      4811.40      192.289      7.16726
      4812.80      199.460      7.22890
      4814.20      199.142      7.14549
      4815.60      194.847      7.47825
      4817.00      193.131      7.11511
      4818.40      188.571      7.15030
      4819.80      200.648      7.51048
      4821.20      185.663      7.12287
      4822.60      208.584      7.42135
      4824.00      196.576      7.50518
      4825.40      187.056      7.41204
      4826.80      188.749      7.39550
      4828.20      196.380      7.34375
      4829.60      196.643      7.28063
      4831.00      203.918      7.39580
      4832.40      196.410      7.26624
      4833.80      205.537      7.48911
      4835.20      210.001      7.78685
      4836.60      188.790      7.38596
      4838.00      195.388      7.28646
      4839.40      194.470      7.20381
      4840.80      194.504      7.24552
      4842.20      177.198      7.00042
      4843.60      187.102      7.31972
      4845.00      188.224      7.42670
      4846.40      182.543      7.32639
      4847.80      187.733      7.20749
      4849.20      194.219      7.18434
      4850.60      178.608      6.92265
      4852.00      179.556      6.94126
      4853.40      171.885      6.80118
      4854.80      179.463      6.92407
      4856.20      166.377      6.86356
      4857.60      161.059      6.65259
      4859.00      145.273      6.30892
      4860.40      123.404      5.98694
      4861.80      110.335      5.74662
      4863.20      119.385      5.69461
      4864.60      154.882      6.33448
      4866.00      163.626      6.56398
      4867.40      167.139      6.64508
      4868.80      168.472      6.63172
      4870.20      166.374      6.53727
      4871.60      180.000      6.78280
      4873.00      175.085      6.73065
      4874.40      188.174      7.03016
      4875.80      192.675      6.99453
      4877.20      192.547      6.95200
      4878.60      180.109      6.78078
      4880.00      189.141      6.99589
      4881.40      192.264      7.03191
      4882.80      189.032      6.86790
      4884.20      187.493      6.77459
      4885.60      179.417      6.64240
      4887.00      187.008      6.86426
      4888.40      186.099      6.83983
      4889.80      201.944      7.09317
      4891.20      192.664      6.90902
      4892.60      183.217      6.72054
      4894.00      181.842      6.64457
      4895.40      182.027      6.66270
      4896.80      189.350      6.81502
      4898.20      184.053      6.81813
      4899.60      191.494      6.97806
      4901.00      195.773      7.05644
      4902.40      187.172      6.96852
      4903.80      190.394      7.11235
      4905.20      183.076      6.92804
      4906.60      193.889      7.04766
      4908.00      192.247      6.94280
      4909.40      187.124      6.71816
      4910.80      195.024      6.88965
      4912.20      194.228      6.83297
      4913.60      187.872      6.77585
      4915.00      195.867      7.06527
      4916.40      187.703      6.93240
      4917.80      173.893      6.70826
      4919.20      187.773      6.71487
      4920.60      191.612      6.72841
      4922.00      185.713      6.61151
      4923.40      181.711      6.56471
      4924.80      181.197      6.54407
      4926.20      185.715      6.64667
      4927.60      188.197      6.84591
      4929.00      186.518      6.76778
      4930.40      195.038      6.84240
      4931.80      198.499      6.92923
      4933.20      184.869      6.76314
      4934.60      184.541      6.78052
      4936.00      193.634      6.90806
      4937.40      193.593      6.89649
      4938.80      197.826      6.89099
      4940.20      184.151      6.61084
      4941.60      192.653      6.92559
      4943.00      188.673      7.00555
      4944.40      189.481      6.85950
      4945.80      192.581      6.78006
      4947.20      188.267      6.61597
      4948.60      189.980      6.64207
      4950.00      191.748      6.69504
      4951.40      188.755      6.84218
      4952.80      187.594      6.79248
      4954.20      186.981      6.74813
      4955.60      178.407      6.53824
      4957.00      182.805      6.54153
      4958.40      176.152      6.38835
      4959.80      191.299      6.67549
      4961.20      181.723      6.62275
      4962.60      189.160      6.78262
      4964.00      191.797      6.78060
      4965.40      192.484      6.89173
      4966.80      188.007      6.84827
      4968.20      183.181      6.64479
      4969.60      181.766      6.48667
      4971.00      187.923      6.61418
      4972.40      183.350      6.56821
      4973.80      179.340      6.53816
      4975.20      185.230      6.65616
      4976.60      185.573      6.71416
      4978.00      192.954      6.86617
      4979.40      189.658      6.77222
      4980.80      193.570      6.87556
      4982.20      177.930      6.51830
      4983.60      183.112      6.57878
      4985.00      184.632      6.66571
      4986.40      180.874      6.65832
      4987.80      179.677      6.52995
      4989.20      184.790      6.57485
      4990.60      178.923      6.62479
      4992.00      187.095      6.92630
      4993.40      191.040      7.04012
      4994.80      186.186      6.91621
      4996.20      182.835      6.71368
      4997.60      191.755      6.72570
      4999.00      185.052      6.56125
