      3900.00      2715.51      54.5994
      3901.40      2754.00      54.5625
      3902.80      2733.57      53.8916
      3904.20      2673.23      52.7172
      3905.60      2860.54      55.1602
      3907.00      3076.56      58.1568
      3908.40      3037.22      57.4028
      3909.80      3036.39      57.6139
      3911.20      2991.61      56.7280
      3912.60      2967.80      56.2964
      3914.00      2951.15      55.8258
      3915.40      2944.50      55.5976
      3916.80      2776.98      53.3232
      3918.20      2770.58      53.0446
      3919.60      2673.45      51.5589
      3921.00      2865.62      54.0685
      3922.40      2815.70      54.8620
      3923.80      2709.07      52.2031
      3925.20      2456.98      48.1115
      3926.60      2159.90      43.9099
      3928.00      1782.35      38.5383
      3929.40      1251.20      30.7017
      3930.80      767.741      23.4983
      3932.20      583.665      20.9396
      3933.60      866.858      24.8473
      3935.00      1396.40      32.4157
      3936.40      2021.96      41.3681
      3937.80      2472.93      47.9693
      3939.20      2581.54      50.7573
      3940.60      2704.20      51.0895
      3942.00      2619.41      50.2707
      3943.40      2732.56      51.8671
      3944.80      2887.74      54.4633
      3946.20      2769.73      53.0678
      3947.60      2907.14      55.2271
      3949.00      2961.62      57.2382
      3950.40      2834.31      57.9052
      3951.80      2847.50      55.1235
      3953.20      3001.59      58.4003
      3954.60      2753.89      54.8172
      3956.00      2797.88      55.7511
      3957.40      2930.41      58.2750
      3958.80      2727.85      56.5788
      3960.20      2477.14      51.3962
      3961.60      2350.37      48.6905
      3963.00      2073.64      43.9763
      3964.40      1541.75      35.7919
      3965.80      889.431      25.5010
      3967.20      736.074      23.4174
      3968.60      1100.52      28.3154
      3970.00      1664.88      35.9244
      3971.40      2146.08      42.6991
      3972.80      2423.39      46.4365
      3974.20      2624.29      49.0500
      3975.60      2757.58      51.0723
      3977.00      2897.83      52.7703
      3978.40      2944.41      55.7330
      3979.80      2971.45      53.5043
      3981.20      2943.91      52.9662
      3982.60      2963.37      54.1837
      3984.00      2980.03      53.2719
      3985.40      2958.56      52.8139
      3986.80      3137.88      55.4147
      3988.20      3203.03      58.3527
      3989.60      3249.75      57.7467
      3991.00      3248.70      58.2588
      3992.40      3104.05      58.4291
      3993.80      3068.72      55.8464
      3995.20      3060.73      55.6470
      3996.60      3045.97      54.9040
      3998.00      3180.72      55.6976
      3999.40      3229.61      56.3562
      4000.80      3262.55      56.4298
      4002.20      3176.81      55.1073
      4003.60      2929.56      51.8787
      4005.00      2997.42      52.8462
      4006.40      3211.76      55.7697
      4007.80      3254.52      56.3502
      4009.20      3236.50      58.1785
      4010.60      3187.28      55.3433
      4012.00      3213.87      55.8310
      4013.40      3175.48      55.2699
      4014.80      3197.62      55.4149
      4016.20      3232.07      56.1844
      4017.60      3278.53      56.2260
      4019.00      3277.20      56.3343
      4020.40      3306.69      56.9497
      4021.80      3261.98      56.2432
      4023.20      3249.28      56.0344
      4024.60      3247.48      56.1315
      4026.00      3282.67      57.3570
      4027.40      3218.73      55.6866
      4028.80      3107.10      54.1343
      4030.20      3077.08      53.6791
      4031.60      3048.79      53.3416
      4033.00      3071.81      53.7570
      4034.40      3278.73      56.8064
      4035.80      3262.71      59.2011
      4037.20      3369.29      58.0654
      4038.60      3244.20      56.3629
      4040.00      3170.72      55.3678
      4041.40      3250.44      56.4169
      4042.80      2996.74      53.1806
      4044.20      2850.53      51.5556
      4045.60      3150.72      55.8233
      4047.00      3315.10      58.1708
      4048.40      3326.16      58.5693
      4049.80      3279.98      57.2922
      4051.20      3228.95      56.4594
      4052.60      3257.02      56.8141
      4054.00      3201.76      55.9457
      4055.40      3250.12      56.7322
      4056.80      3195.35      55.6800
      4058.20      3256.57      56.4889
      4059.60      3291.52      56.8663
      4061.00      3012.22      52.9557
      4062.40      2998.42      52.6201
      4063.80      3154.85      54.5994
      4065.20      3138.12      54.3234
      4066.60      3173.60      54.8951
      4068.00      3226.35      56.4316
      4069.40      3123.13      53.8293
      4070.80      3160.89      54.2901
      4072.20      3229.22      55.3863
      4073.60      3195.12      54.9147
      4075.00      2994.01      52.0009
      4076.40      3053.99      52.7590
      4077.80      3205.75      54.9247
      4079.20      3325.99      56.1808
      4080.60      3276.51      55.4864
      4082.00      3164.94      53.9998
      4083.40      3106.84      53.3017
      4084.80      3221.83      54.8312
      4086.20      3335.71      56.3156
      4087.60      3304.26      55.9305
      4089.00      3262.56      55.2163
      4090.40      3214.56      54.3799
      4091.80      3112.77      52.8692
      4093.20      3093.08      52.6970
      4094.60      3019.38      51.9352
      4096.00      2935.57      50.4736
      4097.40      2678.67      46.7751
      4098.80      2205.62      40.3903
      4100.20      1928.46      36.7312
      4101.60      2294.51      41.3845
      4103.00      2742.76      47.7502
      4104.40      2935.33      50.4772
      4105.80      3023.70      51.9195
      4107.20      3064.60      52.2975
      4108.60      3121.90      53.0257
      4110.00      3197.79      54.3936
      4111.40      3165.74      53.9349
      4112.80      3241.93      55.5645
      4114.20      3277.75      56.0133
      4115.60      3266.15      55.6115
      4117.00      3156.35      53.6979
      4118.40      3186.09      53.8777
      4119.80      3135.26      53.0388
      4121.20      3254.23      54.7438
      4122.60      3287.85      55.1559
      4124.00      3260.49      54.6220
      4125.40      3239.18      54.2728
      4126.80      3248.54      54.3635
      4128.20      3251.60      54.5033
      4129.60      3106.47      52.4296
      4131.00      3054.97      51.7012
      4132.40      3143.98      52.7942
      4133.80      3228.92      53.8610
      4135.20      3291.63      54.6036
      4136.60      3297.49      54.8158
      4138.00      3309.76      55.1937
      4139.40      3271.32      54.3428
      4140.80      3166.50      52.8539
      4142.20      3066.76      51.4183
      4143.60      3252.18      53.7269
      4145.00      3275.29      54.9873
      4146.40      3290.65      66.3313
      4147.80      3236.09      53.4089
      4149.20      3243.73      53.6646
      4150.60      3197.94      53.7033
      4152.00      3142.91      51.9798
      4153.40      3112.99      51.6290
      4154.80      3155.20      52.2568
      4156.20      3178.60      52.6944
      4157.60      3279.84      53.9312
      4159.00      3301.32      54.2265
      4160.40      3330.55      54.8229
      4161.80      3330.08      54.2686
      4163.20      3314.10      54.0167
      4164.60      3237.24      53.1825
      4166.00      3198.10      52.8227
      4167.40      3234.47      53.6882
      4168.80      3172.92      52.0930
      4170.20      3096.68      50.9977
      4171.60      2995.21      49.5537
      4173.00      3086.50      50.7540
      4174.40      3116.00      51.0809
      4175.80      3114.70      51.0173
      4177.20      3197.46      52.2341
      4178.60      3185.81      52.5211
      4180.00      3144.93      51.6126
      4181.40      3113.95      51.0789
      4182.80      3142.42      51.7185
      4184.20      3165.18      51.9297
      4185.60      3015.62      49.8504
      4187.00      3057.10      50.2871
      4188.40      3228.83      52.5252
      4189.80      3206.21      52.2253
      4191.20      3172.45      52.0933
      4192.60      3176.21      52.9973
      4194.00      3149.63      51.4388
      4195.40      3117.79      50.9199
      4196.80      2992.97      49.1896
      4198.20      3065.87      50.2645
      4199.60      3077.75      50.4470
      4201.00      3113.15      51.2206
      4202.40      3140.77      51.9367
      4203.80      3198.97      52.0017
      4205.20      3135.30      51.0335
      4206.60      3176.92      51.6124
      4208.00      3171.39      51.7134
      4209.40      3239.85      52.5694
      4210.80      3195.24      52.5815
      4212.20      3179.53      51.7563
      4213.60      3089.69      50.5474
      4215.00      3084.52      50.3598
      4216.40      3109.97      50.5701
      4217.80      3163.25      51.1588
      4219.20      3204.22      52.6112
      4220.60      3142.98      50.8997
      4222.00      3098.84      50.3925
      4223.40      2818.78      46.5352
      4224.80      2629.56      44.0348
      4226.20      2899.02      47.4151
      4227.60      3200.18      51.4502
      4229.00      3167.19      51.8254
      4230.40      3149.64      51.2643
      4231.80      3106.65      50.3806
      4233.20      3077.30      49.8918
      4234.60      2940.83      47.9168
      4236.00      3014.67      48.9074
      4237.40      3113.96      50.3812
      4238.80      3201.87      51.6284
      4240.20      3144.65      50.8033
      4241.60      3048.09      49.4646
      4243.00      3197.43      51.4107
      4244.40      3121.60      50.4130
      4245.80      3026.02      49.2193
      4247.20      2895.39      47.5472
      4248.60      2977.81      48.5601
      4250.00      3149.39      50.7804
      4251.40      3179.89      51.2069
      4252.80      3040.50      49.3872
      4254.20      3148.08      50.8455
      4255.60      3282.83      52.7183
      4257.00      3109.12      50.3881
      4258.40      2954.65      48.2406
      4259.80      3005.47      48.7411
      4261.20      3167.94      51.0735
      4262.60      3233.35      51.9449
      4264.00      3207.19      51.4684
      4265.40      3130.40      50.4237
      4266.80      3098.55      49.9935
      4268.20      2935.72      47.6533
      4269.60      2799.43      45.8741
      4271.00      2856.95      46.6508
      4272.40      2850.45      46.4692
      4273.80      3022.66      48.7707
      4275.20      3060.70      50.3485
      4276.60      3147.81      50.7100
      4278.00      2993.31      48.3885
      4279.40      2984.46      48.3244
      4280.80      3055.74      49.3008
      4282.20      2980.91      48.5497
      4283.60      2904.40      47.2280
      4285.00      2934.42      47.5647
      4286.40      2980.05      48.1123
      4287.80      2775.81      45.2401
      4289.20      2818.29      45.7646
      4290.60      2917.36      47.4200
      4292.00      2894.03      47.7106
      4293.40      2839.41      47.0372
      4294.80      2760.26      45.1112
      4296.20      2578.03      42.5515
      4297.60      2354.44      39.4672
      4299.00      2323.69      39.0057
      4300.40      2322.18      38.8946
      4301.80      2355.29      39.3507
      4303.20      2446.44      40.5044
      4304.60      2406.66      39.9875
      4306.00      2230.33      37.5867
      4307.40      2206.43      37.3546
      4308.80      2283.46      38.5113
      4310.20      2374.72      39.6654
      4311.60      2660.38      43.4359
      4313.00      2984.34      47.8026
      4314.40      3168.14      51.3395
      4315.80      3225.41      52.8088
      4317.20      3312.01      52.4389
      4318.60      3237.84      51.5353
      4320.00      3153.84      50.4111
      4321.40      2766.63      44.8971
      4322.80      2611.07      42.7984
      4324.20      2779.34      44.9727
      4325.60      3089.07      49.1734
      4327.00      3140.77      49.9020
      4328.40      3126.56      49.7939
      4329.80      3163.66      50.2999
      4331.20      3128.56      49.6853
      4332.60      3123.73      49.6459
      4334.00      3037.90      48.4492
      4335.40      2657.74      43.2235
      4336.80      2326.51      38.7433
      4338.20      1958.70      33.8375
      4339.60      2109.88      35.6262
      4341.00      2544.26      41.6335
      4342.40      2810.15      45.2799
      4343.80      3008.75      48.0752
      4345.20      3050.87      48.5689
      4346.60      3092.30      50.0363
      4348.00      3082.17      49.8373
      4349.40      2970.34      47.6956
      4350.80      2910.30      46.7670
      4352.20      3082.19      49.0987
      4353.60      3042.23      48.5281
      4355.00      3148.73      50.0264
      4356.40      3166.17      50.2808
      4357.80      3159.45      50.7277
      4359.20      3194.20      52.1179
      4360.60      3222.15      51.5359
      4362.00      3237.07      51.5929
      4363.40      3217.29      51.4887
      4364.80      3211.76      50.9318
      4366.20      3144.67      49.9520
      4367.60      3231.65      51.1797
      4369.00      3148.50      50.0745
      4370.40      3140.74      50.0292
      4371.80      3099.38      49.4051
      4373.20      3039.68      48.5879
      4374.60      3139.43      49.9015
      4376.00      3225.99      51.0057
      4377.40      3236.03      51.1392
      4378.80      3254.35      51.4481
      4380.20      3061.17      48.7764
      4381.60      2784.83      45.0376
      4383.00      2900.60      46.5034
      4384.40      3067.59      48.7372
      4385.80      3117.94      49.4513
      4387.20      3148.48      49.9042
      4388.60      3102.51      49.1692
      4390.00      3162.75      49.9767
      4391.40      3200.51      50.5594
      4392.80      3080.25      48.8274
      4394.20      3104.57      49.1179
      4395.60      3187.26      50.7370
      4397.00      3172.91      49.9178
      4398.40      3124.30      49.3062
      4399.80      3205.08      50.3498
      4401.20      3185.58      50.0594
      4402.60      3048.85      48.1909
      4404.00      3136.00      49.4730
      4405.40      3186.32      50.1489
      4406.80      3231.21      50.6784
      4408.20      3276.72      51.4701
      4409.60      3348.11      52.2686
      4411.00      3361.79      52.3595
      4412.40      3188.28      50.0002
      4413.80      3131.74      49.2496
      4415.20      3205.20      50.1546
      4416.60      3252.89      50.7920
      4418.00      3336.35      52.1903
      4419.40      3336.86      52.1782
      4420.80      3291.45      51.3811
      4422.20      3283.62      51.2239
      4423.60      3268.50      50.9807
      4425.00      3290.38      51.2816
      4426.40      3286.58      51.2370
      4427.80      3323.92      51.8060
      4429.20      3312.75      51.9124
      4430.60      3362.32      52.3390
      4432.00      3246.37      50.7049
      4433.40      3141.79      49.3015
      4434.80      3223.52      50.3934
      4436.20      3315.58      51.6041
      4437.60      3429.63      53.1985
      4439.00      3291.94      51.2188
      4440.40      3175.27      49.6566
      4441.80      3160.76      49.5330
      4443.20      3314.46      51.5918
      4444.60      3320.77      51.6476
      4446.00      3316.02      51.6097
      4447.40      3282.53      51.1127
      4448.80      3285.77      51.1508
      4450.20      3330.46      51.7957
      4451.60      3271.55      50.9056
      4453.00      3051.23      47.8333
      4454.40      3138.05      49.0075
      4455.80      3254.24      50.6219
      4457.20      3213.33      50.3438
      4458.60      3214.00      50.1032
      4460.00      3250.68      50.8263
      4461.40      3283.80      51.0650
      4462.80      3252.90      50.9564
      4464.20      3229.43      50.2179
      4465.60      3235.51      50.3822
      4467.00      3173.01      49.6394
      4468.40      3273.01      51.0192
      4469.80      3373.51      52.4166
      4471.20      3372.01      52.2665
      4472.60      3377.55      52.2233
      4474.00      3313.70      51.4352
      4475.40      3281.30      50.9891
      4476.80      3328.64      51.6493
      4478.20      3217.76      50.0526
      4479.60      3140.21      48.9205
      4481.00      3205.27      49.8117
      4482.40      3310.96      51.2014
      4483.80      3307.46      51.1631
      4485.20      3342.15      51.7384
      4486.60      3287.38      50.8059
      4488.00      3251.88      50.3468
      4489.40      3293.89      50.9846
      4490.80      3350.47      51.7255
      4492.20      3279.31      50.6756
      4493.60      3219.25      49.8856
      4495.00      3258.77      50.4370
      4496.40      3361.65      51.8766
      4497.80      3342.59      51.5993
      4499.20      3313.41      51.1589
      4500.60      3319.79      51.2454
      4502.00      3373.68      52.1649
      4503.40      3386.32      52.3451
      4504.80      3392.32      52.4806
      4506.20      3345.65      51.5637
      4507.60      3375.32      51.9252
      4509.00      3350.17      51.6032
      4510.40      3313.15      51.1481
      4511.80      3395.34      52.2952
      4513.20      3340.78      51.5355
      4514.60      3404.01      52.4541
      4516.00      3363.53      52.4223
      4517.40      3369.51      51.9630
      4518.80      3377.53      52.0513
      4520.20      3366.56      51.9253
      4521.60      3351.76      51.7812
      4523.00      3325.13      51.3607
      4524.40      3291.85      50.8501
      4525.80      3204.99      49.7010
      4527.20      3204.65      49.7018
      4528.60      3216.22      50.0328
      4530.00      3238.75      50.4103
      4531.40      3207.04      49.9188
      4532.80      3168.86      49.3248
      4534.20      3240.46      50.2446
      4535.60      3356.67      52.0529
      4537.00      3429.05      52.8550
      4538.40      3364.12      51.7431
      4539.80      3339.95      51.3437
      4541.20      3395.87      52.1970
      4542.60      3387.21      52.0015
      4544.00      3313.60      50.9854
      4545.40      3317.40      51.0034
      4546.80      3222.93      49.6769
      4548.20      3197.81      49.4081
      4549.60      3310.63      50.9412
      4551.00      3304.39      50.7232
      4552.40      3234.79      49.7279
      4553.80      3262.78      50.1334
      4555.20      3325.30      51.0079
      4556.60      3345.70      51.2285
      4558.00      3373.36      51.9464
      4559.40      3411.83      52.2746
      4560.80      3340.38      51.0956
      4562.20      3279.76      50.2934
      4563.60      3361.98      51.3941
      4565.00      3378.03      51.5555
      4566.40      3391.71      51.7541
      4567.80      3375.06      51.5078
      4569.20      3254.07      49.8330
      4570.60      3297.56      50.4422
      4572.00      3377.45      51.5590
      4573.40      3382.92      51.6298
      4574.80      3369.87      51.5332
      4576.20      3389.42      51.6309
      4577.60      3402.35      51.8215
      4579.00      3299.53      50.4510
      4580.40      3272.79      50.1371
      4581.80      3323.97      50.8389
      4583.20      3330.46      50.9838
      4584.60      3355.71      51.1625
      4586.00      3384.51      51.7067
      4587.40      3378.94      51.5696
      4588.80      3326.84      50.7422
      4590.20      3263.41      49.8720
      4591.60      3366.17      51.2717
      4593.00      3361.50      51.2398
      4594.40      3382.27      51.5484
      4595.80      3366.90      51.3241
      4597.20      3379.48      51.4811
      4598.60      3345.44      50.9956
      4600.00      3293.42      50.3233
      4601.40      3344.21      50.9843
      4602.80      3331.55      50.8128
      4604.20      3347.85      51.1554
      4605.60      3399.77      51.9486
      4607.00      3382.49      52.1087
      4608.40      3368.39      51.2932
      4609.80      3389.53      51.5799
      4611.20      3355.78      51.1002
      4612.60      3369.64      51.9707
      4614.00      3329.73      50.9390
      4615.40      3342.08      51.1005
      4616.80      3359.11      51.2776
      4618.20      3388.81      51.8108
      4619.60      3399.05      51.7406
      4621.00      3393.00      51.8828
      4622.40      3366.43      51.2304
      4623.80      3425.40      52.0929
      4625.20      3371.91      51.3783
      4626.60      3340.50      51.2387
      4628.00      3358.79      51.2139
      4629.40      3375.15      51.5139
      4630.80      3340.06      51.0409
      4632.20      3370.24      51.3065
      4633.60      3380.55      51.4111
      4635.00      3357.59      51.0729
      4636.40      3335.10      50.8987
      4637.80      3323.21      50.6112
      4639.20      3378.21      51.3426
      4640.60      3407.32      51.6817
      4642.00      3386.03      51.5456
      4643.40      3375.28      51.4221
      4644.80      3362.90      51.3004
      4646.20      3357.26      51.2193
      4647.60      3389.25      51.5710
      4649.00      3401.62      51.9347
      4650.40      3359.58      51.0051
      4651.80      3332.66      50.6954
      4653.20      3274.53      49.9402
      4654.60      3340.25      50.8680
      4656.00      3364.40      51.3808
      4657.40      3425.01      51.8465
      4658.80      3438.69      52.0686
      4660.20      3426.31      51.9399
      4661.60      3418.27      51.8016
      4663.00      3398.22      51.4738
      4664.40      3316.94      50.3449
      4665.80      3271.97      49.7490
      4667.20      3320.18      50.3979
      4668.60      3371.13      51.0800
      4670.00      3444.23      52.0912
      4671.40      3399.89      51.5985
      4672.80      3433.79      51.9230
      4674.20      3442.75      52.2656
      4675.60      3413.59      52.0219
      4677.00      3420.90      51.8298
      4678.40      3384.38      51.6127
      4679.80      3382.38      51.3793
      4681.20      3396.51      51.3976
      4682.60      3414.41      51.8919
      4684.00      3392.80      51.4665
      4685.40      3421.98      52.0382
      4686.80      3399.07      51.7796
      4688.20      3382.58      51.3653
      4689.60      3415.61      51.8383
      4691.00      3430.89      52.1523
      4692.40      3385.26      51.5425
      4693.80      3425.09      52.2457
      4695.20      3443.67      52.3314
      4696.60      3381.39      51.4674
      4698.00      3368.41      51.2908
      4699.40      3326.85      50.7584
      4700.80      3267.76      50.0037
      4702.20      3295.27      50.3470
      4703.60      3388.35      51.6252
      4705.00      3334.97      50.9061
      4706.40      3338.80      50.9348
      4707.80      3296.13      50.3188
      4709.20      3349.75      51.0367
      4710.60      3363.12      51.6214
      4712.00      3286.96      50.1441
      4713.40      3366.54      51.1668
      4714.80      3412.98      51.8278
      4716.20      3415.79      52.0619
      4717.60      3406.59      51.6327
      4719.00      3420.06      51.7269
      4720.40      3422.90      51.7343
      4721.80      3427.05      52.1304
      4723.20      3433.25      52.1003
      4724.60      3441.42      51.9917
      4726.00      3372.60      50.9329
      4727.40      3370.47      51.1994
      4728.80      3368.71      50.8199
      4730.20      3373.97      50.8954
      4731.60      3363.51      50.8147
      4733.00      3339.18      50.4638
      4734.40      3338.05      50.3737
      4735.80      3377.03      51.3239
      4737.20      3400.62      51.3106
      4738.60      3384.48      50.9397
      4740.00      3403.65      51.2117
      4741.40      3391.42      51.0653
      4742.80      3387.12      50.9436
      4744.20      3411.07      51.2484
      4745.60      3370.59      50.7248
      4747.00      3372.21      50.7764
      4748.40      3406.68      51.2796
      4749.80      3417.16      51.4401
      4751.20      3366.18      50.7030
      4752.60      3378.58      50.8486
      4754.00      3325.38      50.1167
      4755.40      3363.25      50.6243
      4756.80      3412.15      51.2946
      4758.20      3394.79      51.6600
      4759.60      3366.86      50.7507
      4761.00      3337.51      50.2648
      4762.40      3294.64      49.6492
      4763.80      3350.00      50.4305
      4765.20      3360.72      50.9793
      4766.60      3370.27      50.7574
      4768.00      3366.61      50.6939
      4769.40      3375.83      50.8903
      4770.80      3407.34      51.3491
      4772.20      3388.20      50.9785
      4773.60      3419.15      51.3271
      4775.00      3392.85      50.9787
      4776.40      3384.82      50.9541
      4777.80      3391.87      51.1063
      4779.20      3393.50      51.1043
      4780.60      3363.33      50.7104
      4782.00      3389.85      51.0350
      4783.40      3370.50      50.7361
      4784.80      3319.77      49.9411
      4786.20      3332.76      50.1004
      4787.60      3322.71      49.9988
      4789.00      3405.54      51.1815
      4790.40      3398.50      51.1779
      4791.80      3426.98      51.4281
      4793.20      3408.26      51.2117
      4794.60      3386.23      50.8262
      4796.00      3366.53      50.5702
      4797.40      3384.85      50.8445
      4798.80      3364.38      50.5804
      4800.20      3386.57      50.9775
      4801.60      3355.73      50.4005
      4803.00      3360.74      50.4648
      4804.40      3394.63      50.9045
      4805.80      3415.03      51.1804
      4807.20      3406.99      51.0645
      4808.60      3348.84      50.2805
      4810.00      3370.70      50.6181
      4811.40      3378.96      50.7644
      4812.80      3413.87      51.3897
      4814.20      3434.04      51.8567
      4815.60      3391.36      50.9626
      4817.00      3385.97      50.9023
      4818.40      3396.21      51.1128
      4819.80      3393.20      50.9542
      4821.20      3345.93      50.3698
      4822.60      3314.96      49.9226
      4824.00      3362.10      50.7124
      4825.40      3368.00      50.9186
      4826.80      3408.61      51.2179
      4828.20      3375.79      51.1685
      4829.60      3271.92      50.6232
      4831.00      3339.81      51.3731
      4832.40      3374.40      50.9412
      4833.80      3381.91      51.2860
      4835.20      3336.74      50.5541
      4836.60      3307.84      50.0015
      4838.00      3334.41      50.2821
      4839.40      3265.25      49.3546
      4840.80      3290.80      49.7242
      4842.20      3348.81      50.5933
      4843.60      3304.74      50.4288
      4845.00      3290.51      50.1040
      4846.40      3249.18      49.2118
      4847.80      3229.60      49.4881
      4849.20      3233.48      49.6102
      4850.60      3220.57      49.0912
      4852.00      3142.41      48.0623
      4853.40      3053.95      46.7006
      4854.80      2980.25      45.5812
      4856.20      2802.15      43.0144
      4857.60      2389.61      37.1350
      4859.00      1985.57      31.8956
      4860.40      2143.08      34.0279
      4861.80      2618.65      40.4974
      4863.20      2924.26      44.6609
      4864.60      3014.51      45.8634
      4866.00      3085.60      46.7914
      4867.40      3097.71      47.6276
      4868.80      3027.46      45.9963
      4870.20      3088.01      46.7967
      4871.60      3146.47      47.5137
      4873.00      3229.82      48.6133
      4874.40      3240.53      48.9413
      4875.80      3249.52      48.8976
      4877.20      3228.56      48.7417
      4878.60      3274.82      49.1963
      4880.00      3292.18      49.3817
      4881.40      3253.87      48.8252
      4882.80      3220.84      48.5816
      4884.20      3289.30      49.3899
      4885.60      3257.07      48.9411
      4887.00      3224.98      48.4721
      4888.40      3131.89      47.2431
      4889.80      3119.73      47.0885
      4891.20      3275.24      49.1815
      4892.60      3325.72      49.7972
      4894.00      3341.26      49.9956
      4895.40      3382.87      50.5980
      4896.80      3330.67      50.2675
      4898.20      3351.95      50.1543
      4899.60      3356.31      50.1825
      4901.00      3292.95      49.3361
      4902.40      3306.08      49.5350
      4903.80      3357.71      50.2066
      4905.20      3356.75      50.1546
      4906.60      3346.18      50.0205
      4908.00      3236.64      48.5202
      4909.40      3263.04      48.9004
      4910.80      3337.67      49.9231
      4912.20      3350.73      50.0582
      4913.60      3353.24      50.0931
      4915.00      3326.68      49.7300
      4916.40      3301.21      49.4545
      4917.80      3084.76      46.6478
      4919.20      3173.74      47.6823
      4920.60      3222.64      48.2788
      4922.00      3211.31      48.1187
      4923.40      3278.47      49.0357
      4924.80      3323.87      49.7704
      4926.20      3359.85      50.4769
      4927.60      3367.27      50.2506
      4929.00      3342.75      49.9197
      4930.40      3266.41      48.8767
      4931.80      3215.99      48.1660
      4933.20      3262.57      48.7677
      4934.60      3281.19      49.0066
      4936.00      3215.64      48.1190
      4937.40      3176.28      47.6067
      4938.80      3288.52      49.1458
      4940.20      3302.67      49.4622
      4941.60      3334.92      49.8393
      4943.00      3298.20      49.4092
      4944.40      3262.84      48.7593
      4945.80      3303.88      49.2995
      4947.20      3306.80      49.4510
      4948.60      3304.99      49.4695
      4950.00      3319.20      49.7604
      4951.40      3319.19      49.6173
      4952.80      3289.41      49.3931
      4954.20      3166.35      47.4192
      4955.60      3074.84      46.3753
      4957.00      3179.80      47.7539
      4958.40      3338.43      49.7301
      4959.80      3355.14      49.9733
      4961.20      3330.27      49.6413
      4962.60      3300.50      49.2838
      4964.00      3278.36      48.9862
      4965.40      3280.34      48.9657
      4966.80      3271.59      48.8547
      4968.20      3276.84      48.8941
      4969.60      3298.75      49.1793
      4971.00      3318.92      49.4529
      4972.40      3319.89      49.4544
      4973.80      3304.69      49.3392
      4975.20      3298.02      49.2953
      4976.60      3253.27      48.6455
      4978.00      3258.02      48.6789
      4979.40      3190.66      47.7477
      4980.80      3074.30      46.1825
      4982.20      3109.94      46.6638
      4983.60      3163.96      47.3878
      4985.00      3252.50      48.5558
      4986.40      3325.57      49.7040
      4987.80      3252.30      48.6257
      4989.20      3220.53      48.1342
      4990.60      3243.60      48.3444
      4992.00      3267.20      48.9092
      4993.40      3279.04      48.9929
      4994.80      3289.10      49.1932
      4996.20      3263.17      48.6781
      4997.60      3223.90      48.1218
      4999.00      3190.09      47.6715
