      3900.00      134.049      5.71343
      3901.40      140.814      5.89945
      3902.80      146.928      6.00374
      3904.20      148.809      6.12428
      3905.60      150.831      6.01901
      3907.00      151.159      6.02336
      3908.40      163.120      6.27125
      3909.80      164.908      6.30432
      3911.20      161.232      6.24004
      3912.60      169.537      6.41175
      3914.00      167.513      6.34336
      3915.40      170.921      6.42829
      3916.80      165.389      6.28728
      3918.20      153.234      5.96682
      3919.60      169.187      6.33592
      3921.00      165.313      6.29728
      3922.40      161.183      6.21529
      3923.80      175.357      6.48187
      3925.20      175.714      6.44219
      3926.60      170.715      6.29791
      3928.00      164.246      6.11089
      3929.40      163.723      6.08945
      3930.80      156.215      5.96869
      3932.20      140.568      5.62854
      3933.60      89.8648      4.37596
      3935.00      105.722      4.66564
      3936.40      146.387      5.65843
      3937.80      163.829      6.03720
      3939.20      162.665      6.28992
      3940.60      166.093      6.13122
      3942.00      166.407      6.13994
      3943.40      157.269      5.88022
      3944.80      163.699      6.01936
      3946.20      158.530      5.86111
      3947.60      157.214      5.83849
      3949.00      155.530      5.88089
      3950.40      160.243      6.03478
      3951.80      158.862      5.99401
      3953.20      165.809      6.09143
      3954.60      160.976      6.72079
      3956.00      154.443      6.10589
      3957.40      144.223      5.51976
      3958.80      133.266      5.26388
      3960.20      131.531      5.22423
      3961.60      123.970      5.04125
      3963.00      118.369      4.90682
      3964.40      115.809      4.83147
      3965.80      104.509      4.48958
      3967.20      81.2035      3.89661
      3968.60      50.1302      3.15528
      3970.00      38.7987      2.84368
      3971.40      58.2204      3.37240
      3972.80      83.8443      3.97921
      3974.20      93.9059      4.22339
      3975.60      109.341      4.62305
      3977.00      111.079      4.81571
      3978.40      114.291      4.72166
      3979.80      126.010      4.96797
      3981.20      135.098      5.18022
      3982.60      135.614      5.23861
      3984.00      142.997      5.64287
      3985.40      146.272      5.50848
      3986.80      151.336      5.58564
      3988.20      149.685      5.51170
      3989.60      157.228      5.67358
      3991.00      158.202      5.67978
      3992.40      159.062      5.68377
      3993.80      159.961      5.70423
      3995.20      159.494      5.99477
      3996.60      163.209      5.74567
      3998.00      156.940      5.61071
      3999.40      159.102      5.65118
      4000.80      166.401      5.80978
      4002.20      168.793      6.56279
      4003.60      170.062      5.88509
      4005.00      159.551      5.61713
      4006.40      159.414      5.61597
      4007.80      167.264      5.80024
      4009.20      166.057      5.81783
      4010.60      167.578      5.93244
      4012.00      162.624      5.92952
      4013.40      163.177      6.14256
      4014.80      156.545      5.83383
      4016.20      166.694      5.83559
      4017.60      166.146      5.71962
      4019.00      167.742      5.77149
      4020.40      163.925      5.77765
      4021.80      167.829      5.85240
      4023.20      162.515      5.64777
      4024.60      162.911      5.64023
      4026.00      173.195      5.95925
      4027.40      155.337      20.8554
      4028.80      162.165      7.09091
      4030.20      157.502      5.63842
      4031.60      157.526      5.52110
      4033.00      156.306      5.44122
      4034.40      176.129      5.91330
      4035.80      188.359      6.76517
      4037.20      172.178      5.78869
      4038.60      166.878      5.69657
      4040.00      164.884      5.90462
      4041.40      153.779      5.73029
      4042.80      159.683      5.53549
      4044.20      160.543      5.56401
      4045.60      147.929      5.26434
      4047.00      160.449      5.60404
      4048.40      159.765      5.58996
      4049.80      161.055      5.54592
      4051.20      162.999      5.67071
      4052.60      161.419      5.72676
      4054.00      163.678      5.80767
      4055.40      152.686      5.50502
      4056.80      162.043      5.54250
      4058.20      161.356      5.48535
      4059.60      156.235      5.37139
      4061.00      155.240      5.35739
      4062.40      155.415      5.48248
      4063.80      152.412      5.28209
      4065.20      155.910      5.34146
      4066.60      153.331      5.38603
      4068.00      153.712      5.52175
      4069.40      160.798      5.66764
      4070.80      140.723      5.11451
      4072.20      144.568      5.10090
      4073.60      149.477      5.33072
      4075.00      148.457      5.17175
      4076.40      149.681      5.19538
      4077.80      149.596      5.19655
      4079.20      137.761      4.92842
      4080.60      144.972      5.08577
      4082.00      144.286      5.05507
      4083.40      142.673      5.00079
      4084.80      133.305      4.99145
      4086.20      132.751      4.81262
      4087.60      134.136      4.87922
      4089.00      129.098      4.71829
      4090.40      134.268      4.82184
      4091.80      123.843      4.55659
      4093.20      121.406      4.50968
      4094.60      125.033      4.66221
      4096.00      106.164      4.24075
      4097.40      100.695      4.08430
      4098.80      84.3912      3.70858
      4100.20      71.8214      3.47945
      4101.60      53.8920      3.08891
      4103.00      55.4266      3.02374
      4104.40      76.1291      3.42130
      4105.80      86.0670      3.62623
      4107.20      100.529      3.96461
      4108.60      105.428      4.09079
      4110.00      118.089      4.44747
      4111.40      120.722      4.49687
      4112.80      120.387      4.50156
      4114.20      121.379      4.72203
      4115.60      130.643      4.69601
      4117.00      134.928      4.73804
      4118.40      116.514      4.32609
      4119.80      134.845      4.75028
      4121.20      135.617      4.77537
      4122.60      140.651      4.86661
      4124.00      143.058      4.94837
      4125.40      142.705      4.88633
      4126.80      143.146      4.88296
      4128.20      143.513      4.97677
      4129.60      144.973      4.94372
      4131.00      152.298      5.13330
      4132.40      146.134      5.16233
      4133.80      133.734      5.01646
      4135.20      139.227      5.06743
      4136.60      150.550      5.14289
      4138.00      154.244      5.14990
      4139.40      148.564      4.98370
      4140.80      148.887      5.00296
      4142.20      150.300      5.02956
      4143.60      143.611      4.85334
      4145.00      147.772      4.94710
      4146.40      154.350      5.12510
      4147.80      152.556      5.09594
      4149.20      148.679      4.99187
      4150.60      154.346      5.10754
      4152.00      147.670      4.93295
      4153.40      145.486      4.88300
      4154.80      145.649      4.87597
      4156.20      150.295      4.99162
      4157.60      151.134      4.99893
      4159.00      151.291      5.02785
      4160.40      151.038      5.04603
      4161.80      161.816      5.29780
      4163.20      149.215      5.02880
      4164.60      142.070      4.85187
      4166.00      149.088      4.94782
      4167.40      156.587      5.11214
      4168.80      149.528      4.95098
      4170.20      155.594      5.12168
      4171.60      148.992      4.95928
      4173.00      144.275      4.82775
      4174.40      144.995      4.84933
      4175.80      144.601      4.92316
      4177.20      143.763      4.99511
      4178.60      138.906      4.86272
      4180.00      140.982      4.82251
      4181.40      141.675      4.77596
      4182.80      145.912      4.84348
      4184.20      152.723      4.99178
      4185.60      151.449      4.96747
      4187.00      144.664      4.83783
      4188.40      144.747      4.82450
      4189.80      145.756      4.84378
      4191.20      136.453      4.67246
      4192.60      152.858      5.06325
      4194.00      148.163      4.99607
      4195.40      139.632      4.80937
      4196.80      145.852      4.90930
      4198.20      145.902      4.88609
      4199.60      141.237      4.76109
      4201.00      145.842      4.84296
      4202.40      138.277      4.64581
      4203.80      140.478      4.66679
      4205.20      150.305      4.91395
      4206.60      143.179      4.85214
      4208.00      143.249      4.89065
      4209.40      143.555      4.74961
      4210.80      143.553      4.78938
      4212.20      142.020      4.75232
      4213.60      143.371      4.75017
      4215.00      141.600      4.71552
      4216.40      141.573      4.69560
      4217.80      143.743      4.73593
      4219.20      143.601      4.86541
      4220.60      143.865      4.83578
      4222.00      143.815      4.96605
      4223.40      142.899      4.81363
      4224.80      145.504      4.84681
      4226.20      142.508      4.71739
      4227.60      133.386      4.48847
      4229.00      137.981      4.60932
      4230.40      144.590      4.85665
      4231.80      145.748      4.91183
      4233.20      145.805      4.82610
      4234.60      151.082      4.88146
      4236.00      144.163      4.72040
      4237.40      144.168      4.77099
      4238.80      139.603      4.68926
      4240.20      144.488      4.73971
      4241.60      145.784      4.85851
      4243.00      145.694      4.75873
      4244.40      146.345      4.79867
      4245.80      146.035      4.81185
      4247.20      141.448      4.67367
      4248.60      141.206      4.66635
      4250.00      147.281      4.80301
      4251.40      141.169      4.66051
      4252.80      145.327      4.75101
      4254.20      151.126      4.89399
      4255.60      147.545      4.83365
      4257.00      146.956      4.82781
      4258.40      135.200      4.58583
      4259.80      145.279      4.79658
      4261.20      146.664      4.82307
      4262.60      145.686      4.84654
      4264.00      152.429      4.97464
      4265.40      147.269      4.81981
      4266.80      156.466      4.98802
      4268.20      146.187      4.75014
      4269.60      148.186      4.80131
      4271.00      141.777      4.66449
      4272.40      134.130      4.48501
      4273.80      137.094      4.53758
      4275.20      138.034      4.56745
      4276.60      144.582      4.71198
      4278.00      143.506      4.70184
      4279.40      142.772      4.75308
      4280.80      144.446      4.70025
      4282.20      138.331      4.56349
      4283.60      146.080      4.73150
      4285.00      146.243      4.72728
      4286.40      140.266      4.59590
      4287.80      141.701      4.66339
      4289.20      132.757      4.49341
      4290.60      133.839      4.51135
      4292.00      141.195      4.64820
      4293.40      141.424      4.61668
      4294.80      139.142      4.55472
      4296.20      143.485      4.65793
      4297.60      136.487      4.53865
      4299.00      134.012      4.54389
      4300.40      134.038      4.44567
      4301.80      131.812      4.38393
      4303.20      126.096      4.24788
      4304.60      128.798      4.42081
      4306.00      131.499      4.39734
      4307.40      128.471      4.30201
      4308.80      128.601      4.29291
      4310.20      132.683      4.59512
      4311.60      133.231      4.42377
      4313.00      136.316      4.52482
      4314.40      123.011      4.20315
      4315.80      132.816      4.38793
      4317.20      130.952      4.44953
      4318.60      131.891      4.48321
      4320.00      133.913      4.41359
      4321.40      131.661      4.38881
      4322.80      126.309      4.32154
      4324.20      121.448      4.19778
      4325.60      118.681      4.09519
      4327.00      114.395      3.97242
      4328.40      115.656      4.09592
      4329.80      113.851      4.08521
      4331.20      110.380      3.89923
      4332.60      107.108      3.84490
      4334.00      99.9035      3.64354
      4335.40      91.7599      3.45269
      4336.80      88.0067      3.40831
      4338.20      75.4882      3.07549
      4339.60      65.9595      2.85425
      4341.00      48.2668      2.43696
      4342.40      56.3981      2.59407
      4343.80      80.6460      3.20140
      4345.20      79.6032      3.27811
      4346.60      97.3389      3.68932
      4348.00      100.120      3.76489
      4349.40      103.772      3.91586
      4350.80      103.590      4.11521
      4352.20      104.657      3.91455
      4353.60      108.879      3.84514
      4355.00      119.663      4.05098
      4356.40      124.410      4.24300
      4357.80      123.765      4.40737
      4359.20      129.438      4.73900
      4360.60      125.480      4.42254
      4362.00      132.442      4.39587
      4363.40      136.735      4.51193
      4364.80      127.275      4.58733
      4366.20      126.955      4.23132
      4367.60      128.483      4.26105
      4369.00      127.349      4.23033
      4370.40      131.694      4.31268
      4371.80      134.582      4.37153
      4373.20      133.116      4.36947
      4374.60      131.259      4.38741
      4376.00      132.198      4.42715
      4377.40      141.510      4.60453
      4378.80      138.348      4.63376
      4380.20      140.066      4.48145
      4381.60      136.622      4.40203
      4383.00      129.644      4.23668
      4384.40      132.131      4.31190
      4385.80      124.237      4.13138
      4387.20      135.777      4.37322
      4388.60      139.002      4.45029
      4390.00      128.867      4.23964
      4391.40      135.069      4.40574
      4392.80      135.417      4.44497
      4394.20      123.986      4.19993
      4395.60      134.654      4.41102
      4397.00      128.554      4.22728
      4398.40      133.533      4.31437
      4399.80      134.450      4.33987
      4401.20      131.704      4.26642
      4402.60      134.161      4.32524
      4404.00      131.930      4.26371
      4405.40      129.965      4.21501
      4406.80      128.718      4.20183
      4408.20      131.936      4.34712
      4409.60      130.196      4.24582
      4411.00      134.710      4.38221
      4412.40      132.017      4.38201
      4413.80      129.983      4.43725
      4415.20      131.563      4.26648
      4416.60      126.829      4.15622
      4418.00      127.147      4.15301
      4419.40      126.153      4.13330
      4420.80      136.135      4.35778
      4422.20      134.796      4.32680
      4423.60      129.908      4.19927
      4425.00      130.630      4.21109
      4426.40      127.827      4.21753
      4427.80      129.201      4.31772
      4429.20      131.854      4.36246
      4430.60      131.070      4.28148
      4432.00      134.254      4.29911
      4433.40      133.821      4.28771
      4434.80      136.099      4.33648
      4436.20      130.938      4.32748
      4437.60      129.692      4.36088
      4439.00      133.867      4.39783
      4440.40      138.912      4.43799
      4441.80      134.095      4.31319
      4443.20      133.038      4.28598
      4444.60      120.062      4.00179
      4446.00      128.876      4.18110
      4447.40      136.006      4.32847
      4448.80      128.569      4.16171
      4450.20      129.533      4.18229
      4451.60      130.198      4.21835
      4453.00      130.302      4.28044
      4454.40      126.667      4.22149
      4455.80      129.591      4.21108
      4457.20      126.487      4.10769
      4458.60      132.650      4.22975
      4460.00      130.265      4.17590
      4461.40      130.488      4.19588
      4462.80      126.694      4.11671
      4464.20      126.759      4.10090
      4465.60      133.431      4.25016
      4467.00      132.922      4.27835
      4468.40      120.407      4.06831
      4469.80      125.112      4.15443
      4471.20      136.135      4.34043
      4472.60      135.869      4.30175
      4474.00      127.784      4.14403
      4475.40      127.745      4.18334
      4476.80      130.484      4.31828
      4478.20      134.814      4.43902
      4479.60      128.816      4.25163
      4481.00      127.179      4.12324
      4482.40      122.926      4.01071
      4483.80      124.237      4.07200
      4485.20      133.031      4.27454
      4486.60      128.037      4.12212
      4488.00      125.201      4.05006
      4489.40      128.674      4.13627
      4490.80      128.069      4.14473
      4492.20      129.344      4.27552
      4493.60      129.731      4.23271
      4495.00      130.263      4.17845
      4496.40      128.015      4.11377
      4497.80      130.594      4.19474
      4499.20      136.967      4.35426
      4500.60      127.480      4.14256
      4502.00      118.944      3.93075
      4503.40      125.915      4.06378
      4504.80      133.107      4.23288
      4506.20      135.261      4.28058
      4507.60      127.677      4.12509
      4509.00      126.008      4.11918
      4510.40      130.538      4.24082
      4511.80      127.441      4.16198
      4513.20      128.712      4.22588
      4514.60      129.673      4.21591
      4516.00      120.939      3.93893
      4517.40      127.379      4.08972
      4518.80      128.478      4.07273
      4520.20      122.724      3.93413
      4521.60      130.655      4.11512
      4523.00      118.206      3.90921
      4524.40      123.829      4.04896
      4525.80      127.814      4.08467
      4527.20      129.369      4.09042
      4528.60      121.644      3.92021
      4530.00      117.475      3.81773
      4531.40      125.197      3.97940
      4532.80      125.996      4.03708
      4534.20      119.539      3.92409
      4535.60      119.734      3.91694
      4537.00      122.820      3.94675
      4538.40      119.451      3.85805
      4539.80      123.085      3.95555
      4541.20      129.668      4.13483
      4542.60      125.184      4.00518
      4544.00      122.975      3.93929
      4545.40      129.696      4.08517
      4546.80      123.909      3.95294
      4548.20      121.844      3.91392
      4549.60      118.984      3.84358
      4551.00      120.095      3.86384
      4552.40      131.601      4.12696
      4553.80      128.020      4.03737
      4555.20      126.683      4.06768
      4556.60      126.272      4.09752
      4558.00      129.930      4.11679
      4559.40      122.748      3.91889
      4560.80      128.860      4.07910
      4562.20      124.716      4.06116
      4563.60      122.867      3.96799
      4565.00      119.790      3.85360
      4566.40      126.466      3.99784
      4567.80      130.047      4.07193
      4569.20      135.664      4.19563
      4570.60      126.035      3.97695
      4572.00      120.649      3.89269
      4573.40      118.243      3.95790
      4574.80      129.507      4.26627
      4576.20      125.695      4.05331
      4577.60      118.977      3.83569
      4579.00      125.113      3.96973
      4580.40      124.383      4.01520
      4581.80      126.468      4.09880
      4583.20      119.049      3.84888
      4584.60      121.291      3.86018
      4586.00      123.561      3.91744
      4587.40      126.852      3.99432
      4588.80      121.009      3.86734
      4590.20      125.003      3.95329
      4591.60      127.993      4.01819
      4593.00      121.679      3.90605
      4594.40      121.668      3.92629
      4595.80      120.713      3.91948
      4597.20      117.539      3.83943
      4598.60      127.254      4.03257
      4600.00      129.011      4.04537
      4601.40      123.726      3.91738
      4602.80      120.485      3.84064
      4604.20      120.333      3.83795
      4605.60      122.057      3.87580
      4607.00      122.133      3.87101
      4608.40      124.754      3.92647
      4609.80      120.996      3.85012
      4611.20      120.229      3.91748
      4612.60      122.880      3.92503
      4614.00      128.640      4.01287
      4615.40      121.679      3.85656
      4616.80      126.797      3.97181
      4618.20      129.433      4.03595
      4619.60      122.904      3.90554
      4621.00      122.221      3.90133
      4622.40      121.199      3.95603
      4623.80      123.642      3.96581
      4625.20      116.674      3.75440
      4626.60      117.885      3.78017
      4628.00      124.522      3.92993
      4629.40      122.400      3.89392
      4630.80      124.378      3.92048
      4632.20      123.908      3.90206
      4633.60      123.230      3.87698
      4635.00      118.865      3.78573
      4636.40      121.406      3.84696
      4637.80      124.951      3.91759
      4639.20      128.762      4.01196
      4640.60      127.120      3.99906
      4642.00      118.721      3.80833
      4643.40      124.318      3.92317
      4644.80      125.757      3.92616
      4646.20      117.926      3.76181
      4647.60      120.390      3.83996
      4649.00      122.520      3.91314
      4650.40      124.086      3.91760
      4651.80      124.365      3.90204
      4653.20      119.344      3.79129
      4654.60      119.056      3.78601
      4656.00      121.875      3.86462
      4657.40      121.383      3.88890
      4658.80      122.831      4.00803
      4660.20      126.581      4.01502
      4661.60      121.181      3.84309
      4663.00      127.592      3.97110
      4664.40      116.381      3.75396
      4665.80      114.424      3.75696
      4667.20      125.044      3.97261
      4668.60      123.398      3.88138
      4670.00      126.215      3.93242
      4671.40      119.498      3.79431
      4672.80      122.020      3.99034
      4674.20      120.969      3.82916
      4675.60      118.138      3.79493
      4677.00      122.831      3.89987
      4678.40      118.450      3.77916
      4679.80      124.566      3.89379
      4681.20      125.212      3.90713
      4682.60      118.170      3.76989
      4684.00      120.618      3.81960
      4685.40      121.239      3.82913
      4686.80      125.176      3.91368
      4688.20      121.670      3.82834
      4689.60      119.864      3.79080
      4691.00      123.565      3.89005
      4692.40      117.454      3.79282
      4693.80      123.673      3.90311
      4695.20      121.930      3.83227
      4696.60      118.759      3.75973
      4698.00      116.121      3.71490
      4699.40      116.076      3.70513
      4700.80      123.287      3.88614
      4702.20      119.202      3.80140
      4703.60      117.954      3.76430
      4705.00      117.951      3.74816
      4706.40      119.495      3.77202
      4707.80      118.985      3.75205
      4709.20      123.008      3.84186
      4710.60      129.285      3.97710
      4712.00      114.464      3.65349
      4713.40      117.997      3.73133
      4714.80      122.250      3.83674
      4716.20      119.026      3.78046
      4717.60      121.921      3.81716
      4719.00      121.384      3.79715
      4720.40      123.336      3.84167
      4721.80      121.180      3.79707
      4723.20      123.926      3.87735
      4724.60      120.517      3.82050
      4726.00      119.650      3.77554
      4727.40      118.177      3.72624
      4728.80      115.668      3.68621
      4730.20      118.915      3.81312
      4731.60      116.109      3.74095
      4733.00      117.528      3.70398
      4734.40      111.170      3.56661
      4735.80      118.438      3.73075
      4737.20      114.982      3.66909
      4738.60      114.653      3.66123
      4740.00      118.009      3.75240
      4741.40      120.004      3.85343
      4742.80      117.192      3.82219
      4744.20      121.658      3.83801
      4745.60      123.079      3.82679
      4747.00      116.161      3.68000
      4748.40      118.536      3.83041
      4749.80      115.576      3.67605
      4751.20      119.079      3.74355
      4752.60      119.537      3.80004
      4754.00      114.214      3.73434
      4755.40      122.249      3.87066
      4756.80      119.180      3.74438
      4758.20      115.438      3.66341
      4759.60      121.422      3.82711
      4761.00      113.204      3.65004
      4762.40      118.369      3.73047
      4763.80      112.378      3.58372
      4765.20      114.292      3.64308
      4766.60      112.706      3.61550
      4768.00      109.581      3.51234
      4769.40      119.214      3.72127
      4770.80      119.707      3.75591
      4772.20      117.283      3.75957
      4773.60      113.408      3.66098
      4775.00      118.270      3.69748
      4776.40      114.952      3.62084
      4777.80      120.243      3.73395
      4779.20      117.084      3.66402
      4780.60      116.642      3.67537
      4782.00      109.690      3.52617
      4783.40      113.246      3.57860
      4784.80      113.013      3.57652
      4786.20      114.120      3.64942
      4787.60      116.131      3.74673
      4789.00      118.888      3.78514
      4790.40      114.910      3.62358
      4791.80      115.494      3.62494
      4793.20      115.003      3.61484
      4794.60      114.908      3.77403
      4796.00      116.659      3.66882
      4797.40      115.357      3.65374
      4798.80      114.407      3.64225
      4800.20      108.198      3.48676
      4801.60      114.945      3.61702
      4803.00      113.431      3.60934
      4804.40      112.830      3.67300
      4805.80      114.522      3.62287
      4807.20      115.102      3.62148
      4808.60      111.467      3.52894
      4810.00      113.797      3.58599
      4811.40      116.162      3.67511
      4812.80      114.243      3.64796
      4814.20      115.079      3.62961
      4815.60      111.650      3.55478
      4817.00      108.097      3.48532
      4818.40      111.014      3.53474
      4819.80      108.641      3.47522
      4821.20      113.443      3.57394
      4822.60      111.731      3.57399
      4824.00      109.713      3.53626
      4825.40      107.725      3.46696
      4826.80      106.285      3.41443
      4828.20      108.567      3.46861
      4829.60      107.468      3.46426
      4831.00      107.249      3.48125
      4832.40      110.935      3.57835
      4833.80      106.099      3.44635
      4835.20      107.031      3.42530
      4836.60      108.429      3.45790
      4838.00      107.353      3.43373
      4839.40      104.513      3.39276
      4840.80      102.361      3.38039
      4842.20      104.292      3.42480
      4843.60      106.097      3.44173
      4845.00      103.820      3.37828
      4846.40      101.710      3.31551
      4847.80      98.3576      3.23684
      4849.20      97.1748      3.24317
      4850.60      98.6029      3.28143
      4852.00      94.6488      3.18567
      4853.40      94.3750      3.16201
      4854.80      89.9703      3.04480
      4856.20      81.8664      2.86946
      4857.60      79.0572      2.80911
      4859.00      67.4281      2.54150
      4860.40      56.4820      2.28647
      4861.80      44.8896      2.01838
      4863.20      45.8944      2.04970
      4864.60      63.4900      2.44482
      4866.00      72.5495      2.64414
      4867.40      79.0770      2.80867
      4868.80      80.6195      2.97884
      4870.20      81.5463      2.89314
      4871.60      89.8946      3.22378
      4873.00      91.2761      3.12456
      4874.40      91.7831      3.09996
      4875.80      98.6004      3.29093
      4877.20      100.824      3.40544
      4878.60      100.393      3.38651
      4880.00      100.283      3.38952
      4881.40      102.161      3.39024
      4882.80      104.764      3.41462
      4884.20      101.146      3.32983
      4885.60      104.619      3.40881
      4887.00      105.454      3.42727
      4888.40      102.880      3.39245
      4889.80      101.428      3.38409
      4891.20      106.582      3.48055
      4892.60      106.019      3.44681
      4894.00      108.937      3.52270
      4895.40      109.414      3.53710
      4896.80      110.759      3.56105
      4898.20      114.568      3.64071
      4899.60      107.767      3.51008
      4901.00      111.569      3.66098
      4902.40      111.352      3.68344
      4903.80      110.468      3.58045
      4905.20      106.217      3.46689
      4906.60      110.047      3.55442
      4908.00      111.824      3.60859
      4909.40      108.371      3.52624
      4910.80      105.807      3.45811
      4912.20      109.347      4.14100
      4913.60      110.587      4.13752
      4915.00      112.233      3.62416
      4916.40      111.361      3.58430
      4917.80      106.387      3.46151
      4919.20      101.415      3.36741
      4920.60      109.521      3.55570
      4922.00      108.675      3.52297
      4923.40      104.217      3.39991
      4924.80      98.8488      3.26597
      4926.20      98.3012      3.25627
      4927.60      105.822      3.44714
      4929.00      108.958      3.53033
      4930.40      113.483      3.59248
      4931.80      110.146      3.61261
      4933.20      105.939      3.41072
      4934.60      109.626      3.47795
      4936.00      108.931      3.46397
      4937.40      109.666      3.48135
      4938.80      105.096      3.36890
      4940.20      107.476      3.41839
      4941.60      104.616      3.37139
      4943.00      105.599      3.38917
      4944.40      110.273      3.50335
      4945.80      113.144      3.56693
      4947.20      110.232      3.50510
      4948.60      107.450      3.46008
      4950.00      106.705      3.42927
      4951.40      105.944      3.37558
      4952.80      110.040      3.45837
      4954.20      113.982      3.55130
      4955.60      109.902      3.49281
      4957.00      109.577      3.48293
      4958.40      103.612      3.33242
      4959.80      105.685      3.37425
      4961.20      110.169      3.48089
      4962.60      105.267      3.39329
      4964.00      112.026      3.53962
      4965.40      104.671      3.36198
      4966.80      108.727      3.42585
      4968.20      108.956      3.43411
      4969.60      106.410      3.38322
      4971.00      108.536      3.45255
      4972.40      104.238      3.36499
      4973.80      106.938      3.39837
      4975.20      107.029      3.39614
      4976.60      110.091      3.48277
      4978.00      107.905      3.52850
      4979.40      107.465      3.51127
      4980.80      106.337      3.45939
      4982.20      105.326      3.45119
      4983.60      105.848      3.48155
      4985.00      106.605      3.52971
      4986.40      102.761      3.37993
      4987.80      99.6862      3.24054
      4989.20      108.385      3.42165
      4990.60      112.462      3.50923
      4992.00      109.975      3.45585
      4993.40      98.2819      3.18766
      4994.80      108.560      3.41476
      4996.20      104.650      3.32975
      4997.60      108.355      3.40002
      4999.00      109.239      3.41891
