      3900.00      382.064      21.8666
      3901.40      373.607      21.3163
      3902.80      357.509      21.2650
      3904.20      340.043      20.8076
      3905.60      370.393      21.3253
      3907.00      381.137      21.6390
      3908.40      378.660      21.9680
      3909.80      386.288      23.2499
      3911.20      401.118      22.4865
      3912.60      387.126      22.4804
      3914.00      389.070      23.1951
      3915.40      353.828      21.9069
      3916.80      387.520      21.9141
      3918.20      368.402      22.6375
      3919.60      338.570      21.4365
      3921.00      388.978      21.8188
      3922.40      397.195      21.1978
      3923.80      392.206      20.3975
      3925.20      389.408      21.0999
      3926.60      388.834      21.6704
      3928.00      366.024      20.7474
      3929.40      344.515      19.7365
      3930.80      262.624      17.0925
      3932.20      168.496      14.1485
      3933.60      200.075      14.7470
      3935.00      334.245      18.0451
      3936.40      367.623      18.9293
      3937.80      379.346      19.4172
      3939.20      377.940      20.9826
      3940.60      379.262      21.0201
      3942.00      358.902      20.8670
      3943.40      376.435      21.2285
      3944.80      390.732      21.2109
      3946.20      381.332      20.9655
      3947.60      383.051      20.7939
      3949.00      393.997      20.4362
      3950.40      386.212      19.3843
      3951.80      387.601      19.5642
      3953.20      366.298      18.4754
      3954.60      352.103      18.0292
      3956.00      370.324      18.6769
      3957.40      362.543      19.3202
      3958.80      349.599      19.9401
      3960.20      351.462      19.9374
      3961.60      331.518      19.0879
      3963.00      328.007      18.3304
      3964.40      249.775      15.8890
      3965.80      232.569      15.0699
      3967.20      123.345      11.9768
      3968.60      115.797      11.7130
      3970.00      182.872      13.2936
      3971.40      242.667      14.7146
      3972.80      299.847      16.2754
      3974.20      340.838      17.3264
      3975.60      346.081      17.4878
      3977.00      354.929      18.0555
      3978.40      360.433      18.1516
      3979.80      366.328      17.8395
      3981.20      374.121      18.0114
      3982.60      327.344      16.8803
      3984.00      401.376      18.6623
      3985.40      390.166      18.2456
      3986.80      418.659      18.7690
      3988.20      415.267      18.9880
      3989.60      395.838      18.5829
      3991.00      408.054      18.3560
      3992.40      377.605      17.5704
      3993.80      372.725      17.7853
      3995.20      413.850      19.1848
      3996.60      378.033      18.4292
      3998.00      385.557      17.9320
      3999.40      399.998      18.2080
      4000.80      382.197      17.8246
      4002.20      383.077      17.9038
      4003.60      391.216      18.6820
      4005.00      341.899      17.8103
      4006.40      363.467      18.1048
      4007.80      394.458      18.6493
      4009.20      389.560      18.3240
      4010.60      360.591      17.3987
      4012.00      375.099      17.6734
      4013.40      411.931      18.5864
      4014.80      361.915      17.4500
      4016.20      417.148      18.4738
      4017.60      443.553      19.0098
      4019.00      418.362      18.4169
      4020.40      418.610      18.5191
      4021.80      393.760      18.0335
      4023.20      373.961      17.3971
      4024.60      387.047      17.8493
      4026.00      403.356      18.0286
      4027.40      376.519      17.2974
      4028.80      360.594      17.4340
      4030.20      380.817      18.0780
      4031.60      387.374      17.7638
      4033.00      389.451      17.3648
      4034.40      389.768      17.5683
      4035.80      400.877      17.5267
      4037.20      405.677      17.6259
      4038.60      414.995      17.9828
      4040.00      368.094      16.9541
      4041.40      382.487      17.2051
      4042.80      374.008      17.1571
      4044.20      396.932      17.6457
      4045.60      373.388      18.4982
      4047.00      379.085      21.9268
      4048.40      332.701      20.7910
      4049.80      369.038      18.9415
      4051.20      381.871      17.9884
      4052.60      403.980      18.0655
      4054.00      414.450      18.3280
      4055.40      384.870      17.7699
      4056.80      441.745      18.6073
      4058.20      416.542      17.6633
      4059.60      395.229      17.1824
      4061.00      390.715      17.0403
      4062.40      353.311      16.3135
      4063.80      390.480      17.1767
      4065.20      412.874      17.7668
      4066.60      416.990      18.0325
      4068.00      404.823      17.9726
      4069.40      363.849      16.5973
      4070.80      358.720      16.3155
      4072.20      388.728      17.0278
      4073.60      392.015      16.9417
      4075.00      342.945      16.0806
      4076.40      367.923      17.4834
      4077.80      362.717      17.8553
      4079.20      382.519      17.3173
      4080.60      367.380      16.5605
      4082.00      366.094      16.4678
      4083.40      371.978      16.4357
      4084.80      367.812      16.8521
      4086.20      365.678      16.7181
      4087.60      382.250      16.7247
      4089.00      380.494      16.4047
      4090.40      368.662      16.0740
      4091.80      328.314      15.4691
      4093.20      334.606      16.0984
      4094.60      317.798      15.9362
      4096.00      357.764      16.6920
      4097.40      305.728      15.2189
      4098.80      257.854      13.4734
      4100.20      212.746      12.3475
      4101.60      214.541      12.3660
      4103.00      276.091      13.6149
      4104.40      290.106      13.9200
      4105.80      330.621      14.8411
      4107.20      323.669      14.7807
      4108.60      321.027      15.2494
      4110.00      339.675      16.2521
      4111.40      370.610      16.7511
      4112.80      369.018      15.8931
      4114.20      350.995      15.2236
      4115.60      359.091      15.8361
      4117.00      346.629      16.4292
      4118.40      373.096      16.8388
      4119.80      358.445      15.7270
      4121.20      392.762      16.1747
      4122.60      363.340      15.6700
      4124.00      382.121      16.4023
      4125.40      397.124      16.5779
      4126.80      367.179      15.5775
      4128.20      378.435      15.8241
      4129.60      358.121      15.3786
      4131.00      367.521      15.5821
      4132.40      386.425      15.9873
      4133.80      403.686      16.3351
      4135.20      391.409      16.0999
      4136.60      407.348      16.5641
      4138.00      402.521      16.3825
      4139.40      366.808      15.7968
      4140.80      367.710      15.5954
      4142.20      360.401      15.2651
      4143.60      358.175      15.1816
      4145.00      398.705      16.4591
      4146.40      389.999      16.4753
      4147.80      385.029      16.1991
      4149.20      374.028      15.4378
      4150.60      392.704      15.7397
      4152.00      374.717      15.3627
      4153.40      380.381      15.6133
      4154.80      365.695      15.6631
      4156.20      380.156      15.8122
      4157.60      391.597      15.7771
      4159.00      386.909      15.8809
      4160.40      370.370      15.2458
      4161.80      359.682      15.1026
      4163.20      375.310      15.6490
      4164.60      380.943      15.6979
      4166.00      364.741      15.3613
      4167.40      370.285      16.0971
      4168.80      367.247      15.6067
      4170.20      378.349      15.9830
      4171.60      359.824      15.4248
      4173.00      366.061      15.2329
      4174.40      349.098      14.6859
      4175.80      390.156      15.5741
      4177.20      368.389      15.3687
      4178.60      386.527      16.7387
      4180.00      377.996      16.5496
      4181.40      381.555      15.5236
      4182.80      352.583      14.6047
      4184.20      392.157      15.4222
      4185.60      390.326      15.3756
      4187.00      365.655      14.8356
      4188.40      391.285      15.4067
      4189.80      367.761      14.8658
      4191.20      391.519      15.4871
      4192.60      379.741      15.3954
      4194.00      387.577      15.4942
      4195.40      366.521      14.9324
      4196.80      329.991      14.2359
      4198.20      356.004      14.9286
      4199.60      367.334      14.8922
      4201.00      368.455      14.6703
      4202.40      372.674      14.7593
      4203.80      381.225      15.2314
      4205.20      367.846      15.0202
      4206.60      382.381      15.4007
      4208.00      374.943      14.9620
      4209.40      392.879      15.1783
      4210.80      383.298      14.9350
      4212.20      376.976      14.7643
      4213.60      341.265      13.9900
      4215.00      340.000      13.9440
      4216.40      386.534      15.0185
      4217.80      364.124      14.4723
      4219.20      386.375      14.9275
      4220.60      385.412      14.9175
      4222.00      376.432      14.7383
      4223.40      341.725      13.9933
      4224.80      350.643      14.2818
      4226.20      349.748      14.2432
      4227.60      370.995      14.5543
      4229.00      403.398      15.1596
      4230.40      384.245      14.7821
      4231.80      348.670      14.2358
      4233.20      355.515      14.4659
      4234.60      343.796      13.9846
      4236.00      387.449      14.9074
      4237.40      360.777      14.3346
      4238.80      388.118      15.1201
      4240.20      381.479      14.9454
      4241.60      367.123      15.2008
      4243.00      371.307      14.5322
      4244.40      376.021      15.0815
      4245.80      364.598      15.3680
      4247.20      378.017      15.6034
      4248.60      362.645      14.5764
      4250.00      361.638      14.2826
      4251.40      380.572      14.6410
      4252.80      357.545      14.1568
      4254.20      388.315      14.7868
      4255.60      386.505      14.8153
      4257.00      377.207      14.6075
      4258.40      384.562      14.7658
      4259.80      372.760      14.4299
      4261.20      388.646      14.8613
      4262.60      369.428      14.6182
      4264.00      396.011      15.3218
      4265.40      379.338      15.0243
      4266.80      391.155      15.4383
      4268.20      389.200      15.1841
      4269.60      369.911      14.3186
      4271.00      322.180      13.2364
      4272.40      353.055      13.9344
      4273.80      374.136      14.6688
      4275.20      375.755      14.7311
      4276.60      357.124      14.1266
      4278.00      373.320      14.5160
      4279.40      377.493      14.4887
      4280.80      367.482      14.1489
      4282.20      375.601      14.5247
      4283.60      379.084      14.9161
      4285.00      366.373      14.4063
      4286.40      353.690      13.7788
      4287.80      342.991      13.5212
      4289.20      306.827      12.6696
      4290.60      361.553      13.9247
      4292.00      364.871      13.9790
      4293.40      374.036      14.2456
      4294.80      368.411      14.1157
      4296.20      364.035      13.9295
      4297.60      348.099      13.5533
      4299.00      340.157      13.3099
      4300.40      353.358      13.6071
      4301.80      351.773      13.5449
      4303.20      359.203      13.7063
      4304.60      345.850      13.5629
      4306.00      351.085      14.0222
      4307.40      355.075      13.9025
      4308.80      360.567      14.0924
      4310.20      336.227      13.6190
      4311.60      324.996      13.6258
      4313.00      355.728      14.6142
      4314.40      349.113      14.5698
      4315.80      365.705      14.4151
      4317.20      359.150      14.4386
      4318.60      358.005      13.9237
      4320.00      343.068      13.7215
      4321.40      349.239      13.8961
      4322.80      362.005      14.0187
      4324.20      352.379      13.6356
      4325.60      334.271      13.3218
      4327.00      354.404      13.9297
      4328.40      335.641      13.7901
      4329.80      331.292      13.5600
      4331.20      339.115      13.2209
      4332.60      307.776      12.4017
      4334.00      306.076      12.4592
      4335.40      315.212      12.8473
      4336.80      257.905      11.4035
      4338.20      210.606      10.2416
      4339.60      179.772      9.59233
      4341.00      215.398      10.5598
      4342.40      273.911      12.0835
      4343.80      295.775      12.2442
      4345.20      310.244      12.4433
      4346.60      336.225      13.0923
      4348.00      333.088      13.1273
      4349.40      330.126      13.6647
      4350.80      329.701      12.9167
      4352.20      320.338      12.5943
      4353.60      332.948      12.8084
      4355.00      336.282      13.8172
      4356.40      341.957      13.4830
      4357.80      366.393      16.1935
      4359.20      368.452      18.1776
      4360.60      340.033      16.8185
      4362.00      369.852      14.5295
      4363.40      374.529      14.2373
      4364.80      355.225      14.7113
      4366.20      381.698      14.8676
      4367.60      370.756      13.8588
      4369.00      338.156      12.9641
      4370.40      382.798      13.8896
      4371.80      357.390      13.3737
      4373.20      353.922      13.2756
      4374.60      345.538      13.1627
      4376.00      379.468      13.8874
      4377.40      375.716      13.7417
      4378.80      364.481      13.4649
      4380.20      370.856      13.5870
      4381.60      337.901      12.8375
      4383.00      334.534      12.8816
      4384.40      360.803      13.6735
      4385.80      356.939      13.8078
      4387.20      365.935      13.9559
      4388.60      360.467      13.7518
      4390.00      354.770      14.2380
      4391.40      339.830      12.7174
      4392.80      320.577      12.3157
      4394.20      333.735      12.7441
      4395.60      347.170      13.1731
      4397.00      354.354      13.1208
      4398.40      359.841      13.1467
      4399.80      334.618      12.6172
      4401.20      373.049      14.1249
      4402.60      369.142      14.5631
      4404.00      346.146      13.6837
      4405.40      353.703      13.4291
      4406.80      346.807      13.2703
      4408.20      359.207      13.4879
      4409.60      351.306      13.0186
      4411.00      358.463      13.1346
      4412.40      359.283      13.1823
      4413.80      318.915      12.2542
      4415.20      318.711      12.6749
      4416.60      350.256      13.8741
      4418.00      349.112      13.3144
      4419.40      360.722      13.1406
      4420.80      387.461      13.6799
      4422.20      368.610      13.3087
      4423.60      341.203      12.8725
      4425.00      356.557      13.2164
      4426.40      372.191      13.4664
      4427.80      353.410      13.3234
      4429.20      369.200      13.5070
      4430.60      354.411      12.8701
      4432.00      358.368      12.9738
      4433.40      345.988      12.9012
      4434.80      355.409      13.2810
      4436.20      357.407      12.9907
      4437.60      346.841      12.6394
      4439.00      356.615      12.9343
      4440.40      367.672      13.4131
      4441.80      339.193      12.7843
      4443.20      335.300      12.4593
      4444.60      364.517      12.9362
      4446.00      344.299      12.5454
      4447.40      359.890      12.8509
      4448.80      353.684      12.8440
      4450.20      350.781      13.1658
      4451.60      352.092      13.4020
      4453.00      339.014      13.0332
      4454.40      330.249      12.4885
      4455.80      349.453      12.5897
      4457.20      374.631      13.1232
      4458.60      356.811      12.8463
      4460.00      360.240      13.0612
      4461.40      367.303      13.2147
      4462.80      357.483      12.9527
      4464.20      350.711      12.5973
      4465.60      338.425      12.2625
      4467.00      338.897      12.2429
      4468.40      327.182      12.0304
      4469.80      350.642      12.5184
      4471.20      340.388      12.2388
      4472.60      360.430      12.6802
      4474.00      373.074      12.9589
      4475.40      374.305      13.0300
      4476.80      358.344      12.7065
      4478.20      379.916      13.2400
      4479.60      329.033      12.3975
      4481.00      351.704      13.1709
      4482.40      364.790      13.4557
      4483.80      363.770      13.0725
      4485.20      354.427      12.7862
      4486.60      368.660      13.1228
      4488.00      339.677      12.2650
      4489.40      357.322      12.9402
      4490.80      349.100      13.0133
      4492.20      349.448      12.8446
      4493.60      337.663      12.2426
      4495.00      353.969      12.5425
      4496.40      370.175      12.9638
      4497.80      359.402      13.0263
      4499.20      356.821      13.2488
      4500.60      338.096      12.3194
      4502.00      357.331      12.5586
      4503.40      357.145      12.5323
      4504.80      357.023      13.0336
      4506.20      354.577      13.0751
      4507.60      350.265      12.8669
      4509.00      357.661      12.7450
      4510.40      334.919      11.9991
      4511.80      351.733      12.3799
      4513.20      349.843      12.5085
      4514.60      345.484      12.4769
      4516.00      354.556      12.4757
      4517.40      348.253      12.2633
      4518.80      342.772      12.1176
      4520.20      345.011      12.1483
      4521.60      358.312      12.5462
      4523.00      347.863      12.3881
      4524.40      354.455      12.7592
      4525.80      350.122      12.4790
      4527.20      345.996      12.2485
      4528.60      340.952      12.0321
      4530.00      345.008      12.0776
      4531.40      354.031      12.4154
      4532.80      316.418      11.6197
      4534.20      342.604      12.0862
      4535.60      364.263      12.4948
      4537.00      349.049      12.2114
      4538.40      340.539      12.0549
      4539.80      336.165      11.9099
      4541.20      346.592      12.1242
      4542.60      329.720      11.7556
      4544.00      342.650      12.0941
      4545.40      347.058      12.5786
      4546.80      330.159      12.7400
      4548.20      317.450      12.2638
      4549.60      335.115      11.9064
      4551.00      345.837      12.0168
      4552.40      332.476      11.7321
      4553.80      324.168      11.6738
      4555.20      344.538      12.2786
      4556.60      334.487      12.3495
      4558.00      334.651      12.5322
      4559.40      339.012      12.3565
      4560.80      345.958      12.2441
      4562.20      330.987      11.6779
      4563.60      351.746      12.1113
      4565.00      357.355      12.2193
      4566.40      355.054      12.1548
      4567.80      355.954      12.1595
      4569.20      358.960      12.1965
      4570.60      339.699      11.7725
      4572.00      336.000      11.6675
      4573.40      358.500      12.1902
      4574.80      335.157      11.7840
      4576.20      341.280      11.9830
      4577.60      329.219      11.7212
      4579.00      336.609      12.4544
      4580.40      339.058      12.2347
      4581.80      334.366      12.0274
      4583.20      332.325      11.6292
      4584.60      338.681      11.7982
      4586.00      339.283      12.2465
      4587.40      337.787      12.5291
      4588.80      327.755      11.9304
      4590.20      338.403      11.6822
      4591.60      350.368      11.9470
      4593.00      341.118      11.8097
      4594.40      348.483      12.0940
      4595.80      337.748      11.8967
      4597.20      343.280      11.8709
      4598.60      344.136      11.8168
      4600.00      356.119      11.9969
      4601.40      354.656      11.9603
      4602.80      346.552      11.7914
      4604.20      350.948      11.8600
      4605.60      349.763      12.1666
      4607.00      347.018      11.7376
      4608.40      339.786      11.6079
      4609.80      353.370      11.9582
      4611.20      350.180      11.8659
      4612.60      359.305      12.0322
      4614.00      357.619      11.9657
      4615.40      354.196      11.9257
      4616.80      355.578      12.0622
      4618.20      353.697      11.9889
      4619.60      348.033      11.7049
      4621.00      344.120      11.6336
      4622.40      348.537      11.7545
      4623.80      346.957      11.7415
      4625.20      316.534      11.1446
      4626.60      333.286      11.4459
      4628.00      330.247      11.3710
      4629.40      337.500      11.5166
      4630.80      345.422      11.6723
      4632.20      341.197      11.6983
      4633.60      342.231      12.0038
      4635.00      366.541      12.4493
      4636.40      350.725      11.7915
      4637.80      336.446      11.4015
      4639.20      328.464      11.2856
      4640.60      355.058      11.9148
      4642.00      335.770      11.4080
      4643.40      348.593      11.6866
      4644.80      338.795      11.4398
      4646.20      340.212      11.7833
      4647.60      332.306      11.3454
      4649.00      340.468      11.4931
      4650.40      343.493      11.5789
      4651.80      340.576      11.5043
      4653.20      347.245      11.6905
      4654.60      330.471      11.3124
      4656.00      326.727      11.1705
      4657.40      333.103      11.3396
      4658.80      319.421      11.1046
      4660.20      331.280      11.3496
      4661.60      328.277      11.3057
      4663.00      336.512      11.4837
      4664.40      363.003      12.0413
      4665.80      350.421      11.8948
      4667.20      311.744      11.2915
      4668.60      325.769      11.8299
      4670.00      337.024      12.0793
      4671.40      354.453      11.9967
      4672.80      330.610      11.3266
      4674.20      341.194      11.6485
      4675.60      357.003      12.2512
      4677.00      352.335      12.2283
      4678.40      350.391      11.9552
      4679.80      365.747      12.0952
      4681.20      346.147      11.6075
      4682.60      339.056      11.4475
      4684.00      330.862      11.2976
      4685.40      360.450      12.0617
      4686.80      355.742      12.0937
      4688.20      330.018      11.5285
      4689.60      332.064      11.3536
      4691.00      347.207      11.5300
      4692.40      344.770      11.4751
      4693.80      348.876      11.5650
      4695.20      331.256      11.1798
      4696.60      341.918      11.4354
      4698.00      339.318      11.5129
      4699.40      329.166      11.3482
      4700.80      333.548      11.3002
      4702.20      340.695      11.3136
      4703.60      330.533      11.0900
      4705.00      338.040      11.3032
      4706.40      338.829      11.3947
      4707.80      327.299      11.0666
      4709.20      334.325      11.3009
      4710.60      331.660      11.5511
      4712.00      332.363      11.1944
      4713.40      327.336      11.5343
      4714.80      341.936      12.2574
      4716.20      345.687      12.0609
      4717.60      344.062      11.5100
      4719.00      347.868      11.4563
      4720.40      340.326      11.3074
      4721.80      353.360      11.5798
      4723.20      342.727      11.3172
      4724.60      355.205      11.6389
      4726.00      345.379      11.3821
      4727.40      341.071      11.2753
      4728.80      337.250      11.2218
      4730.20      332.124      11.1586
      4731.60      324.123      10.9306
      4733.00      329.913      11.0161
      4734.40      330.185      11.0758
      4735.80      316.136      10.9086
      4737.20      323.371      11.1164
      4738.60      330.762      11.3005
      4740.00      330.189      11.3750
      4741.40      325.004      11.3914
      4742.80      331.117      11.4976
      4744.20      337.077      11.4174
      4745.60      341.256      11.3240
      4747.00      336.619      11.1472
      4748.40      325.726      10.8884
      4749.80      339.639      11.1789
      4751.20      339.945      11.2712
      4752.60      335.869      11.2798
      4754.00      325.299      11.0083
      4755.40      326.840      11.2098
      4756.80      321.582      10.9915
      4758.20      329.225      10.8948
      4759.60      336.755      11.3058
      4761.00      325.114      11.3297
      4762.40      339.440      11.7390
      4763.80      336.827      11.3930
      4765.20      314.574      10.5345
      4766.60      336.009      11.2859
      4768.00      332.495      11.0319
      4769.40      330.750      11.1162
      4770.80      333.218      11.0296
      4772.20      333.066      11.1039
      4773.60      338.224      11.0145
      4775.00      324.830      10.7308
      4776.40      325.779      10.7598
      4777.80      311.885      10.4992
      4779.20      329.232      10.8867
      4780.60      327.556      10.8489
      4782.00      337.317      11.0262
      4783.40      331.317      10.8689
      4784.80      336.840      10.9790
      4786.20      323.141      10.6817
      4787.60      332.677      10.8874
      4789.00      332.773      10.8663
      4790.40      323.759      10.6637
      4791.80      320.825      10.6346
      4793.20      338.003      10.9892
      4794.60      330.764      10.8185
      4796.00      322.448      10.6563
      4797.40      331.240      10.8203
      4798.80      325.261      10.6599
      4800.20      329.762      10.7894
      4801.60      325.441      10.7205
      4803.00      326.571      10.8349
      4804.40      314.805      10.5745
      4805.80      335.768      10.9594
      4807.20      331.480      11.0027
      4808.60      332.511      10.8224
      4810.00      345.765      11.0942
      4811.40      333.369      10.8214
      4812.80      319.180      10.5500
      4814.20      332.184      11.0398
      4815.60      326.820      11.1161
      4817.00      327.585      10.9904
      4818.40      330.115      10.7753
      4819.80      327.971      10.7484
      4821.20      321.457      10.8559
      4822.60      312.781      10.8407
      4824.00      301.757      10.2766
      4825.40      314.867      10.4376
      4826.80      313.399      10.4161
      4828.20      326.716      10.6895
      4829.60      304.847      10.2177
      4831.00      317.654      10.5457
      4832.40      315.182      10.4870
      4833.80      317.791      10.5317
      4835.20      318.532      10.5391
      4836.60      320.369      10.5434
      4838.00      318.117      10.5198
      4839.40      318.800      10.5451
      4840.80      316.588      10.5200
      4842.20      309.086      10.3439
      4843.60      311.505      10.6953
      4845.00      312.419      10.3462
      4846.40      310.017      10.3148
      4847.80      305.721      10.2318
      4849.20      299.026      10.1324
      4850.60      292.128      10.0189
      4852.00      303.491      10.2178
      4853.40      290.133      9.84992
      4854.80      288.781      9.80583
      4856.20      277.824      16.3136
      4857.60      250.663      9.69980
      4859.00      215.019      8.22320
      4860.40      168.642      7.23578
      4861.80      211.351      8.14068
      4863.20      260.095      9.34457
      4864.60      276.227      9.70830
      4866.00      297.943      10.0217
      4867.40      298.267      10.1504
      4868.80      301.982      10.4674
      4870.20      310.186      10.5507
      4871.60      306.209      10.3769
      4873.00      290.087      9.94933
      4874.40      320.287      10.5853
      4875.80      318.781      10.5552
      4877.20      323.854      10.7272
      4878.60      332.058      10.9324
      4880.00      319.523      10.7269
      4881.40      315.530      10.7461
      4882.80      319.906      10.7913
      4884.20      324.818      10.8241
      4885.60      329.546      10.9061
      4887.00      330.779      10.9438
      4888.40      318.076      10.7388
      4889.80      314.981      10.7277
      4891.20      320.134      10.7275
      4892.60      321.961      10.7710
      4894.00      316.473      10.6767
      4895.40      317.153      10.8116
      4896.80      315.676      10.8845
      4898.20      314.009      10.9646
      4899.60      310.614      11.0669
      4901.00      305.193      10.9658
      4902.40      310.362      10.8000
      4903.80      312.919      10.5634
      4905.20      312.622      10.5029
      4906.60      310.059      10.6331
      4908.00      315.359      10.9135
      4909.40      315.677      10.7169
      4910.80      311.835      10.4427
      4912.20      295.533      10.0632
      4913.60      305.014      10.5312
      4915.00      302.424      10.1867
      4916.40      301.165      10.3692
      4917.80      304.393      10.3932
      4919.20      301.913      10.1227
      4920.60      303.064      10.1048
      4922.00      296.355      10.3209
      4923.40      291.577      10.3357
      4924.80      314.520      10.5090
      4926.20      318.832      10.4224
      4927.60      311.433      10.2254
      4929.00      320.212      10.3939
      4930.40      311.007      10.2450
      4931.80      299.862      10.0006
      4933.20      310.625      10.1878
      4934.60      314.210      10.2707
      4936.00      311.740      10.2756
      4937.40      318.717      10.7200
      4938.80      325.282      10.5212
      4940.20      322.762      10.4916
      4941.60      312.897      10.3605
      4943.00      317.930      11.0357
      4944.40      317.403      10.9472
      4945.80      307.307      10.6604
      4947.20      307.153      10.3289
      4948.60      313.925      10.2083
      4950.00      331.072      10.5905
      4951.40      320.518      10.3468
      4952.80      320.346      10.3548
      4954.20      304.708      10.0612
      4955.60      304.617      10.0266
      4957.00      301.101      9.92330
      4958.40      308.342      10.1907
      4959.80      314.629      10.5000
      4961.20      315.274      10.4191
      4962.60      315.952      10.2420
      4964.00      297.441      9.83917
      4965.40      322.760      10.4323
      4966.80      320.783      10.5164
      4968.20      322.402      10.4867
      4969.60      323.737      10.4477
      4971.00      319.364      10.3295
      4972.40      329.531      10.5602
      4973.80      315.646      10.2888
      4975.20      318.306      10.3415
      4976.60      305.849      10.0874
      4978.00      312.064      10.2627
      4979.40      312.992      11.0410
      4980.80      320.339      10.6931
      4982.20      310.722      10.6771
      4983.60      306.952      10.9232
      4985.00      313.117      11.1027
      4986.40      305.910      10.4517
      4987.80      329.433      10.6712
      4989.20      319.818      10.4937
      4990.60      311.315      10.4418
      4992.00      310.264      10.4820
      4993.40      331.227      10.7235
      4994.80      322.738      10.3630
      4996.20      300.272      9.89750
      4997.60      307.131      10.0765
      4999.00      314.172      10.1406
