      3900.00      86.5187      5.55197
      3901.40      84.1040      5.48855
      3902.80      91.6497      5.61309
      3904.20      81.0031      5.43282
      3905.60      77.2363      5.44282
      3907.00      80.8239      5.54446
      3908.40      90.0856      5.71818
      3909.80      98.6009      5.86668
      3911.20      80.5025      5.54583
      3912.60      80.6304      5.46373
      3914.00      90.7103      5.53892
      3915.40      86.9442      5.43575
      3916.80      98.9258      5.60192
      3918.20      86.6675      5.41227
      3919.60      90.8917      5.40027
      3921.00      87.2799      5.21901
      3922.40      89.6477      5.28378
      3923.80      91.5637      5.44708
      3925.20      89.1972      5.49817
      3926.60      88.8074      5.49571
      3928.00      91.4109      5.30584
      3929.40      83.7993      5.08931
      3930.80      77.2759      4.95673
      3932.20      77.0843      5.00964
      3933.60      42.0887      4.40521
      3935.00      43.3205      4.39106
      3936.40      68.2295      4.70655
      3937.80      88.3767      5.06871
      3939.20      77.9725      4.99310
      3940.60      89.2570      5.23012
      3942.00      91.1372      5.17874
      3943.40      93.8135      5.22208
      3944.80      83.5837      5.09788
      3946.20      91.6231      5.26892
      3947.60      90.7955      5.34984
      3949.00      91.8552      5.42565
      3950.40      87.8076      5.24242
      3951.80      90.1882      5.15927
      3953.20      95.7953      5.15726
      3954.60      90.0010      4.96046
      3956.00      88.4203      4.96062
      3957.40      87.2599      5.11579
      3958.80      87.0223      4.96128
      3960.20      92.1367      5.07897
      3961.60      86.3478      5.06786
      3963.00      80.7039      4.93014
      3964.40      81.5925      4.93931
      3965.80      74.6780      4.56498
      3967.20      57.6848      4.18654
      3968.60      42.4095      3.81321
      3970.00      33.3958      3.74518
      3971.40      46.3545      4.09081
      3972.80      62.9586      4.43689
      3974.20      68.2035      4.54007
      3975.60      72.3369      4.55663
      3977.00      82.2051      4.82265
      3978.40      77.1929      4.87550
      3979.80      74.2147      4.92072
      3981.20      87.1643      5.09124
      3982.60      90.3583      5.02101
      3984.00      78.1518      5.15302
      3985.40      86.6177      5.10816
      3986.80      90.7599      4.80633
      3988.20      91.5964      4.95678
      3989.60      91.2185      5.09348
      3991.00      90.0506      5.07243
      3992.40      85.1121      4.86656
      3993.80      83.4988      4.81011
      3995.20      92.8733      4.80018
      3996.60      94.7209      4.87904
      3998.00      86.2966      4.73383
      3999.40      88.4807      4.81170
      4000.80      85.3151      4.77969
      4002.20      95.8356      4.89164
      4003.60      93.8015      4.85716
      4005.00      99.4942      4.91816
      4006.40      88.7589      4.74533
      4007.80      85.5202      4.76394
      4009.20      81.7658      4.80405
      4010.60      91.7636      5.04698
      4012.00      94.8496      5.03975
      4013.40      88.8657      4.78213
      4014.80      86.8575      4.68700
      4016.20      92.7885      4.79103
      4017.60      91.0182      4.78834
      4019.00      82.8781      4.73145
      4020.40      92.9948      4.90860
      4021.80      89.1780      4.84627
      4023.20      91.5269      4.87537
      4024.60      89.1658      4.88478
      4026.00      87.9947      4.80849
      4027.40      85.6323      4.73310
      4028.80      99.0978      5.05315
      4030.20      100.054      5.69998
      4031.60      88.4246      4.81716
      4033.00      90.8435      4.67219
      4034.40      90.6712      4.64289
      4035.80      88.4626      4.66353
      4037.20      87.4973      4.66771
      4038.60      89.9083      4.90491
      4040.00      90.2247      4.90043
      4041.40      88.1000      4.80615
      4042.80      91.9681      4.83377
      4044.20      86.8811      4.73988
      4045.60      92.2169      4.94340
      4047.00      83.8226      5.47221
      4048.40      93.7871      5.43576
      4049.80      96.7807      4.90557
      4051.20      87.0360      4.76683
      4052.60      82.4048      4.72802
      4054.00      85.8499      4.78172
      4055.40      92.9959      4.88344
      4056.80      94.8161      4.76247
      4058.20      86.5001      4.64127
      4059.60      89.1979      4.72132
      4061.00      93.6863      1000.01
      4062.40      87.0576      1000.01
      4063.80      89.0175      1000.01
      4065.20      93.4551      1000.01
      4066.60      89.5883      1000.01
      4068.00      95.5777      1000.01
      4069.40      90.4755      1000.01
      4070.80      95.5551      4.84371
      4072.20      88.4454      4.67061
      4073.60      82.5981      4.53775
      4075.00      90.7701      4.62348
      4076.40      94.0519      4.70521
      4077.80      97.9041      4.80898
      4079.20      85.0643      4.60299
      4080.60      88.1139      4.55070
      4082.00      81.8765      4.41487
      4083.40      89.4890      4.49947
      4084.80      88.2410      4.43896
      4086.20      89.5156      4.46997
      4087.60      82.9150      4.52140
      4089.00      81.4814      4.40887
      4090.40      94.5280      4.56225
      4091.80      88.9500      4.47376
      4093.20      83.5640      4.36062
      4094.60      86.4598      4.40370
      4096.00      82.8667      4.39696
      4097.40      75.9154      4.35901
      4098.80      78.2498      4.39849
      4100.20      69.0080      4.17038
      4101.60      49.2517      3.69877
      4103.00      49.6600      3.63052
      4104.40      67.6418      3.89883
      4105.80      73.4124      3.95647
      4107.20      77.6904      4.09738
      4108.60      78.6497      4.20029
      4110.00      78.9990      4.20883
      4111.40      81.4181      4.25586
      4112.80      88.5267      4.44333
      4114.20      84.0007      4.38066
      4115.60      85.8362      4.37433
      4117.00      83.5395      4.32635
      4118.40      84.9673      4.32575
      4119.80      82.5195      4.24922
      4121.20      84.5543      4.34504
      4122.60      85.0316      4.42189
      4124.00      84.9986      4.36011
      4125.40      88.0728      4.54842
      4126.80      87.3032      4.31296
      4128.20      86.6648      4.27633
      4129.60      87.2470      4.30339
      4131.00      87.9790      4.30202
      4132.40      87.4781      4.29767
      4133.80      86.8195      4.32846
      4135.20      84.8435      4.22990
      4136.60      90.7059      4.34893
      4138.00      93.2327      4.37733
      4139.40      89.5501      4.31272
      4140.80      94.6298      4.39958
      4142.20      94.0765      4.40200
      4143.60      89.2886      4.37117
      4145.00      88.6566      4.35388
      4146.40      93.9027      4.28249
      4147.80      97.1535      4.26089
      4149.20      90.3211      4.16304
      4150.60      94.2153      4.37764
      4152.00      90.9494      4.49074
      4153.40      92.7974      4.49465
      4154.80      88.4600      4.23659
      4156.20      94.3475      4.29736
      4157.60      95.1698      4.32953
      4159.00      83.9428      4.21419
      4160.40      84.2261      4.25897
      4161.80      90.6356      4.32948
      4163.20      89.7188      4.25105
      4164.60      91.3927      4.30661
      4166.00      95.1994      4.46537
      4167.40      90.5090      4.39155
      4168.80      85.5966      4.38736
      4170.20      90.2396      4.47849
      4171.60      92.0656      4.32573
      4173.00      96.8465      4.36130
      4174.40      92.7726      4.30174
      4175.80      94.4401      4.31191
      4177.20      85.8362      4.16147
      4178.60      85.6880      4.14420
      4180.00      89.4062      4.16607
      4181.40      89.4421      4.11711
      4182.80      89.8305      4.17432
      4184.20      93.7031      4.33277
      4185.60      92.6671      4.25311
      4187.00      82.5983      4.11036
      4188.40      86.8964      4.11214
      4189.80      86.4038      4.11241
      4191.20      84.1370      4.32747
      4192.60      88.4055      4.29428
      4194.00      92.1736      4.24478
      4195.40      90.3298      4.12248
      4196.80      91.7315      4.06361
      4198.20      84.3372      3.89220
      4199.60      81.6906      3.90933
      4201.00      90.1206      4.15817
      4202.40      86.3461      4.09567
      4203.80      88.6174      4.06841
      4205.20      89.2286      4.06478
      4206.60      88.2348      4.14127
      4208.00      93.7297      4.28741
      4209.40      91.9510      4.15688
      4210.80      89.1799      3.98704
      4212.20      90.8720      3.98954
      4213.60      94.9518      4.03649
      4215.00      92.4982      4.00386
      4216.40      91.5611      4.07477
      4217.80      95.9463      4.23706
      4219.20      94.6461      4.22054
      4220.60      93.0128      4.15556
      4222.00      100.518      4.25473
      4223.40      87.8415      4.03415
      4224.80      86.2735      4.00732
      4226.20      87.0480      3.97645
      4227.60      79.4468      3.83944
      4229.00      90.6140      4.06699
      4230.40      91.4387      4.08676
      4231.80      87.7751      3.97940
      4233.20      87.3142      4.04366
      4234.60      90.2335      4.10715
      4236.00      89.2276      4.06320
      4237.40      91.2943      4.01663
      4238.80      92.3978      4.04266
      4240.20      90.8230      3.99700
      4241.60      87.7673      4.05095
      4243.00      89.9630      3.91759
      4244.40      89.9160      3.97743
      4245.80      89.3491      4.05959
      4247.20      88.3973      4.49351
      4248.60      90.1063      4.29001
      4250.00      88.9696      4.15214
      4251.40      88.6098      4.00136
      4252.80      90.4912      4.12188
      4254.20      87.5665      4.01963
      4255.60      85.7815      3.96165
      4257.00      89.6736      4.08061
      4258.40      90.1766      3.99038
      4259.80      92.9156      3.98573
      4261.20      87.3279      3.87938
      4262.60      89.7105      3.94382
      4264.00      92.7696      4.03726
      4265.40      93.4381      4.05000
      4266.80      90.0006      4.05061
      4268.20      93.5702      4.14237
      4269.60      89.7909      4.03943
      4271.00      88.8509      4.01249
      4272.40      89.5333      3.91451
      4273.80      87.6748      3.91258
      4275.20      84.3792      3.91992
      4276.60      91.0435      4.12144
      4278.00      91.3459      4.05057
      4279.40      93.0776      4.10849
      4280.80      96.1229      4.11409
      4282.20      86.8603      3.95365
      4283.60      89.0733      3.95866
      4285.00      87.7401      3.94700
      4286.40      96.4701      4.14530
      4287.80      88.1196      3.94270
      4289.20      91.7988      3.95521
      4290.60      98.7000      4.03884
      4292.00      87.4283      3.84817
      4293.40      90.4489      3.98034
      4294.80      92.4610      3.97576
      4296.20      95.5739      4.04624
      4297.60      86.7543      3.90949
      4299.00      88.7023      3.94117
      4300.40      84.6863      3.84887
      4301.80      87.0715      3.88176
      4303.20      86.6986      3.81508
      4304.60      90.4032      3.87903
      4306.00      88.0394      3.86097
      4307.40      86.0722      3.83755
      4308.80      86.1130      3.79866
      4310.20      80.5545      3.72906
      4311.60      86.9276      3.83345
      4313.00      84.0429      3.76800
      4314.40      91.4763      3.92293
      4315.80      88.2733      4.02977
      4317.20      94.1260      4.08063
      4318.60      92.4152      4.04365
      4320.00      93.9524      4.15900
      4321.40      90.2088      4.07254
      4322.80      87.2382      3.94620
      4324.20      91.0905      3.93272
      4325.60      92.9482      3.91782
      4327.00      86.7474      3.81158
      4328.40      87.2497      3.85436
      4329.80      90.6859      3.97573
      4331.20      84.4290      3.92241
      4332.60      87.7594      3.84442
      4334.00      82.4226      3.72780
      4335.40      83.7477      3.80282
      4336.80      86.2092      3.87152
      4338.20      73.9736      3.66187
      4339.60      66.5166      3.51393
      4341.00      48.3062      3.18891
      4342.40      53.7826      3.29862
      4343.80      72.4531      3.58081
      4345.20      75.7724      3.62002
      4346.60      82.0579      3.77537
      4348.00      79.9286      3.83276
      4349.40      84.9545      3.92121
      4350.80      83.0865      3.85136
      4352.20      85.9070      3.80559
      4353.60      84.3663      3.68966
      4355.00      93.2345      3.84635
      4356.40      88.8864      3.85324
      4357.80      87.2765      4.54260
      4359.20      90.8841      5.29431
      4360.60      94.4429      4.90420
      4362.00      94.0375      4.15036
      4363.40      89.0856      3.96136
      4364.80      88.0409      3.92784
      4366.20      91.4874      3.98940
      4367.60      90.7745      3.94155
      4369.00      91.9072      3.97388
      4370.40      91.0631      3.96036
      4371.80      88.4008      3.96991
      4373.20      90.7966      3.94575
      4374.60      93.9677      4.00270
      4376.00      92.8520      3.96004
      4377.40      92.0473      3.92880
      4378.80      93.3924      3.89823
      4380.20      90.1353      3.91588
      4381.60      91.8477      3.96110
      4383.00      91.8719      3.89160
      4384.40      92.5244      3.76800
      4385.80      89.7067      3.69691
      4387.20      89.0969      3.70959
      4388.60      93.4859      3.82800
      4390.00      95.6327      3.91236
      4391.40      98.3211      3.92805
      4392.80      91.3936      3.84914
      4394.20      92.3777      3.78499
      4395.60      91.9457      3.79297
      4397.00      97.3739      3.91379
      4398.40      98.4961      4.13436
      4399.80      87.9359      4.70902
      4401.20      90.7085      3.85700
      4402.60      88.9313      3.82881
      4404.00      89.8862      3.84569
      4405.40      94.8211      3.94670
      4406.80      88.8274      3.97022
      4408.20      89.3235      3.87278
      4409.60      95.1969      3.96131
      4411.00      92.8650      3.90597
      4412.40      90.3600      3.87980
      4413.80      85.4110      3.81167
      4415.20      89.9697      3.88981
      4416.60      92.0897      4.03359
      4418.00      92.9198      4.00111
      4419.40      92.4964      3.79950
      4420.80      94.0973      3.89301
      4422.20      92.0026      3.84585
      4423.60      92.1921      3.78320
      4425.00      90.9370      3.75734
      4426.40      90.0397      3.75524
      4427.80      88.1072      3.74826
      4429.20      89.4702      3.80166
      4430.60      87.9792      3.66804
      4432.00      88.9680      3.72557
      4433.40      91.0030      3.77501
      4434.80      91.0667      3.72839
      4436.20      94.0079      3.72224
      4437.60      88.5138      3.67661
      4439.00      96.9991      3.95248
      4440.40      94.8762      3.98964
      4441.80      92.4193      3.91505
      4443.20      87.3335      3.75002
      4444.60      84.1169      3.73066
      4446.00      85.7425      3.74836
      4447.40      91.8474      3.90904
      4448.80      97.3766      3.90780
      4450.20      92.4687      3.78784
      4451.60      93.5213      3.83467
      4453.00      96.3448      3.76113
      4454.40      83.7692      3.52734
      4455.80      91.9649      3.65144
      4457.20      91.3820      3.69567
      4458.60      87.2566      3.61515
      4460.00      93.7896      3.68977
      4461.40      91.6413      3.68353
      4462.80      89.4911      3.59306
      4464.20      94.9821      3.67025
      4465.60      83.8323      3.54157
      4467.00      93.5029      3.71405
      4468.40      90.9157      3.67306
      4469.80      95.5106      3.74539
      4471.20      95.1380      3.68997
      4472.60      92.8152      3.65996
      4474.00      93.9278      3.67686
      4475.40      98.9296      3.76834
      4476.80      93.6528      3.65640
      4478.20      89.3346      3.56265
      4479.60      92.6741      3.61189
      4481.00      94.0572      3.64962
      4482.40      99.4489      3.70722
      4483.80      92.6795      3.70012
      4485.20      94.8849      3.72267
      4486.60      95.0479      3.74843
      4488.00      95.0411      3.75866
      4489.40      91.1740      3.64139
      4490.80      91.4109      3.58160
      4492.20      95.1738      3.66484
      4493.60      93.4056      3.66085
      4495.00      90.3221      3.65890
      4496.40      88.7589      3.61323
      4497.80      88.4363      3.59871
      4499.20      90.0480      3.60129
      4500.60      93.5926      3.65774
      4502.00      87.7127      3.59136
      4503.40      87.1842      3.58369
      4504.80      90.1113      3.61207
      4506.20      94.5002      3.70679
      4507.60      94.5415      3.66679
      4509.00      94.4507      3.65598
      4510.40      95.3591      3.69358
      4511.80      97.4189      3.74921
      4513.20      96.2679      3.73793
      4514.60      88.7380      3.54371
      4516.00      89.7968      3.61490
      4517.40      91.6263      3.62226
      4518.80      93.5403      3.68021
      4520.20      96.7666      3.73062
      4521.60      91.6712      3.65072
      4523.00      90.5273      3.63081
      4524.40      93.2155      3.66987
      4525.80      97.6412      3.69001
      4527.20      88.9592      3.56584
      4528.60      91.2125      3.60376
      4530.00      92.0779      3.73274
      4531.40      93.6263      3.66773
      4532.80      90.0403      3.66801
      4534.20      90.4240      3.61023
      4535.60      88.7470      3.53390
      4537.00      91.2352      3.58207
      4538.40      91.5820      3.67043
      4539.80      91.4292      3.71310
      4541.20      95.4975      3.74884
      4542.60      91.3626      3.69375
      4544.00      92.0633      3.71227
      4545.40      93.4483      3.77513
      4546.80      93.1556      3.64502
      4548.20      88.6934      3.54957
      4549.60      88.4340      3.52060
      4551.00      84.0272      3.43087
      4552.40      100.685      3.70396
      4553.80      95.3895      3.60215
      4555.20      92.4036      3.51216
      4556.60      91.6024      3.51534
      4558.00      91.3914      3.55104
      4559.40      91.6618      3.55533
      4560.80      94.1845      3.60234
      4562.20      88.3629      3.54494
      4563.60      92.6313      3.59925
      4565.00      92.4522      3.71193
      4566.40      91.9249      3.65389
      4567.80      91.3438      3.57270
      4569.20      94.7970      3.55036
      4570.60      88.3529      3.45277
      4572.00      91.2778      3.47970
      4573.40      87.0190      3.41337
      4574.80      91.2108      3.52256
      4576.20      92.6743      3.59650
      4577.60      85.3528      3.48592
      4579.00      86.9328      3.50609
      4580.40      83.3960      3.47695
      4581.80      93.6307      3.66020
      4583.20      94.7886      3.63526
      4584.60      97.9790      3.63823
      4586.00      91.0552      3.49978
      4587.40      93.7992      3.51065
      4588.80      94.5372      3.54084
      4590.20      90.6538      3.52542
      4591.60      98.1618      3.62941
      4593.00      90.4862      3.48018
      4594.40      89.4581      3.44595
      4595.80      91.5240      3.48754
      4597.20      99.1860      3.67702
      4598.60      92.1129      3.54109
      4600.00      93.4768      3.49907
      4601.40      90.6632      3.42855
      4602.80      93.0257      3.48237
      4604.20      95.0938      3.57735
      4605.60      94.2983      3.67789
      4607.00      89.8447      3.54768
      4608.40      90.1365      3.48056
      4609.80      95.4676      3.51436
      4611.20      94.4161      3.51132
      4612.60      95.4390      3.60791
      4614.00      91.3324      3.53531
      4615.40      96.5693      3.53155
      4616.80      91.2956      3.45407
      4618.20      91.8138      3.54040
      4619.60      96.9315      3.66900
      4621.00      95.2505      3.58906
      4622.40      90.4458      3.48328
      4623.80      88.9604      3.43741
      4625.20      97.9780      3.55425
      4626.60      87.6994      3.40200
      4628.00      96.3946      3.50679
      4629.40      92.8325      3.45707
      4630.80      86.6194      3.38943
      4632.20      91.3243      3.51583
      4633.60      95.6030      3.53824
      4635.00      90.9486      3.45909
      4636.40      96.2826      3.49536
      4637.80      96.0967      3.56375
      4639.20      95.8306      3.57871
      4640.60      90.3044      3.53296
      4642.00      91.7332      3.48529
      4643.40      89.4460      3.42126
      4644.80      94.1264      3.44941
      4646.20      91.1335      3.40190
      4647.60      96.7325      3.48752
      4649.00      98.7379      3.56003
      4650.40      94.9563      3.51378
      4651.80      96.3978      3.55592
      4653.20      96.8992      3.57617
      4654.60      93.1266      3.52117
      4656.00      89.6389      3.46166
      4657.40      91.5133      3.47596
      4658.80      94.7074      3.57671
      4660.20      87.0988      3.58238
      4661.60      90.9236      3.60136
      4663.00      95.7751      3.54357
      4664.40      92.8720      3.49162
      4665.80      94.6731      3.54220
      4667.20      87.6774      3.39197
      4668.60      92.2051      3.48466
      4670.00      96.9550      3.55608
      4671.40      93.7602      3.57098
      4672.80      92.3755      3.55380
      4674.20      96.1638      3.62012
      4675.60      91.2426      3.51576
      4677.00      92.2496      3.50445
      4678.40      95.2512      3.54177
      4679.80      98.3568      3.60018
      4681.20      92.8575      7.00332
      4682.60      96.1484      3.66317
      4684.00      93.4743      3.50408
      4685.40      93.8325      3.53099
      4686.80      93.5791      3.51947
      4688.20      98.8159      3.57036
      4689.60      95.9417      3.45569
      4691.00      93.2268      3.40472
      4692.40      88.2315      3.38218
      4693.80      95.6491      3.53617
      4695.20      96.9014      3.55947
      4696.60      89.9930      3.40169
      4698.00      97.9191      3.49586
      4699.40      92.1333      3.44816
      4700.80      93.7571      3.51799
      4702.20      90.3369      3.40810
      4703.60      91.2138      3.42377
      4705.00      90.2865      3.44677
      4706.40      91.8163      3.54692
      4707.80      92.0813      3.48093
      4709.20      95.3168      3.53799
      4710.60      95.5257      3.51966
      4712.00      97.6309      3.51851
      4713.40      92.9880      3.43094
      4714.80      95.8389      3.51803
      4716.20      94.9142      3.60230
      4717.60      94.1863      3.55045
      4719.00      89.2226      3.43413
      4720.40      92.8340      3.52028
      4721.80      88.4942      3.48288
      4723.20      91.9289      3.41415
      4724.60      94.9411      3.44098
      4726.00      90.4501      3.37071
      4727.40      91.2492      3.40916
      4728.80      93.5556      3.53339
      4730.20      98.6640      3.64593
      4731.60      92.5405      3.45882
      4733.00      92.8308      3.38967
      4734.40      95.4755      3.49315
      4735.80      96.6319      3.57205
      4737.20      91.4278      3.46602
      4738.60      88.9820      3.42739
      4740.00      89.8673      3.42369
      4741.40      97.9279      3.51520
      4742.80      96.7584      3.49559
      4744.20      96.7583      3.51466
      4745.60      94.3225      3.45372
      4747.00      92.5695      3.43982
      4748.40      89.3174      3.35895
      4749.80      95.1260      3.43786
      4751.20      96.8208      3.48987
      4752.60      98.3532      3.50150
      4754.00      90.0862      3.34460
      4755.40      93.4428      3.40932
      4756.80      94.2816      3.38968
      4758.20      97.7967      3.45246
      4759.60      95.2631      3.48286
      4761.00      94.2561      3.45383
      4762.40      93.1624      3.35121
      4763.80      96.9968      3.38414
      4765.20      93.0831      3.38247
      4766.60      90.8066      3.40537
      4768.00      88.1594      3.30174
      4769.40      88.1782      3.29007
      4770.80      92.0321      3.43948
      4772.20      93.1990      3.40215
      4773.60      90.7110      3.31747
      4775.00      90.4868      3.32723
      4776.40      90.2691      3.38199
      4777.80      93.9952      3.49700
      4779.20      93.3804      3.46339
      4780.60      86.6595      3.30767
      4782.00      92.5780      3.41355
      4783.40      90.5297      3.36756
      4784.80      95.1063      3.38896
      4786.20      92.9629      3.34628
      4787.60      95.0701      3.45162
      4789.00      95.7941      3.47216
      4790.40      87.6397      3.30918
      4791.80      92.2548      3.35248
      4793.20      96.8920      3.52474
      4794.60      95.7839      3.61494
      4796.00      93.8317      3.50920
      4797.40      95.5326      3.37800
      4798.80      95.2323      3.37577
      4800.20      92.4667      3.41111
      4801.60      90.2103      3.41081
      4803.00      91.5511      3.39502
      4804.40      92.0759      3.35966
      4805.80      93.9519      3.34979
      4807.20      94.9661      3.36290
      4808.60      90.4272      3.29067
      4810.00      85.2001      3.25000
      4811.40      86.8455      3.28536
      4812.80      90.5164      3.35782
      4814.20      94.0886      3.37858
      4815.60      91.4882      3.36191
      4817.00      89.7694      3.35300
      4818.40      92.8126      3.43484
      4819.80      91.9336      3.43985
      4821.20      92.4147      3.37829
      4822.60      90.4392      3.31499
      4824.00      87.6605      3.25376
      4825.40      89.7367      3.30383
      4826.80      95.3196      3.41796
      4828.20      96.8495      3.45657
      4829.60      93.4251      3.42617
      4831.00      98.3577      3.55530
      4832.40      94.5510      3.60753
      4833.80      94.6334      3.63326
      4835.20      98.5432      3.52684
      4836.60      92.5916      3.39765
      4838.00      95.9057      3.50351
      4839.40      85.1559      3.43838
      4840.80      97.0159      3.57998
      4842.20      88.8368      3.31138
      4843.60      90.6008      3.29249
      4845.00      91.1353      3.32843
      4846.40      84.7850      3.20675
      4847.80      91.0941      3.37407
      4849.20      95.1391      3.39053
      4850.60      91.2571      3.32061
      4852.00      87.1979      3.27102
      4853.40      85.7681      3.35299
      4854.80      85.9989      3.38269
      4856.20      79.3414      3.24010
      4857.60      85.0744      3.27490
      4859.00      75.8897      3.15250
      4860.40      64.0384      2.93604
      4861.80      55.1676      2.73291
      4863.20      54.1546      2.75892
      4864.60      69.4091      2.98101
      4866.00      74.1339      3.03572
      4867.40      76.5367      3.08183
      4868.80      84.7337      3.28307
      4870.20      87.3763      3.38839
      4871.60      87.5613      3.28857
      4873.00      84.1797      3.20884
      4874.40      83.3997      3.17796
      4875.80      88.0181      3.33673
      4877.20      88.3973      3.33501
      4878.60      87.1269      3.28279
      4880.00      86.7993      3.31318
      4881.40      89.1878      3.36446
      4882.80      90.3930      3.39063
      4884.20      87.9862      3.30600
      4885.60      89.9546      3.41936
      4887.00      91.3183      3.36033
      4888.40      94.1002      3.41234
      4889.80      92.7779      3.40502
      4891.20      88.0351      3.35377
      4892.60      91.5725      3.43377
      4894.00      97.3627      3.52201
      4895.40      93.4812      3.62181
      4896.80      91.5278      3.46874
      4898.20      93.0930      3.53150
      4899.60      91.4733      3.51038
      4901.00      95.0480      3.51256
      4902.40      94.9585      3.48327
      4903.80      90.6803      3.39298
      4905.20      89.0613      3.35691
      4906.60      94.8092      3.53601
      4908.00      96.1275      3.63939
      4909.40      92.4376      3.58573
      4910.80      99.4562      3.58829
      4912.20      97.2991      3.46622
      4913.60      92.5663      3.37840
      4915.00      97.8562      3.47716
      4916.40      89.4054      3.40769
      4917.80      98.5896      3.50665
      4919.20      94.9416      3.40126
      4920.60      92.4141      3.33982
      4922.00      96.3921      3.44038
      4923.40      85.3966      3.35585
      4924.80      97.5143      3.53637
      4926.20      91.6091      3.42730
      4927.60      92.1628      3.38253
      4929.00      98.5562      3.44506
      4930.40      91.2484      3.35766
      4931.80      97.0928      3.47722
      4933.20      94.0875      3.48583
      4934.60      91.4522      3.44444
      4936.00      95.3466      3.37240
      4937.40      101.262      3.46622
      4938.80      95.1549      3.36372
      4940.20      88.8806      3.25827
      4941.60      94.6030      3.32396
      4943.00      93.6273      3.34088
      4944.40      95.4872      3.44046
      4945.80      92.5891      3.39728
      4947.20      95.3625      3.38004
      4948.60      98.9769      3.38232
      4950.00      92.5130      3.32389
      4951.40      90.0198      3.31827
      4952.80      93.8620      3.38244
      4954.20      97.5453      3.41930
      4955.60      96.4644      3.40069
      4957.00      93.2394      3.29519
      4958.40      85.8257      3.20555
      4959.80      90.5268      3.32835
      4961.20      86.3097      3.32711
      4962.60      90.3658      3.29312
      4964.00      90.3902      3.26836
      4965.40      91.9970      3.28723
      4966.80      94.2773      3.34518
      4968.20      93.4706      3.35999
      4969.60      94.6065      3.32189
      4971.00      95.4123      3.34190
      4972.40      95.5283      3.39829
      4973.80      90.8169      3.39328
      4975.20      95.3465      3.41888
      4976.60      96.5724      3.42336
      4978.00      94.6100      3.41053
      4979.40      91.4633      3.37413
      4980.80      94.8070      3.44481
      4982.20      91.6875      3.47649
      4983.60      91.8472      3.47150
      4985.00      91.7558      3.41312
      4986.40      86.9174      3.30629
      4987.80      98.4874      3.42923
      4989.20      95.0919      3.36254
      4990.60      98.8224      3.42185
      4992.00      96.4638      3.36950
      4993.40      87.1548      3.21836
      4994.80      89.7341      3.21319
      4996.20      90.3517      3.20178
      4997.60      91.4177      3.25180
      4999.00      90.8326      3.30035
