      3900.00      68.3150      4.48771
      3901.40      82.9697      4.78081
      3902.80      87.5593      4.83460
      3904.20      80.7026      4.63339
      3905.60      83.7861      4.59193
      3907.00      88.9952      4.70549
      3908.40      95.5813      5.07705
      3909.80      87.2501      5.26142
      3911.20      86.6992      5.19812
      3912.60      86.8091      4.86868
      3914.00      78.2525      4.74581
      3915.40      86.2573      4.90545
      3916.80      86.8444      5.06186
      3918.20      87.0351      5.33949
      3919.60      83.3282      5.04886
      3921.00      86.7179      4.89624
      3922.40      77.6055      4.28239
      3923.80      79.6671      4.33356
      3925.20      84.2514      4.44528
      3926.60      80.9263      4.64318
      3928.00      83.8416      4.36218
      3929.40      77.9134      4.11425
      3930.80      64.0384      3.72245
      3932.20      48.6761      3.33525
      3933.60      37.1383      3.05963
      3935.00      42.2806      3.16406
      3936.40      73.3308      3.92126
      3937.80      82.3071      4.16140
      3939.20      85.5228      4.28140
      3940.60      93.1486      4.47591
      3942.00      93.1214      4.49803
      3943.40      79.0188      4.15655
      3944.80      85.6580      4.26201
      3946.20      85.1991      4.24884
      3947.60      79.5351      4.46984
      3949.00      79.3864      4.17099
      3950.40      78.7504      4.16841
      3951.80      80.3584      4.26559
      3953.20      81.2200      4.36923
      3954.60      81.9312      4.22219
      3956.00      76.6217      4.16776
      3957.40      75.3187      4.11417
      3958.80      77.7886      4.18836
      3960.20      72.7319      4.10719
      3961.60      69.8525      4.22932
      3963.00      69.9102      3.84806
      3964.40      68.2214      3.70304
      3965.80      61.0422      3.51327
      3967.20      43.3589      3.03251
      3968.60      19.9459      2.42615
      3970.00      23.5141      2.48726
      3971.40      38.9041      2.88776
      3972.80      52.4396      3.25840
      3974.20      61.7910      3.81331
      3975.60      66.7973      4.02996
      3977.00      68.1364      4.10060
      3978.40      75.3747      4.10891
      3979.80      85.8132      4.19642
      3981.20      80.8939      4.12994
      3982.60      85.4383      4.20255
      3984.00      82.4625      4.11044
      3985.40      79.6428      4.17946
      3986.80      78.9017      4.21828
      3988.20      84.9412      4.32507
      3989.60      84.6149      4.25490
      3991.00      90.1384      4.27095
      3992.40      82.4267      4.12150
      3993.80      88.0183      4.24917
      3995.20      94.1210      4.43565
      3996.60      82.0815      4.22979
      3998.00      90.1292      4.23001
      3999.40      94.3544      4.31023
      4000.80      82.6049      4.13008
      4002.20      88.7128      4.25618
      4003.60      90.9107      4.31367
      4005.00      82.0927      4.10128
      4006.40      73.5860      3.82930
      4007.80      87.7956      4.14005
      4009.20      83.9345      4.11947
      4010.60      85.0868      4.19240
      4012.00      87.3985      4.36747
      4013.40      84.3146      4.56350
      4014.80      84.2466      4.53120
      4016.20      83.6732      4.57572
      4017.60      79.6998      4.38961
      4019.00      81.1465      4.39187
      4020.40      82.5530      4.32073
      4021.80      93.2806      4.31617
      4023.20      85.2485      4.08180
      4024.60      88.7022      4.15711
      4026.00      78.2719      3.93465
      4027.40      84.9864      4.06910
      4028.80      83.3091      4.05015
      4030.20      88.6201      4.12178
      4031.60      83.8865      3.96994
      4033.00      83.3680      3.92254
      4034.40      90.3420      4.04857
      4035.80      90.5091      4.06626
      4037.20      81.6806      3.94846
      4038.60      86.0913      4.07629
      4040.00      85.3899      4.04430
      4041.40      84.0263      4.48439
      4042.80      84.2032      4.18522
      4044.20      83.2863      4.00775
      4045.60      84.4199      3.98770
      4047.00      84.0304      4.21348
      4048.40      86.4562      4.41716
      4049.80      86.0913      4.14455
      4051.20      85.3770      4.02232
      4052.60      74.1356      3.77804
      4054.00      81.5077      3.88969
      4055.40      84.5018      3.93312
      4056.80      89.3121      4.00912
      4058.20      81.2575      3.82259
      4059.60      78.3117      3.76484
      4061.00      82.0893      3.91478
      4062.40      83.7892      3.91642
      4063.80      88.3074      3.91501
      4065.20      83.8554      3.97711
      4066.60      83.2988      4.19502
      4068.00      80.5522      4.26088
      4069.40      80.9829      4.30953
      4070.80      77.1041      3.91139
      4072.20      79.0709      3.76469
      4073.60      76.5130      3.65928
      4075.00      79.6441      3.77057
      4076.40      76.0093      3.72793
      4077.80      77.3276      3.69998
      4079.20      79.2739      3.77934
      4080.60      66.8855      3.57515
      4082.00      75.6160      3.69344
      4083.40      81.1859      3.80078
      4084.80      77.2001      3.71407
      4086.20      79.1298      3.88689
      4087.60      84.3656      3.99611
      4089.00      80.7380      3.80096
      4090.40      72.7866      3.68890
      4091.80      73.2986      3.79991
      4093.20      67.5441      3.79051
      4094.60      69.6182      3.75038
      4096.00      60.4748      3.43593
      4097.40      52.4449      3.17062
      4098.80      51.1418      3.12767
      4100.20      41.2537      2.91812
      4101.60      33.4474      2.80165
      4103.00      37.5070      2.87292
      4104.40      51.3318      3.25099
      4105.80      56.4294      3.53048
      4107.20      58.5912      3.57837
      4108.60      65.2959      3.41871
      4110.00      73.2820      3.53993
      4111.40      70.5677      3.49605
      4112.80      71.6178      3.53640
      4114.20      78.4186      3.70240
      4115.60      77.0459      3.74183
      4117.00      75.0832      3.72383
      4118.40      76.5369      3.74346
      4119.80      76.6757      3.80313
      4121.20      76.0790      3.88301
      4122.60      76.6867      3.88039
      4124.00      81.9302      3.76212
      4125.40      81.7472      3.85634
      4126.80      79.5588      3.67512
      4128.20      82.3191      3.69140
      4129.60      86.1191      3.79800
      4131.00      70.0961      3.60809
      4132.40      78.6361      3.69221
      4133.80      78.9624      3.57282
      4135.20      79.0566      3.59383
      4136.60      77.9170      3.70332
      4138.00      79.4466      3.92571
      4139.40      76.8272      3.99152
      4140.80      78.5072      4.05014
      4142.20      79.1849      3.65545
      4143.60      74.6922      3.49042
      4145.00      72.9021      3.43547
      4146.40      73.2524      3.44724
      4147.80      79.0539      3.59591
      4149.20      76.5143      3.53743
      4150.60      80.2385      3.60026
      4152.00      76.1967      3.66954
      4153.40      72.0185      3.55750
      4154.80      73.2687      3.75590
      4156.20      80.3929      3.90467
      4157.60      80.9953      3.81664
      4159.00      80.8242      3.59285
      4160.40      80.3571      3.57288
      4161.80      74.9524      3.48705
      4163.20      75.9847      3.73413
      4164.60      72.6507      3.46556
      4166.00      76.8972      3.57423
      4167.40      75.7067      3.54378
      4168.80      81.1368      3.59175
      4170.20      81.2562      3.59360
      4171.60      85.9324      3.68100
      4173.00      70.2692      3.34761
      4174.40      77.1721      3.43964
      4175.80      79.1608      3.48203
      4177.20      75.9911      3.40677
      4178.60      77.2835      3.46540
      4180.00      78.3433      3.55588
      4181.40      75.7251      3.52863
      4182.80      78.7057      3.51997
      4184.20      78.9910      3.46993
      4185.60      79.6385      3.48981
      4187.00      72.3006      3.34197
      4188.40      74.4641      3.34575
      4189.80      82.4947      3.52669
      4191.20      77.2163      3.50927
      4192.60      74.3539      3.66390
      4194.00      80.8183      3.77492
      4195.40      79.2758      3.53469
      4196.80      78.9553      3.46947
      4198.20      74.5119      3.34917
      4199.60      70.7255      3.26306
      4201.00      84.3467      3.52681
      4202.40      80.2394      3.42971
      4203.80      76.8300      3.44035
      4205.20      80.5789      3.80625
      4206.60      76.6566      3.77499
      4208.00      79.9204      3.68857
      4209.40      76.8110      3.51225
      4210.80      73.4696      3.35044
      4212.20      76.2941      3.38607
      4213.60      74.4667      3.34887
      4215.00      73.4025      3.34171
      4216.40      73.0897      3.29689
      4217.80      74.0615      3.41098
      4219.20      68.9114      3.26512
      4220.60      74.1831      3.34680
      4222.00      74.9160      3.38709
      4223.40      70.2184      3.24870
      4224.80      70.3179      3.63938
      4226.20      70.3664      3.71137
      4227.60      66.5726      3.31100
      4229.00      67.1697      3.08937
      4230.40      73.6069      3.39015
      4231.80      73.0153      3.40679
      4233.20      65.6838      3.24772
      4234.60      68.5748      3.37077
      4236.00      73.3425      3.35318
      4237.40      71.6097      3.24183
      4238.80      74.6186      3.31201
      4240.20      81.9580      3.52788
      4241.60      82.8311      3.54588
      4243.00      79.2128      3.40883
      4244.40      85.0401      3.52421
      4245.80      77.5588      3.39481
      4247.20      78.6921      3.52063
      4248.60      73.0797      3.39449
      4250.00      76.3492      3.35839
      4251.40      76.9618      3.33568
      4252.80      79.7518      3.42252
      4254.20      75.7993      3.41353
      4255.60      80.4980      3.49247
      4257.00      78.5413      3.56589
      4258.40      75.9313      3.44996
      4259.80      76.1221      3.33604
      4261.20      75.9544      3.28516
      4262.60      76.4378      3.31023
      4264.00      71.4742      3.24290
      4265.40      81.2460      3.44473
      4266.80      79.9536      3.42897
      4268.20      82.0708      3.45972
      4269.60      78.1646      3.33224
      4271.00      71.2213      3.18482
      4272.40      76.0809      3.25800
      4273.80      74.6908      3.24994
      4275.20      75.7768      3.26819
      4276.60      71.2649      3.19604
      4278.00      78.1933      3.47781
      4279.40      76.8094      3.52568
      4280.80      76.4686      3.36310
      4282.20      70.1623      3.15733
      4283.60      71.3296      3.17740
      4285.00      73.5326      3.32399
      4286.40      73.9764      3.32592
      4287.80      67.8694      3.08951
      4289.20      71.8895      3.16892
      4290.60      72.1624      3.14557
      4292.00      76.7910      3.23963
      4293.40      81.6172      3.39406
      4294.80      77.3018      3.44717
      4296.20      77.8582      3.49392
      4297.60      75.9416      3.38660
      4299.00      69.8974      3.12951
      4300.40      64.3935      2.93169
      4301.80      67.4587      2.99798
      4303.20      68.8013      3.24331
      4304.60      76.4361      3.55532
      4306.00      76.9674      3.49666
      4307.40      69.4559      3.05682
      4308.80      70.3742      3.02637
      4310.20      78.0534      3.16851
      4311.60      74.2306      3.09310
      4313.00      75.3200      3.31063
      4314.40      68.7655      3.46388
      4315.80      69.0493      3.42038
      4317.20      77.9838      3.32614
      4318.60      78.8449      3.35958
      4320.00      72.7544      3.31240
      4321.40      68.3276      3.27401
      4322.80      74.1603      3.30877
      4324.20      75.3125      3.20718
      4325.60      68.0971      2.99767
      4327.00      69.3675      3.01037
      4328.40      66.9377      3.00782
      4329.80      66.1831      3.06219
      4331.20      66.1384      3.09444
      4332.60      66.1922      3.03432
      4334.00      61.4840      2.96390
      4335.40      57.8166      2.96466
      4336.80      54.1592      2.84516
      4338.20      44.5620      2.57183
      4339.60      31.8125      2.29073
      4341.00      28.1000      2.17915
      4342.40      42.6971      2.45201
      4343.80      54.4642      2.73103
      4345.20      59.8841      2.87004
      4346.60      60.0125      2.94310
      4348.00      60.5565      3.10417
      4349.40      70.8609      3.32085
      4350.80      69.6300      3.19725
      4352.20      68.7269      3.05005
      4353.60      74.3545      3.12318
      4355.00      71.6485      3.14196
      4356.40      70.6473      3.55039
      4357.80      66.4023      3.94449
      4359.20      71.0652      4.60884
      4360.60      71.9852      4.21220
      4362.00      79.5247      3.88037
      4363.40      79.3587      3.93291
      4364.80      67.4829      3.57116
      4366.20      71.9955      3.17397
      4367.60      76.4398      3.23301
      4369.00      71.0500      3.23046
      4370.40      72.2294      3.51159
      4371.80      73.7504      3.23737
      4373.20      73.5843      3.15367
      4374.60      69.2901      3.17877
      4376.00      70.4370      3.20999
      4377.40      73.4203      3.15196
      4378.80      76.8676      3.21882
      4380.20      75.0670      3.36581
      4381.60      76.4009      4.53358
      4383.00      75.1895      5.81618
      4384.40      65.0518      2.88813
      4385.80      69.6307      2.93667
      4387.20      78.5257      3.15849
      4388.60      79.2836      3.20374
      4390.00      80.2972      3.21420
      4391.40      75.6903      3.11894
      4392.80      72.1984      3.03122
      4394.20      74.1559      3.10296
      4395.60      72.6686      3.05748
      4397.00      74.1345      3.09404
      4398.40      74.0339      3.11042
      4399.80      72.4903      3.08780
      4401.20      72.7400      3.21305
      4402.60      80.8443      3.42949
      4404.00      74.9880      3.15676
      4405.40      70.1713      2.97838
      4406.80      72.3343      3.02156
      4408.20      75.4662      3.09502
      4409.60      74.4093      3.21199
      4411.00      75.7745      3.17256
      4412.40      72.7469      3.11865
      4413.80      72.7429      3.11505
      4415.20      68.2483      2.99207
      4416.60      68.1246      3.04618
      4418.00      67.9137      3.30090
      4419.40      69.4836      3.26532
      4420.80      71.3724      3.11428
      4422.20      68.2273      3.00919
      4423.60      72.3948      3.04653
      4425.00      76.1492      3.11682
      4426.40      67.5295      2.97556
      4427.80      70.6697      3.01231
      4429.20      77.1008      3.14156
      4430.60      73.7243      3.07199
      4432.00      69.7297      2.98329
      4433.40      71.5901      3.02137
      4434.80      67.8562      2.94623
      4436.20      69.2293      2.94689
      4437.60      73.5076      3.03373
      4439.00      74.2466      3.07949
      4440.40      73.7929      3.13668
      4441.80      69.5443      3.14597
      4443.20      67.5661      3.18402
      4444.60      70.7773      3.18324
      4446.00      72.8068      3.13533
      4447.40      72.7051      3.02176
      4448.80      80.4448      3.16617
      4450.20      75.0372      3.05935
      4451.60      66.5754      2.98269
      4453.00      70.0519      3.18672
      4454.40      72.0298      3.13906
      4455.80      64.7444      2.83237
      4457.20      73.4194      2.96261
      4458.60      69.9914      2.91702
      4460.00      70.6862      2.97474
      4461.40      73.1126      3.10127
      4462.80      67.8522      2.96500
      4464.20      71.2825      2.97681
      4465.60      72.9769      3.01829
      4467.00      68.0403      2.95894
      4468.40      67.8684      2.99470
      4469.80      65.1972      2.96492
      4471.20      75.7914      3.12022
      4472.60      72.9744      3.04188
      4474.00      78.0699      3.24174
      4475.40      75.2894      3.31600
      4476.80      69.1005      3.12102
      4478.20      67.4305      2.90085
      4479.60      73.7377      3.03756
      4481.00      76.3284      3.28371
      4482.40      68.3637      3.65535
      4483.80      70.7516      2.91372
      4485.20      72.7813      2.98102
      4486.60      71.5658      2.98274
      4488.00      66.5705      2.86075
      4489.40      67.6885      2.87438
      4490.80      69.7452      2.89934
      4492.20      69.7902      2.91915
      4493.60      72.6176      2.97644
      4495.00      66.6116      2.86468
      4496.40      65.3754      2.82364
      4497.80      71.6578      3.07412
      4499.20      72.1197      3.27474
      4500.60      65.3083      3.22821
      4502.00      63.0705      3.17728
      4503.40      67.2559      3.21259
      4504.80      69.5329      3.19791
      4506.20      67.5448      3.03710
      4507.60      69.5891      2.95462
      4509.00      68.4109      2.95679
      4510.40      67.3268      2.98634
      4511.80      71.8917      3.07530
      4513.20      71.4907      3.00125
      4514.60      66.4947      2.82193
      4516.00      75.0642      3.00327
      4517.40      73.8463      3.14845
      4518.80      67.7446      3.14073
      4520.20      70.1562      2.97013
      4521.60      66.5934      2.84619
      4523.00      70.0547      2.91832
      4524.40      70.4692      2.90719
      4525.80      72.0234      3.06928
      4527.20      70.6028      3.13291
      4528.60      66.4967      3.00510
      4530.00      64.5739      2.86771
      4531.40      65.6992      2.87554
      4532.80      69.2782      2.96691
      4534.20      66.7340      2.88721
      4535.60      67.2381      2.85120
      4537.00      65.2374      2.77380
      4538.40      66.3293      2.82397
      4539.80      75.4349      3.04653
      4541.20      64.0575      2.88452
      4542.60      73.7960      3.04153
      4544.00      70.4781      2.90173
      4545.40      66.8475      2.84019
      4546.80      67.3734      2.98147
      4548.20      64.6548      2.97420
      4549.60      62.6661      2.88368
      4551.00      62.8109      2.91167
      4552.40      63.0545      2.87191
      4553.80      72.5471      2.99925
      4555.20      65.1469      2.77397
      4556.60      71.1236      2.87771
      4558.00      68.1444      2.83147
      4559.40      67.1610      2.83255
      4560.80      70.2704      2.89074
      4562.20      68.8642      2.85667
      4563.60      65.3615      2.78175
      4565.00      64.8952      2.74598
      4566.40      75.4464      2.99500
      4567.80      75.8959      3.15939
      4569.20      67.6722      2.97388
      4570.60      70.8949      2.92196
      4572.00      67.7252      2.80754
      4573.40      68.7467      2.82478
      4574.80      73.6071      2.94506
      4576.20      67.4155      2.82158
      4577.60      69.5817      2.87921
      4579.00      72.7476      2.98323
      4580.40      66.0010      2.78904
      4581.80      74.3037      2.90960
      4583.20      68.2169      2.83514
      4584.60      67.9490      2.89340
      4586.00      68.4625      2.82533
      4587.40      72.0753      2.87867
      4588.80      68.3311      2.87693
      4590.20      69.3174      3.06664
      4591.60      68.9090      2.89831
      4593.00      69.6040      2.83842
      4594.40      72.8633      2.88244
      4595.80      70.5183      2.84271
      4597.20      73.7598      2.90973
      4598.60      70.3731      2.84832
      4600.00      70.3838      2.86257
      4601.40      71.8858      3.09713
      4602.80      73.4411      3.08386
      4604.20      70.7187      2.85228
      4605.60      66.5617      2.77386
      4607.00      67.9793      2.78806
      4608.40      70.6700      2.86147
      4609.80      71.0784      2.87251
      4611.20      66.5052      2.77735
      4612.60      69.6971      2.83651
      4614.00      65.5946      2.74403
      4615.40      67.9265      2.78523
      4616.80      63.8191      2.74150
      4618.20      65.1413      2.82977
      4619.60      65.8860      2.82268
      4621.00      73.7014      2.89597
      4622.40      72.3062      2.88283
      4623.80      69.2781      2.84721
      4625.20      71.5976      3.05199
      4626.60      71.5113      3.00564
      4628.00      70.4508      2.90652
      4629.40      66.3727      2.76257
      4630.80      71.0692      2.82947
      4632.20      73.8906      2.90016
      4633.60      63.0300      2.68958
      4635.00      65.6527      2.74736
      4636.40      66.4041      2.75623
      4637.80      68.6854      2.89684
      4639.20      75.5394      3.19589
      4640.60      70.0012      2.96042
      4642.00      68.3679      2.76464
      4643.40      72.4773      2.85201
      4644.80      72.3555      2.93741
      4646.20      67.8454      2.76256
      4647.60      72.4201      2.90246
      4649.00      73.3182      2.87865
      4650.40      73.6617      2.87678
      4651.80      71.3590      2.84270
      4653.20      72.7439      2.89676
      4654.60      70.6663      2.85156
      4656.00      71.2698      2.81802
      4657.40      63.6003      2.67834
      4658.80      62.9091      2.67585
      4660.20      65.2416      2.72886
      4661.60      66.4345      2.76081
      4663.00      68.7525      3.03617
      4664.40      69.3186      2.78544
      4665.80      68.3060      2.76382
      4667.20      70.0667      2.78898
      4668.60      71.2306      2.79024
      4670.00      66.8538      2.72483
      4671.40      67.8309      2.87585
      4672.80      72.3665      2.90058
      4674.20      72.3754      2.85132
      4675.60      63.7312      2.67248
      4677.00      69.2124      2.81533
      4678.40      67.1102      2.91459
      4679.80      71.1386      3.00483
      4681.20      70.6037      2.78191
      4682.60      62.6246      2.64458
      4684.00      65.2034      2.71307
      4685.40      64.6982      2.87937
      4686.80      66.3330      2.94790
      4688.20      61.3526      2.61154
      4689.60      65.2627      2.67613
      4691.00      65.0689      2.67149
      4692.40      69.9437      2.75186
      4693.80      70.3773      2.76960
      4695.20      66.6666      2.69910
      4696.60      70.9534      2.82021
      4698.00      74.7352      2.89711
      4699.40      68.0464      2.72849
      4700.80      71.7068      2.78796
      4702.20      68.0432      2.75716
      4703.60      69.7402      2.79256
      4705.00      67.9481      2.69596
      4706.40      68.3113      2.79371
      4707.80      66.3885      2.68892
      4709.20      66.0775      2.66850
      4710.60      64.8434      2.79877
      4712.00      65.0998      2.67031
      4713.40      63.3870      2.64391
      4714.80      63.8289      2.63658
      4716.20      65.4133      2.75606
      4717.60      64.1183      2.65553
      4719.00      66.1169      2.69220
      4720.40      65.5729      2.69399
      4721.80      65.7335      2.74075
      4723.20      64.9384      2.67518
      4724.60      65.3106      2.82060
      4726.00      62.8010      2.61934
      4727.40      64.4280      2.64521
      4728.80      65.0633      2.64954
      4730.20      71.1470      2.82450
      4731.60      67.6420      2.88967
      4733.00      68.4071      2.87034
      4734.40      69.4583      2.79209
      4735.80      64.7412      2.64807
      4737.20      64.1334      2.62314
      4738.60      62.4805      2.59950
      4740.00      67.4742      2.71598
      4741.40      67.2110      2.70330
      4742.80      67.3045      2.85248
      4744.20      69.8911      2.75589
      4745.60      68.3924      2.73835
      4747.00      65.7045      2.68019
      4748.40      68.0796      2.70063
      4749.80      68.0824      2.70045
      4751.20      65.5508      2.66195
      4752.60      66.6506      2.68883
      4754.00      65.4569      2.64406
      4755.40      66.0232      2.65269
      4756.80      65.3159      2.62443
      4758.20      63.9821      2.65647
      4759.60      61.8802      2.71399
      4761.00      64.6173      2.82308
      4762.40      59.8285      2.53861
      4763.80      68.3746      2.67648
      4765.20      67.9454      2.64988
      4766.60      69.1200      2.72798
      4768.00      63.8159      2.74863
      4769.40      69.2823      2.87981
      4770.80      68.5570      2.75427
      4772.20      66.1616      2.64006
      4773.60      64.1369      2.61832
      4775.00      68.3686      2.79133
      4776.40      66.5994      2.76525
      4777.80      69.6904      2.74024
      4779.20      67.0606      2.66525
      4780.60      69.9195      2.72387
      4782.00      62.9862      2.57698
      4783.40      64.8936      2.62121
      4784.80      70.8504      2.75639
      4786.20      67.9773      2.70651
      4787.60      70.2345      2.71957
      4789.00      70.8087      2.71410
      4790.40      70.7299      2.71984
      4791.80      69.8517      2.70814
      4793.20      72.6401      2.75996
      4794.60      72.8561      2.75644
      4796.00      65.3956      2.65725
      4797.40      65.3522      2.81869
      4798.80      64.7048      2.86871
      4800.20      65.9338      2.68426
      4801.60      65.1760      2.59899
      4803.00      65.3807      2.60881
      4804.40      67.3452      2.69045
      4805.80      66.6190      2.84240
      4807.20      61.2073      2.93842
      4808.60      59.6966      2.95481
      4810.00      66.5170      2.95050
      4811.40      63.8651      2.66661
      4812.80      63.4430      2.56989
      4814.20      63.8654      2.70472
      4815.60      62.5149      2.56735
      4817.00      63.5531      2.62380
      4818.40      61.5216      2.60566
      4819.80      66.4416      2.71589
      4821.20      66.3736      2.80322
      4822.60      66.1595      2.75734
      4824.00      66.3188      2.74615
      4825.40      67.8436      2.68486
      4826.80      62.2791      2.53440
      4828.20      65.7164      2.60857
      4829.60      64.0774      2.57771
      4831.00      67.8914      2.63935
      4832.40      71.6108      2.75495
      4833.80      66.0963      2.69009
      4835.20      68.5245      2.66692
      4836.60      62.7002      2.54676
      4838.00      66.3506      2.61690
      4839.40      61.7069      2.54106
      4840.80      66.1091      2.61608
      4842.20      67.5709      2.63785
      4843.60      66.4864      2.60326
      4845.00      65.8749      2.59273
      4846.40      66.8848      2.62085
      4847.80      57.6601      2.45548
      4849.20      62.3792      2.56694
      4850.60      60.7889      2.61026
      4852.00      58.3727      2.54944
      4853.40      54.5515      2.50286
      4854.80      49.5094      2.55532
      4856.20      53.3714      2.63893
      4857.60      49.4757      2.35576
      4859.00      40.0977      2.04808
      4860.40      29.3754      1.80714
      4861.80      30.6997      1.86253
      4863.20      40.2772      2.03054
      4864.60      48.3935      2.17483
      4866.00      49.6454      2.20696
      4867.40      51.7751      2.28780
      4868.80      52.2634      2.37621
      4870.20      56.4745      2.50007
      4871.60      56.1827      2.52005
      4873.00      59.4557      2.47331
      4874.40      62.8413      2.49399
      4875.80      57.2388      2.39471
      4877.20      57.1296      2.40796
      4878.60      59.4520      2.43948
      4880.00      56.3739      2.38635
      4881.40      59.4238      2.60831
      4882.80      60.3799      2.72696
      4884.20      61.7141      2.83329
      4885.60      59.8799      2.58858
      4887.00      59.8643      2.56510
      4888.40      60.3963      2.46017
      4889.80      62.0215      2.49301
      4891.20      58.8093      2.42833
      4892.60      61.2355      2.51466
      4894.00      66.9750      2.74824
      4895.40      66.1228      2.78683
      4896.80      60.2528      2.50079
      4898.20      65.6683      2.60271
      4899.60      60.5900      2.49990
      4901.00      61.9812      2.58880
      4902.40      64.4691      2.69860
      4903.80      60.2026      2.59047
      4905.20      62.1489      2.60218
      4906.60      61.4974      2.56631
      4908.00      63.1993      2.56091
      4909.40      62.8553      2.55110
      4910.80      64.8398      2.58271
      4912.20      61.5626      2.50233
      4913.60      59.0154      2.46765
      4915.00      62.6268      2.66371
      4916.40      68.8870      2.67521
      4917.80      63.4532      2.59062
      4919.20      62.6651      2.54843
      4920.60      60.9571      2.48131
      4922.00      57.9100      2.48859
      4923.40      64.2006      2.73315
      4924.80      57.2018      2.65072
      4926.20      64.6127      2.69296
      4927.60      65.9488      2.63370
      4929.00      63.4515      2.58620
      4930.40      63.9288      2.57319
      4931.80      65.6645      2.65839
      4933.20      60.6886      2.63261
      4934.60      61.5722      2.63170
      4936.00      66.9518      2.64254
      4937.40      64.1869      2.58493
      4938.80      66.7157      2.61615
      4940.20      62.6631      2.52574
      4941.60      60.4554      2.51737
      4943.00      60.9856      2.54503
      4944.40      60.1295      2.49002
      4945.80      63.8337      2.56021
      4947.20      60.4706      2.48708
      4948.60      64.2295      2.55881
      4950.00      62.4493      2.53839
      4951.40      64.6016      2.57083
      4952.80      63.8460      2.57517
      4954.20      64.8414      2.79721
      4955.60      65.6410      2.62568
      4957.00      57.1493      2.40783
      4958.40      58.4489      2.40453
      4959.80      66.1299      2.54405
      4961.20      68.3661      2.62115
      4962.60      65.3194      2.56283
      4964.00      65.3552      2.55653
      4965.40      60.2903      2.45554
      4966.80      62.9867      2.49799
      4968.20      65.0798      2.54335
      4969.60      60.4831      2.46104
      4971.00      62.7536      2.50545
      4972.40      65.2712      2.58387
      4973.80      66.2674      2.58337
      4975.20      61.2387      2.49297
      4976.60      66.8408      2.59889
      4978.00      62.7715      2.50885
      4979.40      65.3045      2.61024
      4980.80      69.7721      2.76812
      4982.20      65.5408      3.40752
      4983.60      64.7474      3.90101
      4985.00      61.0751      2.45715
      4986.40      60.4342      2.46340
      4987.80      63.7170      2.53764
      4989.20      64.3724      2.55536
      4990.60      62.8196      2.51933
      4992.00      62.2463      2.54991
      4993.40      58.8869      2.44045
      4994.80      61.3795      2.45971
      4996.20      67.9861      2.58306
      4997.60      65.5436      2.54280
      4999.00      62.7093      2.50596
