      3900.00      73.6242      5.34139
      3901.40      74.4248      5.35463
      3902.80      65.8971      5.09167
      3904.20      59.7501      4.92572
      3905.60      70.7966      5.30223
      3907.00      77.7947      5.63835
      3908.40      85.9321      5.77553
      3909.80      85.3298      5.85162
      3911.20      83.5120      5.90326
      3912.60      86.4619      5.66018
      3914.00      67.9480      5.18927
      3915.40      82.3976      5.53012
      3916.80      81.1051      5.44728
      3918.20      75.1120      5.43642
      3919.60      82.2457      6.00035
      3921.00      69.3592      5.96065
      3922.40      78.1746      5.83311
      3923.80      79.1096      5.32422
      3925.20      78.2782      5.30125
      3926.60      69.2433      4.97793
      3928.00      72.4788      5.11392
      3929.40      61.3130      4.87668
      3930.80      34.5473      4.18162
      3932.20      23.0621      3.98739
      3933.60      32.2368      4.22281
      3935.00      50.2776      4.56432
      3936.40      64.4239      4.89156
      3937.80      75.8671      5.18331
      3939.20      71.0891      4.93751
      3940.60      76.0477      5.05030
      3942.00      78.6626      5.09720
      3943.40      79.7707      5.07916
      3944.80      77.3403      5.04719
      3946.20      76.7080      5.03342
      3947.60      76.7704      5.23786
      3949.00      79.8327      5.20985
      3950.40      70.2874      5.04122
      3951.80      76.8351      5.30320
      3953.20      84.1764      5.53179
      3954.60      76.8428      5.44304
      3956.00      79.6339      5.69422
      3957.40      75.7622      5.63405
      3958.80      70.8383      5.12001
      3960.20      72.0916      4.74374
      3961.60      69.7155      4.64717
      3963.00      70.6206      4.61008
      3964.40      59.2676      4.23752
      3965.80      47.1870      3.91444
      3967.20      17.9363      3.11395
      3968.60      19.8834      3.09365
      3970.00      38.9448      3.67382
      3971.40      49.2801      3.98369
      3972.80      60.2619      4.48310
      3974.20      60.4714      4.74380
      3975.60      67.1883      4.90573
      3977.00      71.3992      4.85262
      3978.40      73.2041      4.72420
      3979.80      71.0899      4.63096
      3981.20      61.0318      4.33955
      3982.60      83.5249      4.92697
      3984.00      81.7854      4.87543
      3985.40      79.2429      4.77129
      3986.80      77.1306      4.75830
      3988.20      75.5817      4.66057
      3989.60      74.9428      4.99056
      3991.00      73.2155      5.09551
      3992.40      79.0696      5.21872
      3993.80      74.4730      5.26486
      3995.20      76.2964      4.87953
      3996.60      69.6012      4.53438
      3998.00      71.6742      4.50507
      3999.40      80.3589      4.71271
      4000.80      82.2982      4.81197
      4002.20      73.8536      4.64034
      4003.60      81.7382      4.89684
      4005.00      71.6582      4.63809
      4006.40      71.6439      4.56029
      4007.80      89.7190      4.95093
      4009.20      73.1888      4.74990
      4010.60      73.6366      4.90030
      4012.00      72.4889      4.81040
      4013.40      69.1156      4.47798
      4014.80      71.9057      4.45228
      4016.20      85.3195      4.71431
      4017.60      83.4204      4.72788
      4019.00      83.7642      4.71337
      4020.40      90.2278      5.35805
      4021.80      76.4758      5.24033
      4023.20      82.6771      5.14092
      4024.60      78.0225      4.75080
      4026.00      76.6300      4.50901
      4027.40      77.9760      4.49516
      4028.80      78.0616      4.50581
      4030.20      73.4734      4.38221
      4031.60      83.0263      4.60996
      4033.00      84.7775      4.70501
      4034.40      84.5559      4.70521
      4035.80      76.8670      4.44914
      4037.20      70.5565      4.32946
      4038.60      74.9986      4.64030
      4040.00      76.0655      4.40872
      4041.40      73.9671      4.37463
      4042.80      81.3773      4.57245
      4044.20      62.9254      4.10049
      4045.60      73.3501      4.57539
      4047.00      76.5854      5.21873
      4048.40      81.2928      5.19261
      4049.80      78.3278      4.70416
      4051.20      78.4393      4.51132
      4052.60      82.0225      4.55057
      4054.00      80.6990      4.63570
      4055.40      68.5000      4.45011
      4056.80      78.5427      4.52366
      4058.20      78.6987      4.43745
      4059.60      73.8113      4.29888
      4061.00      74.9229      4.33872
      4062.40      78.0045      4.41621
      4063.80      77.8948      4.45507
      4065.20      81.9538      4.50099
      4066.60      70.1298      4.22643
      4068.00      72.9275      4.27740
      4069.40      86.4576      4.90264
      4070.80      76.3993      4.79812
      4072.20      75.0901      4.45743
      4073.60      72.6842      4.19990
      4075.00      69.2899      4.15979
      4076.40      70.9357      4.18059
      4077.80      74.4355      4.33641
      4079.20      66.4549      4.11208
      4080.60      73.7049      4.35356
      4082.00      72.9870      4.24094
      4083.40      73.6031      4.25595
      4084.80      71.2573      4.32174
      4086.20      74.8044      4.43558
      4087.60      72.8066      4.36344
      4089.00      77.0769      4.40192
      4090.40      75.0859      4.26598
      4091.80      63.3853      3.91830
      4093.20      65.6880      4.27300
      4094.60      64.3887      4.74885
      4096.00      63.0293      3.90822
      4097.40      62.9292      3.94555
      4098.80      53.8612      3.72211
      4100.20      37.1946      3.35431
      4101.60      44.3021      3.45334
      4103.00      54.2573      3.66193
      4104.40      59.8642      3.81581
      4105.80      64.1707      4.04027
      4107.20      69.0309      4.20740
      4108.60      66.0487      3.99717
      4110.00      70.4978      4.02382
      4111.40      70.9610      4.05544
      4112.80      67.1931      3.94569
      4114.20      71.9367      4.18473
      4115.60      73.3623      4.19337
      4117.00      70.1453      4.02787
      4118.40      72.4110      4.00525
      4119.80      70.6312      3.95033
      4121.20      76.9481      4.12757
      4122.60      72.0925      4.13099
      4124.00      74.7954      4.32090
      4125.40      73.6896      6.25917
      4126.80      73.8443      4.49705
      4128.20      73.4546      4.18223
      4129.60      68.2506      3.93460
      4131.00      68.8166      4.02406
      4132.40      70.3639      3.99558
      4133.80      72.4955      4.04056
      4135.20      76.2595      4.29180
      4136.60      70.4222      4.16185
      4138.00      79.4605      4.25495
      4139.40      76.9961      4.16557
      4140.80      79.7438      4.23525
      4142.20      67.5075      3.96184
      4143.60      67.9409      3.98326
      4145.00      71.4992      4.11508
      4146.40      81.4618      4.44434
      4147.80      75.6565      4.31142
      4149.20      72.2598      4.19646
      4150.60      75.7182      4.11254
      4152.00      79.2963      4.14391
      4153.40      77.7544      4.04922
      4154.80      67.4762      3.79166
      4156.20      74.7923      4.06938
      4157.60      83.0465      4.35959
      4159.00      72.1107      4.05320
      4160.40      77.7522      4.05626
      4161.80      80.2867      4.10066
      4163.20      76.2791      4.13385
      4164.60      79.3496      4.21823
      4166.00      76.4834      4.18868
      4167.40      67.8047      3.80115
      4168.80      70.2663      3.90876
      4170.20      63.3173      3.75892
      4171.60      65.6394      3.70912
      4173.00      65.8300      3.89007
      4174.40      64.6464      3.71677
      4175.80      65.3500      3.88121
      4177.20      72.8524      4.11373
      4178.60      72.2088      4.14364
      4180.00      69.3198      4.11016
      4181.40      72.7036      4.27278
      4182.80      66.1835      4.37836
      4184.20      71.2906      4.24830
      4185.60      70.1702      3.75093
      4187.00      68.5720      3.69993
      4188.40      64.4426      3.55613
      4189.80      75.6194      3.83333
      4191.20      70.8248      3.73598
      4192.60      79.9610      4.08888
      4194.00      68.1118      4.00629
      4195.40      66.0415      3.89628
      4196.80      76.1234      3.87205
      4198.20      69.1071      3.66614
      4199.60      70.2978      3.67372
      4201.00      69.0293      3.62986
      4202.40      70.7805      3.68064
      4203.80      66.8632      3.58231
      4205.20      69.5713      3.66878
      4206.60      71.8399      3.86427
      4208.00      77.0653      4.00145
      4209.40      70.9424      3.73989
      4210.80      63.9817      3.50820
      4212.20      74.6254      3.77186
      4213.60      78.9404      4.07434
      4215.00      66.2260      3.93274
      4216.40      76.6304      4.25020
      4217.80      72.6680      4.16366
      4219.20      67.2327      3.85649
      4220.60      72.5184      3.78707
      4222.00      69.7196      3.65455
      4223.40      72.6203      3.69730
      4224.80      70.5986      3.64119
      4226.20      67.1593      3.55723
      4227.60      68.8850      3.67309
      4229.00      70.3525      3.59376
      4230.40      75.8710      3.74964
      4231.80      68.4306      3.58776
      4233.20      71.5347      3.66134
      4234.60      66.0404      3.50559
      4236.00      70.1109      3.60103
      4237.40      68.9060      3.58409
      4238.80      69.5900      3.61582
      4240.20      75.3176      3.72407
      4241.60      71.8524      3.62871
      4243.00      74.7747      3.72524
      4244.40      74.2294      3.72034
      4245.80      63.7459      3.48822
      4247.20      78.9883      3.92199
      4248.60      73.8954      3.87994
      4250.00      71.5704      3.73264
      4251.40      63.6326      3.46703
      4252.80      69.1825      3.60303
      4254.20      67.6215      3.56149
      4255.60      68.6778      3.54974
      4257.00      71.8784      3.72377
      4258.40      66.9948      3.64828
      4259.80      70.2485      3.66509
      4261.20      72.0493      3.67486
      4262.60      68.1139      3.62738
      4264.00      72.3198      3.96675
      4265.40      72.2944      3.92955
      4266.80      73.0419      3.64943
      4268.20      68.5598      3.52991
      4269.60      70.8262      3.56482
      4271.00      70.3497      3.55940
      4272.40      64.9970      3.44600
      4273.80      68.8439      3.54707
      4275.20      68.7467      3.53764
      4276.60      74.2200      3.74701
      4278.00      71.5981      3.79922
      4279.40      73.2253      3.83396
      4280.80      66.7078      3.66679
      4282.20      68.5549      3.66028
      4283.60      72.7702      3.72854
      4285.00      70.9296      3.63840
      4286.40      74.3010      3.66747
      4287.80      70.6806      3.55636
      4289.20      66.3957      3.47690
      4290.60      71.9389      3.56833
      4292.00      71.8199      3.58479
      4293.40      72.5115      3.60720
      4294.80      60.3050      3.29784
      4296.20      70.7004      3.54553
      4297.60      70.4123      3.52491
      4299.00      60.0081      3.35603
      4300.40      58.5084      3.36132
      4301.80      64.9034      3.40907
      4303.20      79.0715      3.69467
      4304.60      73.0035      3.60591
      4306.00      68.8743      3.59629
      4307.40      61.7359      3.42971
      4308.80      72.6890      3.55287
      4310.20      72.6635      3.56171
      4311.60      74.4961      3.59192
      4313.00      65.7595      3.48381
      4314.40      56.9497      3.26068
      4315.80      69.9318      3.51958
      4317.20      65.7577      3.43917
      4318.60      69.6043      3.53566
      4320.00      61.1651      3.39617
      4321.40      69.5732      3.64458
      4322.80      72.9635      3.71134
      4324.20      66.1960      3.41061
      4325.60      64.0051      3.32923
      4327.00      63.2033      3.32308
      4328.40      67.5942      3.41897
      4329.80      68.8529      3.44566
      4331.20      64.8017      3.34878
      4332.60      68.0731      3.43319
      4334.00      66.5451      3.61397
      4335.40      57.4905      3.51042
      4336.80      57.7559      3.34488
      4338.20      45.2522      2.83318
      4339.60      43.9005      2.88943
      4341.00      42.1024      3.12178
      4342.40      62.7813      3.70190
      4343.80      59.5266      3.55450
      4345.20      63.0481      3.47715
      4346.60      68.2480      3.42327
      4348.00      67.7899      3.42338
      4349.40      65.8798      3.36377
      4350.80      58.3384      3.15810
      4352.20      62.8888      3.33699
      4353.60      70.1193      3.61915
      4355.00      70.2784      3.60537
      4356.40      70.1238      3.70895
      4357.80      70.4443      3.69643
      4359.20      69.8206      4.02699
      4360.60      70.8659      3.93970
      4362.00      70.7882      4.01026
      4363.40      70.6257      3.52136
      4364.80      74.0623      3.54916
      4366.20      77.1817      3.60258
      4367.60      66.6465      3.35073
      4369.00      73.0848      3.51631
      4370.40      71.7678      3.45772
      4371.80      67.2621      3.51988
      4373.20      67.0083      3.58270
      4374.60      66.1529      3.44108
      4376.00      73.1684      3.54930
      4377.40      70.1579      3.44887
      4378.80      69.1831      3.41042
      4380.20      74.4565      3.58325
      4381.60      69.0280      3.47848
      4383.00      69.5378      3.42080
      4384.40      70.7765      3.37418
      4385.80      69.6298      3.34049
      4387.20      69.2626      3.36710
      4388.60      68.7329      3.40788
      4390.00      70.5630      3.38825
      4391.40      70.1583      3.39532
      4392.80      67.0341      3.45749
      4394.20      61.2457      3.38935
      4395.60      70.5754      3.49569
      4397.00      69.8055      3.39680
      4398.40      62.9084      3.24989
      4399.80      65.0962      3.29523
      4401.20      71.7793      3.40161
      4402.60      63.0444      3.21802
      4404.00      70.7884      3.40608
      4405.40      69.1926      3.41279
      4406.80      70.6585      3.41570
      4408.20      69.5496      3.39287
      4409.60      69.4131      3.44748
      4411.00      68.0083      3.48327
      4412.40      67.3320      3.52537
      4413.80      69.2597      3.49089
      4415.20      65.7900      3.35462
      4416.60      70.4619      3.39073
      4418.00      67.2429      3.31361
      4419.40      68.5249      3.32694
      4420.80      64.8004      3.25233
      4422.20      68.5578      3.34706
      4423.60      62.8423      3.17931
      4425.00      67.2501      3.25772
      4426.40      69.7987      3.36722
      4427.80      75.6275      3.47315
      4429.20      72.0318      3.42195
      4430.60      70.5820      3.54650
      4432.00      69.9995      3.71287
      4433.40      68.2108      3.39750
      4434.80      66.5029      3.27756
      4436.20      67.5476      3.22829
      4437.60      72.8018      3.37621
      4439.00      72.1297      3.37757
      4440.40      66.3312      3.24762
      4441.80      65.9239      3.20962
      4443.20      57.4571      2.96672
      4444.60      68.7555      3.27462
      4446.00      70.9888      3.47819
      4447.40      69.5498      3.62604
      4448.80      62.5780      3.48109
      4450.20      65.7075      3.48361
      4451.60      68.5707      3.35527
      4453.00      65.0199      3.16634
      4454.40      70.3344      3.27972
      4455.80      71.3046      3.29943
      4457.20      71.7883      3.36358
      4458.60      67.9806      3.38802
      4460.00      63.7413      3.26818
      4461.40      62.3458      3.15569
      4462.80      62.0542      3.23751
      4464.20      65.6018      3.28740
      4465.60      63.9581      3.23362
      4467.00      63.2046      3.13443
      4468.40      63.5154      3.32673
      4469.80      60.2290      3.04637
      4471.20      68.5304      3.21844
      4472.60      65.0463      3.13301
      4474.00      68.0749      3.22191
      4475.40      68.8158      3.22298
      4476.80      71.3111      3.28245
      4478.20      67.3936      3.18476
      4479.60      65.2561      3.14281
      4481.00      60.8122      3.00974
      4482.40      68.1186      3.17635
      4483.80      68.0678      3.26959
      4485.20      68.3970      3.23079
      4486.60      67.5889      3.17968
      4488.00      71.6574      3.27336
      4489.40      72.4272      3.31549
      4490.80      64.1920      3.19831
      4492.20      69.7388      3.34040
      4493.60      69.7953      3.35609
      4495.00      64.1082      3.20152
      4496.40      72.1981      3.35443
      4497.80      65.8557      3.19378
      4499.20      65.2014      3.16421
      4500.60      66.2287      3.22447
      4502.00      65.0462      3.17230
      4503.40      68.3430      3.23224
      4504.80      66.4168      3.28385
      4506.20      65.7535      3.19443
      4507.60      66.0062      3.21475
      4509.00      65.2521      3.15285
      4510.40      63.8893      3.06834
      4511.80      65.6728      3.11715
      4513.20      64.5176      3.15195
      4514.60      63.4652      3.15834
      4516.00      66.7303      3.19318
      4517.40      64.7321      3.10546
      4518.80      61.5820      2.99908
      4520.20      60.0609      2.96543
      4521.60      62.2826      3.01387
      4523.00      62.2751      3.00911
      4524.40      61.9544      3.25784
      4525.80      64.0535      3.03111
      4527.20      63.8476      3.04206
      4528.60      60.4881      3.00343
      4530.00      63.2204      3.33495
      4531.40      69.9569      3.16269
      4532.80      58.7009      2.95038
      4534.20      63.7984      3.15661
      4535.60      63.8399      3.20511
      4537.00      67.6473      3.38429
      4538.40      68.1908      3.16995
      4539.80      69.2438      3.15638
      4541.20      69.6301      3.18124
      4542.60      65.9616      3.08861
      4544.00      65.1161      3.09185
      4545.40      66.1076      3.23029
      4546.80      65.4389      3.10603
      4548.20      60.5659      3.03879
      4549.60      62.2557      3.09937
      4551.00      63.0739      3.13218
      4552.40      63.6687      3.05723
      4553.80      63.8094      3.11281
      4555.20      63.1268      3.09602
      4556.60      64.3218      3.09631
      4558.00      68.0690      3.16351
      4559.40      65.7953      3.11917
      4560.80      67.7304      3.18299
      4562.20      65.3482      3.12943
      4563.60      63.8754      3.09709
      4565.00      67.3757      3.18318
      4566.40      67.6326      3.18120
      4567.80      69.7885      3.22864
      4569.20      61.1976      3.05002
      4570.60      66.7969      3.10399
      4572.00      66.1946      3.04451
      4573.40      61.8117      2.92085
      4574.80      68.7160      3.09624
      4576.20      64.5989      3.02306
      4577.60      64.2111      3.09629
      4579.00      65.5238      3.14080
      4580.40      60.0639      2.93985
      4581.80      67.8247      3.09611
      4583.20      62.8228      3.04194
      4584.60      65.9003      3.19763
      4586.00      66.8694      3.24409
      4587.40      67.4765      3.30047
      4588.80      66.3202      3.30872
      4590.20      66.3891      3.30206
      4591.60      68.2530      3.28269
      4593.00      64.9578      3.15429
      4594.40      71.5991      3.35900
      4595.80      66.8122      3.36584
      4597.20      64.2459      3.39214
      4598.60      61.8219      2.94124
      4600.00      62.4783      2.94773
      4601.40      65.4952      3.01726
      4602.80      62.7191      3.10771
      4604.20      71.3388      3.46721
      4605.60      69.9487      3.45440
      4607.00      69.8167      3.31037
      4608.40      67.4211      3.08114
      4609.80      68.6671      3.03776
      4611.20      66.1021      3.00237
      4612.60      65.5414      3.00980
      4614.00      66.1423      3.07055
      4615.40      66.4641      3.07887
      4616.80      66.3225      3.07745
      4618.20      66.5167      3.00846
      4619.60      66.4114      2.99228
      4621.00      64.7474      2.96666
      4622.40      68.6919      3.06989
      4623.80      69.0055      3.07536
      4625.20      70.6706      3.10078
      4626.60      65.1037      2.95522
      4628.00      65.9004      3.00184
      4629.40      61.4465      2.93836
      4630.80      65.3756      3.03287
      4632.20      65.4255      2.97941
      4633.60      63.9526      2.94743
      4635.00      65.9111      3.06139
      4636.40      65.4598      3.07301
      4637.80      64.9771      2.99487
      4639.20      67.0050      3.00346
      4640.60      63.9830      2.92612
      4642.00      64.0383      3.06444
      4643.40      64.9017      3.12171
      4644.80      68.0184      3.16235
      4646.20      64.0121      3.12134
      4647.60      64.2838      3.27005
      4649.00      66.6667      3.28316
      4650.40      68.0844      3.04376
      4651.80      64.6852      2.91793
      4653.20      61.1739      2.82532
      4654.60      66.5145      2.98245
      4656.00      61.0434      2.84022
      4657.40      67.4603      2.99165
      4658.80      69.8706      3.06443
      4660.20      64.7515      2.94382
      4661.60      68.6561      3.04058
      4663.00      64.5250      2.95588
      4664.40      67.1788      3.07392
      4665.80      66.2757      3.05786
      4667.20      64.1725      2.98323
      4668.60      71.1157      3.08326
      4670.00      68.6347      3.02354
      4671.40      66.4258      3.16294
      4672.80      63.7565      3.07618
      4674.20      64.4030      3.20901
      4675.60      67.6486      3.05481
      4677.00      65.8374      2.97292
      4678.40      62.3792      2.92599
      4679.80      64.0086      3.10079
      4681.20      63.0866      3.02439
      4682.60      65.6375      2.95394
      4684.00      59.3898      2.86049
      4685.40      63.3627      3.03548
      4686.80      64.2545      3.08982
      4688.20      63.8212      2.88846
      4689.60      64.4629      2.91904
      4691.00      65.5136      3.00166
      4692.40      62.0657      2.89846
      4693.80      54.0860      2.63736
      4695.20      64.6901      2.86767
      4696.60      61.3107      2.89289
      4698.00      62.1280      3.08434
      4699.40      61.1420      2.94917
      4700.80      62.5674      2.97617
      4702.20      60.7641      2.90097
      4703.60      55.6446      2.71341
      4705.00      61.4480      2.81012
      4706.40      64.2123      3.02479
      4707.80      64.3456      2.86539
      4709.20      67.0299      2.93776
      4710.60      67.6362      2.96577
      4712.00      62.6246      2.85306
      4713.40      64.5919      2.89301
      4714.80      64.8237      2.89005
      4716.20      68.6207      2.97445
      4717.60      67.6122      2.97592
      4719.00      67.7248      2.98355
      4720.40      68.8358      3.00836
      4721.80      63.6338      2.87309
      4723.20      64.3926      2.85956
      4724.60      64.7205      2.89101
      4726.00      65.5103      2.90030
      4727.40      65.0991      2.89010
      4728.80      63.2496      2.96320
      4730.20      62.2290      2.95096
      4731.60      63.3660      2.87014
      4733.00      69.6059      2.96647
      4734.40      59.7853      2.75560
      4735.80      58.4530      2.72771
      4737.20      64.6823      2.86397
      4738.60      70.4819      3.03851
      4740.00      62.1287      2.83428
      4741.40      65.4111      2.88795
      4742.80      67.3884      2.93494
      4744.20      68.5217      2.96243
      4745.60      65.1849      2.91523
      4747.00      68.0258      3.10640
      4748.40      64.1318      3.01511
      4749.80      62.1602      2.85277
      4751.20      63.6449      2.84158
      4752.60      66.6442      2.94598
      4754.00      63.4549      2.93852
      4755.40      61.7018      2.89154
      4756.80      59.9092      2.81883
      4758.20      69.7771      3.01213
      4759.60      65.0012      2.85654
      4761.00      64.2443      2.84436
      4762.40      68.1879      2.93923
      4763.80      67.4500      2.89495
      4765.20      65.8982      2.85407
      4766.60      68.7129      2.93158
      4768.00      68.1052      2.96034
      4769.40      62.9759      2.94213
      4770.80      64.2365      2.90389
      4772.20      63.5482      2.80115
      4773.60      62.1307      2.79329
      4775.00      64.0715      3.00723
      4776.40      67.3752      3.05993
      4777.80      68.9922      3.04872
      4779.20      68.1681      2.94837
      4780.60      63.7455      2.81336
      4782.00      68.8586      2.92099
      4783.40      66.5698      2.86085
      4784.80      62.6444      2.77260
      4786.20      60.4318      2.74658
      4787.60      62.4946      2.84516
      4789.00      62.9014      2.94744
      4790.40      63.5993      2.79902
      4791.80      63.2476      2.78798
      4793.20      64.9533      2.82784
      4794.60      61.8196      2.73722
      4796.00      58.2862      2.68196
      4797.40      64.3876      2.84794
      4798.80      66.8083      2.87939
      4800.20      63.0253      2.79703
      4801.60      62.4952      2.78977
      4803.00      61.7600      2.86907
      4804.40      61.5403      2.75008
      4805.80      61.2285      2.73572
      4807.20      60.6151      2.71545
      4808.60      63.5815      2.77969
      4810.00      58.6109      2.70161
      4811.40      64.1289      2.93153
      4812.80      64.2057      2.95914
      4814.20      64.1316      2.89369
      4815.60      62.6015      2.79138
      4817.00      61.5528      2.77266
      4818.40      64.0661      2.84173
      4819.80      65.1756      2.85145
      4821.20      67.1937      2.87996
      4822.60      59.1733      2.70655
      4824.00      60.9886      2.74266
      4825.40      68.1869      2.95209
      4826.80      64.8207      2.87988
      4828.20      59.6760      2.71286
      4829.60      59.3869      2.71117
      4831.00      59.3242      2.72517
      4832.40      60.4256      3.06425
      4833.80      60.9945      3.01812
      4835.20      60.9261      2.92942
      4836.60      57.8403      2.69011
      4838.00      59.3962      2.68909
      4839.40      63.6005      2.81848
      4840.80      61.6956      2.82975
      4842.20      61.7441      2.77694
      4843.60      63.4375      2.79107
      4845.00      61.6375      2.78818
      4846.40      66.9252      2.96466
      4847.80      60.8226      2.74657
      4849.20      59.6204      2.68499
      4850.60      65.8815      2.84254
      4852.00      62.1409      2.79822
      4853.40      56.8428      2.73505
      4854.80      52.7987      2.62997
      4856.20      52.0527      2.52512
      4857.60      48.2521      2.41536
      4859.00      42.4667      2.30481
      4860.40      35.2449      2.31217
      4861.80      41.4353      2.44845
      4863.20      51.6210      2.53508
      4864.60      51.9968      2.49250
      4866.00      56.8294      2.63154
      4867.40      58.6932      2.78001
      4868.80      59.1006      2.69616
      4870.20      60.6497      2.72197
      4871.60      61.4661      2.75014
      4873.00      62.1044      2.87834
      4874.40      61.7153      2.93514
      4875.80      60.6621      2.94706
      4877.20      51.8090      2.71004
      4878.60      56.6319      2.69620
      4880.00      65.8815      2.87721
      4881.40      67.0662      2.89843
      4882.80      60.6601      2.75458
      4884.20      65.0768      2.85978
      4885.60      60.1942      2.74084
      4887.00      60.6197      2.74961
      4888.40      62.5576      2.79676
      4889.80      58.7469      2.71953
      4891.20      62.2787      2.83091
      4892.60      66.9392      2.99478
      4894.00      61.8490      2.84313
      4895.40      65.8266      2.94037
      4896.80      60.9197      2.91703
      4898.20      65.5255      3.04174
      4899.60      60.0986      2.82604
      4901.00      62.9960      2.83108
      4902.40      61.1195      2.77522
      4903.80      64.3945      2.85412
      4905.20      63.9235      2.84109
      4906.60      63.2803      2.89651
      4908.00      61.1885      2.85261
      4909.40      61.6809      2.80390
      4910.80      66.9438      2.89085
      4912.20      58.3508      2.71605
      4913.60      63.6490      2.86919
      4915.00      60.8017      2.75193
      4916.40      55.3496      2.62020
      4917.80      59.1496      2.68684
      4919.20      56.6447      2.68497
      4920.60      57.2331      2.70820
      4922.00      60.7650      2.70737
      4923.40      56.2580      2.60999
      4924.80      62.4240      2.82180
      4926.20      59.1311      2.78989
      4927.60      63.0357      2.84011
      4929.00      67.2092      2.85022
      4930.40      64.2986      2.77575
      4931.80      64.8604      2.79095
      4933.20      58.5644      2.63812
      4934.60      64.1021      2.75629
      4936.00      64.0684      2.77026
      4937.40      66.2383      2.90119
      4938.80      62.3424      2.79085
      4940.20      63.0558      2.80593
      4941.60      59.0241      2.66183
      4943.00      61.9364      2.84961
      4944.40      62.4726      2.92177
      4945.80      60.5440      2.74922
      4947.20      58.9030      2.61547
      4948.60      58.4715      2.60740
      4950.00      66.1233      2.80055
      4951.40      63.7866      2.77231
      4952.80      64.9916      2.87433
      4954.20      64.1755      2.82957
      4955.60      56.4356      2.57400
      4957.00      61.5378      2.66484
      4958.40      63.2754      2.72428
      4959.80      63.1404      2.71550
      4961.20      65.9352      2.77163
      4962.60      66.7862      2.79275
      4964.00      60.8828      6.61910
      4965.40      63.3007      2.72409
      4966.80      63.0061      2.71367
      4968.20      66.9447      2.80307
      4969.60      58.5809      2.60861
      4971.00      61.9777      2.67876
      4972.40      68.1984      2.83224
      4973.80      61.0735      2.69552
      4975.20      58.5927      2.66462
      4976.60      60.1678      2.68845
      4978.00      63.2563      2.75116
      4979.40      63.9104      2.76540
      4980.80      55.6714      2.70790
      4982.20      58.3751      2.73994
      4983.60      61.4303      2.71083
      4985.00      57.0145      2.63057
      4986.40      56.1346      2.65664
      4987.80      56.2576      2.59624
      4989.20      59.7479      2.68950
      4990.60      63.4625      2.75153
      4992.00      62.3359      2.71633
      4993.40      63.3156      2.77499
      4994.80      64.1101      2.79326
      4996.20      60.2542      2.71462
      4997.60      59.3783      2.75193
      4999.00      59.3810      2.69505
