      3900.00      141.533      8.27724
      3901.40      132.163      8.07165
      3902.80      166.250      8.94100
      3904.20      187.770      9.31292
      3905.60      168.181      8.85798
      3907.00      152.700      8.54836
      3908.40      150.833      8.79250
      3909.80      175.905      9.31703
      3911.20      179.210      9.29699
      3912.60      188.582      9.53790
      3914.00      170.362      9.20384
      3915.40      178.243      9.53124
      3916.80      176.362      9.66943
      3918.20      171.345      9.14930
      3919.60      179.684      9.13579
      3921.00      179.631      9.13685
      3922.40      182.602      9.23529
      3923.80      176.958      9.25924
      3925.20      180.859      9.12499
      3926.60      181.030      9.06748
      3928.00      177.025      8.45840
      3929.40      181.009      8.44287
      3930.80      162.621      8.09764
      3932.20      153.093      7.94175
      3933.60      97.0710      6.77416
      3935.00      82.9349      6.36158
      3936.40      95.3119      6.49647
      3937.80      147.851      7.48987
      3939.20      172.523      8.03569
      3940.60      177.271      8.24767
      3942.00      185.235      8.64765
      3943.40      170.543      8.15994
      3944.80      173.705      8.04665
      3946.20      179.084      8.12381
      3947.60      176.081      8.11734
      3949.00      174.724      8.53977
      3950.40      158.351      8.24935
      3951.80      155.920      7.86852
      3953.20      164.405      7.78970
      3954.60      160.984      8.05819
      3956.00      165.981      7.85608
      3957.40      155.151      7.63634
      3958.80      150.825      7.57832
      3960.20      159.845      7.81121
      3961.60      163.229      7.83834
      3963.00      148.180      7.39823
      3964.40      141.522      7.20091
      3965.80      141.335      7.14654
      3967.20      111.981      6.55738
      3968.60      74.5930      5.71799
      3970.00      51.7031      5.17918
      3971.40      64.6315      5.54369
      3972.80      97.1172      6.49579
      3974.20      121.042      7.13400
      3975.60      139.238      7.68077
      3977.00      135.499      7.77848
      3978.40      156.313      8.27968
      3979.80      144.087      8.16839
      3981.20      152.455      8.49471
      3982.60      153.643      8.77335
      3984.00      162.338      8.79592
      3985.40      168.040      8.89357
      3986.80      180.711      8.87137
      3988.20      194.966      8.74025
      3989.60      190.257      8.37766
      3991.00      201.155      8.50003
      3992.40      175.141      7.91032
      3993.80      185.620      8.15578
      3995.20      185.964      8.15361
      3996.60      182.366      7.93256
      3998.00      178.837      7.82538
      3999.40      166.638      7.49202
      4000.80      179.345      7.54057
      4002.20      173.893      7.70161
      4003.60      179.979      7.54203
      4005.00      179.597      7.64650
      4006.40      178.950      7.68830
      4007.80      183.957      7.85075
      4009.20      198.067      8.12633
      4010.60      181.749      7.74796
      4012.00      173.147      7.48218
      4013.40      163.778      7.21891
      4014.80      174.416      7.38570
      4016.20      169.105      7.30898
      4017.60      188.003      7.73530
      4019.00      185.072      7.79130
      4020.40      187.619      7.82536
      4021.80      186.980      7.81878
      4023.20      177.264      7.61253
      4024.60      163.322      7.19393
      4026.00      185.170      7.57254
      4027.40      185.580      7.57151
      4028.80      188.119      7.61599
      4030.20      186.091      7.60515
      4031.60      171.253      7.32090
      4033.00      172.359      7.35461
      4034.40      176.890      7.40757
      4035.80      184.998      7.48383
      4037.20      187.458      7.41728
      4038.60      176.041      7.18942
      4040.00      185.650      7.35595
      4041.40      184.513      7.42824
      4042.80      181.626      7.45171
      4044.20      175.579      7.35566
      4045.60      179.097      7.52051
      4047.00      163.066      7.35555
      4048.40      174.848      7.70399
      4049.80      177.603      7.62060
      4051.20      183.622      7.71217
      4052.60      179.225      7.47471
      4054.00      175.706      7.35969
      4055.40      179.008      7.36266
      4056.80      172.095      7.30843
      4058.20      181.036      7.60743
      4059.60      188.006      7.80088
      4061.00      184.995      7.68457
      4062.40      182.024      7.50107
      4063.80      170.438      7.21415
      4065.20      165.154      7.18372
      4066.60      168.629      7.34997
      4068.00      183.235      7.78980
      4069.40      177.415      7.68535
      4070.80      175.079      7.66495
      4072.20      175.668      7.53709
      4073.60      167.189      7.36177
      4075.00      172.228      7.60188
      4076.40      174.853      7.85908
      4077.80      166.444      7.48586
      4079.20      172.211      7.38980
      4080.60      168.172      7.26775
      4082.00      180.884      7.47314
      4083.40      176.746      7.34364
      4084.80      177.053      7.27398
      4086.20      169.645      7.12285
      4087.60      183.083      7.35337
      4089.00      184.156      7.32682
      4090.40      167.528      7.05656
      4091.80      169.987      7.16625
      4093.20      163.576      7.20375
      4094.60      158.313      7.07525
      4096.00      150.034      6.71722
      4097.40      134.599      6.22075
      4098.80      129.820      6.08136
      4100.20      126.462      5.96532
      4101.60      96.6016      5.43196
      4103.00      71.5381      5.01524
      4104.40      92.3995      5.38052
      4105.80      123.082      6.32059
      4107.20      129.772      6.17750
      4108.60      136.563      6.34561
      4110.00      157.185      6.65751
      4111.40      161.455      6.63887
      4112.80      162.320      6.62902
      4114.20      143.982      6.27796
      4115.60      162.531      6.66469
      4117.00      169.782      6.76177
      4118.40      170.346      6.79298
      4119.80      158.922      6.77009
      4121.20      162.703      6.93637
      4122.60      173.198      6.96939
      4124.00      165.693      6.62607
      4125.40      170.249      6.78537
      4126.80      165.971      6.71925
      4128.20      175.240      6.99219
      4129.60      169.955      6.84603
      4131.00      178.132      6.81975
      4132.40      179.781      6.87889
      4133.80      175.590      6.81233
      4135.20      165.201      6.69554
      4136.60      176.160      7.02948
      4138.00      167.219      6.97226
      4139.40      172.894      7.41562
      4140.80      176.553      7.05482
      4142.20      172.605      6.91321
      4143.60      178.783      6.98921
      4145.00      165.096      6.64327
      4146.40      167.507      6.78923
      4147.80      173.164      6.71028
      4149.20      175.357      7.60379
      4150.60      182.873      8.98063
      4152.00      176.507      6.86875
      4153.40      167.611      6.55221
      4154.80      174.372      6.74739
      4156.20      174.424      6.90155
      4157.60      172.303      6.84825
      4159.00      167.816      6.65165
      4160.40      167.985      6.53200
      4161.80      165.583      6.41286
      4163.20      165.967      6.61965
      4164.60      170.738      6.67082
      4166.00      161.984      6.51949
      4167.40      167.659      6.51123
      4168.80      172.140      6.53704
      4170.20      174.318      6.73850
      4171.60      173.947      7.29392
      4173.00      167.602      6.46378
      4174.40      164.009      6.36185
      4175.80      162.994      6.43322
      4177.20      165.166      6.57819
      4178.60      167.570      6.62014
      4180.00      162.751      6.25018
      4181.40      173.158      6.36554
      4182.80      172.832      6.47060
      4184.20      168.768      6.43754
      4185.60      171.649      6.31746
      4187.00      170.439      6.26201
      4188.40      178.797      6.40038
      4189.80      169.460      6.19573
      4191.20      176.831      6.37923
      4192.60      169.634      6.39535
      4194.00      173.647      6.56306
      4195.40      174.088      6.38560
      4196.80      175.150      6.35536
      4198.20      167.266      6.27003
      4199.60      165.292      6.26680
      4201.00      159.438      6.14462
      4202.40      169.772      6.20159
      4203.80      168.222      6.17275
      4205.20      172.529      6.31331
      4206.60      174.171      6.38395
      4208.00      174.954      6.73280
      4209.40      174.472      6.74113
      4210.80      171.922      6.59143
      4212.20      167.985      6.42916
      4213.60      169.768      6.31846
      4215.00      172.487      6.26313
      4216.40      161.489      6.04311
      4217.80      166.493      6.23623
      4219.20      168.384      6.37286
      4220.60      176.129      6.49061
      4222.00      170.176      6.28524
      4223.40      159.829      6.02101
      4224.80      166.475      6.17324
      4226.20      171.101      6.28276
      4227.60      164.271      6.25248
      4229.00      152.419      6.10541
      4230.40      169.079      6.41372
      4231.80      172.074      6.23914
      4233.20      169.315      6.12468
      4234.60      174.904      6.22016
      4236.00      169.857      6.10752
      4237.40      175.000      6.25502
      4238.80      175.283      6.39380
      4240.20      174.786      6.38914
      4241.60      162.378      6.00836
      4243.00      172.699      6.14938
      4244.40      170.635      6.14755
      4245.80      172.953      6.17143
      4247.20      167.553      6.15728
      4248.60      165.417      6.09633
      4250.00      166.692      6.01353
      4251.40      172.223      6.02679
      4252.80      170.422      6.00671
      4254.20      167.387      5.96479
      4255.60      163.303      5.92954
      4257.00      175.126      6.51637
      4258.40      185.243      6.43709
      4259.80      172.477      6.13438
      4261.20      174.823      6.07623
      4262.60      172.566      6.07403
      4264.00      174.699      6.12886
      4265.40      178.825      6.20507
      4266.80      178.498      6.18507
      4268.20      177.560      6.17787
      4269.60      178.208      6.20378
      4271.00      164.065      5.91500
      4272.40      156.251      5.76117
      4273.80      142.178      5.50098
      4275.20      162.190      5.84387
      4276.60      170.244      6.00004
      4278.00      161.808      5.88769
      4279.40      177.555      6.18455
      4280.80      176.013      6.11730
      4282.20      173.765      6.04789
      4283.60      159.094      5.81614
      4285.00      167.548      5.95242
      4286.40      178.543      6.12404
      4287.80      174.888      6.11831
      4289.20      168.348      6.03874
      4290.60      157.646      6.40902
      4292.00      158.350      7.52359
      4293.40      158.934      5.71401
      4294.80      168.471      5.89845
      4296.20      177.985      6.06702
      4297.60      171.074      6.03199
      4299.00      163.428      5.83381
      4300.40      158.576      5.84946
      4301.80      147.802      5.68431
      4303.20      152.003      5.67077
      4304.60      154.842      5.62930
      4306.00      167.453      5.92207
      4307.40      167.595      5.85817
      4308.80      161.519      5.79441
      4310.20      166.711      5.98738
      4311.60      160.499      5.93754
      4313.00      174.163      6.08223
      4314.40      156.333      5.62942
      4315.80      147.143      5.46830
      4317.20      160.219      5.80467
      4318.60      167.904      6.01666
      4320.00      161.919      5.83001
      4321.40      157.311      5.70940
      4322.80      157.509      5.68456
      4324.20      145.542      5.39957
      4325.60      152.124      5.50979
      4327.00      143.288      5.39503
      4328.40      157.700      5.70906
      4329.80      155.564      5.65719
      4331.20      151.811      5.56465
      4332.60      153.604      5.56987
      4334.00      145.397      5.39816
      4335.40      138.926      5.27538
      4336.80      126.764      5.03076
      4338.20      115.925      4.85819
      4339.60      100.904      4.61393
      4341.00      90.5515      4.38997
      4342.40      85.2961      4.29598
      4343.80      95.9127      4.43660
      4345.20      116.814      4.78527
      4346.60      125.430      4.99184
      4348.00      135.982      5.24185
      4349.40      139.775      5.37477
      4350.80      143.881      5.63414
      4352.20      143.873      5.35568
      4353.60      151.985      5.41296
      4355.00      154.741      5.48801
      4356.40      162.172      5.67169
      4357.80      165.008      5.99849
      4359.20      157.671      6.19672
      4360.60      160.512      6.05414
      4362.00      175.250      5.99892
      4363.40      173.176      5.83394
      4364.80      174.585      5.90438
      4366.20      172.019      5.83249
      4367.60      166.291      5.74559
      4369.00      162.767      5.70179
      4370.40      167.711      5.79770
      4371.80      163.319      5.67667
      4373.20      168.871      5.89337
      4374.60      170.033      6.10738
      4376.00      158.211      5.64996
      4377.40      176.104      5.90462
      4378.80      167.820      5.81304
      4380.20      166.972      5.87817
      4381.60      164.353      5.90884
      4383.00      170.834      5.78273
      4384.40      156.606      5.47637
      4385.80      153.471      5.47282
      4387.20      155.135      5.50062
      4388.60      165.754      5.66625
      4390.00      174.115      5.90943
      4391.40      173.291      5.98891
      4392.80      171.683      5.85954
      4394.20      166.437      5.76972
      4395.60      151.987      5.48125
      4397.00      147.887      5.39236
      4398.40      163.891      5.69576
      4399.80      170.951      5.74682
      4401.20      160.847      5.57312
      4402.60      158.733      5.59811
      4404.00      165.903      5.72496
      4405.40      160.917      5.54932
      4406.80      157.380      5.54025
      4408.20      157.570      5.70039
      4409.60      159.975      5.57209
      4411.00      158.031      5.53464
      4412.40      172.941      5.80756
      4413.80      166.924      5.68360
      4415.20      164.355      5.67222
      4416.60      158.627      5.59372
      4418.00      149.545      5.38026
      4419.40      158.480      5.48905
      4420.80      159.522      5.61290
      4422.20      167.799      5.78418
      4423.60      163.649      5.69492
      4425.00      164.926      5.62663
      4426.40      167.951      5.63395
      4427.80      158.952      5.44680
      4429.20      166.666      5.57264
      4430.60      168.554      5.57926
      4432.00      168.748      5.60740
      4433.40      168.166      5.68468
      4434.80      167.163      5.59869
      4436.20      168.821      5.70373
      4437.60      160.579      5.55915
      4439.00      166.365      5.63493
      4440.40      161.252      5.45978
      4441.80      162.976      5.52393
      4443.20      159.259      5.40929
      4444.60      160.122      5.46621
      4446.00      159.463      5.52046
      4447.40      169.153      5.71646
      4448.80      161.042      5.54667
      4450.20      163.270      5.50531
      4451.60      168.935      5.61458
      4453.00      163.407      5.47237
      4454.40      167.424      5.54054
      4455.80      159.736      5.45578
      4457.20      162.708      5.57934
      4458.60      156.145      5.48146
      4460.00      163.402      5.49697
      4461.40      169.326      5.52390
      4462.80      163.042      5.49011
      4464.20      163.812      5.43453
      4465.60      162.245      5.39138
      4467.00      160.445      5.33401
      4468.40      154.110      5.20322
      4469.80      158.920      5.31756
      4471.20      164.886      5.45819
      4472.60      169.985      5.70896
      4474.00      164.679      5.49666
      4475.40      162.844      5.43092
      4476.80      157.789      5.36044
      4478.20      159.848      5.39329
      4479.60      167.884      5.54315
      4481.00      156.913      5.41009
      4482.40      165.145      5.57180
      4483.80      156.206      5.32705
      4485.20      163.650      5.39115
      4486.60      168.564      5.50931
      4488.00      163.061      5.52359
      4489.40      165.602      5.43012
      4490.80      163.165      5.35676
      4492.20      159.231      5.30093
      4493.60      167.121      5.45836
      4495.00      164.029      5.38861
      4496.40      159.946      5.34734
      4497.80      161.194      5.41020
      4499.20      166.936      5.50041
      4500.60      159.424      5.36681
      4502.00      157.137      5.27896
      4503.40      153.053      5.17281
      4504.80      162.700      5.34292
      4506.20      158.797      5.35660
      4507.60      152.657      5.21295
      4509.00      146.529      5.06681
      4510.40      159.021      5.28745
      4511.80      160.942      5.30914
      4513.20      156.802      5.30544
      4514.60      164.146      5.44487
      4516.00      160.510      5.40964
      4517.40      161.880      5.38381
      4518.80      167.817      5.43251
      4520.20      162.434      5.28084
      4521.60      150.808      5.06813
      4523.00      151.958      5.10072
      4524.40      157.573      5.19641
      4525.80      163.002      5.28061
      4527.20      158.238      5.19679
      4528.60      161.119      5.27314
      4530.00      165.997      5.46999
      4531.40      156.882      5.51860
      4532.80      152.864      5.28758
      4534.20      150.275      5.18230
      4535.60      154.043      5.18804
      4537.00      158.569      5.31764
      4538.40      154.742      5.42248
      4539.80      156.353      5.25559
      4541.20      156.004      5.26009
      4542.60      154.696      5.16794
      4544.00      154.148      5.19484
      4545.40      158.120      5.34955
      4546.80      152.616      5.52231
      4548.20      152.685      5.39041
      4549.60      147.601      5.20283
      4551.00      143.123      5.07034
      4552.40      147.411      5.27580
      4553.80      147.439      5.24751
      4555.20      150.707      5.17357
      4556.60      149.601      5.13309
      4558.00      153.835      5.23215
      4559.40      159.631      5.40131
      4560.80      156.415      5.36339
      4562.20      164.890      5.60955
      4563.60      157.571      5.36997
      4565.00      159.813      5.35635
      4566.40      159.787      5.30424
      4567.80      158.945      5.27043
      4569.20      162.223      5.29981
      4570.60      160.240      5.25330
      4572.00      151.744      5.11556
      4573.40      151.048      5.11660
      4574.80      164.425      5.40225
      4576.20      162.335      5.62539
      4577.60      161.679      5.58084
      4579.00      164.645      5.51909
      4580.40      158.252      5.37768
      4581.80      155.793      5.25803
      4583.20      152.172      5.13156
      4584.60      150.049      5.05524
      4586.00      157.463      5.18659
      4587.40      159.322      5.40342
      4588.80      168.081      5.60061
      4590.20      155.397      5.16321
      4591.60      151.452      5.06602
      4593.00      150.580      5.01920
      4594.40      157.556      5.13330
      4595.80      168.175      5.32953
      4597.20      159.598      5.16013
      4598.60      163.458      5.27990
      4600.00      162.342      5.31695
      4601.40      166.761      5.31648
      4602.80      145.767      4.88255
      4604.20      159.804      5.12345
      4605.60      167.150      5.25518
      4607.00      151.490      5.00539
      4608.40      158.749      5.22567
      4609.80      162.424      5.25081
      4611.20      154.487      5.03129
      4612.60      153.876      4.99779
      4614.00      160.832      5.15190
      4615.40      154.228      5.10222
      4616.80      152.074      5.07702
      4618.20      151.719      5.05490
      4619.60      151.460      5.02669
      4621.00      155.154      5.05915
      4622.40      151.330      4.97032
      4623.80      153.596      5.02107
      4625.20      154.175      5.00121
      4626.60      162.563      5.12607
      4628.00      165.465      5.18880
      4629.40      156.644      5.02900
      4630.80      155.693      5.01783
      4632.20      163.574      5.18928
      4633.60      159.287      5.10807
      4635.00      161.641      5.11920
      4636.40      159.200      5.08576
      4637.80      161.378      5.25931
      4639.20      159.505      5.16881
      4640.60      155.030      5.04455
      4642.00      154.972      5.03406
      4643.40      155.822      5.04542
      4644.80      156.042      5.07556
      4646.20      153.220      5.08019
      4647.60      159.419      5.19670
      4649.00      155.172      5.09625
      4650.40      153.523      5.01388
      4651.80      158.075      5.09101
      4653.20      160.515      5.11977
      4654.60      160.098      5.11300
      4656.00      158.661      5.08271
      4657.40      147.482      4.89282
      4658.80      153.261      5.00259
      4660.20      156.955      5.06798
      4661.60      160.170      5.11857
      4663.00      156.385      5.06238
      4664.40      165.764      5.29590
      4665.80      160.838      5.24401
      4667.20      156.807      5.12305
      4668.60      157.542      5.04639
      4670.00      161.772      5.12076
      4671.40      163.493      5.21395
      4672.80      159.138      5.18268
      4674.20      157.715      5.10078
      4675.60      155.718      5.03912
      4677.00      157.763      5.10549
      4678.40      165.017      5.27385
      4679.80      163.209      5.21620
      4681.20      162.090      5.12096
      4682.60      165.911      5.17824
      4684.00      148.903      4.98469
      4685.40      157.891      5.11458
      4686.80      159.353      5.10613
      4688.20      160.561      5.10955
      4689.60      161.156      5.10781
      4691.00      162.362      5.09494
      4692.40      159.956      5.02841
      4693.80      160.110      5.04065
      4695.20      159.527      5.03691
      4696.60      158.493      5.03544
      4698.00      163.633      5.12887
      4699.40      163.890      5.11190
      4700.80      158.870      5.02007
      4702.20      157.181      5.12365
      4703.60      156.866      4.99429
      4705.00      151.735      4.96478
      4706.40      159.384      5.12658
      4707.80      158.574      5.24618
      4709.20      149.378      4.93236
      4710.60      155.868      5.03087
      4712.00      154.969      5.01702
      4713.40      168.203      5.79366
      4714.80      169.788      5.74911
      4716.20      161.745      5.26962
      4717.60      165.725      5.37784
      4719.00      151.218      5.14463
      4720.40      157.141      5.16528
      4721.80      156.938      5.11655
      4723.20      157.240      5.11023
      4724.60      158.944      5.21149
      4726.00      161.025      5.28410
      4727.40      155.402      5.14944
      4728.80      157.291      5.13855
      4730.20      156.660      5.06620
      4731.60      158.361      5.12058
      4733.00      161.241      5.18587
      4734.40      154.800      5.02355
      4735.80      159.244      5.17997
      4737.20      150.501      5.08899
      4738.60      163.466      5.35141
      4740.00      157.181      5.12552
      4741.40      152.949      4.96074
      4742.80      156.257      5.07316
      4744.20      156.482      5.13998
      4745.60      161.980      5.22462
      4747.00      167.408      5.38507
      4748.40      164.653      6.82227
      4749.80      159.338      10.3178
      4751.20      163.371      5.11270
      4752.60      151.516      4.96019
      4754.00      158.102      4.97381
      4755.40      152.793      4.90045
      4756.80      159.037      5.01193
      4758.20      154.949      4.89233
      4759.60      161.237      4.98051
      4761.00      161.903      4.97704
      4762.40      158.910      4.94164
      4763.80      163.695      5.04617
      4765.20      161.101      4.94432
      4766.60      149.713      4.75296
      4768.00      148.670      4.77810
      4769.40      158.616      4.94831
      4770.80      153.960      4.88103
      4772.20      157.561      4.92961
      4773.60      155.817      4.94049
      4775.00      155.872      5.02411
      4776.40      162.122      4.95478
      4777.80      154.963      4.82851
      4779.20      156.539      4.87315
      4780.60      149.420      4.78111
      4782.00      152.738      4.88493
      4783.40      154.787      5.02370
      4784.80      151.961      4.97120
      4786.20      153.381      4.91478
      4787.60      157.844      4.94197
      4789.00      154.477      4.80930
      4790.40      152.573      4.78581
      4791.80      156.840      4.87052
      4793.20      153.571      4.82206
      4794.60      155.764      4.84814
      4796.00      152.085      4.74951
      4797.40      156.232      4.82841
      4798.80      146.675      4.68340
      4800.20      158.315      4.90122
      4801.60      149.864      4.69156
      4803.00      160.822      4.89866
      4804.40      160.333      4.89340
      4805.80      156.905      4.82841
      4807.20      149.600      4.70154
      4808.60      151.985      4.78550
      4810.00      149.640      4.81649
      4811.40      145.621      4.76945
      4812.80      155.903      4.86154
      4814.20      152.634      4.77848
      4815.60      158.720      4.90697
      4817.00      155.716      4.90663
      4818.40      154.391      4.83619
      4819.80      156.337      4.86229
      4821.20      149.889      4.78130
      4822.60      151.165      4.79773
      4824.00      149.098      4.84747
      4825.40      144.859      4.68392
      4826.80      148.791      4.78674
      4828.20      143.721      4.67503
      4829.60      145.333      4.75170
      4831.00      148.433      4.76153
      4832.40      145.526      4.69830
      4833.80      149.719      4.95531
      4835.20      147.849      4.87450
      4836.60      147.448      4.85311
      4838.00      138.914      4.61982
      4839.40      150.117      4.75151
      4840.80      153.236      4.76452
      4842.20      151.312      4.75884
      4843.60      144.378      4.63178
      4845.00      150.561      4.73269
      4846.40      151.412      4.74325
      4847.80      140.214      4.59992
      4849.20      133.408      4.58165
      4850.60      138.928      4.64522
      4852.00      146.083      4.69532
      4853.40      137.651      4.54778
      4854.80      126.943      4.43025
      4856.20      128.836      4.38374
      4857.60      127.652      4.36973
      4859.00      119.456      4.36109
      4860.40      91.5590      3.97476
      4861.80      83.0844      3.70353
      4863.20      81.3096      3.51842
      4864.60      96.8468      3.75560
      4866.00      115.515      4.16114
      4867.40      116.793      4.26744
      4868.80      122.341      4.38824
      4870.20      130.310      4.50630
      4871.60      127.831      4.38558
      4873.00      136.353      4.57300
      4874.40      130.888      4.49720
      4875.80      136.643      4.63730
      4877.20      137.902      4.61137
      4878.60      140.826      4.60576
      4880.00      141.819      4.70935
      4881.40      144.486      4.76216
      4882.80      144.032      4.78283
      4884.20      141.366      4.78265
      4885.60      144.272      4.77447
      4887.00      144.697      4.71470
      4888.40      145.534      4.76502
      4889.80      145.924      4.71543
      4891.20      141.460      4.58527
      4892.60      137.438      4.52976
      4894.00      139.656      4.58413
      4895.40      149.171      4.84091
      4896.80      151.049      4.78364
      4898.20      147.765      4.74960
      4899.60      158.667      4.94942
      4901.00      147.210      4.77123
      4902.40      147.493      4.72923
      4903.80      146.889      4.65646
      4905.20      150.297      4.69190
      4906.60      151.607      4.74923
      4908.00      153.170      4.74560
      4909.40      150.961      4.70977
      4910.80      153.322      4.73110
      4912.20      147.614      4.59388
      4913.60      144.500      4.55113
      4915.00      148.916      4.95817
      4916.40      154.641      6.33412
      4917.80      152.431      5.06672
      4919.20      158.164      4.79033
      4920.60      149.581      4.71117
      4922.00      140.892      4.72594
      4923.40      148.081      4.56174
      4924.80      138.666      4.36535
      4926.20      137.014      4.33037
      4927.60      151.175      4.68399
      4929.00      148.757      4.68272
      4930.40      142.791      4.54257
      4931.80      152.645      4.66695
      4933.20      149.929      4.65090
      4934.60      143.429      4.55588
      4936.00      143.396      4.56727
      4937.40      144.864      4.48782
      4938.80      145.294      4.50642
      4940.20      148.936      4.57121
      4941.60      147.095      4.66143
      4943.00      144.224      4.47483
      4944.40      146.702      4.56847
      4945.80      142.889      4.52821
      4947.20      144.507      4.56643
      4948.60      146.912      4.59229
      4950.00      145.925      4.54410
      4951.40      146.920      4.60101
      4952.80      141.750      4.50391
      4954.20      143.521      4.49876
      4955.60      142.896      4.45385
      4957.00      147.734      4.56354
      4958.40      143.011      4.49977
      4959.80      140.655      4.40962
      4961.20      140.511      4.39660
      4962.60      145.977      4.49583
      4964.00      145.381      4.56726
      4965.40      142.305      4.51334
      4966.80      149.618      4.57510
      4968.20      137.494      4.34787
      4969.60      137.317      4.39004
      4971.00      149.132      4.57632
      4972.40      146.213      4.50540
      4973.80      150.016      4.58874
      4975.20      147.728      4.67663
      4976.60      145.227      4.70750
      4978.00      144.667      4.50939
      4979.40      145.089      4.51548
      4980.80      144.270      4.52648
      4982.20      146.385      4.57051
      4983.60      143.813      4.50189
      4985.00      141.411      4.45785
      4986.40      143.595      4.53095
      4987.80      141.964      4.51467
      4989.20      146.486      4.59248
      4990.60      135.756      4.40435
      4992.00      143.518      4.48459
      4993.40      145.616      4.49317
      4994.80      146.829      4.53702
      4996.20      136.803      4.39942
      4997.60      140.447      4.53670
      4999.00      143.544      4.55030
