      3900.00      173.003      11.5426
      3901.40      164.124      11.3019
      3902.80      185.028      11.9967
      3904.20      171.233      11.6242
      3905.60      189.357      11.8554
      3907.00      193.506      12.5767
      3908.40      198.287      12.3024
      3909.80      208.616      12.6844
      3911.20      209.409      12.8051
      3912.60      209.755      12.3489
      3914.00      223.952      12.5701
      3915.40      211.031      12.2379
      3916.80      211.333      12.6249
      3918.20      211.588      12.5672
      3919.60      207.084      11.9715
      3921.00      212.367      12.0888
      3922.40      215.396      12.2084
      3923.80      196.672      11.8176
      3925.20      206.289      12.0685
      3926.60      209.353      12.1412
      3928.00      191.144      11.8358
      3929.40      214.608      12.3640
      3930.80      199.124      12.1416
      3932.20      195.581      11.5972
      3933.60      177.227      11.0248
      3935.00      152.107      10.2173
      3936.40      97.0513      8.58350
      3937.80      85.1998      8.25626
      3939.20      160.751      10.4111
      3940.60      182.872      11.1790
      3942.00      187.075      11.6910
      3943.40      203.994      11.9492
      3944.80      212.983      11.7713
      3946.20      218.220      11.8007
      3947.60      183.155      10.8417
      3949.00      216.337      11.6976
      3950.40      220.505      11.8258
      3951.80      211.603      11.6758
      3953.20      234.851      12.2930
      3954.60      192.878      11.2585
      3956.00      223.437      11.9701
      3957.40      201.831      11.4699
      3958.80      202.393      11.5259
      3960.20      200.842      11.5058
      3961.60      211.334      11.7231
      3963.00      201.831      11.2653
      3964.40      191.628      10.8970
      3965.80      190.043      10.8089
      3967.20      173.541      10.3529
      3968.60      146.906      9.76420
      3970.00      125.736      9.17883
      3971.40      86.5402      8.08131
      3972.80      71.0769      7.49434
      3974.20      104.284      8.37949
      3975.60      150.184      9.62975
      3977.00      155.423      9.89132
      3978.40      163.453      10.1669
      3979.80      168.486      10.4984
      3981.20      186.434      10.5905
      3982.60      209.183      11.2280
      3984.00      174.149      10.5610
      3985.40      205.352      11.3388
      3986.80      191.238      10.8023
      3988.20      223.098      11.4164
      3989.60      210.872      11.1501
      3991.00      232.657      11.6174
      3992.40      219.842      11.2952
      3993.80      196.272      10.6466
      3995.20      212.249      11.0131
      3996.60      224.741      11.2607
      3998.00      198.623      10.6900
      3999.40      230.391      11.4580
      4000.80      213.833      10.9778
      4002.20      219.326      10.9872
      4003.60      209.106      10.8092
      4005.00      221.019      11.3694
      4006.40      228.394      11.7943
      4007.80      227.883      11.4984
      4009.20      195.484      10.5088
      4010.60      232.456      11.3421
      4012.00      222.234      11.1206
      4013.40      200.377      10.7198
      4014.80      211.925      10.8166
      4016.20      208.523      10.6800
      4017.60      179.216      10.0191
      4019.00      205.063      11.1983
      4020.40      213.350      11.5009
      4021.80      199.543      10.6990
      4023.20      213.577      10.8289
      4024.60      202.812      11.3953
      4026.00      203.434      11.3105
      4027.40      203.322      10.8969
      4028.80      202.300      10.6187
      4030.20      207.569      10.5840
      4031.60      194.619      10.1451
      4033.00      183.141      9.83504
      4034.40      206.022      10.4469
      4035.80      215.631      10.6981
      4037.20      220.902      10.9520
      4038.60      209.388      10.7700
      4040.00      215.133      10.7241
      4041.40      199.809      10.2828
      4042.80      213.643      10.6670
      4044.20      219.492      11.0698
      4045.60      229.161      11.5270
      4047.00      214.587      11.1397
      4048.40      208.635      10.7273
      4049.80      193.040      10.2654
      4051.20      213.722      10.6292
      4052.60      215.270      10.6234
      4054.00      205.793      10.3422
      4055.40      222.509      10.8223
      4056.80      224.790      11.0044
      4058.20      204.244      10.4136
      4059.60      214.657      10.5508
      4061.00      203.161      10.3019
      4062.40      227.191      10.9727
      4063.80      216.363      10.9137
      4065.20      232.246      11.2871
      4066.60      198.433      10.2333
      4068.00      196.221      9.96041
      4069.40      228.876      10.7976
      4070.80      201.836      11.0906
      4072.20      201.458      11.1548
      4073.60      181.424      9.97133
      4075.00      198.003      10.0376
      4076.40      201.518      10.1892
      4077.80      186.148      9.89064
      4079.20      197.948      10.6207
      4080.60      184.529      9.58742
      4082.00      179.645      9.51822
      4083.40      190.878      9.71446
      4084.80      203.218      9.98092
      4086.20      187.586      9.69752
      4087.60      207.071      10.1135
      4089.00      177.123      9.31526
      4090.40      197.278      9.80791
      4091.80      206.459      9.97976
      4093.20      188.491      9.54558
      4094.60      182.039      9.40985
      4096.00      183.453      9.68694
      4097.40      180.254      9.48000
      4098.80      170.124      9.30707
      4100.20      165.811      9.07862
      4101.60      169.952      9.03524
      4103.00      138.009      8.19023
      4104.40      109.129      7.44575
      4105.80      99.7237      7.23416
      4107.20      128.832      7.91615
      4108.60      154.220      8.60254
      4110.00      171.371      9.01933
      4111.40      171.067      8.92198
      4112.80      173.760      9.04952
      4114.20      177.459      9.67465
      4115.60      183.074      9.50896
      4117.00      199.759      9.87072
      4118.40      193.421      9.49944
      4119.80      201.301      9.60232
      4121.20      196.371      9.80497
      4122.60      187.699      10.0155
      4124.00      191.702      10.2200
      4125.40      191.088      9.75638
      4126.80      198.500      9.57757
      4128.20      191.607      9.52717
      4129.60      196.925      9.88104
      4131.00      184.911      9.54279
      4132.40      215.695      10.0826
      4133.80      196.909      9.49221
      4135.20      185.961      9.22437
      4136.60      196.843      9.44959
      4138.00      220.410      10.1407
      4139.40      206.317      9.96724
      4140.80      213.995      10.3218
      4142.20      210.391      10.2197
      4143.60      222.714      10.4134
      4145.00      184.373      9.45961
      4146.40      201.261      9.85008
      4147.80      203.194      9.86900
      4149.20      194.912      9.60809
      4150.60      204.411      9.60473
      4152.00      215.105      9.79086
      4153.40      193.905      9.27374
      4154.80      204.491      9.65879
      4156.20      199.973      10.1071
      4157.60      195.960      9.38623
      4159.00      191.623      9.24020
      4160.40      198.780      9.44262
      4161.80      207.763      9.75839
      4163.20      199.759      9.82575
      4164.60      211.141      9.78331
      4166.00      206.754      10.1648
      4167.40      193.735      9.44810
      4168.80      212.099      9.77860
      4170.20      207.260      9.50726
      4171.60      203.783      9.48720
      4173.00      203.707      9.72561
      4174.40      202.640      9.37497
      4175.80      203.816      9.39546
      4177.20      188.271      8.99093
      4178.60      184.155      8.93443
      4180.00      210.188      9.54589
      4181.40      204.535      9.62460
      4182.80      165.301      8.68776
      4184.20      190.304      9.01108
      4185.60      177.739      8.68182
      4187.00      178.450      8.64619
      4188.40      193.626      9.07795
      4189.80      188.738      8.93255
      4191.20      200.745      9.17047
      4192.60      203.280      9.64157
      4194.00      210.243      9.61584
      4195.40      197.770      9.43277
      4196.80      210.097      9.56355
      4198.20      207.704      9.35848
      4199.60      202.898      9.17799
      4201.00      197.614      9.50998
      4202.40      190.504      8.95103
      4203.80      188.364      8.99081
      4205.20      183.066      8.77583
      4206.60      190.940      8.86231
      4208.00      196.836      9.26568
      4209.40      196.987      9.39785
      4210.80      198.623      9.05744
      4212.20      199.684      9.06277
      4213.60      203.251      9.15134
      4215.00      197.791      8.96358
      4216.40      196.988      8.96844
      4217.80      196.175      9.04378
      4219.20      198.040      9.08509
      4220.60      185.382      8.83647
      4222.00      187.715      8.69995
      4223.40      192.841      8.86191
      4224.80      192.183      9.13984
      4226.20      191.190      8.78744
      4227.60      190.236      8.73479
      4229.00      189.944      8.73226
      4230.40      174.563      8.34601
      4231.80      187.386      8.69208
      4233.20      197.424      9.16038
      4234.60      205.445      9.10350
      4236.00      196.198      8.90590
      4237.40      204.561      9.04364
      4238.80      196.989      8.86734
      4240.20      180.220      8.50139
      4241.60      201.886      9.10804
      4243.00      184.855      8.61139
      4244.40      188.980      8.64739
      4245.80      207.041      9.12140
      4247.20      196.495      8.87338
      4248.60      195.374      8.83981
      4250.00      186.929      8.59057
      4251.40      189.786      8.67235
      4252.80      174.865      8.41527
      4254.20      181.778      8.68989
      4255.60      188.867      8.72042
      4257.00      191.052      8.65766
      4258.40      179.018      8.38398
      4259.80      188.469      8.60991
      4261.20      191.494      8.70700
      4262.60      189.861      9.26047
      4264.00      210.134      9.38545
      4265.40      191.193      8.83035
      4266.80      200.219      8.92671
      4268.20      196.942      8.75003
      4269.60      196.723      8.75097
      4271.00      189.414      8.56182
      4272.40      197.514      8.73830
      4273.80      173.715      8.25802
      4275.20      182.909      8.62096
      4276.60      188.405      8.72297
      4278.00      175.569      8.17475
      4279.40      185.749      8.46080
      4280.80      190.754      8.56236
      4282.20      190.940      8.62272
      4283.60      196.178      8.94504
      4285.00      187.243      8.73971
      4286.40      187.170      8.58376
      4287.80      194.402      8.57682
      4289.20      196.613      8.65141
      4290.60      205.353      8.92783
      4292.00      189.343      8.72493
      4293.40      185.742      8.70723
      4294.80      184.062      8.64271
      4296.20      176.460      8.44881
      4297.60      179.829      8.45827
      4299.00      186.747      8.50413
      4300.40      190.851      8.56316
      4301.80      176.776      8.11405
      4303.20      166.781      7.91434
      4304.60      167.677      8.09040
      4306.00      194.260      8.83548
      4307.40      179.670      8.38208
      4308.80      201.413      8.76140
      4310.20      187.383      8.39800
      4311.60      187.161      8.45831
      4313.00      180.538      8.25991
      4314.40      179.883      8.27206
      4315.80      168.643      7.97373
      4317.20      185.921      8.39091
      4318.60      181.502      8.28366
      4320.00      190.615      8.46240
      4321.40      186.924      8.92594
      4322.80      184.552      8.34085
      4324.20      184.523      8.27427
      4325.60      173.222      7.97429
      4327.00      169.647      7.93956
      4328.40      166.196      7.90359
      4329.80      158.420      7.75274
      4331.20      190.950      8.49226
      4332.60      187.146      8.33841
      4334.00      175.378      8.02043
      4335.40      166.123      7.88882
      4336.80      169.808      8.20905
      4338.20      169.068      8.48240
      4339.60      151.576      7.81737
      4341.00      142.112      7.33073
      4342.40      125.591      6.71840
      4343.80      92.7105      5.90415
      4345.20      114.756      6.68450
      4346.60      158.999      8.05005
      4348.00      167.378      8.23466
      4349.40      180.077      8.31722
      4350.80      165.986      7.88661
      4352.20      164.327      7.85730
      4353.60      166.986      7.98824
      4355.00      148.013      7.39830
      4356.40      178.362      8.02937
      4357.80      178.720      8.34985
      4359.20      179.394      8.96248
      4360.60      179.218      9.21335
      4362.00      179.387      8.26109
      4363.40      186.009      8.29472
      4364.80      179.254      8.43655
      4366.20      165.447      8.33870
      4367.60      179.384      8.42153
      4369.00      179.025      8.21845
      4370.40      175.655      7.98849
      4371.80      193.630      8.35899
      4373.20      193.817      8.32092
      4374.60      193.757      8.37094
      4376.00      188.210      8.38972
      4377.40      193.283      8.49491
      4378.80      173.331      7.99541
      4380.20      164.944      7.75873
      4381.60      189.135      8.29590
      4383.00      191.590      8.36625
      4384.40      188.475      8.23532
      4385.80      196.171      8.34745
      4387.20      183.599      7.99916
      4388.60      179.259      7.89466
      4390.00      181.497      8.39286
      4391.40      179.139      8.01305
      4392.80      184.279      8.33396
      4394.20      179.115      8.14603
      4395.60      189.066      8.16881
      4397.00      173.820      7.81459
      4398.40      179.963      7.92880
      4399.80      188.920      8.19257
      4401.20      187.737      8.39223
      4402.60      160.234      7.94192
      4404.00      179.872      8.23992
      4405.40      177.003      7.90943
      4406.80      183.959      7.99995
      4408.20      181.695      7.92173
      4409.60      182.127      7.93114
      4411.00      172.092      7.82404
      4412.40      181.384      8.36850
      4413.80      180.544      8.43999
      4415.20      184.086      8.02601
      4416.60      188.144      8.08075
      4418.00      176.823      7.91555
      4419.40      174.893      8.11938
      4420.80      184.935      8.17787
      4422.20      167.606      7.53969
      4423.60      184.657      7.90972
      4425.00      189.027      8.03131
      4426.40      189.461      8.04398
      4427.80      197.251      8.28929
      4429.20      191.406      8.25221
      4430.60      177.421      7.95213
      4432.00      196.770      8.25435
      4433.40      191.651      8.07069
      4434.80      182.248      8.09821
      4436.20      190.033      8.66528
      4437.60      194.370      8.79380
      4439.00      174.642      8.00639
      4440.40      176.390      7.72320
      4441.80      191.558      8.02281
      4443.20      191.642      8.00407
      4444.60      191.192      7.99133
      4446.00      164.017      7.38759
      4447.40      154.976      7.18707
      4448.80      177.147      7.70461
      4450.20      191.548      8.04259
      4451.60      179.487      7.86946
      4453.00      167.851      7.66887
      4454.40      191.540      8.14874
      4455.80      186.950      7.90584
      4457.20      163.740      7.31192
      4458.60      177.616      7.62776
      4460.00      190.722      8.13776
      4461.40      174.697      8.02424
      4462.80      185.657      8.18492
      4464.20      184.044      7.88986
      4465.60      178.551      7.70810
      4467.00      164.070      7.51153
      4468.40      172.622      7.70331
      4469.80      191.004      7.98013
      4471.20      175.650      7.56798
      4472.60      171.899      7.48028
      4474.00      195.568      8.08794
      4475.40      194.025      8.03858
      4476.80      183.118      7.73338
      4478.20      171.322      7.44926
      4479.60      187.814      7.78208
      4481.00      188.831      7.81539
      4482.40      180.641      7.64958
      4483.80      181.821      7.86437
      4485.20      177.929      7.62750
      4486.60      175.384      7.74617
      4488.00      176.354      7.78481
      4489.40      174.357      7.54380
      4490.80      175.313      7.70354
      4492.20      165.848      7.27664
      4493.60      177.988      7.56914
      4495.00      171.677      7.43944
      4496.40      182.838      7.69106
      4497.80      189.370      7.94299
      4499.20      184.573      7.87901
      4500.60      182.497      7.81099
      4502.00      192.504      7.97587
      4503.40      184.261      7.76193
      4504.80      181.415      7.62177
      4506.20      181.430      7.61457
      4507.60      187.602      7.75262
      4509.00      176.153      7.56268
      4510.40      177.979      7.71660
      4511.80      180.374      7.75165
      4513.20      174.049      7.64350
      4514.60      179.034      7.60509
      4516.00      170.988      7.32043
      4517.40      168.928      7.23217
      4518.80      188.366      7.71193
      4520.20      184.966      7.63535
      4521.60      185.014      7.65739
      4523.00      191.706      7.82074
      4524.40      177.591      7.44666
      4525.80      177.770      7.54834
      4527.20      180.161      7.76511
      4528.60      184.103      7.86686
      4530.00      182.344      7.67062
      4531.40      169.909      7.29539
      4532.80      169.186      7.29461
      4534.20      181.283      7.52865
      4535.60      183.809      7.60219
      4537.00      171.404      7.47074
      4538.40      169.062      7.53252
      4539.80      163.206      7.43991
      4541.20      172.157      7.83028
      4542.60      174.685      7.58016
      4544.00      180.145      7.66684
      4545.40      182.504      7.65773
      4546.80      173.050      7.32505
      4548.20      188.147      7.67566
      4549.60      181.013      7.51833
      4551.00      190.960      7.72775
      4552.40      162.312      7.06064
      4553.80      163.929      7.14065
      4555.20      177.758      7.41229
      4556.60      185.039      7.59503
      4558.00      163.362      7.13580
      4559.40      184.873      7.90488
      4560.80      174.909      7.84681
      4562.20      176.832      7.82687
      4563.60      180.308      7.62815
      4565.00      171.138      7.21640
      4566.40      175.570      7.30949
      4567.80      165.812      7.19254
      4569.20      184.280      7.73592
      4570.60      168.843      7.31328
      4572.00      174.989      7.44045
      4573.40      176.851      7.58129
      4574.80      172.598      7.46056
      4576.20      165.941      7.12689
      4577.60      167.269      7.17596
      4579.00      175.501      7.61198
      4580.40      179.553      7.78555
      4581.80      176.452      7.73567
      4583.20      177.308      7.36457
      4584.60      175.507      7.39043
      4586.00      169.593      7.31059
      4587.40      182.668      7.51538
      4588.80      171.524      7.14924
      4590.20      182.104      7.41536
      4591.60      164.356      7.02189
      4593.00      150.817      6.69983
      4594.40      165.390      7.04006
      4595.80      184.444      7.48002
      4597.20      184.752      7.47244
      4598.60      172.707      7.21630
      4600.00      176.092      7.34537
      4601.40      168.384      7.22091
      4602.80      171.533      7.30463
      4604.20      170.636      7.26808
      4605.60      170.380      7.33364
      4607.00      176.928      7.27689
      4608.40      185.003      7.47359
      4609.80      180.995      7.43370
      4611.20      189.009      8.33363
      4612.60      181.771      10.6491
      4614.00      171.723      7.30474
      4615.40      176.120      7.55584
      4616.80      193.017      7.85534
      4618.20      172.010      7.13001
      4619.60      172.945      7.13883
      4621.00      156.051      6.74644
      4622.40      182.467      7.42133
      4623.80      170.587      7.34870
      4625.20      178.958      7.53672
      4626.60      193.699      7.68522
      4628.00      180.626      7.34293
      4629.40      162.786      6.90896
      4630.80      171.036      7.17974
      4632.20      167.833      7.03961
      4633.60      163.436      6.88644
      4635.00      179.650      7.32538
      4636.40      175.180      7.34359
      4637.80      175.546      7.30962
      4639.20      187.427      7.45567
      4640.60      174.156      7.14391
      4642.00      160.610      6.98868
      4643.40      171.149      7.30389
      4644.80      174.155      7.14708
      4646.20      170.888      7.04083
      4647.60      172.191      7.07787
      4649.00      171.733      7.08451
      4650.40      164.783      6.92170
      4651.80      184.681      7.42296
      4653.20      174.576      7.19275
      4654.60      180.430      7.40631
      4656.00      177.769      7.41528
      4657.40      186.300      7.56899
      4658.80      167.615      7.00799
      4660.20      172.093      7.09450
      4661.60      174.367      7.15980
      4663.00      181.114      7.39803
      4664.40      174.242      7.18940
      4665.80      169.533      7.01700
      4667.20      174.955      7.13354
      4668.60      174.067      7.37155
      4670.00      167.908      7.00385
      4671.40      165.362      6.96024
      4672.80      181.411      7.29719
      4674.20      178.142      7.20103
      4675.60      173.772      7.10952
      4677.00      175.248      7.25060
      4678.40      167.754      7.02850
      4679.80      174.202      7.18690
      4681.20      176.494      7.20526
      4682.60      172.083      7.13542
      4684.00      180.160      7.24472
      4685.40      169.190      6.95056
      4686.80      173.188      7.05945
      4688.20      163.370      6.84789
      4689.60      172.195      7.13691
      4691.00      160.570      7.01378
      4692.40      177.681      7.29231
      4693.80      189.660      7.41881
      4695.20      181.102      7.21214
      4696.60      166.789      7.02090
      4698.00      173.793      7.15116
      4699.40      169.060      6.92435
      4700.80      162.809      6.76504
      4702.20      171.697      7.28251
      4703.60      164.106      6.94724
      4705.00      167.132      6.98294
      4706.40      175.714      7.06748
      4707.80      171.006      6.94970
      4709.20      173.212      7.32273
      4710.60      174.509      7.32702
      4712.00      175.290      7.61733
      4713.40      168.508      7.30345
      4714.80      155.396      6.75781
      4716.20      169.754      7.05831
      4717.60      169.674      6.89156
      4719.00      167.554      6.95139
      4720.40      173.816      7.21423
      4721.80      174.944      7.07667
      4723.20      171.691      6.91045
      4724.60      178.272      7.07120
      4726.00      172.802      6.97450
      4727.40      168.587      6.86955
      4728.80      172.948      6.93964
      4730.20      165.224      6.98950
      4731.60      163.578      6.90130
      4733.00      167.920      6.87034
      4734.40      171.055      6.92662
      4735.80      167.588      6.84904
      4737.20      172.509      6.91846
      4738.60      168.724      6.89849
      4740.00      178.556      7.10468
      4741.40      171.506      6.90922
      4742.80      166.750      6.81196
      4744.20      172.374      6.92319
      4745.60      174.496      7.03198
      4747.00      172.437      7.09919
      4748.40      162.917      6.92081
      4749.80      162.533      6.83672
      4751.20      168.408      6.87561
      4752.60      168.356      6.83997
      4754.00      177.438      7.08845
      4755.40      179.637      7.26908
      4756.80      174.431      7.17192
      4758.20      165.710      6.93583
      4759.60      176.485      7.10129
      4761.00      174.217      6.94746
      4762.40      167.560      6.77271
      4763.80      167.538      6.75519
      4765.20      164.441      6.70736
      4766.60      166.034      6.80124
      4768.00      169.670      7.05629
      4769.40      169.862      6.83152
      4770.80      167.012      6.75312
      4772.20      170.409      6.88817
      4773.60      166.755      6.92958
      4775.00      159.028      6.67485
      4776.40      159.721      6.59937
      4777.80      169.174      6.81071
      4779.20      179.240      7.04663
      4780.60      164.913      6.87020
      4782.00      160.990      6.86309
      4783.40      160.172      6.58826
      4784.80      163.357      6.67073
      4786.20      160.525      6.60717
      4787.60      165.202      6.67815
      4789.00      153.975      6.41664
      4790.40      176.534      6.92044
      4791.80      174.924      6.94449
      4793.20      180.205      7.04287
      4794.60      170.209      6.81730
      4796.00      162.419      6.64876
      4797.40      167.995      6.77063
      4798.80      168.066      6.73236
      4800.20      164.859      6.80475
      4801.60      161.247      6.62728
      4803.00      164.977      6.82996
      4804.40      165.696      6.81744
      4805.80      153.288      6.42559
      4807.20      176.181      7.14330
      4808.60      164.513      7.36836
      4810.00      161.023      7.05347
      4811.40      161.945      6.74080
      4812.80      163.464      6.65551
      4814.20      162.362      6.62224
      4815.60      161.626      6.76312
      4817.00      157.376      6.62410
      4818.40      168.610      6.88757
      4819.80      169.025      6.93056
      4821.20      172.826      7.01526
      4822.60      167.241      6.80073
      4824.00      166.540      6.85058
      4825.40      167.811      7.10409
      4826.80      161.084      6.99787
      4828.20      163.801      6.86497
      4829.60      158.441      6.54347
      4831.00      165.240      6.70166
      4832.40      168.451      6.77449
      4833.80      160.681      6.66539
      4835.20      159.214      6.82664
      4836.60      161.978      6.78719
      4838.00      161.855      6.63252
      4839.40      163.537      6.70005
      4840.80      165.383      6.73938
      4842.20      162.995      6.73054
      4843.60      162.903      6.84223
      4845.00      163.286      6.73233
      4846.40      159.998      6.63044
      4847.80      171.749      6.99016
      4849.20      152.352      6.60226
      4850.60      144.306      6.36714
      4852.00      157.965      6.64303
      4853.40      155.301      6.65937
      4854.80      163.708      6.93977
      4856.20      148.607      6.48705
      4857.60      145.234      6.32577
      4859.00      143.037      6.52550
      4860.40      141.904      6.22346
      4861.80      134.428      6.14971
      4863.20      121.030      6.00915
      4864.60      91.9317      5.36328
      4866.00      82.7413      5.04796
      4867.40      95.9018      5.21516
      4868.80      133.832      6.05710
      4870.20      143.231      6.33593
      4871.60      143.468      6.31654
      4873.00      145.045      6.41405
      4874.40      144.817      6.48630
      4875.80      150.554      6.70624
      4877.20      146.899      6.69158
      4878.60      145.365      6.63795
      4880.00      149.912      6.70810
      4881.40      144.560      6.41901
      4882.80      154.102      6.53325
      4884.20      153.194      6.68404
      4885.60      159.418      7.02191
      4887.00      167.151      6.85299
      4888.40      160.120      6.65776
      4889.80      150.297      6.50427
      4891.20      166.539      7.01744
      4892.60      156.784      6.71666
      4894.00      149.364      6.36068
      4895.40      151.599      6.33799
      4896.80      158.735      6.47322
      4898.20      165.501      6.62887
      4899.60      160.738      6.52776
      4901.00      160.798      6.54914
      4902.40      166.775      6.69595
      4903.80      152.309      6.44885
      4905.20      161.435      6.82954
      4906.60      164.895      6.65571
      4908.00      160.169      6.49207
      4909.40      152.064      6.37281
      4910.80      157.946      6.49925
      4912.20      157.699      6.49745
      4913.60      157.043      6.38315
      4915.00      157.751      6.49736
      4916.40      159.439      6.54775
      4917.80      156.317      6.62596
      4919.20      156.120      6.35217
      4920.60      163.696      6.49809
      4922.00      152.868      6.28386
      4923.40      158.370      6.42388
      4924.80      158.827      6.43930
      4926.20      157.857      6.40272
      4927.60      149.877      6.22149
      4929.00      147.594      6.16071
      4930.40      159.312      6.43071
      4931.80      158.778      6.39328
      4933.20      156.411      6.33579
      4934.60      166.314      6.55225
      4936.00      158.599      6.41079
      4937.40      169.522      6.69125
      4938.80      169.772      6.63117
      4940.20      152.107      6.21454
      4941.60      149.880      6.16286
      4943.00      155.255      6.30184
      4944.40      150.710      6.33698
      4945.80      163.366      6.65296
      4947.20      160.954      6.45095
      4948.60      156.461      6.31529
      4950.00      153.128      6.36445
      4951.40      160.334      6.62405
      4952.80      167.139      6.66142
      4954.20      159.566      6.37336
      4955.60      159.738      6.37034
      4957.00      158.847      6.35568
      4958.40      165.626      6.47978
      4959.80      159.153      6.39157
      4961.20      150.223      6.15646
      4962.60      150.737      6.14715
      4964.00      161.860      6.40949
      4965.40      161.966      6.62587
      4966.80      163.299      6.44890
      4968.20      163.512      6.44315
      4969.60      162.162      6.40749
      4971.00      165.001      6.54668
      4972.40      162.909      6.45690
      4973.80      149.824      6.10771
      4975.20      150.337      6.19833
      4976.60      158.351      8.49774
      4978.00      153.690      9.57730
      4979.40      159.984      6.55672
      4980.80      162.100      6.49739
      4982.20      143.464      6.02519
      4983.60      161.334      6.39501
      4985.00      151.202      6.18591
      4986.40      156.553      6.34941
      4987.80      154.529      6.52407
      4989.20      151.495      6.46585
      4990.60      148.178      6.20171
      4992.00      160.487      6.35518
      4993.40      154.532      6.17661
      4994.80      151.589      6.11956
      4996.20      154.157      6.26607
      4997.60      147.744      6.16183
      4999.00      154.679      6.32561
