      3900.00      132.505      8.08094
      3901.40      133.412      7.88753
      3902.80      157.077      8.22034
      3904.20      154.088      8.19509
      3905.60      139.394      8.04201
      3907.00      161.646      8.61808
      3908.40      154.855      8.36132
      3909.80      177.757      8.67523
      3911.20      166.827      8.34763
      3912.60      168.442      8.29391
      3914.00      159.640      8.39257
      3915.40      156.916      7.86115
      3916.80      150.186      7.61839
      3918.20      160.483      7.83091
      3919.60      155.312      7.71394
      3921.00      161.239      7.79708
      3922.40      156.872      7.64087
      3923.80      149.784      7.48210
      3925.20      168.635      7.92568
      3926.60      160.066      7.69298
      3928.00      161.073      7.67462
      3929.40      156.062      7.54616
      3930.80      129.464      6.91561
      3932.20      110.788      6.40418
      3933.60      75.8917      5.51906
      3935.00      59.6305      5.09767
      3936.40      106.134      6.19820
      3937.80      143.483      7.22153
      3939.20      142.133      7.19407
      3940.60      144.402      7.48686
      3942.00      145.042      7.35932
      3943.40      154.034      7.83143
      3944.80      153.460      7.45595
      3946.20      147.731      7.31191
      3947.60      158.618      7.59155
      3949.00      169.657      7.83664
      3950.40      160.224      7.63788
      3951.80      160.925      7.57549
      3953.20      151.330      7.30879
      3954.60      150.949      7.31576
      3956.00      153.021      7.29607
      3957.40      148.781      7.20103
      3958.80      141.581      7.03280
      3960.20      141.000      6.98701
      3961.60      134.782      7.05729
      3963.00      129.059      6.67460
      3964.40      129.631      6.60265
      3965.80      114.312      6.18031
      3967.20      94.7475      5.74624
      3968.60      48.2446      4.57625
      3970.00      30.3876      4.06818
      3971.40      47.2844      4.44551
      3972.80      70.9496      5.08425
      3974.20      88.3530      5.55430
      3975.60      121.746      6.39965
      3977.00      123.084      6.53849
      3978.40      126.518      6.57979
      3979.80      141.017      6.83404
      3981.20      133.338      6.66290
      3982.60      139.392      7.15035
      3984.00      141.579      7.03679
      3985.40      141.010      7.01478
      3986.80      152.680      7.01990
      3988.20      152.016      7.09389
      3989.60      153.645      7.25022
      3991.00      153.978      7.33783
      3992.40      150.526      7.44495
      3993.80      155.647      7.40576
      3995.20      158.769      7.34988
      3996.60      163.682      7.30457
      3998.00      154.584      7.01917
      3999.40      154.238      7.03444
      4000.80      167.566      7.36333
      4002.20      162.224      7.29818
      4003.60      166.788      7.33643
      4005.00      157.714      7.05147
      4006.40      140.212      6.63858
      4007.80      152.691      6.91525
      4009.20      168.531      7.56105
      4010.60      159.597      7.61538
      4012.00      159.080      7.37396
      4013.40      154.511      6.96067
      4014.80      156.616      7.00382
      4016.20      160.282      7.05666
      4017.60      163.272      7.13733
      4019.00      163.758      7.13634
      4020.40      156.174      7.00503
      4021.80      163.140      7.22748
      4023.20      169.634      7.35181
      4024.60      164.723      7.08454
      4026.00      151.105      6.78414
      4027.40      150.212      6.74591
      4028.80      151.914      6.73880
      4030.20      155.744      6.83106
      4031.60      160.686      6.92173
      4033.00      156.884      6.83214
      4034.40      153.133      6.77068
      4035.80      155.144      6.77833
      4037.20      166.018      7.04330
      4038.60      164.346      7.03288
      4040.00      168.728      7.15357
      4041.40      181.853      7.43850
      4042.80      167.420      7.12397
      4044.20      180.296      7.39940
      4045.60      157.651      6.94498
      4047.00      156.589      7.11802
      4048.40      169.743      7.39605
      4049.80      170.169      7.23516
      4051.20      168.033      7.07952
      4052.60      170.162      7.39159
      4054.00      170.077      7.17311
      4055.40      168.174      7.20343
      4056.80      164.912      7.13983
      4058.20      158.579      6.86833
      4059.60      151.953      6.65427
      4061.00      174.372      7.18328
      4062.40      167.673      7.05661
      4063.80      150.257      6.66427
      4065.20      156.102      6.83944
      4066.60      156.054      6.80762
      4068.00      154.043      6.71704
      4069.40      154.996      6.73235
      4070.80      151.443      6.63911
      4072.20      142.184      6.37429
      4073.60      147.744      6.53446
      4075.00      162.880      6.92074
      4076.40      165.551      6.93818
      4077.80      147.504      6.53817
      4079.20      135.878      6.22462
      4080.60      154.152      6.64810
      4082.00      156.478      6.83408
      4083.40      145.034      6.65314
      4084.80      162.374      7.08664
      4086.20      148.157      6.94443
      4087.60      151.939      6.91396
      4089.00      154.130      6.77907
      4090.40      147.745      6.64208
      4091.80      139.863      6.52543
      4093.20      127.886      6.37502
      4094.60      124.031      6.39743
      4096.00      122.988      6.03111
      4097.40      115.301      5.69022
      4098.80      108.175      5.42038
      4100.20      86.6978      4.90583
      4101.60      70.7729      4.52729
      4103.00      58.4521      4.18622
      4104.40      83.7353      4.78738
      4105.80      102.284      5.26363
      4107.20      114.460      5.52498
      4108.60      116.529      5.56487
      4110.00      119.581      5.65832
      4111.40      135.320      6.01923
      4112.80      141.980      6.25972
      4114.20      140.384      6.33479
      4115.60      133.578      6.13699
      4117.00      151.354      6.38420
      4118.40      134.232      5.95320
      4119.80      153.782      6.41581
      4121.20      145.712      6.37057
      4122.60      152.393      6.58384
      4124.00      158.015      6.69372
      4125.40      158.558      6.60098
      4126.80      160.336      6.54583
      4128.20      151.582      6.37249
      4129.60      156.496      6.65539
      4131.00      147.571      6.57871
      4132.40      148.546      6.46586
      4133.80      160.451      6.58460
      4135.20      146.407      6.26496
      4136.60      150.287      6.59073
      4138.00      152.314      6.50110
      4139.40      148.615      6.41581
      4140.80      154.708      6.66981
      4142.20      155.654      6.51410
      4143.60      147.815      6.31996
      4145.00      147.372      6.29319
      4146.40      162.247      6.56532
      4147.80      166.887      6.62754
      4149.20      156.147      6.35101
      4150.60      156.803      6.35161
      4152.00      147.527      6.13432
      4153.40      148.204      6.13731
      4154.80      144.033      6.08331
      4156.20      146.708      6.26168
      4157.60      141.660      6.26604
      4159.00      156.181      6.61573
      4160.40      143.890      6.31085
      4161.80      143.271      6.10842
      4163.20      151.885      6.22251
      4164.60      149.273      6.21978
      4166.00      153.294      6.50712
      4167.40      153.154      6.31183
      4168.80      152.070      6.25932
      4170.20      154.876      6.37868
      4171.60      155.986      6.38652
      4173.00      144.144      6.02165
      4174.40      153.262      6.23738
      4175.80      152.927      6.21248
      4177.20      145.587      6.02210
      4178.60      156.783      6.29099
      4180.00      146.692      6.07592
      4181.40      154.346      6.24584
      4182.80      154.050      6.26876
      4184.20      148.856      6.08490
      4185.60      158.026      6.24897
      4187.00      147.149      6.02905
      4188.40      138.972      6.01023
      4189.80      155.042      6.50061
      4191.20      151.209      6.21261
      4192.60      147.480      5.98972
      4194.00      154.588      6.13662
      4195.40      168.549      6.77559
      4196.80      162.119      6.72765
      4198.20      153.578      6.41058
      4199.60      151.986      6.21477
      4201.00      157.370      6.26108
      4202.40      144.866      5.96957
      4203.80      151.410      6.08535
      4205.20      155.083      6.14957
      4206.60      150.646      6.01985
      4208.00      140.812      5.79078
      4209.40      158.409      6.17785
      4210.80      148.716      5.93643
      4212.20      147.401      6.04158
      4213.60      145.985      6.02821
      4215.00      142.053      5.83431
      4216.40      132.700      5.59102
      4217.80      131.909      5.52596
      4219.20      145.495      5.83491
      4220.60      150.199      5.98843
      4222.00      148.634      5.92891
      4223.40      147.154      5.87521
      4224.80      149.435      5.90854
      4226.20      142.320      5.73723
      4227.60      134.471      5.57922
      4229.00      141.114      5.71137
      4230.40      145.275      6.05550
      4231.80      148.848      5.91322
      4233.20      146.096      5.88570
      4234.60      145.648      5.85705
      4236.00      146.170      5.82414
      4237.40      141.377      5.77119
      4238.80      144.290      6.08369
      4240.20      144.293      5.91720
      4241.60      142.552      5.75811
      4243.00      153.423      5.96928
      4244.40      143.660      5.75853
      4245.80      144.634      6.10237
      4247.20      139.028      6.18868
      4248.60      135.150      5.86959
      4250.00      146.111      5.82577
      4251.40      133.693      5.58253
      4252.80      138.871      6.25165
      4254.20      142.399      5.94848
      4255.60      144.359      5.86533
      4257.00      139.783      5.67888
      4258.40      157.772      6.08690
      4259.80      146.520      5.79988
      4261.20      141.468      5.66842
      4262.60      140.726      5.65798
      4264.00      145.490      5.76723
      4265.40      144.262      5.76023
      4266.80      155.566      6.00074
      4268.20      151.773      5.93061
      4269.60      149.246      5.87070
      4271.00      141.227      5.70216
      4272.40      131.870      5.49981
      4273.80      135.252      5.62783
      4275.20      142.467      5.89360
      4276.60      148.772      6.13520
      4278.00      154.496      6.30835
      4279.40      149.012      6.17923
      4280.80      149.395      6.04584
      4282.20      152.621      5.98936
      4283.60      138.722      5.61645
      4285.00      146.157      5.74449
      4286.40      147.517      5.79698
      4287.80      134.539      5.54689
      4289.20      138.098      5.70676
      4290.60      134.655      5.74036
      4292.00      134.229      5.87375
      4293.40      145.517      6.03850
      4294.80      135.890      5.58509
      4296.20      134.093      5.44678
      4297.60      142.776      5.65137
      4299.00      147.179      5.74248
      4300.40      123.809      5.19666
      4301.80      131.407      5.43150
      4303.20      134.534      5.46593
      4304.60      123.690      5.18400
      4306.00      143.103      5.60991
      4307.40      139.114      5.54799
      4308.80      142.458      5.61974
      4310.20      137.518      5.51652
      4311.60      140.692      5.59436
      4313.00      136.795      5.49574
      4314.40      142.062      5.68157
      4315.80      126.135      5.41573
      4317.20      135.955      5.80721
      4318.60      142.734      5.74734
      4320.00      136.462      5.57001
      4321.40      134.795      5.55413
      4322.80      145.116      5.74565
      4324.20      138.424      5.52748
      4325.60      133.455      5.41627
      4327.00      122.489      5.24513
      4328.40      130.940      5.43375
      4329.80      132.959      5.44458
      4331.20      125.857      5.25503
      4332.60      124.903      5.25138
      4334.00      123.292      5.29865
      4335.40      111.870      5.06034
      4336.80      109.242      4.90736
      4338.20      96.7232      4.50271
      4339.60      82.9817      4.15603
      4341.00      58.1423      3.55332
      4342.40      59.0000      3.60999
      4343.80      74.6377      4.21577
      4345.20      92.3736      4.53560
      4346.60      104.171      4.68426
      4348.00      122.003      5.11585
      4349.40      112.252      5.14702
      4350.80      117.184      5.06492
      4352.20      113.055      4.92554
      4353.60      121.706      5.07209
      4355.00      125.027      5.23914
      4356.40      133.751      5.54351
      4357.80      125.777      5.41026
      4359.20      141.882      5.97953
      4360.60      140.226      5.95632
      4362.00      137.273      5.72184
      4363.40      139.950      5.62462
      4364.80      140.216      5.50069
      4366.20      139.861      5.46656
      4367.60      138.800      5.43306
      4369.00      134.623      5.35736
      4370.40      139.562      5.53091
      4371.80      131.695      5.33099
      4373.20      137.750      5.40913
      4374.60      135.719      5.43583
      4376.00      133.540      5.57064
      4377.40      139.047      5.67834
      4378.80      140.962      5.67787
      4380.20      142.860      5.51708
      4381.60      140.937      5.44453
      4383.00      143.726      5.51665
      4384.40      133.371      5.30398
      4385.80      133.365      5.41109
      4387.20      137.966      5.73250
      4388.60      146.145      6.12167
      4390.00      142.544      5.95154
      4391.40      140.575      5.51526
      4392.80      138.684      5.38598
      4394.20      132.699      5.27595
      4395.60      135.644      5.53292
      4397.00      131.632      5.47646
      4398.40      135.688      5.38172
      4399.80      138.881      5.38450
      4401.20      136.338      5.32826
      4402.60      137.595      5.37984
      4404.00      136.884      5.49529
      4405.40      132.487      5.24931
      4406.80      136.370      5.51744
      4408.20      135.241      5.37749
      4409.60      135.280      5.36607
      4411.00      130.973      5.21961
      4412.40      130.730      5.31856
      4413.80      129.400      5.20874
      4415.20      126.357      5.09921
      4416.60      119.763      4.95749
      4418.00      119.018      5.07977
      4419.40      130.227      5.37973
      4420.80      139.508      5.55685
      4422.20      135.889      5.40496
      4423.60      140.178      5.45982
      4425.00      136.003      5.28764
      4426.40      135.572      5.27669
      4427.80      135.892      5.30396
      4429.20      130.075      5.18020
      4430.60      141.400      5.43228
      4432.00      140.330      5.36967
      4433.40      135.814      5.26493
      4434.80      129.648      5.11325
      4436.20      129.301      5.11698
      4437.60      140.544      5.42104
      4439.00      146.881      5.71341
      4440.40      147.822      5.68290
      4441.80      135.591      5.22265
      4443.20      126.992      5.01399
      4444.60      121.754      4.89122
      4446.00      137.283      5.28354
      4447.40      139.302      5.29913
      4448.80      139.524      5.30435
      4450.20      141.079      5.33004
      4451.60      138.461      5.33842
      4453.00      135.023      5.31907
      4454.40      129.615      5.19965
      4455.80      127.345      5.07620
      4457.20      138.905      5.23441
      4458.60      134.977      5.14764
      4460.00      137.196      5.19759
      4461.40      142.768      5.31328
      4462.80      139.040      5.35874
      4464.20      132.023      5.43967
      4465.60      138.536      5.43105
      4467.00      136.213      5.25121
      4468.40      136.656      5.19173
      4469.80      125.873      4.92482
      4471.20      135.631      5.14219
      4472.60      142.578      5.40833
      4474.00      134.368      5.32200
      4475.40      132.515      5.25482
      4476.80      143.898      5.39482
      4478.20      144.436      5.34353
      4479.60      140.632      5.25147
      4481.00      132.256      5.04999
      4482.40      118.178      4.74223
      4483.80      134.830      5.11032
      4485.20      145.321      5.35255
      4486.60      137.715      5.18958
      4488.00      145.275      5.34610
      4489.40      130.458      4.99959
      4490.80      127.402      4.92369
      4492.20      133.330      5.11724
      4493.60      131.263      5.06172
      4495.00      130.280      5.08588
      4496.40      130.433      5.14193
      4497.80      132.664      5.05025
      4499.20      136.000      5.12874
      4500.60      129.571      5.06553
      4502.00      124.198      4.95137
      4503.40      136.080      5.12628
      4504.80      136.687      5.13671
      4506.20      135.817      5.11362
      4507.60      139.660      5.22171
      4509.00      135.596      5.11521
      4510.40      130.542      4.98901
      4511.80      128.622      4.94167
      4513.20      131.095      5.05016
      4514.60      132.026      5.08028
      4516.00      130.813      4.98349
      4517.40      131.448      5.00418
      4518.80      128.083      5.00282
      4520.20      129.592      5.15022
      4521.60      128.994      5.13667
      4523.00      133.332      5.09648
      4524.40      129.829      4.96525
      4525.80      127.509      4.94852
      4527.20      136.019      5.13275
      4528.60      130.027      4.99657
      4530.00      131.512      5.00054
      4531.40      131.847      4.99028
      4532.80      142.637      5.24085
      4534.20      122.023      4.78469
      4535.60      125.842      4.84369
      4537.00      134.752      5.06227
      4538.40      130.837      4.99293
      4539.80      127.257      4.90555
      4541.20      129.728      4.96832
      4542.60      129.177      5.12943
      4544.00      128.849      4.93504
      4545.40      127.551      4.91674
      4546.80      125.688      5.02865
      4548.20      125.576      4.89505
      4549.60      124.021      4.80002
      4551.00      121.942      4.73825
      4552.40      127.987      4.89943
      4553.80      133.229      5.00267
      4555.20      111.310      4.50546
      4556.60      121.424      4.73295
      4558.00      126.307      4.88716
      4559.40      129.724      5.03214
      4560.80      134.116      5.01994
      4562.20      132.571      4.98327
      4563.60      136.630      5.13863
      4565.00      131.645      5.09787
      4566.40      127.802      4.96823
      4567.80      132.429      4.98290
      4569.20      136.713      5.14959
      4570.60      140.187      5.32330
      4572.00      128.600      4.99874
      4573.40      123.884      4.74769
      4574.80      129.746      4.87992
      4576.20      127.938      4.84994
      4577.60      132.213      4.92183
      4579.00      124.989      4.86227
      4580.40      124.426      5.04630
      4581.80      124.308      4.98469
      4583.20      123.810      5.11718
      4584.60      121.836      4.79212
      4586.00      120.684      4.80506
      4587.40      123.514      4.89901
      4588.80      124.264      4.90127
      4590.20      126.786      4.87822
      4591.60      126.118      4.80985
      4593.00      130.355      5.00135
      4594.40      131.472      5.21775
      4595.80      123.939      5.01076
      4597.20      133.081      4.97319
      4598.60      124.815      4.72450
      4600.00      122.922      4.69384
      4601.40      122.393      4.68680
      4602.80      132.257      4.90231
      4604.20      134.370      4.94946
      4605.60      136.417      4.97930
      4607.00      134.188      5.11894
      4608.40      131.282      5.01683
      4609.80      129.122      4.81658
      4611.20      132.015      4.88678
      4612.60      128.878      4.82525
      4614.00      122.064      4.76331
      4615.40      128.937      5.02630
      4616.80      138.342      5.32247
      4618.20      134.131      5.18880
      4619.60      132.786      5.05199
      4621.00      130.501      4.95156
      4622.40      127.805      4.85241
      4623.80      124.410      4.70108
      4625.20      136.090      4.96042
      4626.60      131.393      4.86051
      4628.00      131.574      4.89962
      4629.40      133.732      5.03915
      4630.80      115.902      4.60999
      4632.20      126.528      4.75883
      4633.60      127.883      4.77030
      4635.00      129.873      4.81082
      4636.40      131.360      4.87289
      4637.80      138.616      5.21616
      4639.20      135.649      5.23456
      4640.60      137.893      5.23841
      4642.00      127.555      4.93372
      4643.40      119.565      4.60637
      4644.80      129.503      4.78446
      4646.20      132.621      4.92322
      4647.60      127.834      4.93464
      4649.00      129.906      4.93998
      4650.40      131.617      4.84187
      4651.80      126.458      4.72335
      4653.20      124.747      4.67680
      4654.60      129.382      4.84836
      4656.00      127.626      5.15644
      4657.40      128.321      5.02998
      4658.80      125.754      4.86066
      4660.20      126.620      4.75555
      4661.60      126.783      4.79272
      4663.00      130.493      4.90148
      4664.40      129.613      4.81409
      4665.80      134.237      4.89911
      4667.20      131.301      4.82666
      4668.60      127.738      4.79936
      4670.00      130.133      4.83288
      4671.40      130.618      4.80557
      4672.80      132.485      4.86185
      4674.20      124.310      4.70293
      4675.60      124.646      4.79313
      4677.00      119.975      4.74338
      4678.40      118.169      4.63003
      4679.80      131.386      4.87962
      4681.20      122.073      5.00292
      4682.60      122.358      4.75323
      4684.00      121.724      4.69577
      4685.40      131.655      4.81330
      4686.80      130.109      4.77090
      4688.20      129.764      4.76244
      4689.60      133.940      4.86114
      4691.00      121.681      4.57465
      4692.40      121.725      4.58799
      4693.80      128.579      4.75348
      4695.20      129.254      4.78042
      4696.60      124.013      4.63655
      4698.00      125.637      4.67922
      4699.40      126.277      4.80414
      4700.80      122.919      4.66706
      4702.20      123.042      4.61533
      4703.60      123.200      4.58987
      4705.00      117.910      4.48143
      4706.40      124.963      4.70357
      4707.80      130.286      4.85402
      4709.20      121.447      4.59459
      4710.60      125.886      4.67294
      4712.00      130.097      4.80189
      4713.40      123.577      4.64456
      4714.80      126.626      4.65865
      4716.20      126.911      4.67061
      4717.60      124.610      4.66909
      4719.00      126.940      4.83975
      4720.40      125.015      4.64645
      4721.80      121.236      4.54436
      4723.20      120.422      4.53152
      4724.60      126.379      4.73019
      4726.00      122.552      4.63597
      4727.40      127.796      4.69596
      4728.80      126.202      4.64551
      4730.20      125.947      4.64042
      4731.60      117.091      4.47878
      4733.00      124.576      4.64534
      4734.40      126.773      4.74292
      4735.80      123.730      4.73985
      4737.20      124.722      4.72873
      4738.60      121.159      4.57714
      4740.00      125.907      4.68588
      4741.40      129.389      4.70485
      4742.80      124.213      4.70962
      4744.20      118.516      4.56505
      4745.60      118.289      4.47709
      4747.00      131.681      4.74110
      4748.40      125.413      4.60200
      4749.80      123.167      4.54672
      4751.20      121.594      4.52099
      4752.60      122.461      4.53934
      4754.00      126.350      4.65459
      4755.40      125.321      4.86641
      4756.80      126.259      4.75402
      4758.20      124.876      4.69689
      4759.60      126.036      4.81195
      4761.00      124.055      4.57801
      4762.40      134.797      4.79579
      4763.80      127.364      4.78831
      4765.20      120.758      4.67710
      4766.60      115.072      4.43522
      4768.00      124.255      4.55235
      4769.40      120.462      4.47008
      4770.80      116.471      4.37946
      4772.20      118.641      4.42676
      4773.60      106.318      4.15957
      4775.00      115.770      4.38707
      4776.40      124.189      4.62114
      4777.80      120.266      4.65864
      4779.20      117.939      4.49850
      4780.60      107.566      4.19464
      4782.00      119.546      4.54250
      4783.40      123.647      4.68868
      4784.80      127.166      4.72395
      4786.20      123.027      4.61468
      4787.60      114.999      4.53391
      4789.00      122.686      4.78168
      4790.40      119.455      4.55988
      4791.80      122.591      4.51060
      4793.20      122.133      4.52009
      4794.60      118.080      4.42616
      4796.00      119.716      4.51475
      4797.40      119.515      4.54083
      4798.80      114.955      4.34844
      4800.20      114.381      4.33473
      4801.60      115.608      4.33684
      4803.00      114.633      4.38265
      4804.40      112.951      4.36516
      4805.80      117.106      4.36958
      4807.20      123.654      4.52004
      4808.60      114.774      4.31967
      4810.00      123.042      4.50461
      4811.40      124.149      4.54147
      4812.80      121.017      4.46505
      4814.20      119.770      4.44232
      4815.60      117.095      4.45794
      4817.00      119.389      4.53928
      4818.40      121.572      4.47870
      4819.80      120.119      4.45343
      4821.20      116.340      4.44424
      4822.60      117.796      4.47669
      4824.00      110.957      4.27555
      4825.40      113.898      4.38516
      4826.80      113.318      4.64414
      4828.20      119.034      4.78415
      4829.60      112.064      4.38405
      4831.00      119.470      4.42601
      4832.40      111.485      4.37805
      4833.80      121.800      4.68599
      4835.20      114.818      4.43296
      4836.60      116.943      4.37317
      4838.00      115.760      4.34305
      4839.40      117.254      4.37715
      4840.80      119.964      4.46540
      4842.20      105.570      4.21977
      4843.60      106.995      4.37454
      4845.00      109.311      4.42500
      4846.40      109.813      4.23694
      4847.80      115.474      4.31871
      4849.20      111.559      4.21281
      4850.60      105.348      4.10235
      4852.00      108.627      4.20747
      4853.40      100.061      4.01437
      4854.80      105.520      4.09025
      4856.20      88.0071      3.66305
      4857.60      95.4245      3.82817
      4859.00      83.5104      3.54500
      4860.40      63.9573      3.09061
      4861.80      48.4345      2.78840
      4863.20      53.4566      2.89146
      4864.60      68.6061      3.24051
      4866.00      85.0263      3.60271
      4867.40      84.0813      3.58202
      4868.80      94.6376      3.82551
      4870.20      99.1504      3.95481
      4871.60      98.5973      3.92097
      4873.00      100.679      3.96069
      4874.40      105.016      4.17451
      4875.80      111.339      4.34644
      4877.20      109.143      4.19439
      4878.60      107.031      4.14114
      4880.00      103.027      4.11792
      4881.40      110.688      4.32828
      4882.80      113.997      4.35905
      4884.20      112.133      4.26460
      4885.60      105.117      4.10202
      4887.00      114.621      4.30937
      4888.40      112.981      4.29150
      4889.80      118.572      4.44520
      4891.20      111.994      4.27736
      4892.60      117.932      4.41593
      4894.00      118.177      4.42033
      4895.40      115.072      4.37283
      4896.80      117.036      4.40259
      4898.20      117.084      4.40735
      4899.60      116.331      4.39139
      4901.00      116.001      4.38310
      4902.40      115.037      4.36598
      4903.80      122.398      4.52181
      4905.20      111.460      4.30249
      4906.60      115.377      4.39731
      4908.00      116.531      4.41290
      4909.40      111.935      4.32844
      4910.80      123.203      4.63803
      4912.20      116.391      4.48856
      4913.60      118.511      4.46177
      4915.00      118.764      4.45403
      4916.40      112.250      4.29005
      4917.80      112.178      4.30371
      4919.20      107.458      4.26010
      4920.60      110.157      4.45700
      4922.00      109.574      4.25232
      4923.40      108.723      4.20100
      4924.80      105.979      4.14623
      4926.20      103.914      4.09337
      4927.60      110.393      4.23784
      4929.00      112.245      4.32815
      4930.40      119.545      4.45105
      4931.80      115.933      4.51992
      4933.20      118.374      4.36716
      4934.60      115.273      4.29805
      4936.00      113.636      4.29548
      4937.40      113.747      4.28031
      4938.80      117.098      4.33491
      4940.20      111.079      4.17524
      4941.60      115.018      4.26249
      4943.00      118.388      4.33264
      4944.40      119.999      4.37554
      4945.80      111.717      4.17076
      4947.20      117.070      4.31169
      4948.60      114.080      4.38654
      4950.00      111.419      4.16529
      4951.40      107.572      4.07164
      4952.80      108.758      4.10248
      4954.20      107.557      4.29100
      4955.60      107.150      4.09236
      4957.00      107.550      4.12794
      4958.40      105.190      4.06398
      4959.80      105.530      4.02001
      4961.20      108.499      4.09212
      4962.60      108.896      4.10169
      4964.00      112.068      4.21051
      4965.40      111.099      4.34735
      4966.80      113.721      4.42876
      4968.20      108.277      4.12229
      4969.60      113.960      4.22417
      4971.00      115.290      4.27077
      4972.40      115.094      4.34627
      4973.80      115.209      4.34387
      4975.20      115.379      4.30033
      4976.60      106.514      4.07429
      4978.00      115.044      4.25551
      4979.40      113.045      4.21847
      4980.80      119.021      4.38580
      4982.20      112.207      4.26544
      4983.60      105.525      4.21273
      4985.00      110.195      4.44169
      4986.40      109.807      4.37349
      4987.80      109.444      4.29661
      4989.20      112.421      4.25518
      4990.60      112.456      4.35417
      4992.00      107.280      4.11227
      4993.40      114.859      4.31646
      4994.80      112.313      4.20513
      4996.20      112.128      4.17683
      4997.60      112.082      4.24483
      4999.00      106.787      4.02427
