      3900.00      97.7151      9.12115
      3901.40      120.110      9.58908
      3902.80      123.902      9.70134
      3904.20      112.529      9.51613
      3905.60      128.053      10.6450
      3907.00      134.239      10.5856
      3908.40      110.769      10.3645
      3909.80      135.805      11.0356
      3911.20      157.531      11.4709
      3912.60      157.658      11.1281
      3914.00      124.355      9.96703
      3915.40      171.388      11.1329
      3916.80      153.165      10.8335
      3918.20      142.144      10.5860
      3919.60      151.189      10.6047
      3921.00      135.896      9.67778
      3922.40      147.662      10.0765
      3923.80      146.744      9.67718
      3925.20      144.086      9.68796
      3926.60      161.793      10.4058
      3928.00      151.996      10.2939
      3929.40      136.111      9.89702
      3930.80      128.336      9.73126
      3932.20      112.671      9.39527
      3933.60      108.871      9.08944
      3935.00      121.396      9.19883
      3936.40      141.597      9.41470
      3937.80      145.537      9.26393
      3939.20      145.064      9.11800
      3940.60      140.499      8.97964
      3942.00      148.709      9.22591
      3943.40      148.603      9.29289
      3944.80      126.675      8.77133
      3946.20      134.054      9.00253
      3947.60      146.601      9.24575
      3949.00      141.332      9.02354
      3950.40      133.826      8.88556
      3951.80      120.867      8.62293
      3953.20      131.061      8.89438
      3954.60      116.608      8.72817
      3956.00      116.596      8.86965
      3957.40      111.179      8.59168
      3958.80      110.348      8.32848
      3960.20      114.462      8.37922
      3961.60      96.9968      7.70840
      3963.00      86.5447      7.26349
      3964.40      83.4066      7.15990
      3965.80      69.4674      6.80873
      3967.20      38.0639      5.83880
      3968.60      40.1955      6.02874
      3970.00      36.8118      6.01104
      3971.40      71.8531      7.12158
      3972.80      73.3430      7.33538
      3974.20      69.8623      7.29699
      3975.60      87.0207      7.90171
      3977.00      87.2378      8.19055
      3978.40      96.6911      8.50754
      3979.80      103.347      9.33448
      3981.20      106.552      9.03158
      3982.60      97.3376      8.80751
      3984.00      131.472      9.67181
      3985.40      115.960      9.12810
      3986.80      122.232      9.13179
      3988.20      144.835      9.45628
      3989.60      110.184      8.37768
      3991.00      141.396      8.89721
      3992.40      130.447      8.42226
      3993.80      152.767      9.00054
      3995.20      141.780      8.68162
      3996.60      145.163      8.73677
      3998.00      146.591      8.66822
      3999.40      135.409      8.35194
      4000.80      143.686      8.42702
      4002.20      149.326      8.49022
      4003.60      120.678      7.68417
      4005.00      141.810      8.30433
      4006.40      147.662      8.33524
      4007.80      134.986      7.98692
      4009.20      147.432      8.34594
      4010.60      148.057      8.60068
      4012.00      147.079      8.96581
      4013.40      148.601      9.26380
      4014.80      141.711      8.50958
      4016.20      141.261      8.06559
      4017.60      121.424      7.50201
      4019.00      129.271      7.91900
      4020.40      146.660      8.38014
      4021.80      154.815      8.58908
      4023.20      153.321      8.59190
      4024.60      150.280      8.57882
      4026.00      140.122      8.38232
      4027.40      139.774      8.24574
      4028.80      140.898      8.42621
      4030.20      135.454      7.78141
      4031.60      140.422      7.93223
      4033.00      137.449      7.79708
      4034.40      144.374      7.98549
      4035.80      141.140      8.07606
      4037.20      161.533      8.87129
      4038.60      146.423      8.26955
      4040.00      141.500      7.93483
      4041.40      151.472      8.22443
      4042.80      120.694      7.63424
      4044.20      136.625      8.28597
      4045.60      113.628      8.11139
      4047.00      140.337      8.71480
      4048.40      143.265      8.42807
      4049.80      152.251      8.32968
      4051.20      141.171      8.04727
      4052.60      148.297      8.21609
      4054.00      150.229      8.31981
      4055.40      138.297      8.07500
      4056.80      170.589      8.79142
      4058.20      130.584      7.81634
      4059.60      147.160      8.25619
      4061.00      123.025      7.66974
      4062.40      143.246      8.35022
      4063.80      141.351      8.45953
      4065.20      135.302      8.54335
      4066.60      129.512      8.37469
      4068.00      140.166      8.50688
      4069.40      126.384      8.05568
      4070.80      137.364      8.35001
      4072.20      137.309      8.43821
      4073.60      131.583      8.35156
      4075.00      134.857      8.37231
      4076.40      133.103      8.24156
      4077.80      124.462      8.11514
      4079.20      137.206      8.76403
      4080.60      121.208      8.48130
      4082.00      126.449      8.54347
      4083.40      120.689      8.20035
      4084.80      106.991      7.64481
      4086.20      118.090      7.75641
      4087.60      116.691      7.50805
      4089.00      112.071      7.23007
      4090.40      109.411      7.15520
      4091.80      102.005      6.96430
      4093.20      91.0253      6.62183
      4094.60      98.4921      6.83660
      4096.00      85.9831      6.50012
      4097.40      64.7530      5.99679
      4098.80      75.6803      6.35257
      4100.20      46.3729      5.46170
      4101.60      52.5866      5.68645
      4103.00      46.9851      5.42186
      4104.40      67.6539      5.87368
      4105.80      73.9573      6.02842
      4107.20      84.0319      6.33105
      4108.60      84.9253      6.59615
      4110.00      86.5132      6.36766
      4111.40      97.1228      6.73797
      4112.80      99.8172      6.87678
      4114.20      102.470      6.91659
      4115.60      106.443      7.11392
      4117.00      105.573      7.08631
      4118.40      124.516      7.53080
      4119.80      124.991      7.62566
      4121.20      111.702      7.24011
      4122.60      123.975      7.43463
      4124.00      129.387      7.55421
      4125.40      133.009      7.56563
      4126.80      131.567      8.49637
      4128.20      125.429      7.39857
      4129.60      123.501      7.40635
      4131.00      127.591      7.58369
      4132.40      116.267      7.29905
      4133.80      112.741      7.23754
      4135.20      124.594      7.47404
      4136.60      123.118      7.50097
      4138.00      134.465      7.87125
      4139.40      134.065      7.90607
      4140.80      131.230      7.84036
      4142.20      120.177      7.50651
      4143.60      118.909      7.37107
      4145.00      124.728      7.82061
      4146.40      119.408      7.33696
      4147.80      115.120      7.26068
      4149.20      120.776      7.47529
      4150.60      111.428      7.43521
      4152.00      94.7997      7.42154
      4153.40      87.8926      12.6143
      4154.80      57.0183      105.884
      4156.20      79.5101      6.98413
      4157.60      102.141      7.09892
      4159.00      106.105      6.90968
      4160.40      117.102      7.03494
      4161.80      122.449      7.06810
      4163.20      121.593      7.33611
      4164.60      122.342      6.92370
      4166.00      120.998      6.92050
      4167.40      128.667      7.23984
      4168.80      127.420      7.44081
      4170.20      135.698      7.60716
      4171.60      112.425      6.75727
      4173.00      122.708      6.78534
      4174.40      128.320      6.86278
      4175.80      117.869      6.54034
      4177.20      133.904      6.95636
      4178.60      127.211      6.89173
      4180.00      126.570      6.76376
      4181.40      127.863      6.71469
      4182.80      130.782      6.77928
      4184.20      140.656      6.99003
      4185.60      123.742      6.61751
      4187.00      140.792      7.02868
      4188.40      142.275      7.26341
      4189.80      124.407      6.96310
      4191.20      132.297      7.02800
      4192.60      127.711      6.74518
      4194.00      137.346      6.88940
      4195.40      130.901      6.67223
      4196.80      126.392      6.57252
      4198.20      138.336      6.88702
      4199.60      129.163      6.68622
      4201.00      128.959      6.72429
      4202.40      139.523      6.96271
      4203.80      122.455      6.63611
      4205.20      138.921      7.15628
      4206.60      134.498      7.09601
      4208.00      130.411      6.93553
      4209.40      127.264      6.68417
      4210.80      118.822      6.40457
      4212.20      137.054      6.82490
      4213.60      135.284      6.78414
      4215.00      125.471      6.57579
      4216.40      138.271      6.85967
      4217.80      131.374      6.70464
      4219.20      140.460      6.94053
      4220.60      125.628      6.53345
      4222.00      132.203      6.83743
      4223.40      121.730      6.64499
      4224.80      115.291      6.47172
      4226.20      116.085      6.46162
      4227.60      129.235      6.59122
      4229.00      117.790      6.28638
      4230.40      126.102      6.50384
      4231.80      130.983      6.64748
      4233.20      132.205      6.73531
      4234.60      121.078      6.59071
      4236.00      125.249      6.68864
      4237.40      122.197      6.37080
      4238.80      129.879      6.53569
      4240.20      133.480      6.65756
      4241.60      140.344      7.04617
      4243.00      138.245      7.13928
      4244.40      123.819      6.76406
      4245.80      124.887      6.69832
      4247.20      139.604      6.94483
      4248.60      132.669      6.73318
      4250.00      135.640      6.70312
      4251.40      136.782      6.75056
      4252.80      137.675      6.87353
      4254.20      133.413      6.78962
      4255.60      132.427      6.65652
      4257.00      123.678      6.36325
      4258.40      131.873      6.52795
      4259.80      125.077      6.36368
      4261.20      137.667      6.75231
      4262.60      127.403      6.51734
      4264.00      120.664      6.26968
      4265.40      122.520      6.29154
      4266.80      129.942      6.44742
      4268.20      135.681      6.69006
      4269.60      140.417      6.88037
      4271.00      136.689      6.66290
      4272.40      123.394      6.27137
      4273.80      122.098      6.27435
      4275.20      128.378      6.38505
      4276.60      129.678      6.45537
      4278.00      120.461      6.26052
      4279.40      123.590      6.30862
      4280.80      117.073      6.13780
      4282.20      129.466      6.42379
      4283.60      133.778      6.50980
      4285.00      120.361      6.17517
      4286.40      127.685      6.35174
      4287.80      110.604      5.94778
      4289.20      117.515      6.14417
      4290.60      129.346      6.42261
      4292.00      138.843      6.68036
      4293.40      119.013      6.22586
      4294.80      127.225      6.44609
      4296.20      121.691      6.31935
      4297.60      121.981      6.67960
      4299.00      118.794      6.50426
      4300.40      120.352      6.56295
      4301.80      124.051      6.50159
      4303.20      117.854      6.21660
      4304.60      121.902      6.18928
      4306.00      117.592      6.40541
      4307.40      117.347      6.26651
      4308.80      117.266      6.30518
      4310.20      116.489      6.28821
      4311.60      116.953      6.40691
      4313.00      113.042      6.07421
      4314.40      116.977      6.16028
      4315.80      109.926      6.05737
      4317.20      120.499      6.31881
      4318.60      110.072      5.93310
      4320.00      118.310      6.01994
      4321.40      117.983      6.01983
      4322.80      106.327      5.69652
      4324.20      109.695      5.69613
      4325.60      93.5123      5.35452
      4327.00      105.853      5.68452
      4328.40      97.3784      5.62550
      4329.80      94.3531      5.81140
      4331.20      92.3029      5.87710
      4332.60      85.2675      5.29735
      4334.00      85.3255      5.14130
      4335.40      73.3899      4.86778
      4336.80      71.3484      4.91180
      4338.20      58.4244      4.58583
      4339.60      46.3103      4.15138
      4341.00      48.4109      4.27504
      4342.40      58.9328      4.64982
      4343.80      60.7723      4.83259
      4345.20      82.4604      5.19408
      4346.60      72.2081      4.77932
      4348.00      88.4559      5.13847
      4349.40      93.5737      5.34763
      4350.80      87.6278      5.17128
      4352.20      90.0561      5.30376
      4353.60      102.727      5.56164
      4355.00      94.7902      5.34796
      4356.40      100.550      5.79947
      4357.80      95.1759      6.34046
      4359.20      104.727      6.59624
      4360.60      120.852      6.49102
      4362.00      112.314      5.88356
      4363.40      117.205      5.87194
      4364.80      112.720      5.72599
      4366.20      109.552      5.70432
      4367.60      120.022      5.97354
      4369.00      117.951      5.83966
      4370.40      111.300      5.67083
      4371.80      110.339      5.85018
      4373.20      116.540      5.88655
      4374.60      102.255      5.49393
      4376.00      115.243      5.79424
      4377.40      117.616      5.89798
      4378.80      110.397      5.66120
      4380.20      115.444      5.82031
      4381.60      115.445      5.79114
      4383.00      124.827      6.06485
      4384.40      118.583      6.01436
      4385.80      112.523      5.76889
      4387.20      115.702      5.80970
      4388.60      119.314      5.88471
      4390.00      113.337      5.90304
      4391.40      114.993      6.32058
      4392.80      114.073      6.06975
      4394.20      113.243      5.82120
      4395.60      114.881      5.84201
      4397.00      117.987      5.88442
      4398.40      120.972      5.96832
      4399.80      111.119      5.74107
      4401.20      122.403      6.07752
      4402.60      124.560      6.22672
      4404.00      103.953      5.78540
      4405.40      122.942      6.18945
      4406.80      120.260      6.06951
      4408.20      123.725      6.19459
      4409.60      122.622      6.36972
      4411.00      122.323      6.10665
      4412.40      123.163      6.01433
      4413.80      119.117      5.90799
      4415.20      110.268      5.89798
      4416.60      114.504      5.96113
      4418.00      113.085      5.77633
      4419.40      112.412      5.71187
      4420.80      121.295      5.92608
      4422.20      125.997      6.09206
      4423.60      126.642      6.16724
      4425.00      119.409      6.07573
      4426.40      110.278      5.89853
      4427.80      115.501      5.94253
      4429.20      123.287      5.92124
      4430.60      128.184      5.96019
      4432.00      119.047      5.75499
      4433.40      112.651      5.61850
      4434.80      122.193      5.80460
      4436.20      118.920      5.68945
      4437.60      119.568      5.73304
      4439.00      108.725      5.56025
      4440.40      112.518      5.66465
      4441.80      118.925      5.75152
      4443.20      120.172      5.73377
      4444.60      121.122      5.76986
      4446.00      116.598      5.65836
      4447.40      110.282      5.77545
      4448.80      112.356      6.02209
      4450.20      111.927      5.51472
      4451.60      109.573      5.58184
      4453.00      111.950      5.82688
      4454.40      111.111      5.85039
      4455.80      119.534      6.00202
      4457.20      114.741      5.68220
      4458.60      113.860      5.63658
      4460.00      105.521      5.48654
      4461.40      113.391      5.62671
      4462.80      116.381      5.61709
      4464.20      119.435      5.64798
      4465.60      113.991      5.54714
      4467.00      116.977      5.71114
      4468.40      110.937      5.62220
      4469.80      113.283      5.73692
      4471.20      113.664      5.61792
      4472.60      121.708      5.70911
      4474.00      113.981      5.50044
      4475.40      124.159      5.86760
      4476.80      104.867      5.46225
      4478.20      122.737      5.78601
      4479.60      120.757      5.69968
      4481.00      119.889      5.74838
      4482.40      113.247      5.71281
      4483.80      113.739      5.85008
      4485.20      112.674      5.74293
      4486.60      102.373      5.38146
      4488.00      111.632      5.51057
      4489.40      108.018      5.36755
      4490.80      119.842      5.65208
      4492.20      112.519      5.44356
      4493.60      114.705      5.47339
      4495.00      124.645      5.77261
      4496.40      119.436      5.73479
      4497.80      117.257      5.66842
      4499.20      116.982      5.56006
      4500.60      118.513      5.54376
      4502.00      111.719      5.40250
      4503.40      98.7772      5.08550
      4504.80      120.105      5.59560
      4506.20      121.673      5.63216
      4507.60      114.803      5.46001
      4509.00      107.612      5.29410
      4510.40      116.633      5.48963
      4511.80      115.716      6.29388
      4513.20      115.932      11.8270
      4514.60      123.373      5.73458
      4516.00      108.575      5.49010
      4517.40      113.902      5.47786
      4518.80      119.681      5.51130
      4520.20      112.562      5.31740
      4521.60      117.067      5.58443
      4523.00      109.711      5.38534
      4524.40      114.874      5.45355
      4525.80      117.148      5.45384
      4527.20      119.187      5.47809
      4528.60      112.031      5.28660
      4530.00      117.112      5.41772
      4531.40      109.719      5.23783
      4532.80      108.757      5.23719
      4534.20      113.396      5.36214
      4535.60      110.874      5.40556
      4537.00      110.725      5.53897
      4538.40      110.839      5.52145
      4539.80      112.834      5.45636
      4541.20      113.011      5.37415
      4542.60      114.845      5.59421
      4544.00      105.531      5.40075
      4545.40      107.590      5.56845
      4546.80      115.502      5.57970
      4548.20      110.671      5.36087
      4549.60      103.364      5.19582
      4551.00      116.646      5.53139
      4552.40      113.132      5.46521
      4553.80      116.983      5.69578
      4555.20      119.451      5.90821
      4556.60      115.687      5.87084
      4558.00      112.951      5.63741
      4559.40      116.581      5.54151
      4560.80      119.241      5.56313
      4562.20      116.559      5.50265
      4563.60      122.359      5.59111
      4565.00      111.261      5.28661
      4566.40      116.379      5.43395
      4567.80      110.665      5.50453
      4569.20      120.656      6.00740
      4570.60      119.314      5.62821
      4572.00      117.475      5.41639
      4573.40      113.323      5.51582
      4574.80      108.392      5.44527
      4576.20      113.522      5.47953
      4577.60      111.204      5.32134
      4579.00      111.846      5.26974
      4580.40      104.204      5.12592
      4581.80      109.430      5.48375
      4583.20      107.225      5.22282
      4584.60      109.026      5.23565
      4586.00      114.400      5.30047
      4587.40      110.992      5.20208
      4588.80      106.630      5.06373
      4590.20      117.641      5.28868
      4591.60      114.649      5.23747
      4593.00      108.101      5.13163
      4594.40      114.702      5.38105
      4595.80      119.193      5.54405
      4597.20      113.041      5.29445
      4598.60      114.297      5.21874
      4600.00      110.249      5.10695
      4601.40      111.173      5.30297
      4602.80      110.816      5.14283
      4604.20      111.541      5.27557
      4605.60      113.219      5.32745
      4607.00      114.522      5.23285
      4608.40      119.037      5.30751
      4609.80      110.814      5.12520
      4611.20      112.940      5.52427
      4612.60      103.909      5.22695
      4614.00      112.909      5.17911
      4615.40      113.566      5.20392
      4616.80      110.857      5.17408
      4618.20      107.280      5.08834
      4619.60      109.921      5.33555
      4621.00      113.437      5.17802
      4622.40      106.569      5.03451
      4623.80      108.665      5.10310
      4625.20      109.041      5.04115
      4626.60      110.320      5.16030
      4628.00      110.072      5.07909
      4629.40      109.259      5.06933
      4630.80      110.435      5.11640
      4632.20      110.575      5.14290
      4633.60      105.189      5.01088
      4635.00      104.666      4.88660
      4636.40      109.376      5.02853
      4637.80      107.482      4.96463
      4639.20      112.197      5.17638
      4640.60      112.627      5.21845
      4642.00      111.687      5.15750
      4643.40      117.083      5.21791
      4644.80      118.725      5.24275
      4646.20      113.161      5.10904
      4647.60      107.968      5.03594
      4649.00      113.949      5.17026
      4650.40      116.533      5.26534
      4651.80      104.607      4.96428
      4653.20      104.007      4.98138
      4654.60      108.240      5.07546
      4656.00      109.536      5.07836
      4657.40      109.929      5.21679
      4658.80      107.744      5.07951
      4660.20      116.169      5.40625
      4661.60      112.328      5.17183
      4663.00      106.764      4.97387
      4664.40      108.268      5.03657
      4665.80      107.600      5.20826
      4667.20      103.621      5.04608
      4668.60      110.958      5.18193
      4670.00      113.898      5.21941
      4671.40      112.791      5.14423
      4672.80      109.363      5.04861
      4674.20      107.639      5.00243
      4675.60      114.793      5.18114
      4677.00      107.242      5.09355
      4678.40      99.7380      4.86367
      4679.80      100.509      4.89464
      4681.20      113.549      5.17431
      4682.60      112.699      5.24802
      4684.00      105.530      5.15270
      4685.40      105.519      5.10609
      4686.80      107.032      4.99323
      4688.20      105.070      4.93980
      4689.60      105.982      4.90143
      4691.00      109.522      5.07302
      4692.40      107.367      5.03080
      4693.80      110.495      5.07948
      4695.20      104.313      4.86999
      4696.60      113.400      5.07929
      4698.00      107.256      4.92761
      4699.40      100.332      4.71171
      4700.80      105.227      4.79682
      4702.20      107.503      4.87659
      4703.60      117.269      5.09809
      4705.00      118.596      5.13596
      4706.40      110.414      4.97877
      4707.80      110.996      5.11091
      4709.20      110.587      5.13370
      4710.60      112.278      5.12269
      4712.00      107.282      4.94566
      4713.40      109.536      4.95949
      4714.80      112.282      5.01703
      4716.20      107.458      4.96012
      4717.60      110.801      5.06206
      4719.00      114.033      5.10746
      4720.40      115.000      5.12947
      4721.80      115.297      5.21516
      4723.20      105.881      5.05911
      4724.60      103.982      5.08006
      4726.00      108.532      5.13774
      4727.40      112.022      5.13834
      4728.80      106.959      5.00941
      4730.20      109.473      5.10693
      4731.60      107.452      5.05261
      4733.00      106.457      5.04748
      4734.40      96.9004      4.82450
      4735.80      107.611      5.12509
      4737.20      107.710      5.15281
      4738.60      106.666      5.03223
      4740.00      103.335      4.96801
      4741.40      108.883      5.07330
      4742.80      108.548      5.11096
      4744.20      113.457      5.32335
      4745.60      114.422      5.35588
      4747.00      111.303      5.24234
      4748.40      103.934      4.96042
      4749.80      106.787      4.93568
      4751.20      111.121      4.94495
      4752.60      103.407      4.78049
      4754.00      105.783      4.81199
      4755.40      106.285      4.79968
      4756.80      103.872      4.74286
      4758.20      102.668      4.71461
      4759.60      105.268      4.78727
      4761.00      111.815      4.91496
      4762.40      105.771      4.73224
      4763.80      109.792      4.81677
      4765.20      117.089      5.08437
      4766.60      107.558      5.05185
      4768.00      107.269      5.09504
      4769.40      113.008      5.12439
      4770.80      106.842      4.93073
      4772.20      101.263      4.78835
      4773.60      107.360      4.85597
      4775.00      107.695      4.80684
      4776.40      107.768      4.84930
      4777.80      108.261      4.80743
      4779.20      110.269      4.84707
      4780.60      102.681      4.63864
      4782.00      105.523      4.70427
      4783.40      108.764      4.78417
      4784.80      99.8307      4.58064
      4786.20      107.168      4.81729
      4787.60      109.236      4.87807
      4789.00      107.902      4.88761
      4790.40      102.712      4.77576
      4791.80      108.995      4.89651
      4793.20      100.855      4.65262
      4794.60      103.335      4.63395
      4796.00      101.705      4.60579
      4797.40      107.846      4.76513
      4798.80      113.738      4.85534
      4800.20      104.997      4.65061
      4801.60      108.004      4.73480
      4803.00      93.0440      4.37616
      4804.40      97.6426      4.48049
      4805.80      100.327      4.54900
      4807.20      108.845      4.74978
      4808.60      107.753      4.70411
      4810.00      109.251      4.73004
      4811.40      105.982      4.68572
      4812.80      108.914      4.91832
      4814.20      109.459      4.87312
      4815.60      106.091      4.79359
      4817.00      85.9746      4.26365
      4818.40      106.148      4.69656
      4819.80      94.7126      4.41243
      4821.20      102.356      4.59061
      4822.60      105.900      4.75417
      4824.00      97.3135      4.57133
      4825.40      104.266      4.64576
      4826.80      101.222      4.61492
      4828.20      99.9317      4.61540
      4829.60      100.457      4.60528
      4831.00      99.6704      4.67592
      4832.40      94.3879      4.59551
      4833.80      91.6237      4.54977
      4835.20      96.6198      4.62938
      4836.60      99.7928      4.69813
      4838.00      97.1795      4.53936
      4839.40      88.4766      4.24198
      4840.80      86.9951      4.19027
      4842.20      90.7693      4.32333
      4843.60      81.4563      4.21785
      4845.00      88.9625      4.39719
      4846.40      84.2824      4.22954
      4847.80      86.3720      4.20350
      4849.20      82.8414      4.11495
      4850.60      77.6748      4.02663
      4852.00      79.8490      4.19042
      4853.40      77.9293      4.25794
      4854.80      74.3343      4.04656
      4856.20      71.2975      3.91029
      4857.60      60.7154      3.60954
      4859.00      58.2290      3.59848
      4860.40      48.3009      3.43298
      4861.80      44.9446      3.39923
      4863.20      51.7615      3.51736
      4864.60      54.0791      3.50312
      4866.00      64.7618      3.79773
      4867.40      66.4814      3.93998
      4868.80      69.9844      4.05911
      4870.20      79.4776      4.21285
      4871.60      77.4941      4.16124
      4873.00      79.7963      4.13989
      4874.40      81.4445      4.29348
      4875.80      85.7729      4.37125
      4877.20      82.0497      4.23394
      4878.60      96.1663      4.77380
      4880.00      95.7285      4.80431
      4881.40      94.4289      4.61524
      4882.80      90.8169      4.41508
      4884.20      88.5118      4.39172
      4885.60      93.6142      4.54198
      4887.00      87.6490      4.70311
      4888.40      84.8196      4.62593
      4889.80      95.5539      4.47141
      4891.20      93.5003      4.44954
      4892.60      92.0076      4.42805
      4894.00      94.8990      4.59851
      4895.40      95.0967      4.45922
      4896.80      100.736      4.59915
      4898.20      86.2272      4.21814
      4899.60      100.553      4.53762
      4901.00      102.108      4.54425
      4902.40      98.7951      4.45563
      4903.80      97.5106      4.41446
      4905.20      91.7845      4.26996
      4906.60      100.844      4.47531
      4908.00      96.3662      4.36167
      4909.40      102.345      4.49481
      4910.80      92.3564      4.38868
      4912.20      101.866      4.72993
      4913.60      101.498      4.62611
      4915.00      99.7747      4.42850
      4916.40      99.6102      4.53597
      4917.80      101.576      4.48994
      4919.20      104.148      4.53879
      4920.60      96.0474      4.46693
      4922.00      97.5851      4.52099
      4923.40      98.1491      4.46688
      4924.80      95.1277      4.32729
      4926.20      98.8750      4.53731
      4927.60      98.6494      4.39026
      4929.00      98.0515      4.35403
      4930.40      99.7635      4.39172
      4931.80      100.371      4.40961
      4933.20      101.966      4.44359
      4934.60      95.5519      4.28269
      4936.00      100.252      4.45753
      4937.40      99.6657      4.43368
      4938.80      101.866      4.44579
      4940.20      99.3550      4.37835
      4941.60      101.534      4.52173
      4943.00      93.4377      4.32893
      4944.40      97.2242      4.34211
      4945.80      97.7014      4.44223
      4947.20      94.7512      4.27181
      4948.60      97.3080      4.31326
      4950.00      98.3168      4.35650
      4951.40      96.0808      4.41446
      4952.80      97.7053      4.40258
      4954.20      102.740      4.46686
      4955.60      98.0636      4.34817
      4957.00      103.882      4.58807
      4958.40      98.7960      4.49965
      4959.80      103.584      4.59166
      4961.20      102.435      4.48410
      4962.60      90.7873      4.11107
      4964.00      98.7664      4.33630
      4965.40      97.0448      4.33038
      4966.80      103.023      4.50202
      4968.20      106.042      4.55867
      4969.60      85.6484      4.06137
      4971.00      102.696      4.46781
      4972.40      99.5744      4.39883
      4973.80      98.5256      4.41676
      4975.20      92.3858      4.38265
      4976.60      95.9580      4.47147
      4978.00      104.809      4.59295
      4979.40      99.4826      4.43413
      4980.80      98.5922      4.40321
      4982.20      89.7996      4.21882
      4983.60      92.5420      4.27423
      4985.00      98.5694      4.55610
      4986.40      97.3486      4.54404
      4987.80      97.3786      4.42891
      4989.20      97.6333      4.32049
      4990.60      103.406      4.48024
      4992.00      91.7747      4.39410
      4993.40      97.6416      4.60161
      4994.80      93.9247      4.40783
      4996.20      88.4050      4.15851
      4997.60      82.6959      3.96414
      4999.00      93.1335      4.28555
