      3900.00      319.655      11.7096
      3901.40      323.797      11.7816
      3902.80      315.096      11.8426
      3904.20      338.824      12.5442
      3905.60      356.651      12.4782
      3907.00      386.329      13.0363
      3908.40      362.408      12.4974
      3909.80      384.575      12.9407
      3911.20      389.821      13.0556
      3912.60      400.355      13.4690
      3914.00      393.702      13.0610
      3915.40      392.091      13.1097
      3916.80      405.390      13.3570
      3918.20      391.612      13.0428
      3919.60      390.819      12.8061
      3921.00      394.195      12.8466
      3922.40      417.161      13.5155
      3923.80      409.876      13.0968
      3925.20      423.960      13.3207
      3926.60      423.286      13.3208
      3928.00      405.398      13.0385
      3929.40      404.733      13.3647
      3930.80      397.940      12.8042
      3932.20      360.277      12.0754
      3933.60      331.610      11.4258
      3935.00      291.102      10.7259
      3936.40      375.031      12.3200
      3937.80      414.489      13.1111
      3939.20      393.485      12.6855
      3940.60      404.303      12.8731
      3942.00      410.443      13.0445
      3943.40      400.462      12.8876
      3944.80      383.119      12.5044
      3946.20      378.605      12.3191
      3947.60      391.969      12.4789
      3949.00      389.644      12.4129
      3950.40      376.974      12.1905
      3951.80      360.411      11.8324
      3953.20      357.173      11.6552
      3954.60      359.709      11.8896
      3956.00      357.812      11.6386
      3957.40      332.259      11.1812
      3958.80      345.788      11.3755
      3960.20      319.682      10.8950
      3961.60      315.765      11.1921
      3963.00      296.796      10.4394
      3964.40      271.788      9.86023
      3965.80      251.612      9.45235
      3967.20      208.334      8.58586
      3968.60      172.654      7.78924
      3970.00      112.739      6.46095
      3971.40      88.8267      6.10414
      3972.80      126.570      7.10000
      3974.20      186.767      8.36004
      3975.60      210.531      8.98495
      3977.00      222.123      8.96770
      3978.40      258.514      9.64089
      3979.80      277.876      9.95308
      3981.20      323.664      10.8065
      3982.60      318.737      10.7375
      3984.00      317.235      10.6843
      3985.40      354.766      11.3240
      3986.80      352.496      11.1766
      3988.20      341.260      10.9945
      3989.60      356.918      11.2836
      3991.00      362.469      11.3637
      3992.40      372.118      13.6751
      3993.80      369.116      13.3872
      3995.20      362.630      11.4177
      3996.60      369.448      11.4774
      3998.00      364.804      11.2886
      3999.40      371.427      11.4700
      4000.80      385.347      11.7489
      4002.20      373.746      11.6151
      4003.60      379.783      12.0732
      4005.00      377.618      11.8222
      4006.40      377.853      11.6550
      4007.80      389.551      11.8519
      4009.20      386.571      11.8756
      4010.60      392.758      11.8457
      4012.00      402.310      12.0120
      4013.40      398.522      11.9801
      4014.80      399.794      11.8883
      4016.20      403.335      11.9862
      4017.60      399.464      11.8829
      4019.00      402.474      11.8389
      4020.40      396.021      11.8259
      4021.80      384.545      11.6541
      4023.20      379.521      11.6099
      4024.60      383.758      11.8141
      4026.00      386.604      11.6794
      4027.40      387.034      11.5704
      4028.80      391.800      11.5994
      4030.20      396.600      11.7119
      4031.60      385.981      11.5243
      4033.00      379.218      11.5076
      4034.40      379.339      11.3771
      4035.80      399.835      11.9461
      4037.20      376.668      11.5065
      4038.60      388.969      11.5509
      4040.00      382.191      11.3780
      4041.40      389.540      11.5297
      4042.80      389.190      11.6389
      4044.20      372.285      11.3608
      4045.60      359.489      11.1006
      4047.00      379.396      11.5814
      4048.40      387.284      11.7709
      4049.80      388.908      11.8485
      4051.20      393.195      12.2373
      4052.60      380.952      11.4017
      4054.00      385.832      11.3292
      4055.40      384.685      11.3333
      4056.80      373.039      11.1259
      4058.20      369.655      11.2076
      4059.60      363.663      11.1627
      4061.00      387.577      11.5614
      4062.40      385.483      11.2853
      4063.80      374.525      11.2120
      4065.20      384.928      11.4500
      4066.60      381.755      11.6829
      4068.00      382.363      11.3178
      4069.40      380.963      11.2248
      4070.80      388.171      11.3723
      4072.20      360.967      10.8579
      4073.60      357.454      10.7663
      4075.00      363.422      10.8114
      4076.40      359.079      10.8821
      4077.80      363.636      10.8890
      4079.20      351.896      10.6571
      4080.60      348.573      10.6782
      4082.00      350.901      10.6931
      4083.40      355.514      10.7055
      4084.80      346.329      10.5417
      4086.20      329.987      10.2096
      4087.60      337.280      10.2637
      4089.00      319.346      9.91544
      4090.40      303.921      9.60865
      4091.80      304.944      9.63591
      4093.20      272.958      9.10375
      4094.60      274.472      9.24833
      4096.00      246.433      8.58866
      4097.40      236.649      8.33293
      4098.80      194.208      7.48264
      4100.20      181.314      7.19426
      4101.60      147.286      6.60407
      4103.00      105.301      5.77055
      4104.40      124.758      6.07697
      4105.80      168.675      6.91497
      4107.20      207.013      7.71083
      4108.60      226.340      8.19577
      4110.00      238.123      8.47803
      4111.40      259.274      8.67846
      4112.80      273.749      8.85643
      4114.20      294.999      9.44082
      4115.60      309.132      9.57617
      4117.00      305.226      9.48675
      4118.40      319.933      9.79679
      4119.80      346.796      10.3218
      4121.20      343.823      10.2268
      4122.60      349.560      10.2751
      4124.00      336.726      10.0539
      4125.40      357.014      10.4289
      4126.80      360.991      10.5798
      4128.20      346.529      10.2989
      4129.60      348.384      10.3301
      4131.00      356.703      10.5015
      4132.40      359.707      10.6183
      4133.80      355.876      10.9461
      4135.20      364.224      10.8907
      4136.60      348.081      10.5379
      4138.00      366.817      10.6945
      4139.40      354.292      10.3312
      4140.80      364.471      10.4928
      4142.20      366.404      10.5738
      4143.60      360.174      10.5441
      4145.00      376.026      10.7465
      4146.40      379.609      10.8353
      4147.80      369.353      10.5971
      4149.20      370.124      10.6200
      4150.60      372.695      10.6729
      4152.00      368.517      14.4121
      4153.40      360.444      30.5160
      4154.80      368.284      10.5202
      4156.20      356.302      10.3031
      4157.60      362.284      10.4049
      4159.00      358.187      10.3352
      4160.40      365.325      10.4921
      4161.80      360.414      10.5791
      4163.20      366.067      10.4603
      4164.60      356.756      10.4101
      4166.00      358.906      10.6146
      4167.40      355.940      10.2855
      4168.80      364.547      10.4090
      4170.20      350.308      10.2556
      4171.60      367.376      10.5623
      4173.00      357.919      10.2818
      4174.40      362.221      10.2903
      4175.80      375.678      10.5010
      4177.20      360.667      10.2635
      4178.60      355.381      10.1631
      4180.00      361.061      10.2089
      4181.40      368.792      10.3492
      4182.80      362.195      10.2435
      4184.20      367.968      10.3658
      4185.60      357.952      10.2204
      4187.00      357.686      10.3516
      4188.40      355.918      10.0815
      4189.80      355.296      10.0446
      4191.20      351.204      10.0493
      4192.60      354.353      10.0753
      4194.00      349.994      9.98936
      4195.40      352.689      10.0523
      4196.80      346.277      9.84371
      4198.20      357.441      10.0691
      4199.60      350.470      10.0872
      4201.00      355.566      10.3688
      4202.40      352.581      10.1383
      4203.80      350.473      10.1243
      4205.20      368.997      10.4008
      4206.60      344.522      9.90645
      4208.00      363.450      10.2464
      4209.40      355.849      10.1158
      4210.80      352.174      10.0302
      4212.20      359.501      10.2210
      4213.60      355.802      10.1725
      4215.00      351.929      9.86968
      4216.40      351.069      9.89724
      4217.80      346.944      9.82523
      4219.20      356.422      9.94404
      4220.60      348.463      9.82283
      4222.00      353.889      9.92768
      4223.40      351.491      10.1098
      4224.80      354.570      9.94244
      4226.20      353.930      9.98109
      4227.60      337.536      9.63902
      4229.00      347.379      9.99014
      4230.40      341.998      9.77239
      4231.80      344.889      9.85147
      4233.20      348.570      10.1873
      4234.60      342.678      12.3373
      4236.00      344.197      9.74795
      4237.40      344.823      9.74508
      4238.80      352.856      9.83984
      4240.20      345.375      9.69688
      4241.60      358.300      9.91777
      4243.00      350.440      9.90525
      4244.40      350.674      9.85021
      4245.80      357.263      9.94627
      4247.20      350.015      9.81354
      4248.60      342.895      9.70879
      4250.00      344.484      9.69194
      4251.40      360.132      9.99809
      4252.80      344.893      9.72640
      4254.20      342.475      9.64218
      4255.60      340.098      9.62860
      4257.00      350.724      9.84198
      4258.40      349.635      9.88368
      4259.80      348.128      9.79582
      4261.20      348.024      9.71292
      4262.60      351.880      9.82763
      4264.00      345.660      9.72857
      4265.40      347.335      9.72626
      4266.80      328.180      9.42495
      4268.20      348.443      9.81475
      4269.60      337.471      9.52243
      4271.00      334.322      9.39988
      4272.40      336.484      9.53650
      4273.80      346.232      9.71619
      4275.20      337.123      9.47173
      4276.60      335.648      9.41094
      4278.00      353.552      9.75103
      4279.40      338.668      9.48056
      4280.80      351.835      9.72808
      4282.20      344.403      9.57654
      4283.60      329.696      9.33951
      4285.00      337.217      9.87871
      4286.40      337.806      9.55632
      4287.80      331.736      9.44883
      4289.20      333.894      9.59673
      4290.60      331.390      9.30269
      4292.00      328.336      9.28025
      4293.40      330.072      9.34726
      4294.80      325.447      9.40263
      4296.20      329.479      9.45188
      4297.60      330.610      9.43988
      4299.00      334.847      9.67827
      4300.40      333.016      9.38338
      4301.80      327.351      9.25522
      4303.20      327.928      9.19655
      4304.60      331.825      9.30728
      4306.00      329.234      9.31717
      4307.40      331.759      9.35895
      4308.80      322.561      9.11630
      4310.20      315.024      9.06222
      4311.60      321.065      9.18520
      4313.00      323.609      9.31991
      4314.40      316.610      9.23354
      4315.80      314.189      9.13661
      4317.20      313.947      9.01588
      4318.60      314.467      8.98140
      4320.00      313.840      8.95324
      4321.40      301.957      8.79498
      4322.80      301.482      8.69145
      4324.20      300.628      8.73686
      4325.60      292.626      8.63120
      4327.00      284.490      8.43717
      4328.40      280.239      8.33356
      4329.80      269.447      8.17177
      4331.20      258.583      7.91197
      4332.60      252.323      7.77011
      4334.00      238.050      7.51432
      4335.40      220.286      7.20662
      4336.80      200.434      6.94896
      4338.20      191.070      6.61118
      4339.60      158.180      6.02390
      4341.00      109.103      5.01308
      4342.40      111.177      5.17611
      4343.80      129.463      5.44637
      4345.20      163.685      6.05232
      4346.60      192.744      6.62829
      4348.00      210.771      7.10404
      4349.40      235.838      7.72975
      4350.80      244.128      7.86649
      4352.20      260.691      8.18340
      4353.60      261.246      7.93597
      4355.00      283.044      8.25482
      4356.40      295.888      8.59278
      4357.80      291.701      8.87577
      4359.20      289.844      9.35237
      4360.60      289.490      9.12646
      4362.00      304.109      8.83681
      4363.40      302.266      8.71312
      4364.80      295.929      8.65702
      4366.20      306.757      8.82490
      4367.60      307.174      8.69605
      4369.00      310.838      8.76043
      4370.40      316.523      8.84955
      4371.80      323.449      8.95973
      4373.20      315.317      8.91502
      4374.60      318.152      9.02497
      4376.00      308.662      8.76354
      4377.40      323.485      9.00638
      4378.80      312.439      8.80340
      4380.20      313.801      9.02464
      4381.60      315.960      8.96020
      4383.00      335.157      9.20144
      4384.40      312.361      8.78484
      4385.80      306.709      8.70481
      4387.20      324.141      9.06069
      4388.60      320.030      8.92948
      4390.00      324.667      9.06040
      4391.40      314.432      8.82729
      4392.80      326.378      9.03554
      4394.20      326.910      9.01769
      4395.60      325.028      9.09052
      4397.00      312.364      8.84468
      4398.40      320.359      8.93047
      4399.80      318.005      8.82043
      4401.20      323.361      8.91297
      4402.60      309.690      8.68344
      4404.00      317.504      8.84157
      4405.40      315.820      8.80747
      4406.80      312.084      8.72256
      4408.20      321.760      8.89842
      4409.60      319.091      8.94214
      4411.00      311.625      8.98115
      4412.40      313.180      9.05324
      4413.80      312.255      8.74861
      4415.20      307.958      8.64537
      4416.60      306.856      8.73885
      4418.00      311.624      8.79856
      4419.40      308.084      8.62220
      4420.80      304.861      8.67560
      4422.20      312.266      8.91930
      4423.60      315.089      8.77453
      4425.00      310.367      8.69007
      4426.40      308.972      8.69406
      4427.80      313.228      8.81128
      4429.20      308.565      8.68298
      4430.60      310.718      8.59542
      4432.00      313.295      8.63632
      4433.40      307.997      8.56837
      4434.80      296.561      8.36329
      4436.20      301.401      8.44286
      4437.60      310.301      8.58292
      4439.00      311.190      8.57839
      4440.40      315.973      8.67957
      4441.80      312.890      8.60065
      4443.20      309.788      8.54649
      4444.60      306.445      8.48218
      4446.00      312.806      8.57043
      4447.40      305.272      8.58006
      4448.80      318.298      8.81049
      4450.20      302.544      8.39671
      4451.60      300.669      8.35929
      4453.00      299.894      8.38128
      4454.40      287.459      8.24444
      4455.80      306.590      8.65014
      4457.20      297.294      8.30487
      4458.60      315.079      8.56402
      4460.00      311.471      8.48200
      4461.40      304.742      8.44143
      4462.80      312.903      8.59927
      4464.20      310.538      8.48449
      4465.60      305.375      8.36810
      4467.00      312.616      8.51995
      4468.40      308.991      8.49080
      4469.80      297.387      8.27434
      4471.20      296.085      8.22564
      4472.60      301.885      8.27791
      4474.00      298.570      8.22881
      4475.40      310.782      8.46331
      4476.80      300.072      8.24393
      4478.20      300.887      8.24688
      4479.60      293.987      8.12395
      4481.00      299.544      8.21125
      4482.40      281.327      7.88857
      4483.80      296.848      8.21879
      4485.20      296.561      8.20962
      4486.60      305.760      8.33454
      4488.00      300.493      8.22108
      4489.40      292.405      8.17021
      4490.80      294.121      8.30303
      4492.20      290.206      8.04748
      4493.60      295.191      8.16562
      4495.00      298.637      8.20168
      4496.40      301.270      8.22243
      4497.80      295.514      8.10705
      4499.20      292.471      8.11545
      4500.60      301.449      8.31095
      4502.00      295.054      8.16253
      4503.40      283.709      7.89344
      4504.80      304.040      8.24830
      4506.20      294.815      8.39560
      4507.60      299.937      8.62948
      4509.00      282.161      7.92829
      4510.40      289.296      8.20966
      4511.80      295.190      8.08959
      4513.20      292.394      8.24349
      4514.60      287.086      8.00163
      4516.00      295.218      8.07580
      4517.40      293.300      8.04538
      4518.80      290.869      7.99821
      4520.20      296.092      8.25255
      4521.60      296.663      8.16399
      4523.00      285.854      7.98645
      4524.40      291.098      8.08258
      4525.80      302.546      8.29363
      4527.20      302.042      8.30914
      4528.60      292.917      8.10876
      4530.00      297.941      8.15879
      4531.40      297.578      8.12925
      4532.80      294.612      8.08654
      4534.20      302.819      8.23313
      4535.60      297.134      8.12616
      4537.00      289.242      7.99863
      4538.40      283.121      7.90189
      4539.80      296.496      8.10154
      4541.20      295.084      8.10286
      4542.60      292.103      8.02816
      4544.00      299.973      8.20071
      4545.40      297.660      8.27550
      4546.80      295.447      8.20035
      4548.20      294.926      8.10970
      4549.60      288.291      8.04533
      4551.00      279.967      7.81384
      4552.40      276.244      7.75114
      4553.80      295.710      8.06467
      4555.20      292.283      8.04865
      4556.60      287.810      8.03982
      4558.00      289.392      7.95051
      4559.40      290.884      7.97949
      4560.80      287.031      7.89880
      4562.20      281.785      7.80868
      4563.60      292.169      8.02331
      4565.00      300.181      8.13031
      4566.40      281.952      7.81597
      4567.80      296.939      8.09349
      4569.20      290.743      7.99213
      4570.60      290.200      7.96316
      4572.00      294.112      8.00703
      4573.40      287.741      7.90505
      4574.80      289.995      8.06463
      4576.20      288.328      8.03498
      4577.60      289.983      8.14717
      4579.00      294.934      8.14519
      4580.40      291.784      8.07403
      4581.80      291.939      8.00333
      4583.20      295.631      8.07150
      4584.60      296.359      8.09108
      4586.00      282.784      7.85099
      4587.40      281.076      7.83095
      4588.80      295.801      8.17242
      4590.20      299.107      8.24470
      4591.60      284.866      7.89089
      4593.00      278.580      7.68098
      4594.40      288.890      7.84507
      4595.80      291.033      7.88077
      4597.20      285.343      7.77523
      4598.60      296.242      7.97766
      4600.00      288.563      7.85055
      4601.40      287.247      7.80933
      4602.80      275.121      7.59925
      4604.20      279.543      7.69242
      4605.60      277.437      7.64321
      4607.00      286.978      7.81678
      4608.40      285.874      7.81129
      4609.80      287.033      7.85108
      4611.20      285.196      7.88553
      4612.60      282.467      7.77078
      4614.00      283.377      7.78456
      4615.40      284.995      7.84889
      4616.80      293.822      7.99906
      4618.20      292.941      7.93543
      4619.60      277.105      7.67335
      4621.00      283.375      7.89379
      4622.40      293.953      8.09302
      4623.80      292.254      7.93283
      4625.20      290.695      7.85287
      4626.60      287.285      7.77052
      4628.00      274.194      7.55518
      4629.40      272.435      7.52948
      4630.80      274.764      7.52636
      4632.20      285.876      7.72044
      4633.60      279.922      7.60575
      4635.00      283.344      7.70602
      4636.40      268.994      7.45507
      4637.80      279.968      7.79792
      4639.20      285.677      7.72585
      4640.60      277.225      7.55826
      4642.00      275.983      7.56551
      4643.40      272.033      7.57677
      4644.80      279.464      7.89436
      4646.20      279.257      7.65202
      4647.60      279.115      7.61491
      4649.00      280.514      7.60964
      4650.40      279.964      7.63651
      4651.80      277.882      7.57607
      4653.20      281.213      7.63286
      4654.60      285.189      7.70647
      4656.00      275.356      7.51813
      4657.40      276.101      7.60151
      4658.80      276.775      7.54326
      4660.20      279.345      7.63147
      4661.60      268.857      7.43362
      4663.00      274.114      7.54957
      4664.40      283.601      7.68966
      4665.80      282.780      7.75660
      4667.20      274.385      7.52090
      4668.60      274.531      7.59419
      4670.00      277.310      7.57716
      4671.40      277.459      7.51876
      4672.80      277.339      7.53547
      4674.20      266.581      7.50497
      4675.60      275.742      7.70296
      4677.00      276.339      7.64144
      4678.40      272.191      7.58373
      4679.80      271.261      7.40605
      4681.20      268.310      7.44266
      4682.60      274.378      7.53822
      4684.00      283.274      7.69764
      4685.40      261.612      7.25762
      4686.80      276.101      7.48958
      4688.20      278.323      7.50016
      4689.60      272.493      7.40926
      4691.00      284.554      7.73088
      4692.40      265.225      7.39102
      4693.80      268.508      7.31612
      4695.20      270.343      7.35958
      4696.60      271.937      7.40435
      4698.00      266.318      7.37193
      4699.40      273.421      7.54990
      4700.80      273.865      7.50004
      4702.20      267.908      7.32575
      4703.60      264.105      7.32780
      4705.00      269.811      7.31120
      4706.40      273.681      7.42057
      4707.80      268.069      7.39151
      4709.20      262.047      7.25475
      4710.60      274.641      7.41280
      4712.00      276.269      7.44498
      4713.40      270.622      7.34676
      4714.80      267.851      7.29699
      4716.20      278.848      7.52855
      4717.60      264.202      7.28409
      4719.00      272.566      7.45194
      4720.40      275.876      7.41665
      4721.80      267.323      7.28158
      4723.20      272.240      7.34707
      4724.60      280.491      7.50022
      4726.00      269.948      7.31139
      4727.40      279.597      7.52944
      4728.80      268.038      7.37196
      4730.20      267.435      7.33277
      4731.60      265.425      7.22921
      4733.00      270.904      7.32012
      4734.40      275.962      7.42942
      4735.80      270.619      7.33484
      4737.20      269.304      7.28608
      4738.60      276.377      7.42902
      4740.00      273.052      7.43893
      4741.40      264.142      7.34230
      4742.80      277.467      7.56375
      4744.20      265.266      7.32350
      4745.60      269.172      7.46201
      4747.00      272.086      7.64002
      4748.40      269.979      7.46683
      4749.80      262.233      7.16958
      4751.20      267.645      7.24177
      4752.60      263.919      7.30244
      4754.00      268.989      7.44643
      4755.40      262.660      7.36094
      4756.80      265.173      7.23709
      4758.20      264.035      7.20615
      4759.60      268.805      7.33013
      4761.00      263.058      7.32630
      4762.40      268.968      7.40387
      4763.80      269.213      7.27983
      4765.20      266.233      7.21552
      4766.60      260.587      7.13496
      4768.00      260.617      7.11643
      4769.40      268.761      7.21036
      4770.80      272.749      7.28299
      4772.20      264.681      7.12544
      4773.60      254.023      6.93727
      4775.00      259.730      7.13354
      4776.40      261.289      7.19166
      4777.80      271.466      7.33609
      4779.20      257.350      7.06625
      4780.60      257.857      7.26020
      4782.00      259.933      7.13932
      4783.40      254.913      6.99548
      4784.80      264.905      7.20635
      4786.20      257.808      7.07448
      4787.60      256.697      6.99342
      4789.00      263.436      7.12023
      4790.40      251.786      6.89612
      4791.80      260.131      7.07459
      4793.20      260.926      7.07375
      4794.60      263.789      7.12025
      4796.00      264.528      7.13063
      4797.40      259.679      7.12042
      4798.80      262.970      7.07449
      4800.20      264.040      7.10771
      4801.60      268.204      7.18623
      4803.00      272.502      7.27438
      4804.40      267.762      7.16617
      4805.80      267.748      7.17752
      4807.20      257.255      7.02589
      4808.60      250.088      6.93167
      4810.00      257.719      7.08407
      4811.40      255.745      7.00501
      4812.80      256.434      6.99856
      4814.20      260.907      7.04829
      4815.60      248.022      6.79878
      4817.00      243.468      6.75173
      4818.40      263.781      7.28557
      4819.80      255.248      7.20955
      4821.20      251.143      6.94584
      4822.60      255.783      6.97501
      4824.00      247.946      6.82782
      4825.40      253.661      6.94091
      4826.80      252.166      6.98466
      4828.20      252.539      7.00314
      4829.60      250.941      6.96994
      4831.00      240.734      6.76836
      4832.40      248.807      6.87399
      4833.80      238.091      6.65877
      4835.20      239.750      6.80276
      4836.60      238.807      6.69666
      4838.00      243.068      6.77862
      4839.40      238.264      6.73887
      4840.80      233.077      6.66561
      4842.20      231.948      6.60312
      4843.60      231.845      6.52069
      4845.00      234.400      6.57341
      4846.40      225.576      6.43309
      4847.80      220.496      6.32136
      4849.20      218.972      6.26023
      4850.60      211.491      6.09521
      4852.00      205.558      5.97782
      4853.40      198.126      5.94751
      4854.80      182.955      5.66688
      4856.20      180.319      5.61491
      4857.60      171.753      5.36078
      4859.00      146.397      4.86919
      4860.40      130.596      4.58164
      4861.80      112.974      4.32688
      4863.20      91.9951      4.04819
      4864.60      98.9508      4.26664
      4866.00      131.472      4.75075
      4867.40      153.754      5.04038
      4868.80      171.219      5.35271
      4870.20      186.946      5.67327
      4871.60      196.815      6.03432
      4873.00      201.424      6.15611
      4874.40      209.113      6.13579
      4875.80      214.062      6.24439
      4877.20      219.975      6.35176
      4878.60      218.143      6.30777
      4880.00      220.326      6.27170
      4881.40      221.491      6.30080
      4882.80      224.972      6.38742
      4884.20      226.653      6.58707
      4885.60      221.344      6.57168
      4887.00      231.932      6.58077
      4888.40      233.582      6.63340
      4889.80      238.399      6.72199
      4891.20      239.397      6.72418
      4892.60      236.328      6.67946
      4894.00      234.481      6.71397
      4895.40      232.019      6.60291
      4896.80      236.915      6.72618
      4898.20      239.729      6.74241
      4899.60      240.687      6.73483
      4901.00      237.542      6.67819
      4902.40      245.849      6.80569
      4903.80      249.081      6.86201
      4905.20      237.631      6.66670
      4906.60      247.320      6.89255
      4908.00      237.106      6.74560
      4909.40      240.417      6.80121
      4910.80      238.542      6.72358
      4912.20      240.688      6.74568
      4913.60      242.825      6.78765
      4915.00      248.544      6.90936
      4916.40      254.003      7.00303
      4917.80      247.599      6.87112
      4919.20      244.738      6.80719
      4920.60      240.407      6.72513
      4922.00      231.552      6.59148
      4923.40      236.765      6.68331
      4924.80      237.859      6.68287
      4926.20      227.946      6.52755
      4927.60      242.638      6.83612
      4929.00      240.365      6.75660
      4930.40      240.252      6.68438
      4931.80      242.441      6.72966
      4933.20      242.650      6.95718
      4934.60      249.902      7.01135
      4936.00      242.027      6.76222
      4937.40      246.656      6.81385
      4938.80      239.028      6.69713
      4940.20      241.234      6.70463
      4941.60      244.764      6.73779
      4943.00      243.855      6.70207
      4944.40      244.546      6.73218
      4945.80      242.616      6.66936
      4947.20      239.523      6.60610
      4948.60      238.587      6.59940
      4950.00      235.970      6.55481
      4951.40      235.805      6.79009
      4952.80      238.330      6.65988
      4954.20      233.185      6.54220
      4955.60      232.147      6.46677
      4957.00      235.446      6.48063
      4958.40      233.109      6.44541
      4959.80      237.523      6.53342
      4961.20      234.232      6.47192
      4962.60      234.615      6.48388
      4964.00      238.223      6.74846
      4965.40      236.237      6.64483
      4966.80      236.602      6.51997
      4968.20      233.935      6.51367
      4969.60      238.504      6.57131
      4971.00      238.151      6.55474
      4972.40      244.847      6.71945
      4973.80      250.428      6.83808
      4975.20      249.815      6.79700
      4976.60      241.485      6.60654
      4978.00      241.059      6.59277
      4979.40      222.954      6.27640
      4980.80      226.783      6.34073
      4982.20      246.650      6.68951
      4983.60      239.594      6.54252
      4985.00      234.449      6.46202
      4986.40      234.014      6.47939
      4987.80      231.205      6.48056
      4989.20      233.672      6.56668
      4990.60      229.500      6.36382
      4992.00      232.142      6.46246
      4993.40      229.815      6.55942
      4994.80      229.312      6.55735
      4996.20      238.359      6.55922
      4997.60      241.981      6.59305
      4999.00      246.446      6.72377
