      3900.00      48.8757      6.28324
      3901.40      43.4872      6.66823
      3902.80      45.6525      6.60164
      3904.20      35.6246      5.86455
      3905.60      54.4898      6.12014
      3907.00      43.4075      5.77453
      3908.40      46.3879      5.75838
      3909.80      46.9073      5.91865
      3911.20      51.3127      5.69687
      3912.60      59.3681      5.81302
      3914.00      55.4954      5.59623
      3915.40      52.8973      5.65502
      3916.80      51.3728      5.57549
      3918.20      53.9577      5.64686
      3919.60      49.6764      5.25620
      3921.00      54.1289      5.40004
      3922.40      50.0083      4.96265
      3923.80      54.0996      5.11830
      3925.20      43.1281      4.91660
      3926.60      42.4604      5.12512
      3928.00      48.9432      5.34016
      3929.40      52.1122      5.18618
      3930.80      47.9351      4.98377
      3932.20      52.5752      4.96970
      3933.60      47.8529      4.81661
      3935.00      31.7127      4.56160
      3936.40      35.4051      4.72467
      3937.80      23.2762      4.37777
      3939.20      41.1206      5.02319
      3940.60      46.9606      5.22664
      3942.00      45.1380      4.88904
      3943.40      38.9774      4.63854
      3944.80      59.8180      5.24615
      3946.20      47.9994      4.91153
      3947.60      54.7632      5.07676
      3949.00      57.1491      5.14858
      3950.40      48.0580      4.97309
      3951.80      49.4415      5.04220
      3953.20      52.1995      5.11527
      3954.60      42.1351      4.76945
      3956.00      47.7427      5.10888
      3957.40      51.0211      5.03796
      3958.80      42.1859      4.84069
      3960.20      41.1898      4.88755
      3961.60      53.7089      5.34158
      3963.00      51.5090      5.44548
      3964.40      45.4917      5.64524
      3965.80      43.0218      5.58331
      3967.20      45.9844      5.68475
      3968.60      41.7035      5.39040
      3970.00      23.5413      4.67596
      3971.40      10.5374      4.18900
      3972.80      15.7141      4.39389
      3974.20      30.7289      5.00415
      3975.60      29.6269      4.74682
      3977.00      37.6528      4.76132
      3978.40      44.2636      4.83907
      3979.80      45.6977      4.71273
      3981.20      43.8745      4.50218
      3982.60      51.6965      4.59707
      3984.00      41.8220      4.60732
      3985.40      51.9745      5.54215
      3986.80      46.5690      5.64354
      3988.20      52.9707      5.38579
      3989.60      59.6289      4.82529
      3991.00      56.6184      4.58336
      3992.40      49.3185      4.38029
      3993.80      51.2413      4.61980
      3995.20      51.5967      4.74073
      3996.60      51.1493      4.76663
      3998.00      53.8481      4.54008
      3999.40      49.9075      4.55935
      4000.80      48.6777      4.80066
      4002.20      55.7951      5.19659
      4003.60      51.0596      5.29169
      4005.00      51.7400      5.25548
      4006.40      53.8011      4.87542
      4007.80      45.7674      4.28377
      4009.20      56.6304      4.69753
      4010.60      48.3132      4.79547
      4012.00      54.7988      5.22135
      4013.40      51.8996      4.77960
      4014.80      51.8113      4.44717
      4016.20      59.3230      4.62133
      4017.60      53.7166      4.41336
      4019.00      50.7505      4.47308
      4020.40      57.5537      4.64138
      4021.80      57.8418      5.09461
      4023.20      66.7564      6.25544
      4024.60      56.5639      4.54519
      4026.00      50.2411      4.36164
      4027.40      53.9726      4.52037
      4028.80      53.0800      4.61838
      4030.20      58.2225      4.72318
      4031.60      55.6666      4.52387
      4033.00      55.3977      4.48380
      4034.40      59.3128      4.59459
      4035.80      45.3094      4.23459
      4037.20      45.1145      4.28302
      4038.60      54.9757      4.66128
      4040.00      52.5764      4.77769
      4041.40      54.0740      4.97165
      4042.80      56.5316      5.03537
      4044.20      57.5358      4.96342
      4045.60      58.3466      5.12997
      4047.00      50.8141      5.36022
      4048.40      57.3381      5.37612
      4049.80      55.4488      4.90548
      4051.20      46.9821      4.54284
      4052.60      55.5818      4.70674
      4054.00      50.2557      4.54259
      4055.40      61.4389      4.90709
      4056.80      55.1248      4.73099
      4058.20      58.7175      4.78718
      4059.60      56.4318      4.73150
      4061.00      57.8577      4.81831
      4062.40      48.2530      4.64333
      4063.80      46.4794      4.72401
      4065.20      49.6682      4.91650
      4066.60      47.1717      4.82365
      4068.00      53.0713      4.77494
      4069.40      59.4531      5.04639
      4070.80      47.7083      4.95689
      4072.20      48.6136      4.99460
      4073.60      49.1666      4.78423
      4075.00      48.6634      4.38523
      4076.40      49.8456      4.38979
      4077.80      51.3784      4.46822
      4079.20      51.7260      4.61115
      4080.60      53.2457      4.41870
      4082.00      61.2496      4.56487
      4083.40      48.7432      4.18826
      4084.80      52.7568      4.26579
      4086.20      46.9834      4.36468
      4087.60      57.8358      4.82865
      4089.00      59.5904      4.72400
      4090.40      36.0204      3.85537
      4091.80      53.2494      4.17034
      4093.20      53.6176      4.19892
      4094.60      45.9226      3.99889
      4096.00      50.8375      4.25899
      4097.40      49.8365      4.36779
      4098.80      41.0553      4.07249
      4100.20      47.8991      4.00872
      4101.60      41.8382      3.73904
      4103.00      36.3652      3.58329
      4104.40      24.8004      3.36263
      4105.80      23.9266      3.54457
      4107.20      46.8717      4.24931
      4108.60      43.5605      4.04760
      4110.00      46.0782      3.89813
      4111.40      49.6521      3.97263
      4112.80      47.9080      3.92439
      4114.20      41.7686      3.87229
      4115.60      55.5015      4.31727
      4117.00      54.0573      4.11702
      4118.40      57.3182      4.13446
      4119.80      60.6953      4.23438
      4121.20      66.1958      5.21299
      4122.60      60.4434      4.50213
      4124.00      58.1464      4.32929
      4125.40      48.9285      4.11742
      4126.80      54.7309      4.24973
      4128.20      54.9063      4.42793
      4129.60      55.4897      4.78309
      4131.00      58.5827      4.86869
      4132.40      48.0855      4.51250
      4133.80      55.0108      4.29573
      4135.20      56.3711      4.19789
      4136.60      47.4222      4.00166
      4138.00      53.1251      4.11412
      4139.40      59.1185      4.17787
      4140.80      60.7768      4.20101
      4142.20      60.4684      4.78322
      4143.60      68.3764      4.83609
      4145.00      49.7282      3.94832
      4146.40      55.0067      4.23455
      4147.80      46.4650      4.11500
      4149.20      54.5705      4.29623
      4150.60      53.7945      4.14459
      4152.00      53.7843      4.01611
      4153.40      58.0586      3.94869
      4154.80      51.2559      3.81847
      4156.20      52.2630      3.90184
      4157.60      50.8754      3.85711
      4159.00      58.9024      3.98116
      4160.40      53.2434      3.85980
      4161.80      56.1527      3.96385
      4163.20      59.3214      4.09493
      4164.60      59.9989      4.19160
      4166.00      52.5724      4.23107
      4167.40      59.2695      4.60934
      4168.80      56.0041      4.52657
      4170.20      56.5761      4.33493
      4171.60      57.2604      4.03445
      4173.00      52.0659      3.88765
      4174.40      54.8856      3.89937
      4175.80      54.5996      3.86160
      4177.20      54.2297      3.92631
      4178.60      53.5632      3.90284
      4180.00      54.2350      4.06055
      4181.40      54.7457      3.84241
      4182.80      55.2970      3.85035
      4184.20      62.4328      4.03396
      4185.60      62.2845      3.99985
      4187.00      62.2187      3.90398
      4188.40      61.6768      3.89959
      4189.80      55.9929      3.95288
      4191.20      59.6366      4.21922
      4192.60      57.1172      4.06506
      4194.00      58.1610      3.89489
      4195.40      52.4084      3.72630
      4196.80      57.0555      3.79289
      4198.20      54.3201      3.67805
      4199.60      58.5937      3.73641
      4201.00      52.2577      3.59360
      4202.40      55.3383      3.89550
      4203.80      56.7987      4.05560
      4205.20      53.5974      3.81402
      4206.60      58.0585      3.81698
      4208.00      53.0342      3.70242
      4209.40      57.3267      3.75941
      4210.80      52.5729      3.69150
      4212.20      58.3950      3.97796
      4213.60      59.7841      3.96080
      4215.00      50.7617      3.55770
      4216.40      57.0438      3.73499
      4217.80      55.6980      3.68099
      4219.20      54.1164      3.62181
      4220.60      57.2836      3.69478
      4222.00      55.8152      3.67189
      4223.40      53.9499      3.60610
      4224.80      58.3427      3.69435
      4226.20      58.5500      3.69181
      4227.60      54.9466      3.63394
      4229.00      48.4596      3.40276
      4230.40      47.5474      3.40059
      4231.80      50.2647      3.49572
      4233.20      51.0319      3.67151
      4234.60      55.2043      3.93790
      4236.00      55.3015      3.91189
      4237.40      60.4315      3.88200
      4238.80      63.0046      3.83312
      4240.20      55.8013      3.58931
      4241.60      53.4143      3.54569
      4243.00      51.9578      3.49590
      4244.40      54.4612      3.53543
      4245.80      58.3152      3.67051
      4247.20      58.0737      3.71177
      4248.60      58.8455      3.78644
      4250.00      56.2361      3.72882
      4251.40      56.5849      3.80502
      4252.80      54.1721      3.71377
      4254.20      52.9367      3.53908
      4255.60      49.6521      3.45632
      4257.00      52.9140      3.67780
      4258.40      55.3551      3.79807
      4259.80      56.2881      3.73798
      4261.20      58.8863      3.74365
      4262.60      58.9404      3.81163
      4264.00      50.5256      3.59096
      4265.40      50.1583      3.45705
      4266.80      53.8638      3.56026
      4268.20      56.6331      3.58260
      4269.60      60.7768      3.69279
      4271.00      58.9642      3.61344
      4272.40      54.4281      3.52715
      4273.80      57.2262      3.58559
      4275.20      58.8824      3.62356
      4276.60      57.6641      3.68736
      4278.00      53.9117      3.62483
      4279.40      55.1023      3.56943
      4280.80      56.0034      3.54740
      4282.20      54.1962      3.62758
      4283.60      55.3151      3.54437
      4285.00      52.3915      3.47672
      4286.40      54.7719      3.60914
      4287.80      51.6359      3.50754
      4289.20      56.0121      3.50959
      4290.60      54.8363      3.47529
      4292.00      54.2334      3.45658
      4293.40      57.8838      3.56395
      4294.80      57.7731      3.57301
      4296.20      53.3273      3.45560
      4297.60      54.0938      3.55453
      4299.00      55.1719      3.47146
      4300.40      52.6093      3.44133
      4301.80      50.8037      3.34359
      4303.20      55.1827      3.40475
      4304.60      47.5555      3.22106
      4306.00      46.3720      3.18501
      4307.40      52.1024      3.32050
      4308.80      58.1772      3.50953
      4310.20      57.0070      3.47915
      4311.60      50.9758      3.31715
      4313.00      58.0750      3.49792
      4314.40      57.5049      3.53908
      4315.80      53.6393      3.47542
      4317.20      46.3330      3.29634
      4318.60      53.9253      3.43559
      4320.00      60.4762      3.57718
      4321.40      59.1255      3.69803
      4322.80      55.5844      3.66297
      4324.20      54.3855      3.53922
      4325.60      58.8211      3.56926
      4327.00      58.9133      3.49249
      4328.40      58.0028      3.45893
      4329.80      53.6228      3.37090
      4331.20      61.6898      3.50019
      4332.60      45.2800      3.15131
      4334.00      48.5368      3.29776
      4335.40      51.3046      3.39287
      4336.80      52.7429      3.45635
      4338.20      52.8731      3.49078
      4339.60      47.3244      3.37010
      4341.00      36.0402      3.11396
      4342.40      33.8594      2.96151
      4343.80      29.3984      2.74266
      4345.20      31.2570      2.76931
      4346.60      37.6617      2.94818
      4348.00      44.3090      3.18753
      4349.40      44.0604      3.35608
      4350.80      40.3405      3.04777
      4352.20      56.4808      3.36754
      4353.60      50.5078      3.28783
      4355.00      47.4810      3.14144
      4356.40      48.8864      3.27631
      4357.80      52.1879      3.88196
      4359.20      50.2760      4.41217
      4360.60      55.5168      4.20930
      4362.00      58.0496      3.80244
      4363.40      49.9148      3.90467
      4364.80      62.1903      3.90520
      4366.20      50.2277      3.28757
      4367.60      55.2418      3.53776
      4369.00      59.2841      4.14826
      4370.40      54.8334      4.25689
      4371.80      57.4076      3.80568
      4373.20      61.5693      3.55152
      4374.60      56.1819      3.57829
      4376.00      53.1514      3.67221
      4377.40      52.7413      3.49016
      4378.80      57.8888      3.49084
      4380.20      59.1237      3.54718
      4381.60      61.4523      3.79427
      4383.00      59.2544      3.65314
      4384.40      63.9006      3.55657
      4385.80      56.5104      3.39523
      4387.20      63.0298      3.53907
      4388.60      50.9015      3.25043
      4390.00      58.6917      3.44020
      4391.40      53.7684      3.32889
      4392.80      56.7211      3.49122
      4394.20      53.4215      3.65159
      4395.60      56.6308      3.72156
      4397.00      54.3698      3.53560
      4398.40      58.8863      3.59348
      4399.80      58.7632      3.86501
      4401.20      58.2693      3.41146
      4402.60      55.4395      3.42412
      4404.00      55.3810      3.52863
      4405.40      54.9229      3.66165
      4406.80      61.1456      3.90792
      4408.20      59.5241      3.67150
      4409.60      55.8863      3.36308
      4411.00      55.4663      3.37640
      4412.40      63.7328      3.61050
      4413.80      55.7264      3.54422
      4415.20      56.6425      3.71980
      4416.60      58.4435      3.45294
      4418.00      55.4649      3.36559
      4419.40      54.4874      3.30243
      4420.80      57.6625      3.52182
      4422.20      55.0697      3.34722
      4423.60      63.2033      3.47857
      4425.00      63.9555      3.50277
      4426.40      56.8088      3.46797
      4427.80      55.2038      3.67919
      4429.20      51.3392      3.19291
      4430.60      52.8791      3.20635
      4432.00      53.3018      3.22413
      4433.40      56.2017      3.31604
      4434.80      57.0873      3.40861
      4436.20      54.4522      3.27094
      4437.60      62.2151      3.50348
      4439.00      55.2357      3.37022
      4440.40      57.6547      3.33852
      4441.80      54.5798      3.24264
      4443.20      61.2875      3.36835
      4444.60      55.0171      3.45769
      4446.00      62.5861      3.78175
      4447.40      55.6735      3.60598
      4448.80      59.5995      3.46792
      4450.20      60.0783      3.44483
      4451.60      57.2436      3.34476
      4453.00      57.5171      3.44527
      4454.40      54.0620      3.45854
      4455.80      61.0721      3.46298
      4457.20      62.0468      3.36336
      4458.60      53.9347      3.17576
      4460.00      58.3319      3.37991
      4461.40      55.7985      3.46558
      4462.80      54.2742      3.25614
      4464.20      59.4547      3.31156
      4465.60      57.4369      3.34365
      4467.00      55.3385      3.36770
      4468.40      54.9023      3.46352
      4469.80      48.4007      2.99672
      4471.20      55.0092      3.16760
      4472.60      53.7158      3.27772
      4474.00      55.9161      3.42388
      4475.40      53.1622      3.26638
      4476.80      61.0235      3.33450
      4478.20      59.0525      3.27625
      4479.60      51.7523      3.10993
      4481.00      58.7169      3.22511
      4482.40      56.9636      3.15788
      4483.80      58.4261      3.20414
      4485.20      60.9586      3.25931
      4486.60      52.8202      3.08643
      4488.00      62.5531      3.28798
      4489.40      57.0317      3.16199
      4490.80      57.5159      3.26841
      4492.20      57.2808      3.29270
      4493.60      57.5513      3.22773
      4495.00      56.0818      3.16837
      4496.40      62.2617      3.30211
      4497.80      56.1522      3.22019
      4499.20      58.7674      3.31861
      4500.60      58.3455      3.21340
      4502.00      60.6564      3.21979
      4503.40      50.9692      3.01891
      4504.80      50.9503      3.03264
      4506.20      57.9025      3.17367
      4507.60      56.5742      3.14716
      4509.00      57.2741      3.15376
      4510.40      54.2072      3.04834
      4511.80      57.1676      3.25728
      4513.20      55.4964      3.10288
      4514.60      59.6223      3.19695
      4516.00      57.7295      3.16206
      4517.40      62.4525      3.24514
      4518.80      58.6105      3.32562
      4520.20      58.8537      3.18008
      4521.60      55.8414      3.22608
      4523.00      55.1961      3.33061
      4524.40      62.5080      3.42642
      4525.80      61.5012      3.26962
      4527.20      58.7273      3.18739
      4528.60      62.7155      3.31001
      4530.00      62.2945      3.29493
      4531.40      56.8412      3.18173
      4532.80      56.7099      3.20682
      4534.20      52.0356      3.09155
      4535.60      61.2611      3.30772
      4537.00      50.9722      3.09280
      4538.40      53.2214      3.14746
      4539.80      64.9120      3.43841
      4541.20      57.4741      3.27448
      4542.60      57.5673      3.27447
      4544.00      58.6499      3.32571
      4545.40      58.8159      3.29204
      4546.80      63.0144      3.37981
      4548.20      55.2654      3.36935
      4549.60      54.8521      3.45258
      4551.00      60.7768      3.63551
      4552.40      52.0128      3.50514
      4553.80      59.4107      3.48320
      4555.20      54.6875      3.31887
      4556.60      55.0252      3.32777
      4558.00      58.4992      3.38893
      4559.40      55.3801      3.34700
      4560.80      64.7727      3.43590
      4562.20      60.3468      3.16239
      4563.60      57.4432      3.09192
      4565.00      61.2618      3.16964
      4566.40      53.2287      3.06230
      4567.80      53.3607      3.11581
      4569.20      60.9176      3.26567
      4570.60      63.8800      3.27228
      4572.00      64.6505      3.21735
      4573.40      60.8330      3.13207
      4574.80      53.2585      2.98995
      4576.20      60.5369      3.13063
      4577.60      56.5829      3.01266
      4579.00      58.8629      3.07287
      4580.40      62.0574      3.17824
      4581.80      58.1126      3.06720
      4583.20      56.7784      3.01396
      4584.60      58.9071      3.06688
      4586.00      54.1873      2.95767
      4587.40      48.5512      2.84217
      4588.80      55.2870      3.14255
      4590.20      56.8647      3.43304
      4591.60      51.1792      3.20515
      4593.00      55.3864      2.96948
      4594.40      56.6650      3.05469
      4595.80      57.2406      3.04803
      4597.20      59.5916      3.05174
      4598.60      59.2302      3.25198
      4600.00      58.7449      3.04435
      4601.40      61.5552      3.11442
      4602.80      60.2654      3.07342
      4604.20      55.6076      2.97189
      4605.60      58.2654      3.00401
      4607.00      56.3909      3.02487
      4608.40      59.4459      3.25649
      4609.80      55.3471      3.14342
      4611.20      56.6639      3.01307
      4612.60      55.4240      2.95663
      4614.00      63.1934      3.27634
      4615.40      58.4274      3.35324
      4616.80      63.4069      3.48888
      4618.20      56.4180      3.32124
      4619.60      58.1481      3.35089
      4621.00      60.6568      3.35858
      4622.40      57.4131      3.12281
      4623.80      60.0767      3.05582
      4625.20      53.9395      2.91906
      4626.60      61.5841      3.27877
      4628.00      58.5664      3.26010
      4629.40      59.6257      3.16272
      4630.80      61.6601      3.08161
      4632.20      55.7459      2.95961
      4633.60      55.2376      3.21364
      4635.00      61.1354      3.39868
      4636.40      61.3978      3.28738
      4637.80      52.3595      2.90876
      4639.20      61.3821      3.06965
      4640.60      54.6592      2.91421
      4642.00      57.9430      3.01866
      4643.40      62.5773      3.11644
      4644.80      59.2289      3.07748
      4646.20      57.2996      3.04497
      4647.60      56.2310      2.95774
      4649.00      55.5347      2.94275
      4650.40      56.2976      2.97069
      4651.80      54.2280      2.94465
      4653.20      56.2846      3.06260
      4654.60      57.5204      3.15566
      4656.00      57.5666      3.14930
      4657.40      57.2009      3.04933
      4658.80      53.7916      2.98379
      4660.20      58.1441      3.15416
      4661.60      55.7737      3.09707
      4663.00      57.9538      3.05013
      4664.40      55.9827      2.99639
      4665.80      59.4316      3.11040
      4667.20      55.5751      3.02526
      4668.60      59.6626      3.06722
      4670.00      58.6268      3.06851
      4671.40      58.0490      3.05588
      4672.80      53.1959      2.98509
      4674.20      59.0639      3.17087
      4675.60      63.7831      3.29073
      4677.00      60.4982      3.17767
      4678.40      55.8358      2.96157
      4679.80      55.3004      2.91496
      4681.20      59.7835      3.02992
      4682.60      58.2152      3.12004
      4684.00      54.8342      3.18817
      4685.40      58.2598      3.18481
      4686.80      57.3349      3.07892
      4688.20      64.5743      3.27466
      4689.60      63.2716      3.29856
      4691.00      58.8298      3.15793
      4692.40      64.6360      3.22467
      4693.80      54.7348      3.22109
      4695.20      60.4558      4.36649
      4696.60      60.6379      3.54106
      4698.00      61.2752      3.11567
      4699.40      58.1844      2.99274
      4700.80      62.7520      3.14018
      4702.20      54.9740      3.18749
      4703.60      53.0190      3.31151
      4705.00      54.5288      3.44706
      4706.40      57.0695      3.49645
      4707.80      58.3780      3.42322
      4709.20      54.6628      3.08965
      4710.60      52.0496      2.96224
      4712.00      53.3341      3.17333
      4713.40      52.7536      3.00359
      4714.80      51.4261      3.00965
      4716.20      53.1981      2.96236
      4717.60      54.3196      3.18854
      4719.00      55.4084      3.01643
      4720.40      54.7228      2.98741
      4721.80      55.8920      3.00445
      4723.20      56.4817      3.10904
      4724.60      54.7677      2.99705
      4726.00      57.2902      3.05282
      4727.40      58.3906      3.05239
      4728.80      60.4121      3.10375
      4730.20      58.0494      3.29113
      4731.60      58.6838      3.35476
      4733.00      55.4766      3.22767
      4734.40      55.3087      3.09514
      4735.80      54.4859      3.03221
      4737.20      55.4215      2.95225
      4738.60      52.8755      2.88826
      4740.00      52.9111      2.92820
      4741.40      52.9986      3.03381
      4742.80      50.8089      2.78210
      4744.20      61.0422      3.00112
      4745.60      53.3992      2.89691
      4747.00      56.4375      2.98405
      4748.40      60.1065      2.97927
      4749.80      50.8677      2.75311
      4751.20      61.7322      3.13908
      4752.60      61.5317      3.26264
      4754.00      57.3895      3.15549
      4755.40      62.4348      3.14760
      4756.80      59.2617      2.99367
      4758.20      57.4132      3.00666
      4759.60      57.0468      2.87384
      4761.00      56.9842      2.92520
      4762.40      53.9346      2.79901
      4763.80      51.8169      2.74244
      4765.20      55.9943      2.83379
      4766.60      53.2796      2.77496
      4768.00      57.5972      2.85997
      4769.40      56.4009      2.94959
      4770.80      53.0089      2.95689
      4772.20      55.4333      2.93311
      4773.60      52.8656      2.80664
      4775.00      57.5993      3.02489
      4776.40      58.4067      3.22522
      4777.80      52.8665      2.97999
      4779.20      54.3106      2.81075
      4780.60      57.6107      2.89481
      4782.00      55.5660      2.85959
      4783.40      57.0930      2.87360
      4784.80      55.8671      2.87559
      4786.20      53.3789      2.84014
      4787.60      55.7176      2.85662
      4789.00      55.2476      2.82478
      4790.40      57.3195      2.85238
      4791.80      54.4908      2.79951
      4793.20      57.1144      2.94428
      4794.60      45.7721      7.93977
      4796.00      58.4740      3.39187
      4797.40      56.6736      2.84295
      4798.80      56.5675      2.83950
      4800.20      61.5069      2.94228
      4801.60      54.1249      2.77378
      4803.00      49.6362      2.69254
      4804.40      57.0889      2.87064
      4805.80      56.3411      2.84587
      4807.20      53.7719      2.80175
      4808.60      52.6105      2.81237
      4810.00      50.0936      2.72098
      4811.40      57.8948      2.84940
      4812.80      57.2652      2.85013
      4814.20      56.1034      2.90068
      4815.60      60.1166      3.20552
      4817.00      55.2348      3.19586
      4818.40      58.2119      3.17399
      4819.80      57.5506      3.10084
      4821.20      53.1513      3.02613
      4822.60      57.0556      3.29774
      4824.00      59.6466      3.08562
      4825.40      52.7730      2.91719
      4826.80      54.3242      2.86563
      4828.20      60.8024      2.96334
      4829.60      60.2755      2.96206
      4831.00      54.2561      2.84640
      4832.40      59.2383      3.03584
      4833.80      56.8650      2.97771
      4835.20      58.9368      2.94147
      4836.60      55.3224      2.83801
      4838.00      52.1352      2.83172
      4839.40      53.8037      2.96371
      4840.80      56.1519      2.91177
      4842.20      58.0807      2.90042
      4843.60      57.7581      2.91883
      4845.00      53.0575      2.84299
      4846.40      50.6361      2.76037
      4847.80      57.9193      2.90832
      4849.20      52.8298      2.77934
      4850.60      56.0543      2.84264
      4852.00      49.1354      2.70622
      4853.40      52.6565      2.80202
      4854.80      47.5943      2.65796
      4856.20      50.3643      2.71851
      4857.60      49.8959      2.71322
      4859.00      50.6944      2.71780
      4860.40      52.0634      2.74137
      4861.80      41.7153      2.51279
      4863.20      37.5472      2.41757
      4864.60      30.7676      2.25215
      4866.00      29.7789      2.26549
      4867.40      35.0483      2.41909
      4868.80      43.7282      2.56867
      4870.20      47.3812      2.64715
      4871.60      46.0391      2.63529
      4873.00      47.9138      2.89361
      4874.40      44.1491      3.16045
      4875.80      48.7081      3.17188
      4877.20      49.3335      2.67728
      4878.60      49.8465      2.66878
      4880.00      53.0099      2.77655
      4881.40      48.8121      2.78646
      4882.80      53.8879      3.02527
      4884.20      55.3698      2.74888
      4885.60      61.1902      2.87853
      4887.00      60.6218      2.90078
      4888.40      58.2021      2.86775
      4889.80      59.5694      2.84752
      4891.20      57.5548      2.76324
      4892.60      58.9307      2.81651
      4894.00      52.2062      2.68002
      4895.40      50.8281      2.65971
      4896.80      57.2443      2.79091
      4898.20      61.7227      2.85750
      4899.60      59.6581      2.79147
      4901.00      56.1678      2.71202
      4902.40      58.0530      2.72942
      4903.80      56.6035      2.70105
      4905.20      58.8132      2.73974
      4906.60      56.7325      2.80198
      4908.00      58.1180      3.02614
      4909.40      57.2701      2.82517
      4910.80      58.2360      2.71021
      4912.20      59.2823      2.74590
      4913.60      56.6276      2.77277
      4915.00      63.0386      2.87205
      4916.40      62.9620      2.85628
      4917.80      58.5970      2.74365
      4919.20      55.9434      2.82354
      4920.60      58.3597      2.88485
      4922.00      57.3609      2.72745
      4923.40      58.5269      2.72569
      4924.80      53.7839      2.78637
      4926.20      55.7673      2.98298
      4927.60      57.4113      2.87441
      4929.00      55.9582      2.68584
      4930.40      58.9048      2.71728
      4931.80      60.3826      2.77439
      4933.20      52.2280      2.68581
      4934.60      60.5356      2.90483
      4936.00      59.6997      2.83282
      4937.40      56.5691      2.67865
      4938.80      54.2356      2.61468
      4940.20      56.8842      2.72113
      4941.60      55.9290      2.71377
      4943.00      59.6213      2.75291
      4944.40      58.5681      2.71954
      4945.80      56.7133      2.74116
      4947.20      52.5794      2.69858
      4948.60      63.2390      2.84891
      4950.00      62.6961      2.78300
      4951.40      63.7403      2.89734
      4952.80      59.6006      2.97077
      4954.20      54.9831      2.84732
      4955.60      52.9908      2.65970
      4957.00      59.8827      2.71713
      4958.40      61.7045      2.75537
      4959.80      64.5726      2.81620
      4961.20      51.0720      2.56512
      4962.60      54.6665      2.64657
      4964.00      55.5353      2.66281
      4965.40      55.5580      2.65213
      4966.80      57.6373      2.71109
      4968.20      57.4347      2.79149
      4969.60      57.7673      2.71339
      4971.00      56.1290      2.67626
      4972.40      58.7520      2.80513
      4973.80      62.7795      2.87637
      4975.20      63.0487      2.85871
      4976.60      57.3884      2.75583
      4978.00      50.2373      2.64847
      4979.40      55.6187      2.80879
      4980.80      57.7013      2.82249
      4982.20      63.9100      3.12460
      4983.60      59.7032      3.28872
      4985.00      54.2988      3.03670
      4986.40      54.4662      2.81008
      4987.80      54.4009      2.70971
      4989.20      56.9213      2.73592
      4990.60      62.1770      2.86424
      4992.00      58.6251      2.76210
      4993.40      53.4681      2.64157
      4994.80      56.5111      2.75340
      4996.20      53.8130      2.81788
      4997.60      61.8839      2.93610
      4999.00      59.0803      2.72016
