      3900.00      151.893      13.2392
      3901.40      143.602      12.7342
      3902.80      142.852      12.5124
      3904.20      129.653      12.0965
      3905.60      126.444      12.3763
      3907.00      146.659      13.3849
      3908.40      141.534      12.9965
      3909.80      158.464      13.1759
      3911.20      176.086      14.0322
      3912.60      192.590      14.8865
      3914.00      150.274      14.4404
      3915.40      150.018      13.8688
      3916.80      139.696      11.9731
      3918.20      146.473      11.9876
      3919.60      140.643      11.9591
      3921.00      132.559      11.3190
      3922.40      133.851      11.0498
      3923.80      135.236      10.7797
      3925.20      154.795      11.5241
      3926.60      125.736      11.1017
      3928.00      151.445      11.7640
      3929.40      138.270      10.8258
      3930.80      123.182      10.1614
      3932.20      118.716      10.0671
      3933.60      112.102      9.80951
      3935.00      93.5933      9.16175
      3936.40      61.8358      8.20353
      3937.80      65.6357      8.48355
      3939.20      105.117      9.61112
      3940.60      130.619      10.9915
      3942.00      153.848      11.2820
      3943.40      140.270      11.1406
      3944.80      162.235      11.6576
      3946.20      157.131      11.9961
      3947.60      150.911      11.4285
      3949.00      157.973      11.8044
      3950.40      154.825      11.6288
      3951.80      161.288      11.8066
      3953.20      141.838      11.2682
      3954.60      146.176      11.3971
      3956.00      144.147      11.7014
      3957.40      166.727      12.3220
      3958.80      161.392      12.2996
      3960.20      142.540      11.9143
      3961.60      127.421      11.3156
      3963.00      128.560      11.8053
      3964.40      124.546      11.1209
      3965.80      113.751      10.7363
      3967.20      123.051      10.8838
      3968.60      118.934      10.6947
      3970.00      78.3235      9.67685
      3971.40      65.4405      9.29225
      3972.80      64.9395      9.15940
      3974.20      77.8117      9.38083
      3975.60      110.955      9.97120
      3977.00      113.845      9.85877
      3978.40      131.125      10.4223
      3979.80      117.961      10.3030
      3981.20      133.545      10.5926
      3982.60      132.586      10.7599
      3984.00      134.476      10.2973
      3985.40      135.433      10.0303
      3986.80      153.591      10.2516
      3988.20      145.247      10.4189
      3989.60      157.779      10.7420
      3991.00      150.991      10.4932
      3992.40      157.887      10.4154
      3993.80      162.465      10.4027
      3995.20      157.076      10.2979
      3996.60      148.132      9.92650
      3998.00      164.269      10.0318
      3999.40      161.123      10.0981
      4000.80      158.511      10.1139
      4002.20      140.623      9.72676
      4003.60      140.595      9.87824
      4005.00      157.194      10.0770
      4006.40      164.804      10.1686
      4007.80      140.205      9.64577
      4009.20      144.019      9.80641
      4010.60      170.473      10.1812
      4012.00      162.159      9.91534
      4013.40      153.426      9.78299
      4014.80      156.486      9.87844
      4016.20      158.688      9.84068
      4017.60      130.643      9.26808
      4019.00      148.467      9.62692
      4020.40      146.446      9.66125
      4021.80      164.831      10.1180
      4023.20      155.637      10.2336
      4024.60      146.051      10.1902
      4026.00      159.750      10.1191
      4027.40      167.673      10.0783
      4028.80      134.359      9.40764
      4030.20      143.735      9.50659
      4031.60      153.737      9.67149
      4033.00      160.284      9.66426
      4034.40      158.796      9.83451
      4035.80      171.687      10.2379
      4037.20      144.191      9.69396
      4038.60      144.055      9.55300
      4040.00      166.827      10.0271
      4041.40      147.652      10.0045
      4042.80      152.859      10.4584
      4044.20      160.748      10.7640
      4045.60      160.321      11.0105
      4047.00      157.002      11.4317
      4048.40      164.155      11.0324
      4049.80      138.675      10.1746
      4051.20      149.571      10.1113
      4052.60      152.226      9.94330
      4054.00      152.976      10.2741
      4055.40      155.800      10.6343
      4056.80      150.873      10.4882
      4058.20      156.534      10.2418
      4059.60      156.461      10.3936
      4061.00      156.223      10.3284
      4062.40      156.761      10.3883
      4063.80      141.349      9.99772
      4065.20      158.419      10.2334
      4066.60      137.043      9.40077
      4068.00      150.246      9.84139
      4069.40      138.435      9.59604
      4070.80      152.729      10.0247
      4072.20      166.046      10.4035
      4073.60      155.812      10.1288
      4075.00      150.427      9.87407
      4076.40      143.940      9.57237
      4077.80      146.361      9.63655
      4079.20      136.497      9.51833
      4080.60      131.245      9.22267
      4082.00      141.706      9.07097
      4083.40      151.136      9.22699
      4084.80      135.664      8.72531
      4086.20      146.337      8.98242
      4087.60      140.716      8.97331
      4089.00      148.943      8.95971
      4090.40      140.080      8.75255
      4091.80      158.684      9.23275
      4093.20      157.508      9.25984
      4094.60      154.490      9.18748
      4096.00      138.991      8.70628
      4097.40      129.973      8.59555
      4098.80      135.012      9.08865
      4100.20      133.447      8.92334
      4101.60      121.309      8.54511
      4103.00      112.507      8.07901
      4104.40      80.1386      7.10270
      4105.80      85.3109      7.37445
      4107.20      96.0767      7.52048
      4108.60      125.370      8.18843
      4110.00      136.720      8.38496
      4111.40      140.904      8.79583
      4112.80      135.187      9.12462
      4114.20      142.714      9.05977
      4115.60      143.129      8.97426
      4117.00      146.738      8.89406
      4118.40      143.907      8.80748
      4119.80      143.508      8.75413
      4121.20      139.591      8.77942
      4122.60      142.622      8.75377
      4124.00      148.363      8.84845
      4125.40      145.150      8.78010
      4126.80      151.447      9.05331
      4128.20      149.214      9.29626
      4129.60      147.397      9.57011
      4131.00      154.016      9.65319
      4132.40      155.006      9.35100
      4133.80      158.564      9.11702
      4135.20      130.775      8.26273
      4136.60      138.902      8.42758
      4138.00      140.446      8.39362
      4139.40      155.154      8.92111
      4140.80      161.817      8.86161
      4142.20      153.214      8.44455
      4143.60      158.167      8.58722
      4145.00      144.212      8.54486
      4146.40      143.924      9.19194
      4147.80      150.229      9.18646
      4149.20      152.463      8.48004
      4150.60      141.967      8.23977
      4152.00      159.727      8.94730
      4153.40      161.727      9.36040
      4154.80      158.811      9.24166
      4156.20      134.403      8.48592
      4157.60      138.533      8.23525
      4159.00      153.379      8.37573
      4160.40      166.287      8.72346
      4161.80      152.687      8.60193
      4163.20      159.827      8.65921
      4164.60      151.152      8.48996
      4166.00      145.718      8.54825
      4167.40      141.170      8.66963
      4168.80      142.565      8.70185
      4170.20      143.687      8.10304
      4171.60      145.509      8.05374
      4173.00      145.550      8.10609
      4174.40      152.214      8.54743
      4175.80      154.647      8.64569
      4177.20      129.699      8.16553
      4178.60      145.825      8.98745
      4180.00      140.013      8.94159
      4181.40      119.986      7.75024
      4182.80      156.404      8.19462
      4184.20      149.252      7.98867
      4185.60      152.375      8.07084
      4187.00      147.581      8.13111
      4188.40      152.104      8.08207
      4189.80      146.982      7.92487
      4191.20      145.609      8.23343
      4192.60      157.421      8.60510
      4194.00      130.414      7.68303
      4195.40      145.911      7.96715
      4196.80      170.006      8.37633
      4198.20      166.031      8.23827
      4199.60      146.276      7.92158
      4201.00      148.450      8.00727
      4202.40      142.547      7.84110
      4203.80      151.248      8.04648
      4205.20      149.922      7.98577
      4206.60      151.936      7.91730
      4208.00      139.750      7.68034
      4209.40      149.762      7.89508
      4210.80      165.071      8.30216
      4212.20      145.084      8.22792
      4213.60      144.146      8.11037
      4215.00      157.771      8.31232
      4216.40      146.544      7.94728
      4217.80      133.181      7.63204
      4219.20      133.755      7.59904
      4220.60      131.996      7.82346
      4222.00      136.095      7.59157
      4223.40      140.621      7.63182
      4224.80      140.360      7.63177
      4226.20      129.581      7.35834
      4227.60      136.873      7.60769
      4229.00      133.645      7.51046
      4230.40      122.104      7.32605
      4231.80      137.702      7.62472
      4233.20      138.220      7.53438
      4234.60      138.944      7.58740
      4236.00      157.253      7.92003
      4237.40      154.249      7.76579
      4238.80      143.992      7.46116
      4240.20      154.035      7.65761
      4241.60      149.206      7.53594
      4243.00      144.886      7.41712
      4244.40      129.853      7.25310
      4245.80      150.657      7.79887
      4247.20      168.063      8.18288
      4248.60      138.067      7.44208
      4250.00      147.756      7.57741
      4251.40      148.381      7.91022
      4252.80      155.640      8.02305
      4254.20      149.481      7.49322
      4255.60      142.730      7.46111
      4257.00      139.125      7.75287
      4258.40      140.218      8.15301
      4259.80      141.214      8.22800
      4261.20      160.727      8.33590
      4262.60      144.095      7.52272
      4264.00      135.590      7.31242
      4265.40      135.557      7.42805
      4266.80      161.254      8.06971
      4268.20      157.249      7.72123
      4269.60      157.490      7.70081
      4271.00      148.667      7.64356
      4272.40      141.585      7.79111
      4273.80      144.671      7.91094
      4275.20      137.807      7.65792
      4276.60      132.761      7.49566
      4278.00      144.539      7.82878
      4279.40      147.479      7.85991
      4280.80      163.094      8.18108
      4282.20      154.810      8.15662
      4283.60      156.408      8.12537
      4285.00      153.150      7.84936
      4286.40      137.624      7.35613
      4287.80      147.104      7.32763
      4289.20      135.809      7.07396
      4290.60      134.956      6.98001
      4292.00      129.230      7.09154
      4293.40      126.646      7.08154
      4294.80      148.043      7.46919
      4296.20      146.832      7.51109
      4297.60      130.030      7.30707
      4299.00      130.880      7.24813
      4300.40      148.337      7.18186
      4301.80      129.534      6.77711
      4303.20      123.752      6.77369
      4304.60      128.072      7.06225
      4306.00      124.751      6.95046
      4307.40      131.346      6.93634
      4308.80      137.533      7.01081
      4310.20      128.303      7.12924
      4311.60      130.487      6.85464
      4313.00      145.826      7.18297
      4314.40      136.982      7.08142
      4315.80      130.409      7.14961
      4317.20      118.805      7.09373
      4318.60      141.825      7.48856
      4320.00      141.324      7.19907
      4321.40      136.775      6.93613
      4322.80      130.424      6.79419
      4324.20      142.021      7.03033
      4325.60      131.734      6.99990
      4327.00      136.812      7.41088
      4328.40      115.230      7.03031
      4329.80      141.227      7.48555
      4331.20      143.925      7.56542
      4332.60      132.588      7.40611
      4334.00      124.859      7.08674
      4335.40      128.706      7.22087
      4336.80      126.870      7.14752
      4338.20      122.612      7.29849
      4339.60      108.860      6.50904
      4341.00      105.557      6.17580
      4342.40      91.5014      5.81528
      4343.80      70.9298      5.34730
      4345.20      81.2371      5.56722
      4346.60      107.374      6.21500
      4348.00      115.426      6.44635
      4349.40      123.383      6.76093
      4350.80      122.525      6.86510
      4352.20      133.820      6.95517
      4353.60      131.330      7.04931
      4355.00      121.826      6.64470
      4356.40      119.351      6.79695
      4357.80      134.565      8.72256
      4359.20      133.785      9.86991
      4360.60      126.066      7.84824
      4362.00      144.171      7.30700
      4363.40      150.445      7.54663
      4364.80      149.162      7.23979
      4366.20      153.676      7.92541
      4367.60      146.894      11.4832
      4369.00      140.922      7.87929
      4370.40      146.835      7.69653
      4371.80      143.237      7.18103
      4373.20      152.918      7.17327
      4374.60      149.358      7.13730
      4376.00      144.741      7.04651
      4377.40      127.399      6.68583
      4378.80      145.777      7.03617
      4380.20      149.506      7.28706
      4381.60      141.138      7.12010
      4383.00      153.024      7.27927
      4384.40      158.162      7.46637
      4385.80      140.574      7.18195
      4387.20      133.228      6.95393
      4388.60      134.791      6.82557
      4390.00      136.557      6.79043
      4391.40      136.411      7.34196
      4392.80      148.737      7.78087
      4394.20      149.106      7.61350
      4395.60      135.714      6.89498
      4397.00      129.705      6.57479
      4398.40      133.242      6.64192
      4399.80      133.574      6.79207
      4401.20      140.833      6.87605
      4402.60      135.137      6.83003
      4404.00      136.818      6.87735
      4405.40      137.626      6.94539
      4406.80      138.145      6.92906
      4408.20      138.887      6.97328
      4409.60      148.563      6.95968
      4411.00      139.814      6.76261
      4412.40      145.438      6.94841
      4413.80      148.018      7.36973
      4415.20      142.394      7.23369
      4416.60      147.287      7.23038
      4418.00      131.639      6.90871
      4419.40      128.049      7.17243
      4420.80      134.778      7.30951
      4422.20      136.688      7.07215
      4423.60      150.380      6.84890
      4425.00      132.915      6.84303
      4426.40      135.564      7.02200
      4427.80      137.483      6.85296
      4429.20      129.387      6.50132
      4430.60      140.159      6.64983
      4432.00      133.650      6.60027
      4433.40      129.200      6.79909
      4434.80      138.919      6.87079
      4436.20      140.438      6.56525
      4437.60      124.653      6.45068
      4439.00      133.020      7.03282
      4440.40      147.808      7.40111
      4441.80      135.291      6.85574
      4443.20      140.332      6.65586
      4444.60      144.561      6.67746
      4446.00      129.766      6.36943
      4447.40      129.320      6.35816
      4448.80      145.599      6.74671
      4450.20      148.492      6.92924
      4451.60      139.605      6.79330
      4453.00      144.760      6.83612
      4454.40      134.141      6.49313
      4455.80      145.365      6.59847
      4457.20      134.990      6.41119
      4458.60      130.383      6.38917
      4460.00      131.939      10.1028
      4461.40      147.373      10.5673
      4462.80      135.610      7.73628
      4464.20      145.307      6.57265
      4465.60      125.256      6.25502
      4467.00      139.092      6.71509
      4468.40      133.452      6.82112
      4469.80      135.797      6.81890
      4471.20      127.147      6.51247
      4472.60      131.234      6.42133
      4474.00      126.407      6.27576
      4475.40      145.518      6.59264
      4476.80      150.373      6.69740
      4478.20      142.112      6.58671
      4479.60      150.721      6.76569
      4481.00      136.417      6.40758
      4482.40      146.220      6.46917
      4483.80      139.868      6.44229
      4485.20      128.581      6.24150
      4486.60      139.325      6.38571
      4488.00      148.432      6.50035
      4489.40      145.212      6.62173
      4490.80      145.053      6.79009
      4492.20      137.797      6.68748
      4493.60      143.695      6.62429
      4495.00      136.411      6.36069
      4496.40      134.873      6.23063
      4497.80      143.943      6.79195
      4499.20      131.484      7.05892
      4500.60      138.554      6.98440
      4502.00      138.379      6.54487
      4503.40      141.786      6.35485
      4504.80      136.412      6.26681
      4506.20      144.338      6.41666
      4507.60      142.985      6.52621
      4509.00      147.266      6.59831
      4510.40      136.465      6.35428
      4511.80      133.971      6.43636
      4513.20      139.355      6.72405
      4514.60      139.356      6.86304
      4516.00      144.936      6.84259
      4517.40      154.096      6.85331
      4518.80      140.153      6.22196
      4520.20      137.340      6.29114
      4521.60      143.741      6.36457
      4523.00      143.239      6.36629
      4524.40      131.838      6.11822
      4525.80      134.881      6.29216
      4527.20      135.512      6.41269
      4528.60      127.142      6.21091
      4530.00      131.454      6.20405
      4531.40      144.098      6.45892
      4532.80      127.648      6.19293
      4534.20      125.993      6.47936
      4535.60      130.290      6.63081
      4537.00      127.245      6.45058
      4538.40      131.392      6.33948
      4539.80      140.237      6.40826
      4541.20      142.078      6.47123
      4542.60      146.590      6.59290
      4544.00      139.152      6.53408
      4545.40      139.849      6.55456
      4546.80      132.801      6.41015
      4548.20      137.702      6.71982
      4549.60      131.981      6.53287
      4551.00      136.407      6.51615
      4552.40      127.445      6.20832
      4553.80      135.080      6.21443
      4555.20      141.625      6.27503
      4556.60      142.718      6.28485
      4558.00      137.596      6.17809
      4559.40      133.438      6.15088
      4560.80      138.792      6.25735
      4562.20      137.980      6.51680
      4563.60      136.594      6.54758
      4565.00      147.320      6.42957
      4566.40      138.402      6.14268
      4567.80      131.656      6.05127
      4569.20      136.510      6.36806
      4570.60      132.673      6.14859
      4572.00      133.609      6.16864
      4573.40      128.932      5.96715
      4574.80      128.632      5.97790
      4576.20      127.198      6.14839
      4577.60      135.893      6.61650
      4579.00      134.331      6.34094
      4580.40      140.762      6.37307
      4581.80      128.497      6.09756
      4583.20      139.606      6.26436
      4584.60      134.188      6.24138
      4586.00      128.087      6.21678
      4587.40      130.554      6.16821
      4588.80      138.063      6.17524
      4590.20      137.135      6.17309
      4591.60      140.641      6.19022
      4593.00      143.833      6.26134
      4594.40      139.013      6.28861
      4595.80      136.243      6.13057
      4597.20      136.198      6.03519
      4598.60      135.020      6.01869
      4600.00      133.019      5.98267
      4601.40      134.700      5.97802
      4602.80      134.430      6.11778
      4604.20      132.877      6.19239
      4605.60      134.286      6.40646
      4607.00      127.094      6.10282
      4608.40      126.800      6.41821
      4609.80      131.472      6.41450
      4611.20      138.863      6.19663
      4612.60      133.306      6.07338
      4614.00      129.623      6.12246
      4615.40      139.520      6.35044
      4616.80      125.944      6.35886
      4618.20      126.640      6.43845
      4619.60      127.169      6.08768
      4621.00      134.093      6.07099
      4622.40      139.236      6.08066
      4623.80      137.160      6.07221
      4625.20      131.756      5.95670
      4626.60      133.564      6.16052
      4628.00      139.503      6.18496
      4629.40      138.832      6.35148
      4630.80      137.642      6.29168
      4632.20      133.595      6.19586
      4633.60      135.128      6.17929
      4635.00      127.217      5.99608
      4636.40      135.642      6.03779
      4637.80      139.115      6.06738
      4639.20      142.242      6.17784
      4640.60      133.744      6.09052
      4642.00      137.798      6.14944
      4643.40      135.424      6.13736
      4644.80      139.497      6.13970
      4646.20      155.280      6.47083
      4647.60      125.905      5.95214
      4649.00      132.421      6.18610
      4650.40      130.245      6.11049
      4651.80      138.638      6.26920
      4653.20      131.959      6.02647
      4654.60      135.886      6.12939
      4656.00      136.626      6.09136
      4657.40      124.080      5.75395
      4658.80      136.517      6.03828
      4660.20      124.531      6.20035
      4661.60      134.054      6.80850
      4663.00      128.518      6.31812
      4664.40      138.218      6.10904
      4665.80      131.531      5.90536
      4667.20      140.580      6.14586
      4668.60      132.861      5.99832
      4670.00      128.359      5.81663
      4671.40      125.645      5.78210
      4672.80      132.557      6.02645
      4674.20      121.748      6.00647
      4675.60      122.319      6.25666
      4677.00      129.294      6.27177
      4678.40      138.287      6.21434
      4679.80      133.407      5.92428
      4681.20      133.766      5.84797
      4682.60      137.064      6.00883
      4684.00      139.120      6.12557
      4685.40      119.536      5.71349
      4686.80      130.764      5.82615
      4688.20      141.801      6.01571
      4689.60      145.126      6.13483
      4691.00      128.278      5.77735
      4692.40      140.202      6.00597
      4693.80      149.389      6.16914
      4695.20      127.811      5.77694
      4696.60      130.957      5.93187
      4698.00      141.993      6.18273
      4699.40      146.003      6.17013
      4700.80      124.924      5.68418
      4702.20      132.720      5.98067
      4703.60      123.638      6.18575
      4705.00      127.008      6.28501
      4706.40      133.292      6.15399
      4707.80      125.974      6.17285
      4709.20      131.375      6.52905
      4710.60      129.447      6.28820
      4712.00      124.800      5.89324
      4713.40      122.445      5.77503
      4714.80      131.312      6.23284
      4716.20      122.379      6.28714
      4717.60      126.025      6.07988
      4719.00      136.056      6.14246
      4720.40      128.951      5.88766
      4721.80      137.789      6.08846
      4723.20      138.226      6.13109
      4724.60      133.390      6.12481
      4726.00      123.686      5.83874
      4727.40      135.592      6.12676
      4728.80      133.268      6.10142
      4730.20      131.062      6.11704
      4731.60      130.075      5.90488
      4733.00      129.130      5.70174
      4734.40      137.435      5.91774
      4735.80      131.036      5.86409
      4737.20      125.500      5.73116
      4738.60      129.517      5.96575
      4740.00      131.143      6.14323
      4741.40      124.080      6.07623
      4742.80      137.711      6.18775
      4744.20      136.825      6.14574
      4745.60      135.902      5.98646
      4747.00      134.549      5.89484
      4748.40      128.467      5.68489
      4749.80      130.372      5.64851
      4751.20      125.015      5.56297
      4752.60      130.277      5.63418
      4754.00      131.357      5.71689
      4755.40      126.190      5.63044
      4756.80      136.831      5.68347
      4758.20      115.757      5.29060
      4759.60      130.294      5.60357
      4761.00      130.155      5.60456
      4762.40      129.336      5.61241
      4763.80      128.189      5.59641
      4765.20      132.183      5.58707
      4766.60      129.079      5.63268
      4768.00      126.717      5.63298
      4769.40      122.040      5.46265
      4770.80      143.136      5.88291
      4772.20      137.598      5.70573
      4773.60      131.017      5.55061
      4775.00      128.403      5.51907
      4776.40      135.397      5.59463
      4777.80      136.105      5.66114
      4779.20      129.875      5.69876
      4780.60      135.032      5.81350
      4782.00      137.146      5.81820
      4783.40      136.274      5.74005
      4784.80      134.756      5.73360
      4786.20      128.432      5.62052
      4787.60      132.304      5.62075
      4789.00      134.372      5.75325
      4790.40      136.316      6.09086
      4791.80      131.332      6.04099
      4793.20      131.683      5.73234
      4794.60      131.761      5.55968
      4796.00      132.522      5.56803
      4797.40      130.989      5.62457
      4798.80      135.402      5.90022
      4800.20      130.720      5.85097
      4801.60      123.053      5.61496
      4803.00      120.696      5.57153
      4804.40      127.912      5.77315
      4805.80      133.106      5.78890
      4807.20      131.006      5.60208
      4808.60      132.438      5.77466
      4810.00      133.318      5.71901
      4811.40      132.079      5.75000
      4812.80      130.047      5.71076
      4814.20      123.176      5.50978
      4815.60      128.765      5.60878
      4817.00      138.042      5.80078
      4818.40      128.403      5.75846
      4819.80      130.805      5.89901
      4821.20      130.067      6.02949
      4822.60      130.578      5.80741
      4824.00      130.606      5.61477
      4825.40      129.450      5.60139
      4826.80      132.032      5.64464
      4828.20      125.632      5.60151
      4829.60      126.224      5.56214
      4831.00      125.078      5.49317
      4832.40      128.908      5.77755
      4833.80      128.428      5.58152
      4835.20      131.597      5.78587
      4836.60      122.117      5.74500
      4838.00      128.784      6.00264
      4839.40      129.797      5.58983
      4840.80      119.487      5.36798
      4842.20      129.594      5.56597
      4843.60      129.075      5.67196
      4845.00      121.094      5.73291
      4846.40      122.565      5.98604
      4847.80      129.068      6.14381
      4849.20      125.125      5.76327
      4850.60      122.719      5.42673
      4852.00      116.364      5.37133
      4853.40      116.653      5.39651
      4854.80      124.817      5.58376
      4856.20      124.443      5.74296
      4857.60      135.623      5.76813
      4859.00      110.283      5.21684
      4860.40      111.661      5.26472
      4861.80      119.197      5.55034
      4863.20      97.4256      5.27822
      4864.60      76.0829      4.88167
      4866.00      85.6690      4.94297
      4867.40      94.1741      5.14617
      4868.80      111.324      5.46019
      4870.20      108.914      5.19192
      4871.60      114.258      5.21548
      4873.00      120.019      5.27972
      4874.40      120.867      5.30128
      4875.80      124.337      5.36849
      4877.20      131.618      5.51319
      4878.60      115.634      5.42929
      4880.00      135.458      5.96646
      4881.40      125.762      5.67330
      4882.80      121.348      5.35123
      4884.20      121.269      5.37259
      4885.60      126.930      5.46551
      4887.00      124.772      5.35440
      4888.40      121.953      5.30661
      4889.80      134.892      5.51027
      4891.20      133.751      5.47665
      4892.60      125.445      5.30458
      4894.00      116.261      5.08477
      4895.40      127.042      5.28759
      4896.80      122.294      5.16986
      4898.20      126.106      5.23441
      4899.60      121.231      5.14237
      4901.00      133.754      5.38285
      4902.40      127.651      5.34715
      4903.80      127.848      5.38158
      4905.20      126.073      5.48108
      4906.60      130.255      5.42143
      4908.00      134.186      5.39386
      4909.40      133.885      5.42959
      4910.80      133.315      5.42883
      4912.20      128.664      5.26438
      4913.60      123.503      5.53165
      4915.00      125.873      5.78621
      4916.40      122.574      5.46330
      4917.80      125.701      5.20497
      4919.20      123.444      5.26935
      4920.60      123.033      5.07179
      4922.00      125.825      5.31237
      4923.40      118.794      5.16628
      4924.80      121.030      5.16173
      4926.20      125.478      5.16600
      4927.60      119.135      5.03374
      4929.00      121.137      5.12073
      4930.40      127.444      5.40175
      4931.80      126.311      5.43458
      4933.20      131.021      5.29664
      4934.60      115.836      4.98011
      4936.00      129.126      5.31131
      4937.40      119.031      5.25820
      4938.80      121.957      5.15064
      4940.20      127.258      5.13889
      4941.60      124.889      5.24966
      4943.00      123.535      5.43611
      4944.40      122.790      5.37995
      4945.80      127.516      5.18841
      4947.20      126.329      5.14642
      4948.60      136.687      5.33020
      4950.00      118.065      5.04601
      4951.40      130.912      5.27776
      4952.80      132.967      5.36865
      4954.20      134.060      5.43186
      4955.60      126.620      5.21378
      4957.00      124.041      5.13571
      4958.40      123.532      5.25103
      4959.80      125.932      5.12310
      4961.20      126.739      5.21136
      4962.60      123.548      5.17538
      4964.00      129.297      5.30004
      4965.40      131.070      5.32800
      4966.80      127.285      5.37591
      4968.20      125.021      5.17183
      4969.60      121.361      5.02183
      4971.00      127.186      5.18186
      4972.40      131.668      5.32999
      4973.80      127.871      5.19266
      4975.20      122.427      5.25600
      4976.60      122.975      5.31050
      4978.00      124.994      5.31674
      4979.40      124.418      5.25515
      4980.80      127.500      5.38992
      4982.20      124.600      5.40357
      4983.60      125.827      5.28697
      4985.00      127.037      5.19042
      4986.40      111.489      5.01048
      4987.80      131.587      5.35401
      4989.20      132.833      5.30949
      4990.60      128.460      5.24875
      4992.00      126.073      5.46561
      4993.40      125.934      5.60566
      4994.80      126.168      5.36555
      4996.20      125.324      5.15359
      4997.60      123.707      5.02956
      4999.00      122.203      5.10926
