      3900.00      276.931      9.65117
      3901.40      309.439      10.4221
      3902.80      306.519      10.3499
      3904.20      311.042      10.3492
      3905.60      300.516      9.95422
      3907.00      318.422      10.3549
      3908.40      357.339      11.1808
      3909.80      369.482      11.4141
      3911.20      374.382      11.5676
      3912.60      347.137      11.0694
      3914.00      320.824      10.6140
      3915.40      341.275      10.9189
      3916.80      341.366      10.7032
      3918.20      333.653      10.4631
      3919.60      345.024      10.7159
      3921.00      348.849      10.8021
      3922.40      354.014      10.9038
      3923.80      349.400      11.1291
      3925.20      354.189      10.8964
      3926.60      336.423      10.4879
      3928.00      324.344      10.2529
      3929.40      305.915      9.87729
      3930.80      238.146      8.15555
      3932.20      143.173      5.86085
      3933.60      93.1667      4.82461
      3935.00      168.459      6.38123
      3936.40      255.274      8.62795
      3937.80      315.651      9.96617
      3939.20      329.227      10.4649
      3940.60      330.793      10.5749
      3942.00      337.736      10.4347
      3943.40      333.567      10.3259
      3944.80      333.549      10.3462
      3946.20      345.425      10.6419
      3947.60      339.668      10.5591
      3949.00      341.046      10.6370
      3950.40      333.656      10.5304
      3951.80      330.710      10.4952
      3953.20      349.411      11.4533
      3954.60      349.475      11.1853
      3956.00      323.155      10.6356
      3957.40      324.624      10.7548
      3958.80      321.861      10.8625
      3960.20      302.604      10.3586
      3961.60      272.467      9.68897
      3963.00      249.484      9.09733
      3964.40      237.353      8.70408
      3965.80      197.794      7.67860
      3967.20      128.391      5.80841
      3968.60      74.2112      4.71051
      3970.00      91.9398      5.23967
      3971.40      140.849      6.24993
      3972.80      179.626      7.05400
      3974.20      208.872      7.55880
      3975.60      247.220      8.26485
      3977.00      271.041      8.76292
      3978.40      274.335      8.85635
      3979.80      296.763      9.35353
      3981.20      307.390      9.49565
      3982.60      302.514      9.36147
      3984.00      318.447      9.66982
      3985.40      319.595      10.0273
      3986.80      318.969      9.67504
      3988.20      336.515      10.0596
      3989.60      350.254      10.4055
      3991.00      353.125      10.5726
      3992.40      354.293      10.6752
      3993.80      355.780      10.7378
      3995.20      356.402      10.4189
      3996.60      334.676      9.98102
      3998.00      334.879      10.0050
      3999.40      351.490      10.5936
      4000.80      354.246      10.4795
      4002.20      363.622      10.6509
      4003.60      359.460      10.5169
      4005.00      325.817      9.75487
      4006.40      355.998      10.3841
      4007.80      363.117      10.5609
      4009.20      374.429      11.0176
      4010.60      367.890      10.7695
      4012.00      347.458      10.2042
      4013.40      356.976      10.4387
      4014.80      361.385      10.5784
      4016.20      359.017      10.5162
      4017.60      367.300      11.0669
      4019.00      379.061      10.9533
      4020.40      369.012      10.6916
      4021.80      375.078      10.8491
      4023.20      353.051      10.3536
      4024.60      350.939      10.3096
      4026.00      374.121      10.8320
      4027.40      359.641      10.5616
      4028.80      370.393      10.7699
      4030.20      358.924      10.5127
      4031.60      358.152      10.5061
      4033.00      370.036      10.7695
      4034.40      363.414      10.6301
      4035.80      358.778      10.5366
      4037.20      382.123      11.0729
      4038.60      391.745      11.3030
      4040.00      390.163      11.2924
      4041.40      393.679      11.3834
      4042.80      379.159      11.0846
      4044.20      366.506      10.8491
      4045.60      339.949      10.2973
      4047.00      353.951      10.7091
      4048.40      382.822      11.2992
      4049.80      387.562      11.3389
      4051.20      387.141      11.2811
      4052.60      379.014      11.1190
      4054.00      348.708      10.4850
      4055.40      351.105      10.5336
      4056.80      359.459      10.6457
      4058.20      373.363      10.9067
      4059.60      375.661      10.9775
      4061.00      359.932      10.7121
      4062.40      350.561      10.5564
      4063.80      361.521      10.7777
      4065.20      361.442      10.8949
      4066.60      360.241      10.5824
      4068.00      364.501      10.9059
      4069.40      367.339      10.6727
      4070.80      359.305      10.7599
      4072.20      353.087      10.3102
      4073.60      353.005      10.2875
      4075.00      349.317      10.2166
      4076.40      333.642      9.90574
      4077.80      327.157      9.76828
      4079.20      344.974      10.0905
      4080.60      364.705      10.4950
      4082.00      358.071      10.3400
      4083.40      352.644      10.2197
      4084.80      344.900      10.1306
      4086.20      335.669      9.91649
      4087.60      346.003      10.0736
      4089.00      337.229      9.85427
      4090.40      326.356      9.60888
      4091.80      298.443      8.99034
      4093.20      299.617      9.16381
      4094.60      285.336      8.70011
      4096.00      267.664      8.33813
      4097.40      245.243      7.88546
      4098.80      234.276      7.68153
      4100.20      166.626      6.14335
      4101.60      138.135      5.57333
      4103.00      158.931      5.97991
      4104.40      211.642      7.11013
      4105.80      243.506      7.82873
      4107.20      259.670      8.14315
      4108.60      284.699      8.70139
      4110.00      302.184      9.09342
      4111.40      314.717      9.37268
      4112.80      327.011      9.63091
      4114.20      334.808      9.80226
      4115.60      336.206      9.84665
      4117.00      343.375      10.0131
      4118.40      335.212      9.88466
      4119.80      351.189      10.2608
      4121.20      349.381      10.2125
      4122.60      342.507      10.0021
      4124.00      352.859      10.1874
      4125.40      346.276      10.0216
      4126.80      348.931      10.0854
      4128.20      354.719      10.2399
      4129.60      357.156      10.3427
      4131.00      341.895      9.97869
      4132.40      347.368      10.0302
      4133.80      348.519      10.0740
      4135.20      372.501      10.5362
      4136.60      363.802      10.3328
      4138.00      372.848      10.4861
      4139.40      372.189      10.4478
      4140.80      372.156      10.4437
      4142.20      359.295      10.1510
      4143.60      340.756      9.74554
      4145.00      365.996      10.2941
      4146.40      361.134      10.3854
      4147.80      363.148      10.1938
      4149.20      350.697      9.92202
      4150.60      358.265      10.0743
      4152.00      368.906      10.2777
      4153.40      365.374      10.1969
      4154.80      350.436      9.87619
      4156.20      356.201      10.0063
      4157.60      372.972      10.3579
      4159.00      372.277      10.3236
      4160.40      351.951      9.88951
      4161.80      347.111      9.80923
      4163.20      356.593      10.0040
      4164.60      362.383      10.0843
      4166.00      351.850      9.85732
      4167.40      358.448      9.98582
      4168.80      362.233      10.0692
      4170.20      358.802      10.0174
      4171.60      342.109      9.68575
      4173.00      328.668      9.41158
      4174.40      343.039      9.68886
      4175.80      335.727      9.50480
      4177.20      340.546      9.58301
      4178.60      356.128      9.92045
      4180.00      361.051      10.0270
      4181.40      356.350      9.94356
      4182.80      370.874      10.3203
      4184.20      365.682      10.2040
      4185.60      360.080      10.0272
      4187.00      340.222      9.55199
      4188.40      356.612      9.89408
      4189.80      363.954      10.0683
      4191.20      353.555      9.84383
      4192.60      366.691      10.1285
      4194.00      376.012      10.3311
      4195.40      377.863      10.3791
      4196.80      348.103      9.72951
      4198.20      347.821      9.73369
      4199.60      359.420      9.98119
      4201.00      359.368      9.99742
      4202.40      354.860      9.88690
      4203.80      353.074      9.83859
      4205.20      356.747      10.2298
      4206.60      357.622      10.4530
      4208.00      361.407      10.2062
      4209.40      361.968      10.0082
      4210.80      352.362      9.74744
      4212.20      359.578      10.0432
      4213.60      359.620      9.97479
      4215.00      347.287      9.62653
      4216.40      351.469      9.72526
      4217.80      365.102      9.99923
      4219.20      359.440      9.90554
      4220.60      359.947      9.91095
      4222.00      358.727      9.86068
      4223.40      355.636      9.78537
      4224.80      342.357      9.50183
      4226.20      328.131      9.26050
      4227.60      336.794      9.43457
      4229.00      355.701      9.76243
      4230.40      368.971      10.0274
      4231.80      362.497      9.88828
      4233.20      334.490      9.27857
      4234.60      342.496      9.45604
      4236.00      350.636      9.63259
      4237.40      343.804      9.52640
      4238.80      345.770      9.82241
      4240.20      352.071      9.66854
      4241.60      357.994      9.88139
      4243.00      362.162      10.1368
      4244.40      355.942      9.96755
      4245.80      346.062      9.54406
      4247.20      341.423      9.45982
      4248.60      342.914      9.49481
      4250.00      335.137      9.31305
      4251.40      326.443      9.07652
      4252.80      358.769      9.78899
      4254.20      347.010      9.53820
      4255.60      365.022      9.95475
      4257.00      362.769      9.89871
      4258.40      361.108      9.88441
      4259.80      350.137      9.64065
      4261.20      342.720      9.44961
      4262.60      358.213      9.76043
      4264.00      364.805      9.92113
      4265.40      363.768      9.89047
      4266.80      365.015      9.92958
      4268.20      359.765      9.83066
      4269.60      354.723      9.73678
      4271.00      327.596      9.18774
      4272.40      348.011      9.61979
      4273.80      353.791      9.78673
      4275.20      353.856      9.76548
      4276.60      352.340      9.67211
      4278.00      352.820      9.64806
      4279.40      355.157      10.1511
      4280.80      351.078      9.60944
      4282.20      343.320      9.45726
      4283.60      347.381      9.52243
      4285.00      358.043      9.72866
      4286.40      358.964      9.75896
      4287.80      334.461      9.24223
      4289.20      329.356      9.14775
      4290.60      324.529      9.05534
      4292.00      352.381      9.65048
      4293.40      345.557      9.47449
      4294.80      345.815      9.46236
      4296.20      334.840      9.19440
      4297.60      329.186      9.08137
      4299.00      320.442      8.88186
      4300.40      310.103      8.63462
      4301.80      299.827      8.41343
      4303.20      312.644      8.66628
      4304.60      341.481      9.31616
      4306.00      350.045      9.49993
      4307.40      327.566      9.02233
      4308.80      339.970      9.27689
      4310.20      357.782      9.66738
      4311.60      350.608      9.52430
      4313.00      318.664      8.82791
      4314.40      303.377      8.50751
      4315.80      318.967      8.84582
      4317.20      342.599      9.35946
      4318.60      321.220      8.88462
      4320.00      319.638      8.84001
      4321.40      326.495      8.98974
      4322.80      320.494      8.96437
      4324.20      310.951      8.80832
      4325.60      292.222      8.32326
      4327.00      311.016      8.70090
      4328.40      304.281      8.51976
      4329.80      294.615      8.51741
      4331.20      289.607      8.21039
      4332.60      284.453      8.11071
      4334.00      272.655      7.80356
      4335.40      252.877      7.35976
      4336.80      218.622      6.61706
      4338.20      179.103      5.80893
      4339.60      137.631      5.00286
      4341.00      141.600      5.09410
      4342.40      181.045      5.79035
      4343.80      223.224      6.67803
      4345.20      244.492      7.22188
      4346.60      272.237      7.95070
      4348.00      288.029      8.31080
      4349.40      289.700      8.21858
      4350.80      292.463      8.24713
      4352.20      294.250      8.32710
      4353.60      315.416      8.86194
      4355.00      328.430      9.12370
      4356.40      324.563      8.99636
      4357.80      338.046      9.29322
      4359.20      343.543      9.62616
      4360.60      343.856      9.49969
      4362.00      347.022      9.49414
      4363.40      351.179      9.54136
      4364.80      356.394      9.63675
      4366.20      357.374      9.64639
      4367.60      342.830      9.33747
      4369.00      337.285      9.22864
      4370.40      359.542      9.73411
      4371.80      350.865      9.56194
      4373.20      342.060      9.35367
      4374.60      321.646      8.90167
      4376.00      350.775      9.53302
      4377.40      358.225      9.69238
      4378.80      350.167      9.54874
      4380.20      364.701      9.90517
      4381.60      343.440      9.47220
      4383.00      336.423      9.29464
      4384.40      323.153      8.95744
      4385.80      331.616      9.08689
      4387.20      349.108      9.45567
      4388.60      352.649      9.51731
      4390.00      340.440      9.25285
      4391.40      343.244      9.45776
      4392.80      333.392      9.34905
      4394.20      307.122      8.49129
      4395.60      325.993      8.90921
      4397.00      328.336      8.94690
      4398.40      338.870      9.20094
      4399.80      323.737      8.87855
      4401.20      340.149      9.18827
      4402.60      341.892      9.23359
      4404.00      348.069      9.40242
      4405.40      333.162      9.12823
      4406.80      337.464      9.21508
      4408.20      343.596      9.33256
      4409.60      344.714      9.30763
      4411.00      351.768      9.46525
      4412.40      343.886      9.35147
      4413.80      334.627      9.14150
      4415.20      319.293      8.74241
      4416.60      316.440      8.66694
      4418.00      324.554      8.82795
      4419.40      348.137      9.35288
      4420.80      348.010      9.64901
      4422.20      350.695      9.43859
      4423.60      353.983      9.49477
      4425.00      345.708      9.30170
      4426.40      349.549      9.35727
      4427.80      345.471      9.27342
      4429.20      343.258      9.28240
      4430.60      352.267      9.50031
      4432.00      348.939      9.41369
      4433.40      351.981      9.44549
      4434.80      342.083      9.21777
      4436.20      353.077      9.45531
      4437.60      352.525      9.44510
      4439.00      360.496      9.60937
      4440.40      363.283      9.67600
      4441.80      339.875      9.19562
      4443.20      321.378      8.77069
      4444.60      318.075      8.68450
      4446.00      348.662      9.37094
      4447.40      346.442      9.32700
      4448.80      345.919      9.29127
      4450.20      345.863      9.27513
      4451.60      339.795      9.65590
      4453.00      338.931      9.11829
      4454.40      334.546      9.01372
      4455.80      333.951      9.00177
      4457.20      337.584      9.08515
      4458.60      337.970      9.08787
      4460.00      339.699      9.23244
      4461.40      342.351      9.26920
      4462.80      343.916      9.26805
      4464.20      337.430      9.09066
      4465.60      344.696      9.23434
      4467.00      331.657      8.97724
      4468.40      325.129      8.87644
      4469.80      331.194      8.96533
      4471.20      338.215      9.08017
      4472.60      342.062      9.16556
      4474.00      341.069      9.18705
      4475.40      343.759      9.40867
      4476.80      344.975      9.22191
      4478.20      340.242      9.12787
      4479.60      337.771      9.07718
      4481.00      315.669      8.61388
      4482.40      335.334      9.03991
      4483.80      342.377      9.19977
      4485.20      357.856      9.51082
      4486.60      348.436      9.28383
      4488.00      339.153      9.09097
      4489.40      332.703      8.96258
      4490.80      323.324      8.76610
      4492.20      336.180      9.05675
      4493.60      341.066      9.16538
      4495.00      345.245      9.24565
      4496.40      341.312      9.13653
      4497.80      336.541      9.00788
      4499.20      342.321      9.13407
      4500.60      345.138      9.20060
      4502.00      330.103      8.88323
      4503.40      357.414      9.47426
      4504.80      357.572      9.46985
      4506.20      348.262      9.26308
      4507.60      359.837      9.51688
      4509.00      345.861      9.22470
      4510.40      354.289      9.40938
      4511.80      355.217      9.42006
      4513.20      352.541      9.34692
      4514.60      353.542      9.37611
      4516.00      349.699      9.30232
      4517.40      341.288      9.17485
      4518.80      344.260      9.24033
      4520.20      341.276      9.13068
      4521.60      351.332      9.35263
      4523.00      332.487      8.99095
      4524.40      343.849      9.29062
      4525.80      339.921      9.18102
      4527.20      342.365      9.20872
      4528.60      318.360      8.71209
      4530.00      333.415      9.21914
      4531.40      340.631      9.31791
      4532.80      326.980      8.84421
      4534.20      311.855      8.50331
      4535.60      342.791      9.17056
      4537.00      345.725      9.23275
      4538.40      346.850      9.28184
      4539.80      345.415      9.25366
      4541.20      337.707      9.05528
      4542.60      358.032      9.44618
      4544.00      340.229      9.06995
      4545.40      352.426      9.36900
      4546.80      349.218      9.32923
      4548.20      329.677      8.82562
      4549.60      312.950      8.44754
      4551.00      323.153      8.65710
      4552.40      338.171      8.99352
      4553.80      325.957      8.72574
      4555.20      313.363      8.43926
      4556.60      322.251      8.61812
      4558.00      343.778      9.11684
      4559.40      344.398      9.13215
      4560.80      356.148      9.35891
      4562.20      336.283      8.90083
      4563.60      335.070      8.87281
      4565.00      345.416      9.08879
      4566.40      345.399      9.09272
      4567.80      362.254      9.46992
      4569.20      364.279      9.54734
      4570.60      341.679      9.02739
      4572.00      324.127      8.64055
      4573.40      347.359      9.13831
      4574.80      345.730      9.10899
      4576.20      341.350      9.02763
      4577.60      347.897      9.17514
      4579.00      337.957      8.92949
      4580.40      341.214      8.98246
      4581.80      333.331      8.80266
      4583.20      321.845      8.56413
      4584.60      314.511      8.39668
      4586.00      327.546      8.68924
      4587.40      327.489      8.91627
      4588.80      326.846      8.78880
      4590.20      337.198      8.93081
      4591.60      336.176      8.87985
      4593.00      332.700      8.79082
      4594.40      345.295      9.05904
      4595.80      348.508      9.59046
      4597.20      348.530      9.22140
      4598.60      351.613      9.37420
      4600.00      352.069      9.22005
      4601.40      335.104      8.84925
      4602.80      346.031      9.08594
      4604.20      347.200      9.13027
      4605.60      363.014      9.46867
      4607.00      353.890      9.26081
      4608.40      350.418      9.24813
      4609.80      349.811      9.38599
      4611.20      341.891      9.19220
      4612.60      344.780      9.12793
      4614.00      344.754      9.08261
      4615.40      348.184      9.13230
      4616.80      338.295      8.93055
      4618.20      334.702      8.87603
      4619.60      341.404      9.02894
      4621.00      338.584      8.93391
      4622.40      351.445      9.19891
      4623.80      342.380      8.99480
      4625.20      344.152      9.03289
      4626.60      337.892      8.89263
      4628.00      337.639      8.89336
      4629.40      340.111      8.96521
      4630.80      342.083      9.03224
      4632.20      340.103      9.00609
      4633.60      337.250      8.94583
      4635.00      342.894      9.03511
      4636.40      332.225      8.77189
      4637.80      344.230      9.03099
      4639.20      339.299      8.93944
      4640.60      343.763      9.02130
      4642.00      345.184      9.26947
      4643.40      331.855      8.75334
      4644.80      345.357      9.05663
      4646.20      350.099      9.17342
      4647.60      351.541      9.19335
      4649.00      348.565      9.11737
      4650.40      340.703      8.95313
      4651.80      342.003      9.14755
      4653.20      338.751      8.98235
      4654.60      340.575      8.92766
      4656.00      328.569      8.66353
      4657.40      330.036      8.69602
      4658.80      345.188      9.01136
      4660.20      342.147      8.95285
      4661.60      349.003      9.10521
      4663.00      342.343      8.98139
      4664.40      343.238      9.00775
      4665.80      328.192      8.67650
      4667.20      326.585      8.64199
      4668.60      340.860      8.94410
      4670.00      329.348      8.67469
      4671.40      340.061      8.88698
      4672.80      337.342      8.83559
      4674.20      340.913      8.91520
      4675.60      347.166      9.05564
      4677.00      345.448      9.01914
      4678.40      342.521      8.95782
      4679.80      334.993      8.78756
      4681.20      355.224      9.23924
      4682.60      349.485      9.14033
      4684.00      354.404      9.26108
      4685.40      339.504      8.91566
      4686.80      349.207      9.12162
      4688.20      355.470      9.26494
      4689.60      344.459      9.04329
      4691.00      329.794      8.76225
      4692.40      340.362      8.99807
      4693.80      350.082      9.20543
      4695.20      344.284      9.14224
      4696.60      347.864      9.25663
      4698.00      335.527      8.96145
      4699.40      335.399      9.03847
      4700.80      335.164      8.85587
      4702.20      333.253      8.84795
      4703.60      319.287      8.56731
      4705.00      346.814      9.13070
      4706.40      350.057      9.19072
      4707.80      346.230      9.11659
      4709.20      336.724      8.91098
      4710.60      344.728      9.22419
      4712.00      344.621      9.07770
      4713.40      345.451      9.09382
      4714.80      344.292      9.06205
      4716.20      339.300      8.94765
      4717.60      332.417      8.80300
      4719.00      344.501      9.05572
      4720.40      336.146      8.84360
      4721.80      334.229      8.77292
      4723.20      338.245      8.84212
      4724.60      337.372      8.81001
      4726.00      335.672      8.78371
      4727.40      341.256      8.89573
      4728.80      345.595      8.95319
      4730.20      326.473      8.54445
      4731.60      341.027      8.85357
      4733.00      336.433      8.74615
      4734.40      346.428      8.95754
      4735.80      338.710      8.78789
      4737.20      330.606      8.61623
      4738.60      341.719      8.86348
      4740.00      337.499      8.75910
      4741.40      339.099      8.78988
      4742.80      339.820      8.82579
      4744.20      344.821      8.93362
      4745.60      334.593      8.69547
      4747.00      340.193      8.81520
      4748.40      344.453      8.89259
      4749.80      343.509      8.97384
      4751.20      334.536      8.83637
      4752.60      330.376      8.58941
      4754.00      334.060      8.69711
      4755.40      336.562      8.77991
      4756.80      338.531      8.79126
      4758.20      332.134      8.62675
      4759.60      336.877      8.73329
      4761.00      331.278      8.92506
      4762.40      325.240      8.46894
      4763.80      328.454      8.53470
      4765.20      328.565      8.53519
      4766.60      328.507      8.53140
      4768.00      328.312      8.53415
      4769.40      334.122      8.82969
      4770.80      336.639      8.93635
      4772.20      333.837      8.66550
      4773.60      333.194      8.63972
      4775.00      335.935      8.72020
      4776.40      332.661      8.65045
      4777.80      338.270      8.74776
      4779.20      332.112      8.60789
      4780.60      325.042      8.49189
      4782.00      325.852      8.53553
      4783.40      333.358      8.66685
      4784.80      336.849      8.71385
      4786.20      330.740      8.58083
      4787.60      342.416      8.83873
      4789.00      334.421      8.66343
      4790.40      340.153      8.78820
      4791.80      329.981      8.56710
      4793.20      343.050      8.86465
      4794.60      338.963      8.76288
      4796.00      329.112      8.54511
      4797.40      332.429      8.61773
      4798.80      326.063      8.47715
      4800.20      339.240      8.77417
      4801.60      332.242      8.60648
      4803.00      331.749      8.59499
      4804.40      319.969      8.35581
      4805.80      332.969      8.65042
      4807.20      324.709      8.48183
      4808.60      340.922      8.83809
      4810.00      325.272      8.49136
      4811.40      336.234      8.70277
      4812.80      334.349      8.65497
      4814.20      325.155      8.46311
      4815.60      333.140      8.67371
      4817.00      327.890      8.59686
      4818.40      329.072      8.61106
      4819.80      327.917      8.53509
      4821.20      332.035      8.65006
      4822.60      323.136      8.49933
      4824.00      315.787      8.33397
      4825.40      325.673      8.50296
      4826.80      324.071      8.46076
      4828.20      329.573      8.58641
      4829.60      330.465      8.62065
      4831.00      326.874      8.57853
      4832.40      319.716      8.44774
      4833.80      318.899      8.47734
      4835.20      322.827      8.76793
      4836.60      323.705      8.48394
      4838.00      318.621      8.36987
      4839.40      318.529      8.38879
      4840.80      316.708      8.37341
      4842.20      312.035      8.27053
      4843.60      313.671      8.28877
      4845.00      305.039      8.09740
      4846.40      292.387      7.82867
      4847.80      297.204      7.93262
      4849.20      300.185      8.01464
      4850.60      296.027      7.89621
      4852.00      270.344      7.32143
      4853.40      265.140      7.45176
      4854.80      261.340      7.15225
      4856.20      242.730      6.78729
      4857.60      224.376      6.36568
      4859.00      191.623      5.63511
      4860.40      142.667      4.53328
      4861.80      147.567      4.65129
      4863.20      178.192      5.25396
      4864.60      212.449      6.03814
      4866.00      228.970      6.38761
      4867.40      256.094      6.96868
      4868.80      264.919      7.16949
      4870.20      267.171      7.25799
      4871.60      267.004      7.24513
      4873.00      278.354      7.47668
      4874.40      293.901      7.76529
      4875.80      285.583      7.56609
      4877.20      290.713      7.69010
      4878.60      301.632      7.95256
      4880.00      308.909      8.09650
      4881.40      299.200      7.85664
      4882.80      305.139      7.98586
      4884.20      303.682      7.98596
      4885.60      308.585      8.09858
      4887.00      309.952      8.09380
      4888.40      316.812      8.22166
      4889.80      299.583      7.84746
      4891.20      302.585      7.91392
      4892.60      312.368      8.15785
      4894.00      319.791      8.32283
      4895.40      316.598      8.21044
      4896.80      323.427      8.35554
      4898.20      320.462      8.28620
      4899.60      308.913      8.03896
      4901.00      313.928      8.14616
      4902.40      328.873      8.47077
      4903.80      324.716      8.38070
      4905.20      322.814      8.34674
      4906.60      330.592      8.50199
      4908.00      326.231      9.07782
      4909.40      324.019      9.22261
      4910.80      308.570      8.02465
      4912.20      311.576      8.08342
      4913.60      323.098      8.33483
      4915.00      321.096      8.31329
      4916.40      332.580      8.58826
      4917.80      312.352      8.15644
      4919.20      305.349      7.97994
      4920.60      314.706      8.14787
      4922.00      316.413      8.18019
      4923.40      307.215      7.98258
      4924.80      307.438      7.97898
      4926.20      323.230      8.33174
      4927.60      320.879      8.27937
      4929.00      321.908      8.62153
      4930.40      323.884      8.37483
      4931.80      320.961      8.31278
      4933.20      312.272      8.10666
      4934.60      313.880      8.12643
      4936.00      317.321      8.22425
      4937.40      320.375      8.31684
      4938.80      319.694      8.31048
      4940.20      315.680      8.19761
      4941.60      316.447      8.19564
      4943.00      312.845      8.10605
      4944.40      324.571      8.35037
      4945.80      324.570      8.34335
      4947.20      316.840      8.19849
      4948.60      322.030      8.32732
      4950.00      321.724      8.56115
      4951.40      332.182      8.53267
      4952.80      317.292      8.18220
      4954.20      316.306      8.16044
      4955.60      310.027      8.02208
      4957.00      297.507      7.75857
      4958.40      302.005      7.85322
      4959.80      315.289      8.15276
      4961.20      315.980      8.23012
      4962.60      316.157      8.28612
      4964.00      316.182      8.15619
      4965.40      319.933      8.23846
      4966.80      315.892      8.16694
      4968.20      316.723      8.16501
      4969.60      334.538      8.55269
      4971.00      322.197      8.29936
      4972.40      325.301      8.37763
      4973.80      328.670      8.43703
      4975.20      309.650      8.00798
      4976.60      314.442      8.11801
      4978.00      319.082      8.22797
      4979.40      317.027      8.18364
      4980.80      315.910      8.14787
      4982.20      297.486      7.74841
      4983.60      306.483      7.94535
      4985.00      305.030      7.94500
      4986.40      309.732      8.04318
      4987.80      313.961      8.45911
      4989.20      313.099      8.61445
      4990.60      309.475      7.99393
      4992.00      317.816      8.18080
      4993.40      318.983      8.19937
      4994.80      320.299      8.22349
      4996.20      317.436      8.16826
      4997.60      319.483      8.21028
      4999.00      308.947      7.97668
