      3900.00      3030.66      55.7597
      3901.40      3171.17      57.6581
      3902.80      3311.69      60.4359
      3904.20      3327.06      59.7190
      3905.60      3290.77      59.0426
      3907.00      3365.44      59.7692
      3908.40      3620.32      62.2866
      3909.80      3702.79      63.0079
      3911.20      3711.06      63.4466
      3912.60      3606.72      62.1291
      3914.00      3401.50      60.0748
      3915.40      3526.84      61.2764
      3916.80      3509.89      60.7023
      3918.20      3572.08      61.2958
      3919.60      3575.35      60.8878
      3921.00      3484.41      59.8575
      3922.40      3475.26      59.6055
      3923.80      3502.38      59.9020
      3925.20      3588.91      62.4677
      3926.60      3440.39      60.1715
      3928.00      3319.65      57.2655
      3929.40      3086.71      53.8715
      3930.80      2828.77      50.1872
      3932.20      2129.34      41.1526
      3933.60      1209.12      29.8604
      3935.00      1537.70      33.7490
      3936.40      2744.93      48.4476
      3937.80      3336.00      55.8056
      3939.20      3437.08      57.4655
      3940.60      3512.68      59.4203
      3942.00      3499.95      60.2892
      3943.40      3566.84      60.2771
      3944.80      3501.68      59.1253
      3946.20      3566.12      59.6789
      3947.60      3545.83      61.2139
      3949.00      3552.97      60.8607
      3950.40      3541.09      59.1214
      3951.80      3491.44      58.5486
      3953.20      3455.63      57.6976
      3954.60      3496.83      58.2527
      3956.00      3384.30      56.6771
      3957.40      3268.41      55.3716
      3958.80      3265.40      55.2486
      3960.20      3309.22      55.6857
      3961.60      3181.04      53.9010
      3963.00      3091.94      52.4626
      3964.40      3051.28      51.6471
      3965.80      2766.30      47.9921
      3967.20      2017.85      38.5354
      3968.60      1106.04      27.3430
      3970.00      1077.97      26.9369
      3971.40      1819.72      36.2589
      3972.80      2541.11      45.6068
      3974.20      2875.73      49.7861
      3975.60      3044.53      51.8590
      3977.00      3120.52      52.9602
      3978.40      3158.18      53.8097
      3979.80      3276.12      55.1432
      3981.20      3295.54      55.3582
      3982.60      3267.51      54.8801
      3984.00      3414.98      56.4415
      3985.40      3502.85      57.3890
      3986.80      3479.00      57.1479
      3988.20      3430.99      56.3157
      3989.60      3478.63      57.0480
      3991.00      3449.80      56.3379
      3992.40      3464.78      57.3168
      3993.80      3540.94      57.8668
      3995.20      3506.02      57.1587
      3996.60      3500.30      56.7439
      3998.00      3449.97      56.1286
      3999.40      3388.71      55.5719
      4000.80      3526.16      57.3588
      4002.20      3584.52      58.0612
      4003.60      3620.29      58.1846
      4005.00      3403.24      55.5946
      4006.40      3371.93      54.8441
      4007.80      3554.71      57.4375
      4009.20      3530.86      57.3461
      4010.60      3571.43      57.5033
      4012.00      3483.42      56.6389
      4013.40      3493.30      56.6019
      4014.80      3558.55      57.0443
      4016.20      3575.85      57.1297
      4017.60      3649.16      57.7057
      4019.00      3577.01      56.9236
      4020.40      3621.96      57.8157
      4021.80      3528.87      56.5181
      4023.20      3521.32      56.3017
      4024.60      3464.04      56.4866
      4026.00      3468.58      56.1346
      4027.40      3523.11      56.2673
      4028.80      3510.91      55.9617
      4030.20      3500.40      55.6983
      4031.60      3451.08      54.9719
      4033.00      3430.69      54.5058
      4034.40      3417.23      54.4359
      4035.80      3471.28      55.5115
      4037.20      3516.27      56.7406
      4038.60      3551.37      56.7421
      4040.00      3532.38      56.1046
      4041.40      3522.24      55.4412
      4042.80      3526.79      55.5213
      4044.20      3517.33      55.3124
      4045.60      3232.17      52.1292
      4047.00      3301.86      53.1009
      4048.40      3474.39      55.4452
      4049.80      3509.71      55.8277
      4051.20      3514.76      56.0157
      4052.60      3494.98      56.0782
      4054.00      3414.54      54.3466
      4055.40      3431.20      54.2608
      4056.80      3424.08      53.8962
      4058.20      3450.01      54.2441
      4059.60      3471.60      54.6758
      4061.00      3459.20      55.2627
      4062.40      3339.65      53.1594
      4063.80      3113.65      50.4126
      4065.20      3270.79      52.3861
      4066.60      3378.81      55.7179
      4068.00      3408.65      54.2066
      4069.40      3457.83      54.0745
      4070.80      3352.71      53.0382
      4072.20      3231.69      51.2875
      4073.60      3372.01      52.7310
      4075.00      3434.67      53.6055
      4076.40      3341.15      52.4913
      4077.80      3065.01      49.3317
      4079.20      3143.38      50.1144
      4080.60      3294.78      52.0579
      4082.00      3367.02      53.4522
      4083.40      3332.74      53.7073
      4084.80      3278.56      52.1364
      4086.20      3273.37      52.0805
      4087.60      3289.59      52.5635
      4089.00      3239.74      52.3636
      4090.40      3235.12      51.8210
      4091.80      3216.87      51.5472
      4093.20      3099.11      50.1943
      4094.60      3056.45      49.2412
      4096.00      2953.02      47.6403
      4097.40      2834.12      46.3263
      4098.80      2665.12      44.1584
      4100.20      2394.88      41.1268
      4101.60      1813.02      34.2642
      4103.00      1834.49      34.7163
      4104.40      2485.47      42.3658
      4105.80      2811.97      46.3262
      4107.20      2910.17      47.2433
      4108.60      2952.76      47.5210
      4110.00      3058.01      48.4627
      4111.40      3122.15      49.4705
      4112.80      3083.97      49.0320
      4114.20      3190.35      50.2645
      4115.60      3199.00      50.1354
      4117.00      3241.21      50.8560
      4118.40      3229.96      50.6805
      4119.80      3202.25      50.8866
      4121.20      3279.79      51.2724
      4122.60      3262.57      50.8260
      4124.00      3317.26      52.1545
      4125.40      3328.37      51.9874
      4126.80      3287.71      51.2091
      4128.20      3262.07      50.7781
      4129.60      3260.98      50.5146
      4131.00      3204.03      49.8302
      4132.40      3113.12      48.6193
      4133.80      3181.61      49.6948
      4135.20      3266.10      50.4297
      4136.60      3254.00      50.6922
      4138.00      3314.70      51.7545
      4139.40      3319.77      51.1222
      4140.80      3342.08      51.9483
      4142.20      3294.72      50.7840
      4143.60      3119.82      48.3210
      4145.00      3128.28      48.3358
      4146.40      3239.57      50.9456
      4147.80      3262.08      51.5214
      4149.20      3226.56      50.0664
      4150.60      3317.41      50.6068
      4152.00      3315.34      50.7901
      4153.40      3303.52      50.5767
      4154.80      3232.87      49.5056
      4156.20      3223.12      49.4896
      4157.60      3348.62      50.8524
      4159.00      3331.35      50.6383
      4160.40      3284.58      50.3100
      4161.80      3259.72      50.0769
      4163.20      3212.95      49.3667
      4164.60      3255.73      49.7283
      4166.00      3267.05      50.0132
      4167.40      3263.82      50.1630
      4168.80      3226.00      49.8643
      4170.20      3258.43      50.1348
      4171.60      3145.37      48.5843
      4173.00      3084.22      47.6126
      4174.40      3076.64      47.3760
      4175.80      3178.58      48.5210
      4177.20      3192.45      48.6824
      4178.60      3144.27      48.3417
      4180.00      3206.10      49.1372
      4181.40      3205.44      49.3657
      4182.80      3245.19      49.7802
      4184.20      3260.60      49.7546
      4185.60      3250.73      49.7422
      4187.00      3143.35      47.8868
      4188.40      3147.26      47.7223
      4189.80      3246.27      49.0747
      4191.20      3252.53      49.5939
      4192.60      3180.91      48.1641
      4194.00      3220.33      48.8120
      4195.40      3139.84      47.6393
      4196.80      3136.41      47.5792
      4198.20      3062.83      47.1300
      4199.60      3104.95      47.7765
      4201.00      3089.57      47.5433
      4202.40      3052.77      46.5728
      4203.80      3123.22      47.5271
      4205.20      3207.38      48.7681
      4206.60      3206.41      48.7503
      4208.00      3222.14      49.0508
      4209.40      3195.00      48.4940
      4210.80      3185.96      48.4239
      4212.20      3242.99      48.9347
      4213.60      3217.60      48.5485
      4215.00      3075.71      46.7894
      4216.40      2992.03      45.6496
      4217.80      3110.85      47.0640
      4219.20      3228.13      48.4990
      4220.60      3169.49      47.8861
      4222.00      3192.15      48.2831
      4223.40      3191.98      49.0423
      4224.80      3153.70      47.9577
      4226.20      2968.74      45.3061
      4227.60      2879.25      43.7881
      4229.00      3049.12      45.8675
      4230.40      3171.65      47.7819
      4231.80      3182.30      48.0385
      4233.20      3007.42      46.0740
      4234.60      3042.05      46.2945
      4236.00      3156.85      47.4301
      4237.40      3113.47      46.7974
      4238.80      3196.04      48.0396
      4240.20      3229.69      48.0969
      4241.60      3191.91      47.7897
      4243.00      3156.71      47.4809
      4244.40      3243.49      48.3342
      4245.80      3125.21      47.2040
      4247.20      2964.90      45.7279
      4248.60      3053.85      46.7058
      4250.00      3037.37      45.9739
      4251.40      2996.10      45.1993
      4252.80      3085.69      46.8065
      4254.20      3067.63      46.5040
      4255.60      3112.97      46.8944
      4257.00      3165.90      47.6969
      4258.40      3183.85      48.8514
      4259.80      3147.25      56.7166
      4261.20      3119.79      53.7162
      4262.60      3197.50      47.4506
      4264.00      3216.79      48.0405
      4265.40      3202.58      47.9528
      4266.80      3228.07      48.4426
      4268.20      3238.46      48.2657
      4269.60      3171.11      47.2775
      4271.00      3054.25      45.9653
      4272.40      2888.55      43.8469
      4273.80      3038.16      45.4686
      4275.20      3015.36      45.2131
      4276.60      3103.92      46.5235
      4278.00      3155.05      47.2182
      4279.40      3173.99      47.3220
      4280.80      3133.19      46.7322
      4282.20      3140.78      46.7241
      4283.60      3125.19      46.8380
      4285.00      3183.72      47.7561
      4286.40      3146.68      47.1790
      4287.80      3122.75      46.3829
      4289.20      2951.03      44.4135
      4290.60      2862.88      43.2291
      4292.00      3031.77      45.1720
      4293.40      3066.33      45.7179
      4294.80      2990.87      44.8482
      4296.20      3092.73      46.1098
      4297.60      3121.73      46.6455
      4299.00      2977.35      44.8311
      4300.40      2764.90      41.8673
      4301.80      2843.83      42.6827
      4303.20      2859.41      42.8271
      4304.60      3086.14      45.4224
      4306.00      3068.99      45.3087
      4307.40      2910.80      43.4051
      4308.80      2855.73      42.6792
      4310.20      3039.47      44.6924
      4311.60      3088.63      45.3832
      4313.00      2939.61      44.0023
      4314.40      2807.80      42.7754
      4315.80      2883.98      43.5518
      4317.20      3048.50      45.6829
      4318.60      3073.75      45.9750
      4320.00      2990.18      45.0168
      4321.40      2945.91      44.3137
      4322.80      2974.05      44.6038
      4324.20      3045.79      45.0816
      4325.60      2801.79      42.2071
      4327.00      2870.54      43.1120
      4328.40      2968.21      44.6240
      4329.80      2906.74      43.5298
      4331.20      2851.13      43.1205
      4332.60      2838.87      43.2260
      4334.00      2791.33      42.4907
      4335.40      2711.54      41.4295
      4336.80      2561.75      39.8163
      4338.20      2314.76      36.9677
      4339.60      1911.05      32.2117
      4341.00      1577.62      28.3441
      4342.40      1989.71      32.6467
      4343.80      2497.25      42.7577
      4345.20      2640.29      40.2569
      4346.60      2738.21      41.3860
      4348.00      2805.62      42.6706
      4349.40      2833.69      42.6160
      4350.80      2900.48      43.9643
      4352.20      2775.37      43.6027
      4353.60      2897.99      44.6045
      4355.00      2975.26      45.6795
      4356.40      2999.31      45.1438
      4357.80      3016.53      44.9660
      4359.20      3015.89      45.8841
      4360.60      3028.74      45.7486
      4362.00      3089.09      45.7506
      4363.40      3036.83      44.9510
      4364.80      3050.90      45.0200
      4366.20      3061.62      45.2305
      4367.60      3027.21      44.7983
      4369.00      3032.58      44.7885
      4370.40      3027.13      44.6768
      4371.80      3052.68      45.4682
      4373.20      3024.21      44.8070
      4374.60      2912.10      43.0543
      4376.00      2905.95      43.0168
      4377.40      2986.08      44.1854
      4378.80      3126.66      45.6591
      4380.20      3072.32      45.1382
      4381.60      3025.59      44.5985
      4383.00      2859.88      42.6832
      4384.40      2725.44      40.7887
      4385.80      2867.63      42.3541
      4387.20      2982.47      43.8056
      4388.60      3041.44      44.8336
      4390.00      3055.42      44.9240
      4391.40      3027.60      44.6397
      4392.80      2998.84      43.9453
      4394.20      2888.46      42.6774
      4395.60      2766.38      41.2097
      4397.00      2893.37      42.6454
      4398.40      2925.84      43.3886
      4399.80      2868.06      42.5060
      4401.20      2849.14      42.2136
      4402.60      2938.03      43.9808
      4404.00      2954.80      43.5437
      4405.40      2799.82      41.5319
      4406.80      2923.77      42.9517
      4408.20      2976.69      43.6404
      4409.60      2999.69      43.8232
      4411.00      2977.08      43.9610
      4412.40      2981.37      44.2258
      4413.80      3006.12      44.4136
      4415.20      2823.82      42.1387
      4416.60      2759.72      41.0340
      4418.00      2779.72      41.1725
      4419.40      2872.04      42.3735
      4420.80      3005.58      44.2824
      4422.20      2976.82      43.9337
      4423.60      2953.04      43.5321
      4425.00      2956.17      43.5099
      4426.40      2920.65      42.9845
      4427.80      2910.32      42.8946
      4429.20      2933.85      43.5181
      4430.60      2950.97      43.6125
      4432.00      2924.38      43.1143
      4433.40      2950.18      43.2023
      4434.80      2896.94      42.4009
      4436.20      2889.25      42.1438
      4437.60      2928.32      42.6289
      4439.00      3017.50      43.8714
      4440.40      2971.98      43.3985
      4441.80      2935.08      42.7542
      4443.20      2802.81      41.0824
      4444.60      2736.67      40.4148
      4446.00      2881.97      42.4528
      4447.40      2906.35      42.6930
      4448.80      2903.87      42.4259
      4450.20      2885.34      42.1615
      4451.60      2840.66      41.6198
      4453.00      2931.29      42.8731
      4454.40      2856.73      41.9022
      4455.80      2805.06      41.1752
      4457.20      2871.01      41.9715
      4458.60      2879.57      42.0650
      4460.00      2905.33      42.0738
      4461.40      2861.62      41.8153
      4462.80      2904.97      42.2152
      4464.20      2911.44      42.3233
      4465.60      2862.32      41.9022
      4467.00      2858.79      42.0652
      4468.40      2785.62      41.2962
      4469.80      2771.11      41.8464
      4471.20      2874.53      41.9674
      4472.60      2898.22      42.0090
      4474.00      2911.00      42.3518
      4475.40      2899.36      42.0912
      4476.80      2869.53      41.9811
      4478.20      2917.78      42.3677
      4479.60      2881.59      41.9129
      4481.00      2859.33      41.5967
      4482.40      2791.70      40.8494
      4483.80      2910.68      42.2828
      4485.20      2897.04      42.3328
      4486.60      2907.67      42.5212
      4488.00      2877.42      41.7981
      4489.40      2868.76      41.7828
      4490.80      2857.88      41.5002
      4492.20      2862.23      41.5806
      4493.60      2870.12      41.6544
      4495.00      2848.54      41.3331
      4496.40      2847.14      41.3235
      4497.80      2849.28      41.2892
      4499.20      2855.49      41.4646
      4500.60      2788.98      40.8611
      4502.00      2725.00      40.1511
      4503.40      2818.29      41.2699
      4504.80      2869.50      41.7077
      4506.20      2874.84      41.7630
      4507.60      2840.79      41.2943
      4509.00      2804.23      40.8725
      4510.40      2854.80      41.6274
      4511.80      2845.20      41.8570
      4513.20      2840.56      41.5840
      4514.60      2841.80      41.3613
      4516.00      2853.23      41.1666
      4517.40      2837.84      41.0149
      4518.80      2815.61      40.7447
      4520.20      2819.37      41.0416
      4521.60      2810.78      40.6538
      4523.00      2805.28      40.5288
      4524.40      2802.02      40.6981
      4525.80      2835.85      41.1579
      4527.20      2828.69      40.6374
      4528.60      2803.18      40.3644
      4530.00      2802.80      40.3951
      4531.40      2836.70      40.8177
      4532.80      2762.70      39.9552
      4534.20      2613.58      38.3960
      4535.60      2646.95      38.7210
      4537.00      2770.76      40.0659
      4538.40      2853.02      41.1131
      4539.80      2872.59      41.3842
      4541.20      2855.63      41.5517
      4542.60      2850.14      41.5350
      4544.00      2827.93      41.3509
      4545.40      2782.33      40.6130
      4546.80      2839.44      41.2223
      4548.20      2775.47      40.2535
      4549.60      2598.22      38.2967
      4551.00      2647.51      38.5212
      4552.40      2774.62      40.0671
      4553.80      2732.05      39.4814
      4555.20      2694.98      38.8986
      4556.60      2723.31      39.2475
      4558.00      2771.32      39.9233
      4559.40      2823.74      40.5010
      4560.80      2867.97      41.0194
      4562.20      2846.63      40.9477
      4563.60      2684.42      39.1834
      4565.00      2721.07      39.4073
      4566.40      2817.13      40.2906
      4567.80      2846.18      40.7171
      4569.20      2849.60      40.9383
      4570.60      2811.52      40.4895
      4572.00      2643.51      38.4325
      4573.40      2709.81      39.1135
      4574.80      2818.78      40.4876
      4576.20      2834.35      40.7239
      4577.60      2812.98      40.3935
      4579.00      2774.72      39.9502
      4580.40      2822.09      40.2927
      4581.80      2784.59      39.9637
      4583.20      2699.42      39.0785
      4584.60      2672.29      38.6618
      4586.00      2772.04      39.7652
      4587.40      2797.13      40.2548
      4588.80      2798.43      40.1583
      4590.20      2727.15      39.3753
      4591.60      2741.42      39.6019
      4593.00      2800.88      40.2387
      4594.40      2821.83      40.3124
      4595.80      2797.65      40.0058
      4597.20      2811.56      40.1547
      4598.60      2806.55      40.1034
      4600.00      2795.90      39.9875
      4601.40      2785.26      39.8464
      4602.80      2786.46      40.2008
      4604.20      2796.08      39.9940
      4605.60      2804.02      40.0961
      4607.00      2813.87      40.2196
      4608.40      2810.70      40.1880
      4609.80      2837.53      40.3888
      4611.20      2823.29      40.2270
      4612.60      2812.57      40.1611
      4614.00      2829.24      40.4089
      4615.40      2786.64      39.8444
      4616.80      2788.87      39.8550
      4618.20      2790.10      39.7890
      4619.60      2765.27      39.5465
      4621.00      2802.24      40.0926
      4622.40      2811.49      40.2145
      4623.80      2811.31      40.0016
      4625.20      2802.14      39.7542
      4626.60      2803.75      40.1558
      4628.00      2811.99      40.3674
      4629.40      2736.31      39.5329
      4630.80      2771.11      39.6933
      4632.20      2795.79      40.0097
      4633.60      2769.51      39.4772
      4635.00      2753.61      39.5978
      4636.40      2763.06      39.3751
      4637.80      2778.26      39.4740
      4639.20      2769.24      39.3554
      4640.60      2783.35      39.4689
      4642.00      2789.66      39.5848
      4643.40      2809.67      39.8269
      4644.80      2773.67      40.1400
      4646.20      2771.51      39.2652
      4647.60      2758.81      39.0851
      4649.00      2787.27      39.4607
      4650.40      2765.31      39.3974
      4651.80      2778.15      39.5300
      4653.20      2802.36      39.7967
      4654.60      2792.64      39.8072
      4656.00      2777.47      39.9441
      4657.40      2731.56      39.0556
      4658.80      2774.79      39.4158
      4660.20      2782.23      39.9093
      4661.60      2764.90      39.5080
      4663.00      2732.39      38.9098
      4664.40      2767.19      39.2971
      4665.80      2775.18      39.2009
      4667.20      2741.23      38.8364
      4668.60      2700.46      38.1971
      4670.00      2742.36      38.7119
      4671.40      2726.03      38.7183
      4672.80      2734.14      38.9848
      4674.20      2734.21      38.9709
      4675.60      2740.60      39.1526
      4677.00      2750.34      39.3642
      4678.40      2723.20      38.7334
      4679.80      2760.55      39.0319
      4681.20      2760.33      39.0440
      4682.60      2783.82      39.3438
      4684.00      2805.86      39.5711
      4685.40      2759.80      39.2955
      4686.80      2746.77      39.2607
      4688.20      2758.08      39.2495
      4689.60      2743.33      38.9147
      4691.00      2743.02      38.8877
      4692.40      2769.06      39.1386
      4693.80      2772.62      39.3336
      4695.20      2751.03      38.9973
      4696.60      2729.64      38.8705
      4698.00      2762.54      39.2168
      4699.40      2702.01      38.6904
      4700.80      2711.01      38.5766
      4702.20      2689.69      38.0739
      4703.60      2632.82      37.2664
      4705.00      2687.30      37.9722
      4706.40      2695.76      38.3703
      4707.80      2698.45      38.3406
      4709.20      2711.68      38.4615
      4710.60      2670.31      37.8730
      4712.00      2717.58      38.3663
      4713.40      2722.45      38.6865
      4714.80      2735.64      38.6800
      4716.20      2736.82      38.8955
      4717.60      2757.61      39.0924
      4719.00      2759.74      38.9144
      4720.40      2743.36      38.6971
      4721.80      2718.64      38.3786
      4723.20      2704.48      38.1804
      4724.60      2702.69      38.1706
      4726.00      2690.89      38.0594
      4727.40      2683.18      37.9575
      4728.80      2706.63      38.2137
      4730.20      2730.19      38.4665
      4731.60      2724.64      38.3773
      4733.00      2716.10      38.3235
      4734.40      2724.21      38.7508
      4735.80      2704.01      38.4632
      4737.20      2696.77      38.2085
      4738.60      2685.20      38.1315
      4740.00      2694.65      38.2746
      4741.40      2673.52      37.7621
      4742.80      2682.83      38.0665
      4744.20      2691.81      38.2086
      4745.60      2711.32      38.7067
      4747.00      2675.67      37.9632
      4748.40      2678.77      38.0061
      4749.80      2689.21      38.0431
      4751.20      2710.29      38.4125
      4752.60      2722.20      38.3238
      4754.00      2660.26      37.5336
      4755.40      2693.70      38.0113
      4756.80      2712.27      38.1207
      4758.20      2678.68      38.2001
      4759.60      2683.63      38.0489
      4761.00      2673.51      37.9209
      4762.40      2639.75      37.4158
      4763.80      2663.07      37.5467
      4765.20      2667.14      37.4612
      4766.60      2702.36      37.7823
      4768.00      2685.37      37.6100
      4769.40      2692.77      37.7889
      4770.80      2666.19      37.5897
      4772.20      2649.79      37.4917
      4773.60      2671.53      37.5588
      4775.00      2694.38      37.8217
      4776.40      2681.50      37.7787
      4777.80      2659.21      37.6772
      4779.20      2669.42      37.7463
      4780.60      2653.98      37.4601
      4782.00      2657.55      37.3549
      4783.40      2661.06      37.6359
      4784.80      2639.65      37.2460
      4786.20      2671.33      37.6769
      4787.60      2665.84      37.4650
      4789.00      2638.16      37.1385
      4790.40      2641.63      37.0939
      4791.80      2649.60      37.2969
      4793.20      2616.49      36.8934
      4794.60      2655.40      37.3562
      4796.00      2655.33      37.3202
      4797.40      2665.48      37.6249
      4798.80      2605.64      36.7383
      4800.20      2619.73      36.7939
      4801.60      2642.36      37.0594
      4803.00      2644.14      37.1273
      4804.40      2598.37      36.6656
      4805.80      2626.19      36.8759
      4807.20      2613.19      36.6231
      4808.60      2636.72      36.8655
      4810.00      2604.50      36.6313
      4811.40      2608.42      36.7879
      4812.80      2632.33      36.9863
      4814.20      2611.94      36.6997
      4815.60      2636.04      37.0669
      4817.00      2623.41      37.0927
      4818.40      2627.86      36.9412
      4819.80      2626.84      36.7958
      4821.20      2635.05      37.1587
      4822.60      2626.32      37.3341
      4824.00      2582.09      36.7535
      4825.40      2603.10      36.8524
      4826.80      2626.04      36.9127
      4828.20      2618.59      36.9077
      4829.60      2595.06      36.3748
      4831.00      2629.53      36.8185
      4832.40      2594.11      36.3813
      4833.80      2624.75      36.8264
      4835.20      2623.37      36.9831
      4836.60      2622.03      36.9333
      4838.00      2606.12      36.5852
      4839.40      2550.20      35.8334
      4840.80      2564.60      35.9200
      4842.20      2602.91      36.3658
      4843.60      2566.40      36.0643
      4845.00      2557.28      36.1808
      4846.40      2522.49      35.9913
      4847.80      2508.24      35.6717
      4849.20      2483.35      35.2342
      4850.60      2452.75      34.8010
      4852.00      2455.20      34.8554
      4853.40      2425.98      34.4544
      4854.80      2357.61      33.7242
      4856.20      2319.57      33.2559
      4857.60      2257.05      32.4340
      4859.00      2099.43      30.6700
      4860.40      1712.25      26.0465
      4861.80      1361.94      22.0881
      4863.20      1695.91      25.5362
      4864.60      2116.09      30.6390
      4866.00      2253.63      32.3297
      4867.40      2300.35      33.0829
      4868.80      2347.80      33.4491
      4870.20      2396.57      34.0379
      4871.60      2382.60      33.8695
      4873.00      2416.87      34.3538
      4874.40      2432.22      34.9232
      4875.80      2460.66      35.0523
      4877.20      2464.52      34.7600
      4878.60      2451.06      34.6494
      4880.00      2492.68      35.1976
      4881.40      2507.48      35.4241
      4882.80      2513.38      35.7811
      4884.20      2546.92      35.8320
      4885.60      2483.53      35.2023
      4887.00      2496.30      35.3022
      4888.40      2496.58      35.4984
      4889.80      2483.53      35.5098
      4891.20      2440.57      34.7918
      4892.60      2454.65      34.7645
      4894.00      2534.56      35.8645
      4895.40      2538.21      36.1765
      4896.80      2537.76      36.1598
      4898.20      2549.55      36.0646
      4899.60      2542.77      35.9127
      4901.00      2528.05      35.9794
      4902.40      2551.68      36.4252
      4903.80      2510.21      35.6540
      4905.20      2553.10      36.1666
      4906.60      2549.99      36.1507
      4908.00      2551.12      36.2362
      4909.40      2539.90      36.0870
      4910.80      2538.63      35.8814
      4912.20      2541.46      36.2430
      4913.60      2559.13      36.4767
      4915.00      2526.28      35.8468
      4916.40      2551.89      36.1009
      4917.80      2560.89      36.2484
      4919.20      2502.44      35.4178
      4920.60      2481.76      35.0277
      4922.00      2505.76      35.2158
      4923.40      2444.63      34.5832
      4924.80      2406.83      34.1678
      4926.20      2498.83      35.1164
      4927.60      2546.03      35.6688
      4929.00      2538.92      35.8361
      4930.40      2543.52      35.6712
      4931.80      2533.77      35.5996
      4933.20      2468.65      34.7277
      4934.60      2462.57      34.6237
      4936.00      2537.95      35.7531
      4937.40      2523.62      35.8788
      4938.80      2510.68      35.3386
      4940.20      2505.46      35.0546
      4941.60      2527.22      35.4397
      4943.00      2510.18      35.2831
      4944.40      2549.66      35.6693
      4945.80      2517.78      35.1654
      4947.20      2513.66      34.9952
      4948.60      2548.14      35.4946
      4950.00      2513.96      35.3225
      4951.40      2525.49      35.3726
      4952.80      2523.61      35.4402
      4954.20      2519.01      35.3268
      4955.60      2516.04      35.3142
      4957.00      2461.57      34.6411
      4958.40      2403.33      33.7013
      4959.80      2471.36      34.4525
      4961.20      2520.00      35.1878
      4962.60      2542.71      35.3745
      4964.00      2504.31      34.9185
      4965.40      2500.12      34.9704
      4966.80      2506.15      35.0484
      4968.20      2473.95      34.4596
      4969.60      2498.86      34.8352
      4971.00      2494.65      34.7011
      4972.40      2467.57      34.5057
      4973.80      2495.63      34.8315
      4975.20      2493.63      35.0360
      4976.60      2469.49      34.6230
      4978.00      2466.38      34.5118
      4979.40      2465.46      34.4730
      4980.80      2462.10      34.4565
      4982.20      2447.70      34.2160
      4983.60      2459.95      34.2510
      4985.00      2494.48      34.6014
      4986.40      2477.08      34.4225
      4987.80      2465.09      34.3994
      4989.20      2459.84      34.4933
      4990.60      2455.27      34.2270
      4992.00      2431.69      33.8413
      4993.40      2461.18      34.2162
      4994.80      2468.41      34.6094
      4996.20      2448.52      34.7385
      4997.60      2454.79      34.5029
      4999.00      2452.66      34.1740
