      3900.00      122.412      10.5337
      3901.40      134.512      11.5424
      3902.80      136.432      12.1038
      3904.20      109.575      11.6612
      3905.60      108.667      10.7989
      3907.00      116.479      10.0260
      3908.40      124.550      10.3627
      3909.80      124.264      12.0862
      3911.20      130.982      13.3835
      3912.60      128.506      12.5116
      3914.00      137.050      11.0931
      3915.40      156.773      11.0865
      3916.80      159.125      13.5731
      3918.20      156.108      30.4341
      3919.60      164.774      11.0228
      3921.00      153.196      10.3986
      3922.40      162.445      10.7390
      3923.80      137.608      11.0579
      3925.20      156.361      11.4041
      3926.60      150.995      10.6324
      3928.00      151.077      9.98332
      3929.40      145.028      9.40442
      3930.80      135.162      8.90191
      3932.20      133.373      9.01152
      3933.60      124.984      8.70060
      3935.00      99.1843      8.35062
      3936.40      70.1271      7.74461
      3937.80      36.8155      7.01833
      3939.20      24.5280      7.16696
      3940.60      66.9387      8.17776
      3942.00      107.462      9.20958
      3943.40      132.538      9.68461
      3944.80      140.694      9.50119
      3946.20      132.573      9.95115
      3947.60      135.040      9.93463
      3949.00      137.457      10.4158
      3950.40      154.476      10.7844
      3951.80      138.095      10.4631
      3953.20      139.668      10.1213
      3954.60      113.705      9.57459
      3956.00      143.843      9.68980
      3957.40      141.602      9.52382
      3958.80      143.047      9.65328
      3960.20      135.371      9.71642
      3961.60      116.149      9.63564
      3963.00      131.061      9.77725
      3964.40      126.156      8.96230
      3965.80      112.990      8.27308
      3967.20      126.080      8.29521
      3968.60      130.792      7.99619
      3970.00      94.1516      7.28731
      3971.40      80.0137      7.46192
      3972.80      46.8810      7.38203
      3974.20      30.5056      7.35990
      3975.60      38.1941      7.44004
      3977.00      84.2763      8.32419
      3978.40      108.272      8.95044
      3979.80      117.750      9.80684
      3981.20      130.371      10.3707
      3982.60      128.778      11.4798
      3984.00      142.605      9.64318
      3985.40      133.966      10.5761
      3986.80      137.130      10.7786
      3988.20      154.608      10.0380
      3989.60      160.183      9.87354
      3991.00      145.181      10.0882
      3992.40      146.226      10.3893
      3993.80      166.394      10.0529
      3995.20      145.611      9.47276
      3996.60      159.331      9.52826
      3998.00      173.801      9.79768
      3999.40      158.285      9.88071
      4000.80      161.204      9.74670
      4002.20      148.932      10.0739
      4003.60      151.063      10.7137
      4005.00      129.416      9.77391
      4006.40      161.944      9.44586
      4007.80      142.671      9.16288
      4009.20      156.223      9.61453
      4010.60      128.776      9.27740
      4012.00      147.638      9.61519
      4013.40      177.701      10.2417
      4014.80      155.430      9.95039
      4016.20      149.577      9.99384
      4017.60      160.436      9.95020
      4019.00      159.009      9.65192
      4020.40      153.851      9.71501
      4021.80      154.976      10.3547
      4023.20      135.442      10.5100
      4024.60      155.750      10.2291
      4026.00      158.213      9.41482
      4027.40      152.287      9.39019
      4028.80      163.059      9.71134
      4030.20      138.445      9.41390
      4031.60      159.530      9.47215
      4033.00      146.614      9.09714
      4034.40      139.429      8.99117
      4035.80      140.103      9.32940
      4037.20      129.852      9.18051
      4038.60      146.849      9.87995
      4040.00      132.200      9.72104
      4041.40      146.530      9.65737
      4042.80      132.615      10.2081
      4044.20      149.872      11.0320
      4045.60      135.868      10.5287
      4047.00      169.617      11.1971
      4048.40      136.902      10.1189
      4049.80      136.143      9.79573
      4051.20      133.878      9.71164
      4052.60      144.829      9.54331
      4054.00      148.278      9.41842
      4055.40      143.549      9.87864
      4056.80      140.557      9.70457
      4058.20      143.052      9.49413
      4059.60      137.552      10.2658
      4061.00      152.495      11.0075
      4062.40      171.874      10.8444
      4063.80      133.106      9.34800
      4065.20      152.918      9.96714
      4066.60      173.575      10.2519
      4068.00      148.986      10.6569
      4069.40      128.729      10.4860
      4070.80      150.247      9.72897
      4072.20      140.735      9.24758
      4073.60      164.453      10.1455
      4075.00      134.054      10.4233
      4076.40      146.968      9.87818
      4077.80      144.220      9.51901
      4079.20      140.885      9.51336
      4080.60      153.875      9.97389
      4082.00      139.444      9.87892
      4083.40      154.272      10.2592
      4084.80      156.174      10.1094
      4086.20      163.398      9.99025
      4087.60      142.721      9.85362
      4089.00      148.612      10.0928
      4090.40      160.157      10.0841
      4091.80      145.271      9.83935
      4093.20      156.523      10.1577
      4094.60      165.742      10.5347
      4096.00      139.509      9.72887
      4097.40      134.999      9.42393
      4098.80      143.377      9.78017
      4100.20      149.657      9.65640
      4101.60      137.954      9.72201
      4103.00      140.242      9.62366
      4104.40      121.909      9.41987
      4105.80      90.2471      8.84850
      4107.20      74.3973      8.63495
      4108.60      101.540      9.11223
      4110.00      122.004      9.47639
      4111.40      131.380      10.1888
      4112.80      140.473      10.4269
      4114.20      142.370      10.7741
      4115.60      137.418      12.1746
      4117.00      136.539      51.2180
      4118.40      154.039      10.4724
      4119.80      136.980      9.98032
      4121.20      144.827      10.0417
      4122.60      147.623      10.0996
      4124.00      136.509      10.2241
      4125.40      132.473      10.2453
      4126.80      126.455      10.2549
      4128.20      120.179      11.1034
      4129.60      124.195      1414.23
      4131.00      117.824      1414.23
      4132.40      122.755      1414.23
      4133.80      127.679      1414.23
      4135.20      126.048      1414.23
      4136.60      125.476      14.4811
      4138.00      143.763      10.4793
      4139.40      149.361      10.6963
      4140.80      154.115      11.0803
      4142.20      156.400      1000.15
      4143.60      156.266      1732.05
      4145.00      156.132      1732.05
      4146.40      155.995      1732.05
      4147.80      155.857      1732.05
      4149.20      155.717      1732.05
      4150.60      155.576      1732.05
      4152.00      155.435      1732.05
      4153.40      155.296      1732.05
      4154.80      155.158      1732.05
      4156.20      155.022      1732.05
      4157.60      154.887      1732.05
      4159.00      154.752      1732.05
      4160.40      154.620      1732.05
      4161.80      154.489      1732.05
      4163.20      154.359      1732.05
      4164.60      154.230      1732.05
      4166.00      154.102      1732.05
      4167.40      153.976      1732.05
      4168.80      153.852      1732.05
      4170.20      153.728      1732.05
      4171.60      153.606      1732.05
      4173.00      153.484      1732.05
      4174.40      153.365      1732.05
      4175.80      153.246      1732.05
      4177.20      153.130      1732.05
      4178.60      153.014      1732.05
      4180.00      152.899      1732.05
      4181.40      152.786      1732.05
      4182.80      152.675      1732.05
      4184.20      152.564      1732.05
      4185.60      152.454      1732.05
      4187.00      152.347      1732.05
      4188.40      152.240      1732.05
      4189.80      152.135      1732.05
      4191.20      152.031      1732.05
      4192.60      151.928      1732.05
      4194.00      151.826      1732.05
      4195.40      151.726      1732.05
      4196.80      151.627      1732.05
      4198.20      151.530      1732.05
      4199.60      151.434      1732.05
      4201.00      151.338      1732.05
      4202.40      151.245      1732.05
      4203.80      151.152      1732.05
      4205.20      151.061      1732.05
      4206.60      150.971      1732.05
      4208.00      150.882      1732.05
      4209.40      150.796      1732.05
      4210.80      150.710      1732.05
      4212.20      150.625      1732.05
      4213.60      150.541      1732.05
      4215.00      150.460      1732.05
      4216.40      150.379      1732.05
      4217.80      150.300      1732.05
      4219.20      150.222      1414.27
      4220.60      146.984      10.5346
      4222.00      134.394      10.1352
      4223.40      138.565      9.89957
      4224.80      158.842      10.1012
      4226.20      142.329      12.2133
      4227.60      152.371      10.2382
      4229.00      153.610      9.77308
      4230.40      142.081      9.89190
      4231.80      142.115      10.4126
      4233.20      148.978      10.4137
      4234.60      152.449      10.0652
      4236.00      143.273      9.78655
      4237.40      154.597      9.84613
      4238.80      127.982      9.49178
      4240.20      127.125      9.52564
      4241.60      157.571      10.1624
      4243.00      144.308      9.94494
      4244.40      137.578      9.80010
      4245.80      146.577      10.0118
      4247.20      146.877      10.2036
      4248.60      149.303      9.99068
      4250.00      155.574      9.75271
      4251.40      137.982      9.70833
      4252.80      134.660      9.99041
      4254.20      130.172      9.53083
      4255.60      142.274      9.47001
      4257.00      128.287      9.32546
      4258.40      124.025      9.47599
      4259.80      141.125      9.41796
      4261.20      151.962      9.33552
      4262.60      143.553      9.70078
      4264.00      161.131      9.81891
      4265.40      143.948      9.70622
      4266.80      149.917      9.83722
      4268.20      163.484      9.94208
      4269.60      161.398      10.0919
      4271.00      157.221      9.68343
      4272.40      158.608      9.55992
      4273.80      151.063      9.28442
      4275.20      146.720      9.12436
      4276.60      123.154      8.88433
      4278.00      135.595      9.37413
      4279.40      131.669      9.15254
      4280.80      136.328      9.04403
      4282.20      142.791      9.64450
      4283.60      143.601      9.31804
      4285.00      138.402      9.09493
      4286.40      146.397      9.01568
      4287.80      153.914      9.06688
      4289.20      147.918      9.02666
      4290.60      117.100      8.36449
      4292.00      133.796      8.73851
      4293.40      141.085      8.89189
      4294.80      117.152      8.53936
      4296.20      131.538      8.67916
      4297.60      161.861      9.12009
      4299.00      134.639      8.45184
      4300.40      142.440      8.39132
      4301.80      154.048      8.58371
      4303.20      131.599      8.60430
      4304.60      119.906      8.66862
      4306.00      126.175      8.43899
      4307.40      123.781      7.93979
      4308.80      116.004      7.63649
      4310.20      149.067      8.24887
      4311.60      140.003      8.20029
      4313.00      131.622      8.20286
      4314.40      141.911      8.52669
      4315.80      129.999      8.52937
      4317.20      132.215      8.63368
      4318.60      120.786      8.51189
      4320.00      123.396      8.62340
      4321.40      124.334      9.04227
      4322.80      142.938      8.89073
      4324.20      121.174      7.83811
      4325.60      136.654      7.79037
      4327.00      145.913      8.29346
      4328.40      133.555      8.66575
      4329.80      116.340      8.28737
      4331.20      129.867      8.28520
      4332.60      132.957      8.14147
      4334.00      150.657      8.52421
      4335.40      135.098      8.79945
      4336.80      131.965      8.66805
      4338.20      125.068      7.74820
      4339.60      120.762      7.40146
      4341.00      119.713      7.20512
      4342.40      115.383      7.46415
      4343.80      90.5240      7.18598
      4345.20      76.8965      7.43373
      4346.60      73.5364      8.36967
      4348.00      95.4052      9.09500
      4349.40      119.160      8.96739
      4350.80      110.963      23.9788
      4352.20      121.895      8.47592
      4353.60      126.079      8.08482
      4355.00      130.216      7.99420
      4356.40      138.775      7.98385
      4357.80      116.367      8.40625
      4359.20      138.387      9.61734
      4360.60      140.612      9.01861
      4362.00      140.685      8.18846
      4363.40      137.116      8.03458
      4364.80      152.068      8.22619
      4366.20      152.979      8.16811
      4367.60      147.599      7.95443
      4369.00      144.806      7.97384
      4370.40      129.745      7.75218
      4371.80      141.977      7.84409
      4373.20      136.877      7.54170
      4374.60      130.872      7.46141
      4376.00      127.036      7.47948
      4377.40      150.694      7.70223
      4378.80      135.717      7.51050
      4380.20      125.345      7.40873
      4381.60      124.191      7.29865
      4383.00      142.438      7.29117
      4384.40      155.868      7.13958
      4385.80      146.838      7.05385
      4387.20      136.347      7.42677
      4388.60      135.222      7.33900
      4390.00      129.249      7.29332
      4391.40      135.689      7.41972
      4392.80      125.082      7.31437
      4394.20      138.183      8.07440
      4395.60      127.583      7.81391
      4397.00      137.702      7.26026
      4398.40      141.406      7.41999
      4399.80      133.763      10.0779
      4401.20      134.170      8.73181
      4402.60      118.565      6.87646
      4404.00      135.306      7.06945
      4405.40      124.421      6.76808
      4406.80      131.018      7.05189
      4408.20      142.223      7.47111
      4409.60      118.668      7.03242
      4411.00      150.298      7.36756
      4412.40      127.728      7.20685
      4413.80      127.894      7.10557
      4415.20      150.012      7.24102
      4416.60      148.221      7.14523
      4418.00      134.299      7.15443
      4419.40      120.916      6.90692
      4420.80      111.475      6.95255
      4422.20      127.131      7.23619
      4423.60      135.094      7.23066
      4425.00      154.703      7.61959
      4426.40      133.049      7.20541
      4427.80      149.397      7.18396
      4429.20      136.628      6.98685
      4430.60      135.316      6.96418
      4432.00      132.817      7.10900
      4433.40      136.352      7.37594
      4434.80      135.836      7.15322
      4436.20      147.022      7.17830
      4437.60      135.621      7.30173
      4439.00      129.713      7.30484
      4440.40      136.117      7.56690
      4441.80      131.495      7.25527
      4443.20      140.319      6.94703
      4444.60      137.330      6.84591
      4446.00      144.349      7.10651
      4447.40      127.696      6.88601
      4448.80      123.755      6.84847
      4450.20      128.622      6.95565
      4451.60      128.471      6.78308
      4453.00      134.186      7.10645
      4454.40      125.871      7.04285
      4455.80      134.943      6.78040
      4457.20      136.465      6.57318
      4458.60      140.184      6.66063
      4460.00      134.980      6.71339
      4461.40      134.088      6.81822
      4462.80      130.334      6.69465
      4464.20      127.690      6.58453
      4465.60      141.780      6.77530
      4467.00      129.301      6.60221
      4468.40      138.853      6.70264
      4469.80      145.083      6.84301
      4471.20      144.961      7.66947
      4472.60      142.268      12.3243
      4474.00      149.689      7.53360
      4475.40      127.735      6.80360
      4476.80      134.801      6.71143
      4478.20      143.275      6.87410
      4479.60      149.907      6.97431
      4481.00      142.026      10.3903
      4482.40      142.585      7.90000
      4483.80      145.063      6.94228
      4485.20      141.820      6.72108
      4486.60      134.263      6.75464
      4488.00      133.919      7.70091
      4489.40      137.264      8.09323
      4490.80      139.779      7.33073
      4492.20      131.550      6.72005
      4493.60      133.849      7.13394
      4495.00      140.958      7.49882
      4496.40      143.939      7.48134
      4497.80      130.819      7.15389
      4499.20      138.430      6.76846
      4500.60      143.312      6.71971
      4502.00      134.901      6.55413
      4503.40      142.988      6.63745
      4504.80      135.745      6.68825
      4506.20      133.029      6.71056
      4507.60      127.287      6.61859
      4509.00      129.781      6.65933
      4510.40      142.311      6.96295
      4511.80      149.911      7.60372
      4513.20      146.688      7.65580
      4514.60      138.226      7.41837
      4516.00      142.034      7.22944
      4517.40      138.677      6.98632
      4518.80      142.793      6.76540
      4520.20      130.839      6.44206
      4521.60      114.455      6.39844
      4523.00      130.417      6.52178
      4524.40      121.071      6.47692
      4525.80      129.418      6.42492
      4527.20      135.727      6.39105
      4528.60      137.445      6.52750
      4530.00      133.704      6.85840
      4531.40      133.353      6.80728
      4532.80      132.028      6.60765
      4534.20      126.526      6.35314
      4535.60      123.821      6.21800
      4537.00      123.996      6.35381
      4538.40      117.433      6.42593
      4539.80      116.177      6.41578
      4541.20      113.796      6.37801
      4542.60      143.570      6.63320
      4544.00      150.608      6.72957
      4545.40      147.794      6.74701
      4546.80      128.762      6.58094
      4548.20      126.402      6.39269
      4549.60      140.987      6.42806
      4551.00      139.125      6.46870
      4552.40      129.361      6.99586
      4553.80      126.865      6.77959
      4555.20      122.107      6.51217
      4556.60      123.999      6.57132
      4558.00      129.289      6.89394
      4559.40      125.627      6.45207
      4560.80      127.040      6.45831
      4562.20      111.195      6.30825
      4563.60      141.607      6.75400
      4565.00      135.883      6.62425
      4566.40      129.698      6.35461
      4567.80      142.853      6.68896
      4569.20      129.285      6.60039
      4570.60      126.002      6.31671
      4572.00      145.983      6.41803
      4573.40      138.912      6.37864
      4574.80      146.969      6.85489
      4576.20      135.595      6.98998
      4577.60      126.438      7.10915
      4579.00      123.840      7.23363
      4580.40      125.792      7.01001
      4581.80      126.925      6.39861
      4583.20      136.531      6.48268
      4584.60      135.549      6.98107
      4586.00      132.968      7.36826
      4587.40      138.734      6.67100
      4588.80      141.292      6.37453
      4590.20      131.175      6.28915
      4591.60      131.697      6.61258
      4593.00      135.044      6.30176
      4594.40      137.725      6.27824
      4595.80      134.788      6.26169
      4597.20      135.757      6.60759
      4598.60      135.396      6.70325
      4600.00      141.556      6.71742
      4601.40      137.321      6.95587
      4602.80      135.634      6.91973
      4604.20      134.640      6.70655
      4605.60      130.938      6.26558
      4607.00      133.117      6.47917
      4608.40      127.639      6.47361
      4609.80      129.506      6.41712
      4611.20      131.590      6.27243
      4612.60      137.221      6.24532
      4614.00      135.980      6.44601
      4615.40      136.545      6.57755
      4616.80      140.748      7.46770
      4618.20      146.010      7.50212
      4619.60      141.028      6.84008
      4621.00      143.174      6.70119
      4622.40      145.166      6.63755
      4623.80      143.117      6.34916
      4625.20      122.316      6.16128
      4626.60      129.513      6.42574
      4628.00      132.367      6.57226
      4629.40      134.110      6.62513
      4630.80      146.527      6.47668
      4632.20      148.291      6.49186
      4633.60      137.991      6.37603
      4635.00      150.079      6.59763
      4636.40      133.923      6.38954
      4637.80      134.435      6.19293
      4639.20      137.915      6.08176
      4640.60      148.789      6.46036
      4642.00      151.467      6.56413
      4643.40      140.875      6.23571
      4644.80      140.242      6.18504
      4646.20      139.379      6.53476
      4647.60      120.779      6.59738
      4649.00      148.757      6.43797
      4650.40      138.009      6.16051
      4651.80      144.230      6.38032
      4653.20      138.509      6.24536
      4654.60      134.213      6.13364
      4656.00      137.599      6.20621
      4657.40      134.453      6.39667
      4658.80      138.142      6.84462
      4660.20      127.342      6.79531
      4661.60      125.945      6.45748
      4663.00      128.995      6.19550
      4664.40      133.229      6.12867
      4665.80      136.247      6.19244
      4667.20      132.665      6.04729
      4668.60      129.803      6.16658
      4670.00      140.338      6.49910
      4671.40      147.109      6.56648
      4672.80      126.105      6.13989
      4674.20      132.269      6.21917
      4675.60      133.743      6.41969
      4677.00      133.557      6.53801
      4678.40      140.229      6.55737
      4679.80      143.945      6.39515
      4681.20      139.651      6.24559
      4682.60      151.085      6.38383
      4684.00      145.017      6.21345
      4685.40      139.456      6.15954
      4686.80      132.150      6.06613
      4688.20      134.670      6.08357
      4689.60      129.806      5.97647
      4691.00      136.115      6.08412
      4692.40      138.033      6.35149
      4693.80      141.165      6.63670
      4695.20      132.242      6.32259
      4696.60      138.760      6.17723
      4698.00      141.941      6.14273
      4699.40      146.068      6.19723
      4700.80      134.606      5.99560
      4702.20      141.444      6.21213
      4703.60      146.584      6.45926
      4705.00      140.599      6.14537
      4706.40      145.549      6.12926
      4707.80      141.474      6.05760
      4709.20      132.006      5.91082
      4710.60      133.542      5.95701
      4712.00      135.210      5.99816
      4713.40      149.644      6.18959
      4714.80      132.765      5.94485
      4716.20      148.983      6.17942
      4717.60      141.050      6.24453
      4719.00      141.322      6.14856
      4720.40      132.853      6.11340
      4721.80      133.749      6.35215
      4723.20      133.512      6.16963
      4724.60      133.259      6.00064
      4726.00      141.940      6.17018
      4727.40      129.938      6.00306
      4728.80      136.201      6.11718
      4730.20      141.061      6.05070
      4731.60      142.310      6.03653
      4733.00      134.636      5.96962
      4734.40      141.560      6.39352
      4735.80      132.236      6.42304
      4737.20      144.389      6.40535
      4738.60      142.721      6.30409
      4740.00      131.788      6.11261
      4741.40      130.383      5.97206
      4742.80      127.811      5.90130
      4744.20      140.051      6.15199
      4745.60      145.833      6.37556
      4747.00      142.502      6.43534
      4748.40      151.886      6.55368
      4749.80      140.118      6.20662
      4751.20      132.401      5.97582
      4752.60      138.712      6.04349
      4754.00      130.275      6.08747
      4755.40      141.064      6.29393
      4756.80      137.360      6.02471
      4758.20      135.254      5.88682
      4759.60      133.552      6.15472
      4761.00      133.096      6.76756
      4762.40      134.611      6.53162
      4763.80      143.736      6.21658
      4765.20      138.777      6.07578
      4766.60      135.826      6.11151
      4768.00      142.424      6.09347
      4769.40      121.127      5.75506
      4770.80      114.266      5.83153
      4772.20      136.295      6.15089
      4773.60      140.717      6.19243
      4775.00      127.818      5.84076
      4776.40      136.874      5.94821
      4777.80      136.374      5.94845
      4779.20      135.267      5.93492
      4780.60      137.418      5.95752
      4782.00      131.009      5.86771
      4783.40      133.373      5.83809
      4784.80      124.814      5.72984
      4786.20      131.540      5.79694
      4787.60      141.919      5.91877
      4789.00      128.889      5.74793
      4790.40      136.428      5.83806
      4791.80      134.618      5.92025
      4793.20      123.277      5.90146
      4794.60      129.115      5.88863
      4796.00      136.312      5.86746
      4797.40      146.803      6.03841
      4798.80      144.200      5.99625
      4800.20      135.053      6.35445
      4801.60      138.339      6.60295
      4803.00      130.491      6.15678
      4804.40      133.005      5.85292
      4805.80      124.421      5.66582
      4807.20      121.455      5.57853
      4808.60      128.423      5.73121
      4810.00      131.590      5.82743
      4811.40      133.089      5.99381
      4812.80      132.436      5.94663
      4814.20      135.660      5.98432
      4815.60      137.207      6.03183
      4817.00      125.376      5.77944
      4818.40      131.506      6.00577
      4819.80      125.049      6.63844
      4821.20      143.004      6.81175
      4822.60      139.223      6.14260
      4824.00      132.097      5.84927
      4825.40      122.070      6.17532
      4826.80      128.269      6.42861
      4828.20      126.674      6.19339
      4829.60      129.746      6.06595
      4831.00      130.076      5.74051
      4832.40      135.534      5.81872
      4833.80      136.716      5.92149
      4835.20      123.203      5.73442
      4836.60      129.411      5.74221
      4838.00      126.840      5.74391
      4839.40      138.114      6.38574
      4840.80      132.229      6.37656
      4842.20      133.236      5.95206
      4843.60      125.173      5.70223
      4845.00      123.322      5.80386
      4846.40      128.266      6.05787
      4847.80      122.103      5.96415
      4849.20      122.653      5.82714
      4850.60      124.638      5.81509
      4852.00      124.875      5.68657
      4853.40      124.451      5.94590
      4854.80      120.118      5.99275
      4856.20      126.439      5.66615
      4857.60      123.350      5.62352
      4859.00      109.501      5.75316
      4860.40      114.322      5.79457
      4861.80      108.130      5.34980
      4863.20      116.947      5.32993
      4864.60      100.639      5.14098
      4866.00      90.9157      5.13365
      4867.40      65.6539      4.84942
      4868.80      73.1875      5.31997
      4870.20      98.5131      5.78483
      4871.60      114.988      5.69926
      4873.00      118.270      5.69239
      4874.40      128.809      6.08829
      4875.80      126.187      6.04103
      4877.20      122.084      5.69258
      4878.60      118.575      5.65533
      4880.00      135.185      6.52783
      4881.40      122.756      6.77029
      4882.80      128.479      6.26856
      4884.20      129.016      5.86707
      4885.60      125.513      5.98416
      4887.00      125.754      5.92298
      4888.40      129.270      6.09465
      4889.80      127.853      5.86948
      4891.20      123.787      5.60551
      4892.60      125.279      5.61761
      4894.00      123.321      6.00673
      4895.40      127.997      6.57464
      4896.80      116.332      6.20328
      4898.20      121.323      5.78756
      4899.60      135.864      5.80659
      4901.00      133.721      5.83951
      4902.40      129.034      5.77751
      4903.80      129.659      5.72300
      4905.20      127.314      5.57798
      4906.60      121.878      5.57139
      4908.00      121.726      5.56283
      4909.40      121.147      5.57941
      4910.80      128.632      5.82983
      4912.20      115.151      5.65374
      4913.60      138.674      6.06960
      4915.00      129.841      6.07954
      4916.40      134.691      5.87939
      4917.80      130.029      5.58895
      4919.20      126.432      5.53944
      4920.60      142.062      5.56183
      4922.00      122.667      5.29164
      4923.40      132.944      5.47404
      4924.80      124.136      5.40997
      4926.20      121.968      5.53599
      4927.60      116.103      5.64138
      4929.00      122.949      5.48915
      4930.40      111.042      5.42108
      4931.80      118.040      5.80675
      4933.20      125.237      5.87517
      4934.60      126.185      5.59000
      4936.00      125.219      5.43888
      4937.40      124.221      5.44481
      4938.80      123.735      5.39959
      4940.20      114.161      5.37956
      4941.60      116.319      5.66643
      4943.00      128.432      5.69844
      4944.40      126.587      5.79523
      4945.80      127.563      5.97731
      4947.20      134.223      5.82974
      4948.60      127.430      5.53450
      4950.00      131.259      5.50583
      4951.40      124.063      5.39077
      4952.80      128.545      5.47911
      4954.20      129.423      5.59811
      4955.60      133.289      5.98222
      4957.00      132.614      5.68785
      4958.40      124.856      5.21451
      4959.80      138.798      5.45125
      4961.20      124.634      5.44771
      4962.60      117.568      5.60957
      4964.00      116.524      5.47454
      4965.40      130.636      5.72864
      4966.80      132.755      5.99831
      4968.20      135.406      9.63678
      4969.60      141.765      5.79792
      4971.00      124.914      5.49433
      4972.40      120.609      5.30711
      4973.80      122.375      5.39797
      4975.20      129.341      5.46844
      4976.60      117.575      5.68618
      4978.00      127.152      5.92848
      4979.40      132.473      5.83942
      4980.80      133.002      5.78364
      4982.20      125.625      5.58292
      4983.60      128.106      5.31125
      4985.00      123.925      5.22242
      4986.40      115.889      5.14588
      4987.80      128.412      5.42190
      4989.20      121.918      5.35346
      4990.60      119.459      5.26536
      4992.00      130.338      5.36550
      4993.40      126.405      5.42273
      4994.80      115.259      5.37721
      4996.20      113.870      5.48673
      4997.60      123.641      5.36124
      4999.00      127.756      5.34310
