      3900.00      300.477      9.99935
      3901.40      310.398      10.2037
      3902.80      322.852      10.6558
      3904.20      333.827      10.6528
      3905.60      343.415      10.7864
      3907.00      361.488      11.2359
      3908.40      372.731      11.3497
      3909.80      404.060      11.8519
      3911.20      382.536      11.4189
      3912.60      378.527      11.3010
      3914.00      386.779      11.4401
      3915.40      366.134      11.0568
      3916.80      380.710      11.3222
      3918.20      394.141      11.4778
      3919.60      394.270      11.4382
      3921.00      384.507      11.2526
      3922.40      375.676      11.0863
      3923.80      380.632      11.1554
      3925.20      404.002      11.5274
      3926.60      403.580      11.4861
      3928.00      388.017      11.3240
      3929.40      374.311      10.9540
      3930.80      389.359      11.2196
      3932.20      360.807      10.6114
      3933.60      279.705      9.10197
      3935.00      200.853      7.56346
      3936.40      298.999      9.34930
      3937.80      379.080      10.8984
      3939.20      393.092      11.1080
      3940.60      397.597      11.2145
      3942.00      382.493      11.0038
      3943.40      386.992      11.2082
      3944.80      379.130      10.9295
      3946.20      390.072      11.0719
      3947.60      380.359      10.8674
      3949.00      378.666      10.8269
      3950.40      362.236      10.5435
      3951.80      370.311      10.6296
      3953.20      367.681      10.7697
      3954.60      354.857      10.4557
      3956.00      360.393      10.4771
      3957.40      345.712      10.1934
      3958.80      335.551      9.95596
      3960.20      315.287      9.61806
      3961.60      307.691      9.39436
      3963.00      297.957      9.10322
      3964.40      286.973      8.89192
      3965.80      254.281      8.30335
      3967.20      229.860      7.83274
      3968.60      165.322      6.59200
      3970.00      95.6080      5.27074
      3971.40      102.627      5.33195
      3972.80      151.780      6.31028
      3974.20      203.938      7.34529
      3975.60      227.708      7.86599
      3977.00      256.775      8.42648
      3978.40      284.217      9.00244
      3979.80      292.174      9.07780
      3981.20      308.585      9.30390
      3982.60      319.306      9.45259
      3984.00      334.500      9.71362
      3985.40      335.608      9.76419
      3986.80      334.034      9.74149
      3988.20      346.140      9.89164
      3989.60      361.746      10.1392
      3991.00      369.370      10.2455
      3992.40      369.386      10.2857
      3993.80      381.853      10.4870
      3995.20      364.053      10.1969
      3996.60      366.099      10.1802
      3998.00      367.024      10.1840
      3999.40      372.918      10.2886
      4000.80      368.710      10.1791
      4002.20      371.160      10.2053
      4003.60      380.260      10.3978
      4005.00      378.720      10.4804
      4006.40      375.477      10.2223
      4007.80      374.674      10.1817
      4009.20      381.844      10.3531
      4010.60      362.120      10.0711
      4012.00      381.159      10.5463
      4013.40      384.191      10.6716
      4014.80      373.697      10.4943
      4016.20      388.894      10.5990
      4017.60      375.823      10.2149
      4019.00      368.233      10.0896
      4020.40      372.066      10.4185
      4021.80      373.042      10.4624
      4023.20      375.464      10.1755
      4024.60      383.031      10.2815
      4026.00      372.626      10.1563
      4027.40      367.176      10.2524
      4028.80      373.492      10.4201
      4030.20      373.356      10.1414
      4031.60      371.473      10.0333
      4033.00      365.207      9.89584
      4034.40      374.429      10.0527
      4035.80      359.180      9.78607
      4037.20      388.329      10.2865
      4038.60      384.991      10.1686
      4040.00      356.547      9.66404
      4041.40      367.069      9.86301
      4042.80      381.938      10.1308
      4044.20      365.383      9.86058
      4045.60      370.569      9.95088
      4047.00      358.210      9.82074
      4048.40      375.054      10.1690
      4049.80      370.085      9.95548
      4051.20      379.302      10.0938
      4052.60      367.998      9.95078
      4054.00      369.399      9.96586
      4055.40      373.507      9.98208
      4056.80      353.077      9.53560
      4058.20      365.773      9.74309
      4059.60      373.322      9.88047
      4061.00      361.207      9.72478
      4062.40      369.009      9.81362
      4063.80      373.706      9.87775
      4065.20      349.026      9.43201
      4066.60      365.293      9.76968
      4068.00      352.221      9.60435
      4069.40      345.074      9.46497
      4070.80      348.067      9.43548
      4072.20      343.102      9.30878
      4073.60      345.208      9.31178
      4075.00      350.293      9.47820
      4076.40      354.994      9.62957
      4077.80      342.488      9.39880
      4079.20      336.672      9.21242
      4080.60      334.258      9.11356
      4082.00      346.928      9.34079
      4083.40      346.132      9.29912
      4084.80      335.592      9.15777
      4086.20      320.772      8.86197
      4087.60      323.476      8.94732
      4089.00      315.502      8.84644
      4090.40      303.891      8.52437
      4091.80      304.041      8.51209
      4093.20      282.334      8.09504
      4094.60      277.237      8.13791
      4096.00      266.849      7.94667
      4097.40      243.670      7.44954
      4098.80      230.361      7.21250
      4100.20      194.461      6.54591
      4101.60      159.352      5.83115
      4103.00      126.319      5.20183
      4104.40      135.664      5.32207
      4105.80      187.936      6.32809
      4107.20      227.473      7.13149
      4108.60      237.928      7.33052
      4110.00      252.388      7.53185
      4111.40      272.498      8.13706
      4112.80      274.942      7.91795
      4114.20      283.519      8.09254
      4115.60      316.715      8.81844
      4117.00      309.147      8.52391
      4118.40      319.825      8.65839
      4119.80      321.457      8.65672
      4121.20      324.656      8.72064
      4122.60      333.008      8.82586
      4124.00      330.500      8.79086
      4125.40      328.124      8.75111
      4126.80      328.288      8.72729
      4128.20      333.729      9.01353
      4129.60      341.319      8.93806
      4131.00      337.407      8.92855
      4132.40      335.104      9.00102
      4133.80      334.956      9.01985
      4135.20      330.513      8.88348
      4136.60      343.874      9.03715
      4138.00      345.538      9.01851
      4139.40      353.817      9.16005
      4140.80      349.146      9.05630
      4142.20      343.970      8.94203
      4143.60      321.532      8.52155
      4145.00      328.685      8.63842
      4146.40      341.053      8.86015
      4147.80      340.163      8.86717
      4149.20      346.379      8.98685
      4150.60      345.642      8.97246
      4152.00      333.192      8.76275
      4153.40      349.600      9.05973
      4154.80      343.405      8.93661
      4156.20      344.862      8.96780
      4157.60      344.276      8.91474
      4159.00      344.347      8.90497
      4160.40      342.489      8.87043
      4161.80      348.710      8.98452
      4163.20      333.416      8.74429
      4164.60      336.072      8.86279
      4166.00      343.814      8.97969
      4167.40      342.343      8.92692
      4168.80      339.153      8.80716
      4170.20      338.132      8.88332
      4171.60      340.691      9.15950
      4173.00      348.417      9.04398
      4174.40      345.340      8.91475
      4175.80      338.795      8.79275
      4177.20      356.512      9.16467
      4178.60      340.553      8.94745
      4180.00      332.420      8.74617
      4181.40      336.645      8.70106
      4182.80      334.373      8.68563
      4184.20      328.856      8.54016
      4185.60      331.054      8.59065
      4187.00      329.158      8.62905
      4188.40      333.865      8.63981
      4189.80      342.847      8.79230
      4191.20      338.159      8.71165
      4192.60      330.300      8.57658
      4194.00      330.376      8.60944
      4195.40      334.110      8.94767
      4196.80      331.257      8.68878
      4198.20      325.232      8.47294
      4199.60      327.856      8.48323
      4201.00      321.328      8.35397
      4202.40      336.635      8.60674
      4203.80      330.694      8.50748
      4205.20      347.035      8.84494
      4206.60      337.258      8.70400
      4208.00      338.759      8.89950
      4209.40      342.750      8.74279
      4210.80      342.068      9.02682
      4212.20      339.235      9.15870
      4213.60      340.322      9.17837
      4215.00      330.884      8.53333
      4216.40      327.367      8.46760
      4217.80      323.836      8.41524
      4219.20      333.802      8.59186
      4220.60      332.218      8.57939
      4222.00      335.707      8.65534
      4223.40      333.393      8.55102
      4224.80      336.331      8.60636
      4226.20      332.556      8.49849
      4227.60      318.831      8.21543
      4229.00      320.399      8.27382
      4230.40      330.878      8.53798
      4231.80      335.498      8.65923
      4233.20      331.151      8.53478
      4234.60      315.653      8.20356
      4236.00      320.452      8.28824
      4237.40      329.954      8.49345
      4238.80      326.683      8.41161
      4240.20      324.805      8.32212
      4241.60      327.834      8.37370
      4243.00      316.475      8.14620
      4244.40      330.153      8.45081
      4245.80      336.601      8.60917
      4247.20      320.514      8.23918
      4248.60      328.096      8.36208
      4250.00      329.153      8.40518
      4251.40      318.369      8.24114
      4252.80      322.622      8.41498
      4254.20      330.075      8.53846
      4255.60      325.678      8.37320
      4257.00      327.227      8.37298
      4258.40      320.934      8.23675
      4259.80      329.452      8.38086
      4261.20      324.353      8.28150
      4262.60      324.213      8.28752
      4264.00      334.655      8.51874
      4265.40      331.610      8.51428
      4266.80      335.562      8.56419
      4268.20      332.150      8.48346
      4269.60      331.380      8.65017
      4271.00      317.166      8.14833
      4272.40      321.941      8.20182
      4273.80      314.646      8.05422
      4275.20      327.214      8.28695
      4276.60      324.200      8.23380
      4278.00      325.793      8.29694
      4279.40      311.311      8.03697
      4280.80      326.263      8.25843
      4282.20      329.862      8.30138
      4283.60      327.737      8.29815
      4285.00      332.417      8.40343
      4286.40      335.051      8.41744
      4287.80      322.766      8.47928
      4289.20      327.289      8.28883
      4290.60      311.384      8.00594
      4292.00      295.451      7.68910
      4293.40      324.473      8.20960
      4294.80      314.051      8.01284
      4296.20      312.562      7.96095
      4297.60      319.155      8.10783
      4299.00      319.794      8.11886
      4300.40      306.958      7.87726
      4301.80      291.236      7.61693
      4303.20      312.808      7.97982
      4304.60      310.842      7.94354
      4306.00      313.382      7.97202
      4307.40      319.584      8.05704
      4308.80      301.094      7.74186
      4310.20      304.726      7.81574
      4311.60      315.099      8.01922
      4313.00      306.246      7.91301
      4314.40      296.687      7.73018
      4315.80      298.779      7.72689
      4317.20      300.247      7.83885
      4318.60      301.593      7.85722
      4320.00      297.884      7.69437
      4321.40      297.793      7.71778
      4322.80      301.457      7.79805
      4324.20      301.369      7.78787
      4325.60      277.012      7.35525
      4327.00      270.091      7.22267
      4328.40      273.777      7.27028
      4329.80      275.372      7.32451
      4331.20      265.923      7.11871
      4332.60      250.976      6.97600
      4334.00      243.704      6.75164
      4335.40      230.875      6.43538
      4336.80      228.424      6.39113
      4338.20      206.425      5.98001
      4339.60      164.635      5.22688
      4341.00      130.231      4.55709
      4342.40      118.225      4.34746
      4343.80      162.712      5.18500
      4345.20      190.504      5.73789
      4346.60      211.561      6.13204
      4348.00      227.144      6.44394
      4349.40      241.908      6.83800
      4350.80      248.861      7.09456
      4352.20      256.605      7.07168
      4353.60      256.021      6.86142
      4355.00      271.200      7.14389
      4356.40      285.516      7.50275
      4357.80      287.905      7.75582
      4359.20      286.624      8.13551
      4360.60      299.247      8.04498
      4362.00      300.519      7.81508
      4363.40      302.099      7.83782
      4364.80      303.014      7.80526
      4366.20      299.578      7.69852
      4367.60      309.481      7.86328
      4369.00      296.329      7.60319
      4370.40      310.999      7.82793
      4371.80      305.457      7.85810
      4373.20      305.385      7.73862
      4374.60      307.971      7.81864
      4376.00      301.792      7.73404
      4377.40      294.438      7.58250
      4378.80      315.968      7.92875
      4380.20      312.858      7.84662
      4381.60      315.109      7.91187
      4383.00      308.217      7.82648
      4384.40      292.727      7.50674
      4385.80      289.259      7.42023
      4387.20      291.042      7.44534
      4388.60      308.156      7.77272
      4390.00      314.938      7.95836
      4391.40      311.656      7.90923
      4392.80      313.666      7.92387
      4394.20      319.586      8.00297
      4395.60      302.486      7.76660
      4397.00      282.196      7.30463
      4398.40      307.961      7.72828
      4399.80      301.447      7.57897
      4401.20      275.495      7.14070
      4402.60      298.989      7.58642
      4404.00      308.708      7.77382
      4405.40      303.005      7.63806
      4406.80      296.265      7.49281
      4408.20      294.718      7.48303
      4409.60      307.899      7.72229
      4411.00      298.838      7.52748
      4412.40      303.926      7.62328
      4413.80      297.286      7.48982
      4415.20      285.336      7.26644
      4416.60      288.391      7.32242
      4418.00      295.601      7.46005
      4419.40      290.870      7.36928
      4420.80      301.507      8.11623
      4422.20      304.756      8.51098
      4423.60      302.443      7.56011
      4425.00      299.730      7.58146
      4426.40      304.114      7.70119
      4427.80      305.402      7.74119
      4429.20      302.557      7.64033
      4430.60      299.643      7.52658
      4432.00      301.279      7.53789
      4433.40      290.481      7.49217
      4434.80      288.613      7.38796
      4436.20      301.647      7.57752
      4437.60      300.505      7.58462
      4439.00      295.145      7.46604
      4440.40      299.447      7.49735
      4441.80      296.620      7.55329
      4443.20      279.792      7.18518
      4444.60      296.126      7.42009
      4446.00      299.152      7.44544
      4447.40      301.399      7.51305
      4448.80      292.687      7.37316
      4450.20      288.880      7.32243
      4451.60      291.092      7.33356
      4453.00      289.340      7.28581
      4454.40      289.404      7.35418
      4455.80      288.178      7.36809
      4457.20      292.544      7.30091
      4458.60      302.467      7.47683
      4460.00      298.562      7.40237
      4461.40      291.762      7.31030
      4462.80      295.341      7.37713
      4464.20      301.615      7.45431
      4465.60      300.864      7.43535
      4467.00      297.327      7.39544
      4468.40      287.146      7.25210
      4469.80      277.983      7.08568
      4471.20      283.535      7.15330
      4472.60      293.160      7.33927
      4474.00      296.163      7.41229
      4475.40      297.667      7.44386
      4476.80      297.296      7.44869
      4478.20      306.447      7.61651
      4479.60      286.451      7.24662
      4481.00      297.702      7.38041
      4482.40      279.568      7.05902
      4483.80      281.701      7.10456
      4485.20      296.939      7.37058
      4486.60      290.130      7.25417
      4488.00      283.229      7.10422
      4489.40      270.141      6.87974
      4490.80      281.597      7.12617
      4492.20      292.401      7.35118
      4493.60      294.560      7.35754
      4495.00      279.664      7.07068
      4496.40      293.868      7.28513
      4497.80      294.615      7.36016
      4499.20      294.468      7.47529
      4500.60      290.267      7.33234
      4502.00      280.309      7.06972
      4503.40      275.034      7.00380
      4504.80      279.603      7.08763
      4506.20      287.858      7.36988
      4507.60      289.374      7.28136
      4509.00      287.249      7.16994
      4510.40      287.300      7.22366
      4511.80      288.351      7.24028
      4513.20      287.572      7.16430
      4514.60      287.101      7.25679
      4516.00      288.938      7.18437
      4517.40      278.777      7.02935
      4518.80      284.397      7.18584
      4520.20      291.611      7.25642
      4521.60      285.452      7.08440
      4523.00      277.608      6.96898
      4524.40      279.734      7.01918
      4525.80      278.392      6.98114
      4527.20      280.597      6.98702
      4528.60      276.194      6.90076
      4530.00      272.654      6.85501
      4531.40      277.191      6.95019
      4532.80      277.751      7.02191
      4534.20      275.984      7.07688
      4535.60      273.464      6.91613
      4537.00      277.365      6.96777
      4538.40      279.385      6.98126
      4539.80      286.035      7.10476
      4541.20      278.671      6.96629
      4542.60      281.202      6.97245
      4544.00      279.270      6.93581
      4545.40      289.522      7.13463
      4546.80      283.737      7.04832
      4548.20      285.201      7.09226
      4549.60      264.563      6.77744
      4551.00      271.407      6.79124
      4552.40      272.229      6.85793
      4553.80      275.695      6.94135
      4555.20      285.287      7.14697
      4556.60      276.154      6.92695
      4558.00      278.531      6.92371
      4559.40      284.063      7.00385
      4560.80      281.240      6.97529
      4562.20      282.816      7.02247
      4563.60      281.628      7.00398
      4565.00      263.979      6.70058
      4566.40      277.012      6.90307
      4567.80      289.207      7.08840
      4569.20      285.286      7.01271
      4570.60      275.604      6.83400
      4572.00      280.506      6.94719
      4573.40      271.993      6.84898
      4574.80      282.996      7.08174
      4576.20      292.832      7.19763
      4577.60      278.987      6.89019
      4579.00      278.208      7.05681
      4580.40      278.153      7.39534
      4581.80      277.139      6.92667
      4583.20      279.288      6.89900
      4584.60      264.747      6.60952
      4586.00      263.183      6.70335
      4587.40      271.331      6.75636
      4588.80      270.227      6.73432
      4590.20      275.375      6.82106
      4591.60      277.099      6.92484
      4593.00      285.248      7.01568
      4594.40      276.985      6.89620
      4595.80      282.473      7.04853
      4597.20      282.962      7.11920
      4598.60      278.264      6.86030
      4600.00      280.060      6.87896
      4601.40      278.369      6.83113
      4602.80      274.621      6.76244
      4604.20      283.942      6.97428
      4605.60      283.308      7.01233
      4607.00      282.132      6.88631
      4608.40      280.659      6.87826
      4609.80      277.398      6.82067
      4611.20      281.702      6.91708
      4612.60      279.490      6.89286
      4614.00      277.481      6.83964
      4615.40      279.049      7.00599
      4616.80      278.123      6.82568
      4618.20      281.257      6.89232
      4619.60      275.717      6.82256
      4621.00      269.723      6.87015
      4622.40      272.456      6.73776
      4623.80      276.814      6.79100
      4625.20      274.065      6.78322
      4626.60      275.269      6.83376
      4628.00      265.664      6.64825
      4629.40      265.206      6.59958
      4630.80      275.936      6.77218
      4632.20      271.824      6.74820
      4633.60      271.164      6.68247
      4635.00      273.096      6.71745
      4636.40      275.049      6.78078
      4637.80      272.279      6.88690
      4639.20      273.282      6.98343
      4640.60      272.571      6.84049
      4642.00      267.824      6.68160
      4643.40      270.012      6.71091
      4644.80      268.836      6.68312
      4646.20      271.283      6.74137
      4647.60      273.223      6.72172
      4649.00      272.139      6.71986
      4650.40      267.841      6.62681
      4651.80      270.711      6.67300
      4653.20      270.583      6.65400
      4654.60      271.742      6.67481
      4656.00      270.910      6.74921
      4657.40      271.024      6.79011
      4658.80      270.125      6.87885
      4660.20      270.283      6.79924
      4661.60      275.893      6.76813
      4663.00      273.939      6.72387
      4664.40      272.029      6.80861
      4665.80      271.756      6.76424
      4667.20      270.458      6.70478
      4668.60      268.396      6.61854
      4670.00      271.178      6.76419
      4671.40      267.566      6.68617
      4672.80      267.504      6.65167
      4674.20      268.202      6.67702
      4675.60      265.788      6.59577
      4677.00      269.885      6.73573
      4678.40      271.534      6.74830
      4679.80      278.107      6.90084
      4681.20      262.596      6.57161
      4682.60      268.206      6.61935
      4684.00      276.413      6.74508
      4685.40      280.977      6.81398
      4686.80      268.689      6.61569
      4688.20      275.352      6.74833
      4689.60      278.028      6.76640
      4691.00      276.058      6.74195
      4692.40      271.455      6.68523
      4693.80      272.148      6.67784
      4695.20      270.725      6.76182
      4696.60      264.901      6.66392
      4698.00      279.879      6.88127
      4699.40      260.854      6.54495
      4700.80      259.185      6.44451
      4702.20      270.493      6.62705
      4703.60      263.460      6.49967
      4705.00      268.700      6.57172
      4706.40      262.683      6.46066
      4707.80      267.061      6.54959
      4709.20      261.139      6.45400
      4710.60      256.357      6.35034
      4712.00      267.167      6.56626
      4713.40      269.477      6.63890
      4714.80      259.343      6.48130
      4716.20      268.793      6.63351
      4717.60      269.202      6.61546
      4719.00      267.452      6.54007
      4720.40      259.374      6.39210
      4721.80      262.268      6.46570
      4723.20      261.211      6.47541
      4724.60      263.158      6.50279
      4726.00      263.136      6.47081
      4727.40      256.638      6.34518
      4728.80      263.459      6.47756
      4730.20      259.346      6.42991
      4731.60      264.762      6.52216
      4733.00      272.934      6.64340
      4734.40      274.929      7.42886
      4735.80      259.741      6.46144
      4737.20      265.877      6.54379
      4738.60      268.231      6.54675
      4740.00      268.831      6.59532
      4741.40      266.415      6.54403
      4742.80      264.964      6.52236
      4744.20      264.992      6.49332
      4745.60      258.039      6.36034
      4747.00      260.144      6.39436
      4748.40      267.572      6.51185
      4749.80      259.809      6.38135
      4751.20      249.829      6.21288
      4752.60      262.900      6.45699
      4754.00      271.689      6.61465
      4755.40      259.080      6.39696
      4756.80      257.641      6.32042
      4758.20      268.165      6.51835
      4759.60      259.104      6.38671
      4761.00      262.982      6.50695
      4762.40      264.094      6.51511
      4763.80      259.791      6.39611
      4765.20      258.055      6.35024
      4766.60      255.275      6.37566
      4768.00      253.537      6.25383
      4769.40      252.695      6.22692
      4770.80      253.495      6.29640
      4772.20      256.195      6.33238
      4773.60      257.627      6.34036
      4775.00      257.237      6.31164
      4776.40      254.067      6.25747
      4777.80      260.534      6.35510
      4779.20      250.351      6.17220
      4780.60      248.602      6.14897
      4782.00      247.679      6.19944
      4783.40      259.827      6.35185
      4784.80      253.907      6.24430
      4786.20      253.849      6.26520
      4787.60      264.216      6.47065
      4789.00      259.455      6.37982
      4790.40      259.085      6.32078
      4791.80      261.069      6.35298
      4793.20      252.919      6.20190
      4794.60      250.578      6.15379
      4796.00      250.641      6.23349
      4797.40      265.653      6.45068
      4798.80      249.507      6.16309
      4800.20      257.762      6.33881
      4801.60      262.012      6.40827
      4803.00      255.661      6.24859
      4804.40      256.582      6.27192
      4805.80      250.449      6.16643
      4807.20      257.106      6.28242
      4808.60      254.900      6.21773
      4810.00      249.354      6.12728
      4811.40      240.369      5.98857
      4812.80      250.879      6.16500
      4814.20      251.535      6.16866
      4815.60      249.046      6.31793
      4817.00      248.297      6.24727
      4818.40      249.924      6.14126
      4819.80      249.935      6.15417
      4821.20      246.990      6.08971
      4822.60      254.154      6.26450
      4824.00      241.432      6.10823
      4825.40      246.937      6.18116
      4826.80      252.669      6.20894
      4828.20      249.470      6.11707
      4829.60      248.204      6.11516
      4831.00      243.971      6.16344
      4832.40      239.379      6.04356
      4833.80      243.131      6.05879
      4835.20      246.026      6.11288
      4836.60      239.195      6.01256
      4838.00      239.634      6.02105
      4839.40      243.753      6.02495
      4840.80      244.263      6.05316
      4842.20      238.367      5.95350
      4843.60      238.381      5.94386
      4845.00      237.063      5.90771
      4846.40      237.026      6.18563
      4847.80      218.477      6.67117
      4849.20      222.223      5.64835
      4850.60      224.244      5.67000
      4852.00      223.686      5.68013
      4853.40      210.950      5.56747
      4854.80      202.088      5.35602
      4856.20      200.231      5.22892
      4857.60      188.823      5.00499
      4859.00      173.489      4.73806
      4860.40      151.515      4.31483
      4861.80      116.438      3.72247
      4863.20      100.513      3.46754
      4864.60      128.289      3.92260
      4866.00      159.696      4.46509
      4867.40      176.305      4.80884
      4868.80      186.393      5.07367
      4870.20      196.528      5.40742
      4871.60      198.050      5.63304
      4873.00      201.115      5.57565
      4874.40      208.480      5.46212
      4875.80      209.723      5.44967
      4877.20      221.713      5.69654
      4878.60      226.084      5.89132
      4880.00      229.726      5.89075
      4881.40      227.821      5.81843
      4882.80      233.331      5.89103
      4884.20      232.264      5.85611
      4885.60      225.748      5.73414
      4887.00      229.052      5.81924
      4888.40      229.311      5.85099
      4889.80      237.727      5.98204
      4891.20      233.773      5.91765
      4892.60      234.413      5.93355
      4894.00      229.075      5.86880
      4895.40      232.895      5.93080
      4896.80      238.576      6.02872
      4898.20      235.196      6.02925
      4899.60      240.839      6.15578
      4901.00      237.336      6.06658
      4902.40      228.885      5.88935
      4903.80      229.153      5.84316
      4905.20      234.656      5.96645
      4906.60      239.066      6.05231
      4908.00      244.980      6.13388
      4909.40      243.965      6.10600
      4910.80      236.940      5.97323
      4912.20      238.353      5.98540
      4913.60      245.196      6.13482
      4915.00      247.411      6.19949
      4916.40      235.162      5.92351
      4917.80      237.323      5.96720
      4919.20      239.911      6.14340
      4920.60      232.776      5.87182
      4922.00      236.441      5.92193
      4923.40      237.562      5.92514
      4924.80      230.188      5.78855
      4926.20      234.132      5.88582
      4927.60      239.742      6.05883
      4929.00      238.182      5.98004
      4930.40      236.509      5.88354
      4931.80      247.641      6.06245
      4933.20      237.921      5.88172
      4934.60      237.134      5.87191
      4936.00      230.627      5.75178
      4937.40      233.875      5.87345
      4938.80      243.609      5.99934
      4940.20      238.936      5.92881
      4941.60      237.415      5.89189
      4943.00      233.287      5.78366
      4944.40      235.741      5.82267
      4945.80      243.808      5.97350
      4947.20      236.261      5.84855
      4948.60      234.809      5.84683
      4950.00      229.151      5.77132
      4951.40      236.200      5.88515
      4952.80      244.876      6.00000
      4954.20      233.990      5.80545
      4955.60      241.850      5.93293
      4957.00      239.522      5.87983
      4958.40      231.355      5.71523
      4959.80      229.015      5.69786
      4961.20      231.818      5.73611
      4962.60      238.010      5.86296
      4964.00      234.047      5.80155
      4965.40      243.508      5.98690
      4966.80      237.299      5.89367
      4968.20      243.766      6.01933
      4969.60      235.007      5.90546
      4971.00      232.689      5.82538
      4972.40      236.537      5.83134
      4973.80      236.065      5.81557
      4975.20      235.505      5.91769
      4976.60      239.497      5.95036
      4978.00      238.597      5.95967
      4979.40      242.916      5.99723
      4980.80      236.132      5.89221
      4982.20      233.416      5.86064
      4983.60      236.286      5.90346
      4985.00      234.803      5.86447
      4986.40      236.485      5.85327
      4987.80      231.012      5.72259
      4989.20      241.838      5.89021
      4990.60      241.330      5.89316
      4992.00      236.302      5.82583
      4993.40      233.573      5.79751
      4994.80      229.275      5.69951
      4996.20      230.975      5.68326
      4997.60      228.408      5.66725
      4999.00      229.253      5.72292
