      3900.00      83.6243      7.20512
      3901.40      75.0140      6.99448
      3902.80      79.7847      6.58656
      3904.20      63.4800      5.74965
      3905.60      83.9998      6.27654
      3907.00      90.4296      6.56618
      3908.40      95.9088      6.96303
      3909.80      92.6363      6.80869
      3911.20      78.0701      6.32953
      3912.60      75.8436      6.27116
      3914.00      79.1122      6.25881
      3915.40      85.1522      6.32595
      3916.80      82.1371      6.24759
      3918.20      71.0979      5.98367
      3919.60      76.3493      6.05211
      3921.00      83.4610      6.12938
      3922.40      83.1927      6.32787
      3923.80      83.8692      6.34975
      3925.20      84.0113      6.28567
      3926.60      67.5098      5.97040
      3928.00      59.7854      5.83187
      3929.40      61.6324      5.86374
      3930.80      41.4890      5.24278
      3932.20      26.6096      4.74799
      3933.60      36.0018      4.80176
      3935.00      65.8096      5.47929
      3936.40      66.5279      5.46725
      3937.80      88.7702      5.97898
      3939.20      89.5325      6.02920
      3940.60      77.7348      5.78992
      3942.00      92.3121      6.18509
      3943.40      98.4390      6.28487
      3944.80      109.544      6.58896
      3946.20      87.6127      6.05953
      3947.60      79.2715      5.81946
      3949.00      83.0441      6.12270
      3950.40      77.4001      6.09754
      3951.80      86.1835      6.17323
      3953.20      88.6967      5.98656
      3954.60      89.9317      5.94667
      3956.00      80.9468      5.91311
      3957.40      78.7121      6.01939
      3958.80      73.6295      5.95522
      3960.20      67.5137      5.89134
      3961.60      72.3065      5.91229
      3963.00      67.7145      5.29100
      3964.40      44.9037      4.53801
      3965.80      35.1096      4.29911
      3967.20      27.1574      4.02877
      3968.60      33.4340      4.18361
      3970.00      50.6588      4.62866
      3971.40      57.2174      4.81838
      3972.80      70.3208      5.30549
      3974.20      72.0636      5.91048
      3975.60      76.3797      5.53023
      3977.00      86.8447      5.82584
      3978.40      89.2789      5.85070
      3979.80      71.3437      5.59193
      3981.20      81.9121      6.00609
      3982.60      91.2297      6.18953
      3984.00      85.2930      6.03692
      3985.40      86.0391      6.17668
      3986.80      88.0244      5.85993
      3988.20      82.7883      5.72007
      3989.60      88.5580      5.80762
      3991.00      89.7394      5.73570
      3992.40      91.3757      5.73244
      3993.80      89.3746      5.73883
      3995.20      87.6682      5.77293
      3996.60      87.6092      5.78312
      3998.00      82.5095      5.65556
      3999.40      87.2233      5.70532
      4000.80      94.9894      5.73979
      4002.20      90.0787      5.70759
      4003.60      79.7073      5.57408
      4005.00      86.3527      5.57200
      4006.40      95.0260      5.60688
      4007.80      97.5191      5.80429
      4009.20      97.9427      5.98047
      4010.60      81.4089      5.83238
      4012.00      87.3080      6.03752
      4013.40      100.425      6.23500
      4014.80      93.8403      5.97285
      4016.20      97.2174      5.88110
      4017.60      91.9582      5.55501
      4019.00      93.3938      5.57633
      4020.40      101.546      5.87468
      4021.80      88.7131      6.06720
      4023.20      83.0858      6.64323
      4024.60      90.0888      6.54933
      4026.00      104.209      6.13414
      4027.40      90.9751      5.49279
      4028.80      93.1193      5.57173
      4030.20      88.4681      5.55069
      4031.60      80.8284      5.38730
      4033.00      90.4855      5.54588
      4034.40      91.4891      5.43999
      4035.80      97.1709      5.56393
      4037.20      87.3020      5.36228
      4038.60      93.6188      5.50405
      4040.00      99.7208      5.62271
      4041.40      96.2060      5.58330
      4042.80      80.0238      5.25586
      4044.20      84.6448      5.35209
      4045.60      93.2469      5.61918
      4047.00      96.8525      5.92851
      4048.40      91.1949      5.81337
      4049.80      88.5064      5.48349
      4051.20      89.2734      5.52639
      4052.60      90.3910      5.34154
      4054.00      86.1691      5.23280
      4055.40      88.9767      5.50613
      4056.80      90.7117      5.73424
      4058.20      88.7161      5.63865
      4059.60      88.4803      5.72840
      4061.00      82.4369      5.21768
      4062.40      85.6259      5.46116
      4063.80      90.1277      5.82809
      4065.20      96.9288      6.22294
      4066.60      79.3491      5.83760
      4068.00      91.8867      5.86323
      4069.40      93.3772      5.53341
      4070.80      88.6955      5.23284
      4072.20      92.2596      5.31893
      4073.60      93.7582      5.31005
      4075.00      91.0545      5.27777
      4076.40      79.9606      5.09292
      4077.80      91.1892      5.36040
      4079.20      86.0679      5.21321
      4080.60      93.4644      5.49180
      4082.00      95.7213      5.52118
      4083.40      88.9785      5.75786
      4084.80      79.5393      5.46647
      4086.20      87.5401      5.12361
      4087.60      84.6988      5.39739
      4089.00      89.4418      5.52304
      4090.40      87.1218      5.17581
      4091.80      77.2766      4.87791
      4093.20      73.1969      5.09644
      4094.60      71.3664      5.40821
      4096.00      73.5285      5.26793
      4097.40      62.7833      4.47181
      4098.80      54.0624      4.21390
      4100.20      47.6670      4.05891
      4101.60      59.1355      4.32627
      4103.00      63.1485      4.39937
      4104.40      77.0843      4.71410
      4105.80      72.1946      4.63859
      4107.20      80.4220      5.20714
      4108.60      86.9215      5.72276
      4110.00      87.5333      5.34951
      4111.40      88.7764      5.34717
      4112.80      90.9807      5.26380
      4114.20      94.9343      5.15630
      4115.60      91.4500      5.09543
      4117.00      83.4860      4.97338
      4118.40      87.7142      5.21712
      4119.80      99.6289      5.33123
      4121.20      95.7410      5.17431
      4122.60      92.6264      5.09419
      4124.00      102.942      5.32979
      4125.40      100.075      5.44288
      4126.80      90.8164      5.37308
      4128.20      88.0454      5.41922
      4129.60      86.2815      5.26660
      4131.00      98.5865      5.34295
      4132.40      85.2272      4.92919
      4133.80      93.1389      5.04576
      4135.20      89.1660      4.95218
      4136.60      93.5155      5.10427
      4138.00      96.8163      5.22488
      4139.40      97.4909      5.19335
      4140.80      102.519      5.33906
      4142.20      97.7666      5.40547
      4143.60      91.2738      5.44321
      4145.00      88.1591      5.44616
      4146.40      95.3220      5.59111
      4147.80      98.7394      5.52000
      4149.20      98.2191      5.37949
      4150.60      125.026      6.23911
      4152.00      131.006      11.3658
      4153.40      129.143      14.0299
      4154.80      123.903      12.6460
      4156.20      109.307      10.7569
      4157.60      96.9239      5.68634
      4159.00      87.9511      5.19014
      4160.40      91.1814      5.36398
      4161.80      96.2636      5.19485
      4163.20      102.109      5.19091
      4164.60      88.9884      4.94851
      4166.00      97.0260      5.23726
      4167.40      79.3091      4.90567
      4168.80      82.5018      5.13093
      4170.20      75.9045      5.29398
      4171.60      71.0566      5.29450
      4173.00      81.6190      5.10314
      4174.40      68.6378      4.34711
      4175.80      76.7879      4.51615
      4177.20      88.2883      5.01263
      4178.60      94.2663      5.23539
      4180.00      84.7138      4.92693
      4181.40      78.8533      4.66642
      4182.80      90.0675      4.85604
      4184.20      87.6890      4.70690
      4185.60      81.2053      4.59380
      4187.00      87.5134      4.70996
      4188.40      85.6064      4.65634
      4189.80      87.2860      4.91562
      4191.20      93.1622      4.99636
      4192.60      86.5350      4.68208
      4194.00      84.1411      4.61893
      4195.40      78.0444      4.46251
      4196.80      79.2594      4.45316
      4198.20      87.0566      4.60456
      4199.60      86.6583      4.59965
      4201.00      87.1586      4.64727
      4202.40      89.5999      4.72085
      4203.80      90.1202      4.84347
      4205.20      89.3179      4.69285
      4206.60      73.3603      4.30910
      4208.00      90.6483      4.77195
      4209.40      90.9904      4.75165
      4210.80      84.7187      4.55481
      4212.20      85.1861      4.73561
      4213.60      76.3118      4.73855
      4215.00      84.9386      4.90335
      4216.40      79.6661      4.72643
      4217.80      88.7914      4.84917
      4219.20      91.9127      4.76034
      4220.60      88.8338      4.63330
      4222.00      90.7623      4.70414
      4223.40      90.8216      4.71455
      4224.80      66.2318      4.10767
      4226.20      78.5976      4.37376
      4227.60      89.5108      4.59604
      4229.00      90.9787      4.76619
      4230.40      76.1891      4.61667
      4231.80      84.3425      4.80275
      4233.20      83.0236      4.65871
      4234.60      90.9209      4.67160
      4236.00      92.0475      4.68770
      4237.40      86.3344      4.54236
      4238.80      88.1107      4.58400
      4240.20      90.6458      4.64367
      4241.60      87.3991      4.59863
      4243.00      80.7437      4.39014
      4244.40      84.0661      4.50358
      4245.80      79.8812      4.57497
      4247.20      79.4336      4.57551
      4248.60      79.6792      4.58267
      4250.00      79.2064      4.60628
      4251.40      79.7947      4.43554
      4252.80      93.4169      4.72317
      4254.20      86.2272      4.54674
      4255.60      89.8992      4.61921
      4257.00      90.5942      4.63104
      4258.40      90.2225      4.67529
      4259.80      91.6712      4.66639
      4261.20      91.5453      4.67997
      4262.60      86.3898      4.64677
      4264.00      89.2634      4.72761
      4265.40      86.9061      4.83935
      4266.80      85.7453      4.57438
      4268.20      81.8034      4.43901
      4269.60      79.8198      4.39373
      4271.00      85.8170      4.79034
      4272.40      83.5379      4.42385
      4273.80      91.7873      4.63200
      4275.20      93.7217      4.64974
      4276.60      90.9900      4.63351
      4278.00      96.2189      4.80816
      4279.40      91.2440      4.67048
      4280.80      88.6258      4.64113
      4282.20      89.6569      4.70944
      4283.60      96.7846      4.96208
      4285.00      86.5972      4.74818
      4286.40      75.1488      4.30867
      4287.80      71.4115      4.10378
      4289.20      90.9454      4.55484
      4290.60      87.1651      4.43143
      4292.00      88.1865      4.47484
      4293.40      86.0785      4.48790
      4294.80      90.8819      4.60730
      4296.20      84.5775      4.43078
      4297.60      76.7531      4.23400
      4299.00      84.3213      4.44676
      4300.40      78.8473      4.25756
      4301.80      79.4886      4.23821
      4303.20      87.9338      4.44968
      4304.60      81.9637      4.43252
      4306.00      90.3885      4.70492
      4307.40      82.0682      4.48391
      4308.80      91.8495      4.65894
      4310.20      83.3799      4.40439
      4311.60      76.0926      4.19637
      4313.00      70.1144      4.09974
      4314.40      86.6204      4.60436
      4315.80      88.5165      4.69568
      4317.20      85.5267      4.60896
      4318.60      79.8736      4.39781
      4320.00      87.0812      4.46474
      4321.40      83.4915      4.38366
      4322.80      79.4343      4.48579
      4324.20      70.2005      4.08567
      4325.60      77.9616      4.37030
      4327.00      79.2903      4.44566
      4328.40      75.1144      4.18110
      4329.80      77.3233      4.29899
      4331.20      76.8177      4.27248
      4332.60      76.4829      4.45982
      4334.00      75.1078      4.34092
      4335.40      63.5745      3.91577
      4336.80      53.7889      3.60209
      4338.20      41.3772      3.48357
      4339.60      51.4657      3.99871
      4341.00      60.2549      4.19339
      4342.40      69.6030      4.31006
      4343.80      71.6285      4.26688
      4345.20      71.4843      3.99834
      4346.60      77.6278      4.18789
      4348.00      81.8407      4.31400
      4349.40      81.3792      4.32046
      4350.80      83.9488      4.37531
      4352.20      87.5360      4.40566
      4353.60      85.9574      4.36391
      4355.00      83.3012      4.43620
      4356.40      91.0584      4.52193
      4357.80      81.0208      4.63716
      4359.20      84.4271      5.32689
      4360.60      90.6511      5.24972
      4362.00      78.1463      4.35855
      4363.40      83.5068      4.39897
      4364.80      74.4594      4.11244
      4366.20      78.3071      4.20014
      4367.60      85.0020      4.35311
      4369.00      88.9302      4.54514
      4370.40      96.1790      4.81054
      4371.80      86.8996      4.60732
      4373.20      88.4502      4.46022
      4374.60      88.0681      4.45593
      4376.00      81.8010      4.47621
      4377.40      85.3185      4.57074
      4378.80      86.2643      4.66371
      4380.20      87.6620      4.36307
      4381.60      79.1845      4.18979
      4383.00      81.4894      4.23165
      4384.40      94.3614      4.55663
      4385.80      89.0679      4.58897
      4387.20      97.8667      4.79510
      4388.60      81.7947      4.26888
      4390.00      94.7879      4.50653
      4391.40      92.4957      4.47985
      4392.80      80.2524      4.21643
      4394.20      76.8569      4.15908
      4395.60      81.1345      4.23712
      4397.00      79.6389      4.20106
      4398.40      81.6047      4.34088
      4399.80      86.9470      4.37034
      4401.20      81.1904      4.19584
      4402.60      76.8543      4.12320
      4404.00      82.7226      4.32063
      4405.40      83.9675      4.41779
      4406.80      83.3454      4.27013
      4408.20      83.0373      4.26540
      4409.60      88.1958      4.35873
      4411.00      89.4022      4.40009
      4412.40      86.6529      4.35295
      4413.80      80.7449      4.21002
      4415.20      80.4858      4.19454
      4416.60      82.6273      4.26217
      4418.00      92.3670      4.49344
      4419.40      90.8794      4.47642
      4420.80      88.7949      4.46654
      4422.20      87.5572      4.38812
      4423.60      86.9233      4.29015
      4425.00      85.4423      4.35209
      4426.40      86.2835      4.33799
      4427.80      88.5486      4.32655
      4429.20      84.0437      4.26115
      4430.60      86.3762      4.37245
      4432.00      85.7953      4.29522
      4433.40      74.9986      3.99355
      4434.80      85.2541      4.33313
      4436.20      84.2442      4.53558
      4437.60      84.2747      4.48085
      4439.00      83.3303      4.44901
      4440.40      73.4926      4.08350
      4441.80      81.6788      4.11645
      4443.20      82.7369      4.15274
      4444.60      82.6847      4.65729
      4446.00      79.8634      4.61873
      4447.40      81.5807      4.71090
      4448.80      87.1490      4.75967
      4450.20      92.1371      4.76926
      4451.60      81.3858      4.37651
      4453.00      81.1648      4.13680
      4454.40      83.3799      4.12824
      4455.80      83.2626      4.33473
      4457.20      84.8156      4.74323
      4458.60      82.0468      4.59586
      4460.00      83.6659      4.38158
      4461.40      82.1301      4.05481
      4462.80      83.4624      4.09888
      4464.20      85.3959      4.16105
      4465.60      78.7643      3.95394
      4467.00      84.0522      4.09885
      4468.40      93.0821      4.33694
      4469.80      88.9561      4.38192
      4471.20      92.9488      4.50050
      4472.60      89.3933      4.32436
      4474.00      90.9648      4.26384
      4475.40      95.6249      4.36379
      4476.80      87.0939      4.15551
      4478.20      79.2661      3.95889
      4479.60      75.7475      3.87753
      4481.00      86.2667      4.10530
      4482.40      81.9962      4.00957
      4483.80      89.9852      4.21776
      4485.20      90.7027      4.23460
      4486.60      85.2560      4.12019
      4488.00      78.4070      4.02763
      4489.40      85.9889      4.14648
      4490.80      86.4079      4.09156
      4492.20      90.6638      4.20852
      4493.60      84.5891      4.16722
      4495.00      80.1243      4.20703
      4496.40      86.2250      4.19004
      4497.80      82.1145      4.01412
      4499.20      85.8562      4.09844
      4500.60      86.4587      4.12686
      4502.00      85.9475      4.26494
      4503.40      86.1986      4.49917
      4504.80      79.5783      4.40861
      4506.20      84.6342      4.45394
      4507.60      84.4716      4.39713
      4509.00      84.4199      4.46177
      4510.40      84.4070      4.31456
      4511.80      87.9059      4.25386
      4513.20      82.0088      4.04565
      4514.60      82.5618      4.26659
      4516.00      91.7101      4.58979
      4517.40      82.9785      4.15853
      4518.80      78.0249      3.87071
      4520.20      88.6460      4.11254
      4521.60      80.5165      4.01547
      4523.00      81.4938      4.07886
      4524.40      81.2370      3.97059
      4525.80      85.2699      4.05528
      4527.20      82.5306      3.97489
      4528.60      83.3795      4.00196
      4530.00      85.7631      4.06975
      4531.40      73.9962      3.82783
      4532.80      78.3007      3.88328
      4534.20      88.6832      4.10918
      4535.60      88.5597      4.24271
      4537.00      96.8289      4.58455
      4538.40      86.9173      4.31020
      4539.80      84.6054      4.16165
      4541.20      87.9318      4.13560
      4542.60      83.3593      3.98723
      4544.00      92.5389      4.23516
      4545.40      88.6227      4.18083
      4546.80      82.8066      4.01093
      4548.20      78.0650      3.86402
      4549.60      89.7500      4.16179
      4551.00      84.2123      4.21242
      4552.40      86.1376      4.25628
      4553.80      78.6003      3.93819
      4555.20      80.9400      3.92947
      4556.60      84.9882      4.03148
      4558.00      87.6657      4.06988
      4559.40      88.5715      4.09784
      4560.80      75.2609      3.78443
      4562.20      83.2086      4.11725
      4563.60      83.3210      4.05621
      4565.00      91.9734      4.16145
      4566.40      89.5111      4.09534
      4567.80      87.9327      4.06074
      4569.20      85.0681      3.99464
      4570.60      87.9128      4.06246
      4572.00      85.3450      3.99628
      4573.40      79.8339      3.93364
      4574.80      82.7445      4.16015
      4576.20      84.1801      4.08585
      4577.60      85.5283      3.99983
      4579.00      83.6898      3.96096
      4580.40      83.8937      4.08127
      4581.80      77.5739      3.96680
      4583.20      84.7113      4.08287
      4584.60      85.5968      4.10309
      4586.00      83.6271      4.09895
      4587.40      80.8306      3.94841
      4588.80      78.1703      3.80196
      4590.20      82.8691      3.92860
      4591.60      89.9903      4.10706
      4593.00      85.2080      4.01515
      4594.40      90.7297      4.13078
      4595.80      89.5594      4.05123
      4597.20      85.4503      3.98129
      4598.60      81.4930      4.02537
      4600.00      89.7293      4.14518
      4601.40      89.2109      4.03543
      4602.80      91.8275      4.22009
      4604.20      87.5135      4.53078
      4605.60      90.1512      4.71103
      4607.00      89.5297      4.28022
      4608.40      89.7714      4.05835
      4609.80      83.0099      3.92315
      4611.20      83.1634      3.97229
      4612.60      89.0303      4.09017
      4614.00      86.1048      3.94993
      4615.40      87.9350      3.98546
      4616.80      84.4520      3.91415
      4618.20      86.8343      3.97602
      4619.60      85.6252      3.93505
      4621.00      90.8555      4.07436
      4622.40      91.6266      4.19455
      4623.80      92.0187      4.30438
      4625.20      90.2359      4.27188
      4626.60      79.2341      4.07006
      4628.00      77.8696      4.14261
      4629.40      94.8735      4.52458
      4630.80      85.8844      4.20474
      4632.20      86.4517      4.04794
      4633.60      89.6840      4.03742
      4635.00      88.1861      3.98284
      4636.40      91.8909      4.07075
      4637.80      87.8357      4.13954
      4639.20      91.1671      4.15640
      4640.60      85.5457      3.89195
      4642.00      90.5017      4.02354
      4643.40      86.6600      4.03335
      4644.80      83.4585      4.15426
      4646.20      83.8704      3.98588
      4647.60      89.8476      3.99801
      4649.00      82.7282      3.85318
      4650.40      84.7694      4.09146
      4651.80      87.3451      4.17146
      4653.20      86.9778      3.95547
      4654.60      77.4171      3.72954
      4656.00      89.2779      4.11129
      4657.40      89.5019      4.21408
      4658.80      91.0487      4.15959
      4660.20      94.8102      4.17382
      4661.60      86.9073      3.98049
      4663.00      83.0076      3.88004
      4664.40      84.2671      3.89712
      4665.80      95.2736      4.13837
      4667.20      96.2848      4.15478
      4668.60      88.0918      3.96911
      4670.00      80.6311      3.81880
      4671.40      85.5792      3.92978
      4672.80      90.0634      4.03017
      4674.20      86.9110      3.97795
      4675.60      85.1114      3.93067
      4677.00      93.2409      4.10542
      4678.40      93.1838      4.09807
      4679.80      87.4456      3.94404
      4681.20      83.9495      3.86586
      4682.60      89.3868      3.97520
      4684.00      90.6485      4.00206
      4685.40      86.1959      3.91181
      4686.80      85.8242      3.91641
      4688.20      85.4191      3.96694
      4689.60      81.4623      3.89098
      4691.00      87.4360      3.93019
      4692.40      89.0019      3.98155
      4693.80      89.0920      3.97592
      4695.20      87.7988      3.95310
      4696.60      82.1841      3.83075
      4698.00      91.8286      4.03944
      4699.40      91.2943      4.05975
      4700.80      87.9494      4.01482
      4702.20      81.7674      3.85779
      4703.60      82.1653      3.80383
      4705.00      89.8245      3.96646
      4706.40      88.4510      3.93795
      4707.80      87.2406      5.71040
      4709.20      88.8681      5.28928
      4710.60      89.0750      3.95026
      4712.00      79.1628      3.78068
      4713.40      80.4614      3.82416
      4714.80      89.1253      3.94873
      4716.20      86.1777      3.87398
      4717.60      89.1316      3.99019
      4719.00      87.3287      3.93763
      4720.40      87.8934      3.91723
      4721.80      87.9971      4.01097
      4723.20      88.2798      3.91163
      4724.60      87.0918      3.90956
      4726.00      86.2800      3.88244
      4727.40      85.7224      3.84854
      4728.80      79.8423      3.72276
      4730.20      83.7499      4.02170
      4731.60      81.1560      3.74265
      4733.00      85.5178      3.86611
      4734.40      81.0253      3.93070
      4735.80      82.2852      4.07877
      4737.20      86.3686      4.01224
      4738.60      87.3247      3.88781
      4740.00      91.4800      4.01120
      4741.40      89.3560      4.23151
      4742.80      93.2159      4.30855
      4744.20      87.5093      3.96216
      4745.60      80.2845      3.74440
      4747.00      83.0289      3.79147
      4748.40      86.7287      3.90132
      4749.80      83.9537      3.81691
      4751.20      92.4369      3.97174
      4752.60      87.7657      3.86069
      4754.00      84.8339      3.79965
      4755.40      81.7386      3.74405
      4756.80      84.2603      3.85669
      4758.20      83.5140      3.74255
      4759.60      83.8482      3.80259
      4761.00      84.1980      3.78694
      4762.40      79.8219      3.64969
      4763.80      85.1486      3.80053
      4765.20      89.6090      4.47901
      4766.60      89.3331      4.40816
      4768.00      81.4667      3.93593
      4769.40      90.5767      4.06913
      4770.80      83.5894      3.80105
      4772.20      81.5094      3.68677
      4773.60      82.2511      3.69409
      4775.00      84.2648      3.90776
      4776.40      90.6378      3.93478
      4777.80      79.0726      3.78594
      4779.20      80.2127      3.73675
      4780.60      88.5817      3.86370
      4782.00      82.4751      3.68505
      4783.40      83.9316      3.71031
      4784.80      86.9195      3.80078
      4786.20      87.7724      3.85112
      4787.60      86.9447      3.84824
      4789.00      88.4818      3.89602
      4790.40      85.7434      3.86047
      4791.80      78.9330      3.65019
      4793.20      87.5384      3.81070
      4794.60      77.3135      3.59410
      4796.00      85.0128      3.74685
      4797.40      87.1222      3.76513
      4798.80      82.4063      3.68312
      4800.20      88.3839      3.79393
      4801.60      86.8756      3.77916
      4803.00      88.1219      3.78816
      4804.40      84.3387      3.81885
      4805.80      77.0753      3.80352
      4807.20      79.9043      3.73991
      4808.60      81.1942      3.61572
      4810.00      86.9246      3.75195
      4811.40      85.1804      3.70300
      4812.80      84.7654      3.76497
      4814.20      81.5350      3.84669
      4815.60      85.9222      3.85871
      4817.00      85.6330      3.77422
      4818.40      86.3174      4.03734
      4819.80      80.2411      3.99867
      4821.20      85.5863      4.02183
      4822.60      84.4658      3.83711
      4824.00      86.2387      3.77669
      4825.40      88.9127      3.81941
      4826.80      81.9798      3.66048
      4828.20      88.3798      3.80645
      4829.60      83.5902      3.76012
      4831.00      80.4437      3.79133
      4832.40      79.6079      3.67199
      4833.80      79.2689      3.63991
      4835.20      69.3773      3.43760
      4836.60      79.1476      3.77805
      4838.00      78.1409      3.72812
      4839.40      82.5367      3.88606
      4840.80      86.6221      4.01692
      4842.20      79.1620      3.86793
      4843.60      80.4960      3.78615
      4845.00      74.7337      3.52172
      4846.40      79.6806      3.57592
      4847.80      76.5636      3.51703
      4849.20      78.7912      3.59074
      4850.60      79.5322      3.60176
      4852.00      73.7435      3.45211
      4853.40      70.0802      3.38221
      4854.80      65.1775      3.25236
      4856.20      60.1176      3.14337
      4857.60      54.2808      2.98587
      4859.00      46.3286      2.75978
      4860.40      54.9848      2.95670
      4861.80      62.5491      3.15165
      4863.20      65.8895      3.21610
      4864.60      71.4845      3.41476
      4866.00      72.3672      3.56124
      4867.40      74.0720      3.49624
      4868.80      75.7914      3.46056
      4870.20      74.2183      3.41522
      4871.60      85.0748      3.71216
      4873.00      80.2496      3.65752
      4874.40      73.6022      3.43453
      4875.80      82.7429      3.62618
      4877.20      78.0057      3.55170
      4878.60      73.3776      3.59329
      4880.00      71.9641      3.72627
      4881.40      73.7901      3.69634
      4882.80      78.5970      3.60865
      4884.20      69.8806      3.38301
      4885.60      74.7488      3.54381
      4887.00      75.1499      3.56455
      4888.40      75.7912      3.50424
      4889.80      73.8671      3.45210
      4891.20      74.9711      3.69609
      4892.60      75.3629      3.67413
      4894.00      74.4542      3.63147
      4895.40      71.8745      3.47131
      4896.80      75.6504      3.80470
      4898.20      79.1779      3.63397
      4899.60      78.2664      3.71239
      4901.00      82.4534      3.84658
      4902.40      82.0021      3.77688
      4903.80      83.5450      3.73415
      4905.20      80.6284      3.66808
      4906.60      77.0580      3.58079
      4908.00      78.8757      3.60687
      4909.40      80.5403      3.65604
      4910.80      79.7516      3.65760
      4912.20      80.0140      3.84943
      4913.60      80.9464      3.76813
      4915.00      77.8313      3.83633
      4916.40      79.6493      3.91538
      4917.80      77.8773      3.82833
      4919.20      78.2071      3.80934
      4920.60      77.8322      5.03870
      4922.00      77.7015      4.99850
      4923.40      77.9390      3.57963
      4924.80      81.6253      3.67280
      4926.20      80.5257      3.63583
      4927.60      82.2093      3.72362
      4929.00      82.7097      3.76392
      4930.40      81.1989      3.71072
      4931.80      81.9121      3.66041
      4933.20      73.5128      3.46703
      4934.60      81.2240      3.61931
      4936.00      81.9509      3.65309
      4937.40      83.4421      3.68589
      4938.80      81.2394      3.62143
      4940.20      84.4473      3.66585
      4941.60      88.7988      3.77045
      4943.00      81.2723      3.61523
      4944.40      81.7347      3.60617
      4945.80      80.1424      3.68338
      4947.20      75.4995      3.45993
      4948.60      77.7067      3.51771
      4950.00      77.5567      3.47815
      4951.40      78.3856      3.50616
      4952.80      81.2256      3.58188
      4954.20      83.8088      3.63423
      4955.60      76.3761      3.47361
      4957.00      80.0783      3.54707
      4958.40      83.2657      3.59333
      4959.80      81.9212      3.55884
      4961.20      78.8375      3.48939
      4962.60      81.5250      3.56679
      4964.00      82.3482      3.58613
      4965.40      82.9626      3.68192
      4966.80      79.0975      3.57882
      4968.20      81.7637      3.55443
      4969.60      77.2721      3.56518
      4971.00      84.2582      3.66962
      4972.40      80.0698      3.53446
      4973.80      82.9383      3.62109
      4975.20      82.2872      3.68071
      4976.60      77.0627      3.51028
      4978.00      81.3011      3.56980
      4979.40      82.7335      3.61183
      4980.80      75.4284      3.47716
      4982.20      72.1702      3.41541
      4983.60      75.5367      3.54032
      4985.00      82.7405      3.68985
      4986.40      85.3909      3.69655
      4987.80      83.6744      3.62941
      4989.20      81.5141      3.57096
      4990.60      79.7125      3.50009
      4992.00      77.3879      3.47149
      4993.40      73.9336      3.56444
      4994.80      79.8577      3.74843
      4996.20      76.0810      3.48398
      4997.60      77.6753      3.43813
      4999.00      82.1173      3.52614
