      3900.00      143.487      11.1107
      3901.40      130.842      10.5861
      3902.80      115.697      9.42564
      3904.20      131.113      9.71517
      3905.60      135.468      9.68386
      3907.00      142.623      9.83341
      3908.40      166.544      10.4260
      3909.80      143.346      10.4901
      3911.20      143.971      9.92547
      3912.60      147.081      10.3136
      3914.00      143.863      10.3437
      3915.40      150.132      10.3552
      3916.80      142.594      10.3131
      3918.20      152.153      10.5777
      3919.60      158.540      10.4779
      3921.00      146.499      9.80654
      3922.40      153.670      10.0995
      3923.80      159.821      10.6527
      3925.20      165.977      10.2700
      3926.60      159.091      10.0525
      3928.00      161.931      10.1583
      3929.40      151.603      10.0754
      3930.80      135.383      10.1122
      3932.20      123.515      9.66292
      3933.60      90.1302      8.65584
      3935.00      65.8123      8.05087
      3936.40      54.7333      7.72795
      3937.80      100.600      8.85678
      3939.20      132.045      9.86725
      3940.60      127.137      9.62767
      3942.00      140.539      9.58962
      3943.40      154.363      10.1767
      3944.80      155.662      9.82161
      3946.20      140.639      9.96931
      3947.60      152.089      10.3527
      3949.00      165.662      10.3293
      3950.40      134.217      9.38036
      3951.80      152.601      9.39499
      3953.20      149.752      9.13511
      3954.60      143.493      8.91428
      3956.00      159.867      9.24017
      3957.40      153.340      9.17513
      3958.80      144.010      8.81062
      3960.20      148.591      8.83766
      3961.60      153.340      9.34796
      3963.00      138.530      8.98233
      3964.40      128.991      8.33473
      3965.80      121.824      7.97946
      3967.20      111.898      7.63767
      3968.60      72.9261      6.90016
      3970.00      57.8758      6.61018
      3971.40      39.3725      6.09391
      3972.80      44.8145      6.28925
      3974.20      71.8799      6.88194
      3975.60      94.1414      7.28690
      3977.00      117.827      7.84188
      3978.40      116.590      7.95666
      3979.80      125.398      8.24167
      3981.20      139.367      8.69017
      3982.60      135.393      8.58995
      3984.00      128.877      8.30631
      3985.40      128.651      8.36761
      3986.80      145.089      8.61702
      3988.20      133.425      8.41898
      3989.60      145.962      8.79076
      3991.00      153.618      9.19635
      3992.40      143.253      9.38591
      3993.80      145.507      9.87363
      3995.20      145.903      10.4499
      3996.60      155.920      10.1968
      3998.00      150.216      9.51254
      3999.40      134.507      9.06418
      4000.80      160.346      9.65909
      4002.20      169.868      10.3084
      4003.60      166.131      10.2961
      4005.00      154.668      10.1360
      4006.40      141.321      9.77234
      4007.80      149.129      9.64784
      4009.20      149.678      9.64508
      4010.60      176.054      9.85309
      4012.00      168.027      9.55420
      4013.40      163.245      9.50381
      4014.80      163.965      9.45134
      4016.20      165.432      9.19746
      4017.60      156.830      8.65197
      4019.00      162.336      8.77031
      4020.40      166.188      9.27839
      4021.80      169.850      9.51612
      4023.20      163.543      9.15560
      4024.60      150.532      8.41741
      4026.00      147.467      8.15772
      4027.40      169.016      8.39466
      4028.80      169.573      8.40412
      4030.20      167.487      8.47703
      4031.60      154.432      8.25681
      4033.00      144.343      8.21532
      4034.40      154.141      8.38121
      4035.80      157.702      8.54753
      4037.20      137.797      7.84227
      4038.60      173.612      8.53976
      4040.00      174.011      8.48961
      4041.40      180.866      8.75655
      4042.80      164.046      8.39700
      4044.20      163.007      8.23826
      4045.60      141.589      8.02208
      4047.00      151.130      8.63707
      4048.40      146.780      8.62439
      4049.80      161.167      8.35547
      4051.20      166.378      8.26903
      4052.60      161.592      8.19941
      4054.00      153.092      8.02576
      4055.40      151.687      8.09584
      4056.80      141.176      7.83144
      4058.20      160.520      8.10127
      4059.60      151.046      7.87663
      4061.00      147.095      7.65074
      4062.40      151.549      7.69184
      4063.80      149.285      7.72345
      4065.20      150.039      8.04939
      4066.60      153.437      8.12652
      4068.00      152.253      7.95699
      4069.40      145.341      7.93822
      4070.80      146.652      7.63788
      4072.20      160.237      7.85929
      4073.60      138.570      7.51993
      4075.00      145.282      7.53140
      4076.40      138.119      7.52131
      4077.80      154.500      7.93511
      4079.20      133.523      7.56258
      4080.60      135.390      7.47385
      4082.00      130.912      7.52477
      4083.40      141.503      8.14981
      4084.80      161.814      8.63302
      4086.20      130.722      8.05640
      4087.60      140.342      8.05766
      4089.00      148.851      8.38038
      4090.40      140.904      8.56878
      4091.80      136.117      8.37212
      4093.20      128.806      7.76271
      4094.60      131.446      7.57553
      4096.00      127.968      7.75910
      4097.40      120.867      7.56698
      4098.80      118.969      7.53433
      4100.20      100.820      7.03157
      4101.60      94.3452      6.82117
      4103.00      73.2509      6.56953
      4104.40      64.2254      6.47178
      4105.80      81.9906      6.67040
      4107.20      100.251      6.84427
      4108.60      113.878      6.99155
      4110.00      114.072      7.06965
      4111.40      123.933      7.53105
      4112.80      113.555      7.27270
      4114.20      137.191      7.33474
      4115.60      135.076      7.19853
      4117.00      140.733      7.39560
      4118.40      143.276      7.50141
      4119.80      138.429      7.33801
      4121.20      141.469      7.33995
      4122.60      149.237      7.51963
      4124.00      144.609      7.31470
      4125.40      143.030      7.33453
      4126.80      150.581      7.37276
      4128.20      149.726      7.43163
      4129.60      151.480      7.49364
      4131.00      143.850      7.57560
      4132.40      142.470      7.27644
      4133.80      135.096      7.16389
      4135.20      132.142      7.19264
      4136.60      145.000      7.68289
      4138.00      144.466      7.71945
      4139.40      139.925      7.61474
      4140.80      144.877      7.19427
      4142.20      148.067      7.62477
      4143.60      147.307      7.35107
      4145.00      140.684      7.16249
      4146.40      140.526      7.36712
      4147.80      143.631      7.61630
      4149.20      150.560      7.82156
      4150.60      140.392      7.53469
      4152.00      136.988      7.23594
      4153.40      144.943      7.29870
      4154.80      155.824      7.68253
      4156.20      150.294      7.90003
      4157.60      144.795      7.72398
      4159.00      139.306      7.07065
      4160.40      145.329      7.08497
      4161.80      146.327      7.08939
      4163.20      139.855      7.00489
      4164.60      143.374      6.89872
      4166.00      148.940      7.07217
      4167.40      153.356      7.07587
      4168.80      147.805      7.20693
      4170.20      147.691      7.33237
      4171.60      149.824      7.43137
      4173.00      152.202      7.50553
      4174.40      136.029      7.07862
      4175.80      141.306      6.87116
      4177.20      139.673      6.77755
      4178.60      147.410      6.95502
      4180.00      134.805      6.84048
      4181.40      138.193      7.05615
      4182.80      142.390      6.77715
      4184.20      142.400      7.02619
      4185.60      141.022      6.83401
      4187.00      139.522      6.71314
      4188.40      152.123      6.88751
      4189.80      142.056      6.84919
      4191.20      145.340      6.88092
      4192.60      145.372      6.97796
      4194.00      149.116      7.04479
      4195.40      152.479      6.96772
      4196.80      143.441      6.66355
      4198.20      150.590      6.78201
      4199.60      144.229      6.79381
      4201.00      145.866      6.88379
      4202.40      151.017      6.92459
      4203.80      140.563      6.71603
      4205.20      138.126      6.59867
      4206.60      157.227      6.81450
      4208.00      159.669      6.74659
      4209.40      154.661      6.66039
      4210.80      141.590      6.46586
      4212.20      143.199      6.48463
      4213.60      151.684      6.69034
      4215.00      148.874      6.77769
      4216.40      139.806      6.54810
      4217.80      149.286      6.53931
      4219.20      145.911      6.35625
      4220.60      157.876      6.59407
      4222.00      148.909      6.57963
      4223.40      159.166      6.87574
      4224.80      138.602      6.56155
      4226.20      153.270      6.70601
      4227.60      146.594      6.49005
      4229.00      138.625      6.39967
      4230.40      139.158      6.53508
      4231.80      139.548      6.59110
      4233.20      156.021      6.76655
      4234.60      162.779      6.74339
      4236.00      138.907      6.29659
      4237.40      135.267      6.48595
      4238.80      147.133      6.81576
      4240.20      146.405      6.62458
      4241.60      147.609      6.54924
      4243.00      148.309      6.60218
      4244.40      143.702      6.90272
      4245.80      142.008      7.00681
      4247.20      142.439      6.69883
      4248.60      139.439      6.66607
      4250.00      145.267      6.58722
      4251.40      150.113      6.60957
      4252.80      144.753      6.49832
      4254.20      138.460      6.36991
      4255.60      151.509      6.79779
      4257.00      147.463      6.94162
      4258.40      149.835      7.15845
      4259.80      149.741      6.46291
      4261.20      150.791      6.55539
      4262.60      135.064      6.43900
      4264.00      136.945      6.51806
      4265.40      145.985      6.56483
      4266.80      141.962      6.41263
      4268.20      146.785      6.41754
      4269.60      155.496      6.59030
      4271.00      155.807      6.56410
      4272.40      151.777      6.55002
      4273.80      143.461      6.38131
      4275.20      134.376      6.20679
      4276.60      138.538      6.39426
      4278.00      142.838      6.43001
      4279.40      140.978      6.30021
      4280.80      153.326      6.43894
      4282.20      147.095      6.37742
      4283.60      144.946      6.55267
      4285.00      157.851      6.78487
      4286.40      152.288      6.64017
      4287.80      149.624      6.51952
      4289.20      142.043      6.27430
      4290.60      137.934      6.15233
      4292.00      132.091      6.23047
      4293.40      139.554      6.39678
      4294.80      134.791      6.26089
      4296.20      139.542      6.17401
      4297.60      127.121      5.89377
      4299.00      140.219      6.04817
      4300.40      139.822      6.02541
      4301.80      130.782      5.86893
      4303.20      132.616      5.86789
      4304.60      130.568      5.87260
      4306.00      139.241      6.17089
      4307.40      136.824      6.22168
      4308.80      140.883      6.31985
      4310.20      129.136      6.03704
      4311.60      137.754      6.16099
      4313.00      146.154      6.45008
      4314.40      135.435      6.39648
      4315.80      135.840      6.37610
      4317.20      122.258      6.00164
      4318.60      133.621      6.02962
      4320.00      137.586      6.12565
      4321.40      136.078      6.10381
      4322.80      139.417      6.17681
      4324.20      130.816      6.15500
      4325.60      139.510      6.22746
      4327.00      137.500      6.28074
      4328.40      124.309      5.96961
      4329.80      123.961      5.83892
      4331.20      126.796      5.91311
      4332.60      126.687      6.13131
      4334.00      125.428      6.04856
      4335.40      118.854      5.96608
      4336.80      116.999      5.71971
      4338.20      97.7505      5.17544
      4339.60      92.3134      5.04150
      4341.00      78.3993      4.76543
      4342.40      64.9051      4.49651
      4343.80      70.0188      4.58429
      4345.20      80.4724      4.93511
      4346.60      102.725      5.40426
      4348.00      98.6147      5.38609
      4349.40      114.404      5.60819
      4350.80      122.037      5.73081
      4352.20      119.405      5.75220
      4353.60      122.223      5.82261
      4355.00      119.046      5.68376
      4356.40      133.048      5.99330
      4357.80      139.153      6.66463
      4359.20      132.006      7.24680
      4360.60      130.447      6.84131
      4362.00      131.092      6.15148
      4363.40      133.508      6.03123
      4364.80      141.835      5.91909
      4366.20      136.681      5.75860
      4367.60      144.299      6.12366
      4369.00      147.029      6.48492
      4370.40      134.224      6.17529
      4371.80      135.132      5.79142
      4373.20      146.575      5.84298
      4374.60      147.436      5.94050
      4376.00      136.222      5.76869
      4377.40      144.803      5.94304
      4378.80      146.897      6.13600
      4380.20      152.198      6.42195
      4381.60      147.534      6.40541
      4383.00      146.758      6.17967
      4384.40      139.756      5.77056
      4385.80      141.589      5.65654
      4387.20      135.411      5.59751
      4388.60      128.209      5.54294
      4390.00      143.536      5.82143
      4391.40      148.805      5.95596
      4392.80      143.013      5.85720
      4394.20      138.001      5.68725
      4395.60      139.049      5.74023
      4397.00      137.154      5.74198
      4398.40      134.057      5.71294
      4399.80      130.268      5.60944
      4401.20      127.249      5.52766
      4402.60      132.018      5.54122
      4404.00      138.933      5.72352
      4405.40      141.011      5.73178
      4406.80      136.642      5.86991
      4408.20      142.074      6.04537
      4409.60      142.744      5.93507
      4411.00      141.719      5.82421
      4412.40      145.232      5.89143
      4413.80      138.768      5.83830
      4415.20      143.227      6.07423
      4416.60      136.036      5.94976
      4418.00      136.566      5.78006
      4419.40      123.547      5.52142
      4420.80      121.108      5.75421
      4422.20      134.252      6.17338
      4423.60      140.087      6.01200
      4425.00      137.174      5.68100
      4426.40      141.241      5.79377
      4427.80      136.156      5.86533
      4429.20      137.723      5.84229
      4430.60      139.884      5.79931
      4432.00      137.671      5.73883
      4433.40      135.635      5.79469
      4434.80      136.590      5.76076
      4436.20      139.393      5.74125
      4437.60      137.753      5.85509
      4439.00      142.471      6.09060
      4440.40      135.481      6.01852
      4441.80      143.777      6.18303
      4443.20      144.915      6.24850
      4444.60      135.617      5.91717
      4446.00      131.620      5.70379
      4447.40      136.273      5.80176
      4448.80      133.568      5.75163
      4450.20      135.728      5.76141
      4451.60      138.735      5.67893
      4453.00      136.958      5.53676
      4454.40      132.384      5.41474
      4455.80      135.953      5.47497
      4457.20      133.688      5.37990
      4458.60      133.586      5.46824
      4460.00      147.548      5.75594
      4461.40      141.418      5.67624
      4462.80      137.364      5.66402
      4464.20      135.664      5.62537
      4465.60      137.181      5.58692
      4467.00      134.417      5.56389
      4468.40      128.569      5.63822
      4469.80      133.978      5.79188
      4471.20      129.718      5.63250
      4472.60      131.436      5.58749
      4474.00      141.834      5.69482
      4475.40      136.884      5.56068
      4476.80      131.773      5.45584
      4478.20      138.000      5.48033
      4479.60      145.991      5.64553
      4481.00      133.785      5.49556
      4482.40      132.728      5.53664
      4483.80      120.740      5.31397
      4485.20      127.440      5.44550
      4486.60      133.348      5.62138
      4488.00      140.082      5.72779
      4489.40      125.484      5.58019
      4490.80      126.868      5.49766
      4492.20      129.009      5.51070
      4493.60      134.988      5.68204
      4495.00      126.484      5.58096
      4496.40      130.606      5.57501
      4497.80      137.604      5.71481
      4499.20      132.977      5.51179
      4500.60      128.618      5.44694
      4502.00      130.424      5.73805
      4503.40      135.234      5.72499
      4504.80      134.090      5.65053
      4506.20      141.038      5.57499
      4507.60      133.061      5.50079
      4509.00      141.806      5.54555
      4510.40      139.991      5.49710
      4511.80      135.258      5.48516
      4513.20      133.104      5.50391
      4514.60      135.820      5.42349
      4516.00      145.030      5.44488
      4517.40      130.481      5.21285
      4518.80      132.290      5.37451
      4520.20      120.840      5.22583
      4521.60      136.497      5.36127
      4523.00      140.925      5.34720
      4524.40      133.884      5.30128
      4525.80      129.009      5.41629
      4527.20      129.976      5.62224
      4528.60      126.823      5.62664
      4530.00      133.574      5.42147
      4531.40      133.602      5.29621
      4532.80      134.927      5.73535
      4534.20      133.230      8.06541
      4535.60      126.115      13.1881
      4537.00      125.345      5.42515
      4538.40      120.211      5.22630
      4539.80      132.123      5.31948
      4541.20      135.899      5.38331
      4542.60      130.706      5.36737
      4544.00      133.704      5.43016
      4545.40      135.649      5.51648
      4546.80      139.363      5.48109
      4548.20      135.727      5.46134
      4549.60      135.483      5.57016
      4551.00      128.311      5.30657
      4552.40      128.615      5.25396
      4553.80      123.780      5.10197
      4555.20      128.004      5.20015
      4556.60      127.732      5.18282
      4558.00      133.671      5.16654
      4559.40      130.375      5.09159
      4560.80      132.611      5.45487
      4562.20      134.209      5.41757
      4563.60      135.956      5.35370
      4565.00      137.113      5.42179
      4566.40      131.351      5.50234
      4567.80      126.849      5.50729
      4569.20      128.016      5.40333
      4570.60      137.946      5.46350
      4572.00      135.832      5.27036
      4573.40      130.283      5.20837
      4574.80      134.928      5.33472
      4576.20      125.273      5.22246
      4577.60      131.226      5.54816
      4579.00      138.149      5.75103
      4580.40      128.856      5.34442
      4581.80      143.707      5.39997
      4583.20      140.876      5.32443
      4584.60      140.378      5.37160
      4586.00      121.666      5.11728
      4587.40      123.338      5.12487
      4588.80      132.400      5.29820
      4590.20      129.555      5.35961
      4591.60      129.152      5.52796
      4593.00      128.324      5.60524
      4594.40      132.848      5.64933
      4595.80      131.375      5.45229
      4597.20      137.487      5.47837
      4598.60      126.811      5.48281
      4600.00      129.272      5.44366
      4601.40      143.703      5.72138
      4602.80      134.953      5.53591
      4604.20      132.755      5.44600
      4605.60      133.102      5.54727
      4607.00      135.023      5.57863
      4608.40      129.032      5.46887
      4609.80      137.250      5.53643
      4611.20      137.868      5.59750
      4612.60      131.289      5.58773
      4614.00      135.238      5.55339
      4615.40      138.631      5.46327
      4616.80      133.963      5.29338
      4618.20      133.618      5.20232
      4619.60      140.513      5.26358
      4621.00      137.327      5.20873
      4622.40      139.831      5.29577
      4623.80      129.268      5.10833
      4625.20      124.649      5.13345
      4626.60      131.692      5.35283
      4628.00      135.186      5.50739
      4629.40      131.931      5.40865
      4630.80      123.482      5.17764
      4632.20      140.193      5.24103
      4633.60      134.169      5.00444
      4635.00      135.412      5.02153
      4636.40      119.481      4.83592
      4637.80      134.409      5.12589
      4639.20      125.040      4.97692
      4640.60      141.287      5.15267
      4642.00      129.662      4.91109
      4643.40      137.123      5.08623
      4644.80      139.577      5.15657
      4646.20      126.679      4.99661
      4647.60      132.356      5.33160
      4649.00      126.560      5.30104
      4650.40      127.919      5.27173
      4651.80      125.943      4.99736
      4653.20      131.643      5.00840
      4654.60      134.708      5.10325
      4656.00      137.442      5.12034
      4657.40      124.493      4.99903
      4658.80      127.449      5.07931
      4660.20      133.083      5.09975
      4661.60      132.098      5.03746
      4663.00      133.459      5.12928
      4664.40      123.594      5.04882
      4665.80      133.924      5.23662
      4667.20      132.487      5.20242
      4668.60      132.666      5.22990
      4670.00      133.895      5.33024
      4671.40      124.569      5.07463
      4672.80      123.977      4.91681
      4674.20      131.188      5.03151
      4675.60      135.284      5.49559
      4677.00      133.389      5.70632
      4678.40      133.546      5.41527
      4679.80      127.642      5.03162
      4681.20      132.411      5.06126
      4682.60      129.607      5.25270
      4684.00      132.530      5.31693
      4685.40      131.791      5.42314
      4686.80      129.253      5.12897
      4688.20      127.531      4.97722
      4689.60      134.034      5.11536
      4691.00      125.124      5.15532
      4692.40      126.971      5.28462
      4693.80      127.737      5.06250
      4695.20      136.417      5.12882
      4696.60      131.169      5.05657
      4698.00      134.115      5.13493
      4699.40      121.573      5.02045
      4700.80      131.085      5.11496
      4702.20      136.603      5.16888
      4703.60      132.716      5.04709
      4705.00      125.450      4.86266
      4706.40      133.028      5.11955
      4707.80      129.617      5.27046
      4709.20      133.706      5.36757
      4710.60      131.471      5.18636
      4712.00      130.675      4.99518
      4713.40      130.019      4.87576
      4714.80      132.934      5.11229
      4716.20      125.955      5.08720
      4717.60      128.256      5.08661
      4719.00      127.087      4.95342
      4720.40      129.619      5.06257
      4721.80      133.466      5.16112
      4723.20      128.768      5.06898
      4724.60      135.335      5.08960
      4726.00      129.590      4.96006
      4727.40      134.872      4.99245
      4728.80      133.634      4.93293
      4730.20      128.976      4.96075
      4731.60      126.176      5.13147
      4733.00      136.099      5.28478
      4734.40      131.440      5.13521
      4735.80      126.817      5.01430
      4737.20      130.760      5.12518
      4738.60      128.799      5.06781
      4740.00      131.336      4.96047
      4741.40      128.933      4.92021
      4742.80      130.913      5.11318
      4744.20      135.909      5.34850
      4745.60      122.639      5.19571
      4747.00      125.607      5.17283
      4748.40      129.235      5.16167
      4749.80      133.150      5.17539
      4751.20      130.383      5.04212
      4752.60      129.883      5.01451
      4754.00      119.507      4.94241
      4755.40      127.033      4.97983
      4756.80      135.138      5.10222
      4758.20      127.756      5.14281
      4759.60      130.610      5.27399
      4761.00      128.557      5.21413
      4762.40      132.491      5.26369
      4763.80      134.130      5.43493
      4765.20      133.327      5.68033
      4766.60      131.017      5.61640
      4768.00      133.755      5.43818
      4769.40      135.528      5.24614
      4770.80      120.144      4.86076
      4772.20      129.305      4.87833
      4773.60      121.518      4.88670
      4775.00      128.801      5.38367
      4776.40      131.688      5.28311
      4777.80      128.764      5.10637
      4779.20      124.360      5.00304
      4780.60      131.112      5.00202
      4782.00      124.589      6.29618
      4783.40      124.175      5.81179
      4784.80      124.330      5.05442
      4786.20      124.234      5.15829
      4787.60      126.228      5.06277
      4789.00      122.485      4.87693
      4790.40      122.352      4.83545
      4791.80      120.789      4.86732
      4793.20      123.067      5.02964
      4794.60      123.465      5.05780
      4796.00      122.522      4.73190
      4797.40      128.887      4.67580
      4798.80      130.814      4.74307
      4800.20      128.249      4.79076
      4801.60      124.924      4.81986
      4803.00      127.450      4.98737
      4804.40      127.586      4.94078
      4805.80      128.995      4.80043
      4807.20      123.666      4.62258
      4808.60      129.967      4.84755
      4810.00      121.438      4.85002
      4811.40      124.737      4.85560
      4812.80      130.046      4.80325
      4814.20      129.214      4.72237
      4815.60      129.509      4.83132
      4817.00      123.278      4.89931
      4818.40      119.267      5.02909
      4819.80      130.666      5.19475
      4821.20      122.419      4.89415
      4822.60      126.178      4.80592
      4824.00      132.399      4.94623
      4825.40      128.463      4.88369
      4826.80      121.618      4.62442
      4828.20      116.028      4.62477
      4829.60      126.888      4.83125
      4831.00      117.472      4.82064
      4832.40      122.939      5.06382
      4833.80      119.742      4.87408
      4835.20      123.800      4.83958
      4836.60      123.779      4.74710
      4838.00      124.888      4.76712
      4839.40      121.434      4.75735
      4840.80      126.704      4.80388
      4842.20      117.282      4.59272
      4843.60      115.857      4.53440
      4845.00      117.890      4.61421
      4846.40      123.998      4.75861
      4847.80      115.829      4.63572
      4849.20      120.799      4.67882
      4850.60      117.711      4.65257
      4852.00      104.589      4.62777
      4853.40      116.797      4.91978
      4854.80      108.549      4.71598
      4856.20      106.268      4.54273
      4857.60      104.086      4.46670
      4859.00      100.395      4.30761
      4860.40      96.9226      4.15578
      4861.80      75.6830      3.83035
      4863.20      67.5011      3.81926
      4864.60      61.3907      3.80514
      4866.00      68.6079      3.89519
      4867.40      80.1794      3.91813
      4868.80      96.9346      4.12501
      4870.20      99.0505      4.26495
      4871.60      107.183      4.50185
      4873.00      106.773      4.54009
      4874.40      106.881      4.54712
      4875.80      107.964      4.62939
      4877.20      114.953      4.63481
      4878.60      105.711      4.39487
      4880.00      109.661      4.36134
      4881.40      113.496      4.47785
      4882.80      117.885      4.59909
      4884.20      114.711      4.60657
      4885.60      119.102      4.64412
      4887.00      121.423      4.82279
      4888.40      122.919      4.85263
      4889.80      115.326      4.63919
      4891.20      122.730      4.58699
      4892.60      125.508      4.60142
      4894.00      116.687      4.52661
      4895.40      119.382      4.70912
      4896.80      120.505      4.98176
      4898.20      115.723      4.89289
      4899.60      116.201      4.86294
      4901.00      119.441      4.83889
      4902.40      124.720      4.81374
      4903.80      118.055      4.65560
      4905.20      122.985      4.70677
      4906.60      121.145      4.60770
      4908.00      117.081      4.63715
      4909.40      123.078      4.77330
      4910.80      120.581      4.69439
      4912.20      120.804      4.73458
      4913.60      113.570      4.59666
      4915.00      114.771      4.65690
      4916.40      121.879      4.69308
      4917.80      122.330      4.72954
      4919.20      117.062      4.60182
      4920.60      120.828      4.77714
      4922.00      118.398      4.79351
      4923.40      111.248      4.59046
      4924.80      118.370      4.60988
      4926.20      127.513      4.88946
      4927.60      116.955      4.95259
      4929.00      113.274      4.84286
      4930.40      121.979      4.69642
      4931.80      117.315      4.57058
      4933.20      128.251      4.87184
      4934.60      124.601      4.88981
      4936.00      119.642      4.72393
      4937.40      114.841      4.62790
      4938.80      120.445      4.66197
      4940.20      123.605      4.62938
      4941.60      121.890      4.56912
      4943.00      122.511      4.58224
      4944.40      118.834      4.55224
      4945.80      113.712      4.51149
      4947.20      126.325      4.59075
      4948.60      124.784      4.53740
      4950.00      123.536      4.63993
      4951.40      123.039      4.77157
      4952.80      126.978      4.91004
      4954.20      119.321      4.79395
      4955.60      118.037      4.66478
      4957.00      115.208      4.51088
      4958.40      112.535      4.40250
      4959.80      109.412      4.46240
      4961.20      117.404      4.70895
      4962.60      118.390      4.60386
      4964.00      119.639      4.49126
      4965.40      117.072      4.40847
      4966.80      121.775      4.51622
      4968.20      118.822      4.66887
      4969.60      113.470      4.47806
      4971.00      116.240      4.44141
      4972.40      117.641      4.39164
      4973.80      117.578      4.39212
      4975.20      116.683      4.48515
      4976.60      121.743      4.58367
      4978.00      119.959      4.73432
      4979.40      120.855      5.01607
      4980.80      113.237      4.94510
      4982.20      118.553      4.92192
      4983.60      120.737      4.89906
      4985.00      113.799      4.78834
      4986.40      114.009      4.58926
      4987.80      119.839      4.61228
      4989.20      116.499      4.70928
      4990.60      125.195      4.73229
      4992.00      119.143      4.52806
      4993.40      113.458      4.42948
      4994.80      119.833      4.52458
      4996.20      112.950      4.48008
      4997.60      115.547      4.60745
      4999.00      115.679      4.49219
