      3900.00      113.361      10.7095
      3901.40      122.785      13.2578
      3902.80      111.120      7.44574
      3904.20      125.182      7.80525
      3905.60      122.509      7.77572
      3907.00      146.061      8.41631
      3908.40      137.978      8.26545
      3909.80      131.914      8.04120
      3911.20      125.765      7.91740
      3912.60      141.094      8.62848
      3914.00      126.345      8.36086
      3915.40      133.613      8.10471
      3916.80      144.396      8.14853
      3918.20      136.758      7.85344
      3919.60      133.052      8.18251
      3921.00      127.398      7.62961
      3922.40      124.384      7.46544
      3923.80      131.643      7.61684
      3925.20      127.892      7.44210
      3926.60      118.174      7.34173
      3928.00      123.445      7.60307
      3929.40      131.652      7.71835
      3930.80      126.133      7.54973
      3932.20      100.499      6.85516
      3933.60      68.3342      5.91920
      3935.00      105.936      6.66321
      3936.40      116.132      6.89420
      3937.80      132.554      7.55206
      3939.20      135.960      7.45296
      3940.60      142.017      7.86541
      3942.00      140.389      8.09152
      3943.40      125.067      7.53289
      3944.80      141.037      7.70877
      3946.20      144.522      7.92891
      3947.60      129.994      7.77587
      3949.00      121.963      7.62396
      3950.40      110.288      7.13977
      3951.80      123.695      7.24734
      3953.20      130.750      7.40235
      3954.60      126.529      7.54786
      3956.00      125.464      7.64791
      3957.40      119.319      7.37298
      3958.80      128.527      7.18503
      3960.20      123.466      6.92695
      3961.60      110.028      6.75010
      3963.00      110.571      7.04306
      3964.40      97.2799      6.77511
      3965.80      95.6411      6.43911
      3967.20      76.5787      5.69570
      3968.60      56.9045      5.12150
      3970.00      57.5590      5.16724
      3971.40      56.4892      5.29543
      3972.80      80.4324      6.07613
      3974.20      96.1050      6.47270
      3975.60      100.304      6.34466
      3977.00      97.9512      6.27456
      3978.40      102.073      6.41895
      3979.80      123.148      7.14332
      3981.20      125.682      7.49813
      3982.60      121.237      7.72763
      3984.00      116.362      7.86735
      3985.40      126.887      7.91883
      3986.80      137.523      7.46137
      3988.20      121.849      6.89778
      3989.60      126.342      7.01146
      3991.00      122.232      6.86351
      3992.40      132.819      7.10365
      3993.80      110.372      6.49514
      3995.20      132.044      6.88871
      3996.60      134.294      6.90703
      3998.00      127.177      6.69753
      3999.40      137.519      6.96231
      4000.80      130.837      6.81593
      4002.20      139.580      7.00790
      4003.60      134.431      6.84675
      4005.00      136.809      6.87862
      4006.40      127.980      6.71379
      4007.80      137.672      6.96576
      4009.20      124.944      6.66087
      4010.60      133.833      6.85445
      4012.00      137.008      6.88095
      4013.40      118.537      6.54960
      4014.80      128.209      7.09709
      4016.20      132.236      6.87375
      4017.60      120.547      6.49147
      4019.00      125.137      6.58307
      4020.40      124.259      6.54960
      4021.80      143.505      7.16508
      4023.20      132.284      6.99349
      4024.60      133.146      6.76542
      4026.00      115.422      6.33494
      4027.40      127.243      6.66520
      4028.80      129.529      7.03811
      4030.20      125.271      7.32762
      4031.60      120.750      6.94327
      4033.00      137.709      6.85196
      4034.40      128.813      6.49568
      4035.80      127.866      6.47259
      4037.20      133.025      6.58116
      4038.60      136.455      6.77756
      4040.00      135.095      6.77825
      4041.40      129.814      6.56951
      4042.80      134.068      6.67600
      4044.20      133.117      6.76907
      4045.60      123.716      6.93083
      4047.00      123.365      7.31083
      4048.40      125.322      6.94914
      4049.80      121.502      6.46080
      4051.20      127.242      6.46861
      4052.60      129.767      6.56422
      4054.00      121.400      7.00785
      4055.40      128.125      7.30436
      4056.80      128.774      6.41577
      4058.20      136.309      6.46036
      4059.60      122.889      6.18765
      4061.00      134.169      6.44781
      4062.40      129.907      6.38802
      4063.80      120.436      6.21426
      4065.20      128.541      6.45634
      4066.60      128.052      6.45284
      4068.00      123.694      6.26778
      4069.40      133.020      6.51082
      4070.80      115.442      6.05633
      4072.20      122.211      6.23406
      4073.60      130.721      6.37714
      4075.00      129.336      6.56540
      4076.40      124.974      6.79888
      4077.80      108.871      6.47562
      4079.20      122.670      6.41032
      4080.60      125.070      6.37110
      4082.00      124.441      6.52970
      4083.40      121.402      6.41324
      4084.80      118.308      6.29817
      4086.20      117.858      6.22243
      4087.60      124.947      6.18449
      4089.00      119.123      6.00737
      4090.40      124.959      6.21890
      4091.80      108.712      6.14611
      4093.20      109.487      6.11857
      4094.60      104.395      5.69561
      4096.00      94.7920      5.45286
      4097.40      99.0377      5.49428
      4098.80      84.9429      5.14934
      4100.20      70.9170      4.81266
      4101.60      47.1532      4.23713
      4103.00      59.5876      4.43483
      4104.40      79.4842      4.94663
      4105.80      100.412      5.44360
      4107.20      97.3264      5.34696
      4108.60      101.756      5.45952
      4110.00      111.080      5.66155
      4111.40      113.239      5.76668
      4112.80      115.405      5.86883
      4114.20      115.071      5.80330
      4115.60      116.655      5.81262
      4117.00      118.826      5.82855
      4118.40      113.386      5.73875
      4119.80      118.528      5.98489
      4121.20      110.085      5.87893
      4122.60      113.632      6.01444
      4124.00      135.390      6.39483
      4125.40      121.878      6.44070
      4126.80      117.128      5.90562
      4128.20      116.571      5.75866
      4129.60      117.351      5.99614
      4131.00      118.804      5.82152
      4132.40      120.747      5.83226
      4133.80      120.475      5.92501
      4135.20      121.178      6.05360
      4136.60      114.184      5.95066
      4138.00      127.040      6.12665
      4139.40      126.948      5.97924
      4140.80      124.173      5.87190
      4142.20      126.308      5.88809
      4143.60      114.000      5.53207
      4145.00      122.753      5.73322
      4146.40      129.655      5.93976
      4147.80      121.944      5.74481
      4149.20      128.998      5.83716
      4150.60      115.832      5.56075
      4152.00      128.014      5.84950
      4153.40      119.776      5.71071
      4154.80      125.626      6.02758
      4156.20      117.315      5.90850
      4157.60      134.835      6.08698
      4159.00      125.373      5.85986
      4160.40      124.410      6.41875
      4161.80      131.066      6.51349
      4163.20      117.483      5.96004
      4164.60      124.067      5.84734
      4166.00      133.251      6.06636
      4167.40      130.859      6.00314
      4168.80      121.788      6.11697
      4170.20      125.855      6.42168
      4171.60      122.927      6.12903
      4173.00      125.759      5.83020
      4174.40      123.324      5.70479
      4175.80      124.471      5.76212
      4177.20      125.783      6.05755
      4178.60      122.777      5.68958
      4180.00      132.023      5.88911
      4181.40      127.689      5.75377
      4182.80      124.320      5.80936
      4184.20      118.581      5.55182
      4185.60      125.376      5.82350
      4187.00      123.261      5.84052
      4188.40      122.057      5.68070
      4189.80      122.287      5.65189
      4191.20      116.988      5.46384
      4192.60      122.216      5.56326
      4194.00      125.229      5.61499
      4195.40      128.887      5.72175
      4196.80      124.040      5.57180
      4198.20      121.903      5.73780
      4199.60      119.727      5.72353
      4201.00      118.012      5.47891
      4202.40      111.737      5.32801
      4203.80      115.680      5.48379
      4205.20      126.898      5.83017
      4206.60      125.749      5.78774
      4208.00      122.049      5.56972
      4209.40      122.318      5.51194
      4210.80      128.545      5.71927
      4212.20      121.015      5.58572
      4213.60      123.911      5.55457
      4215.00      121.102      5.43625
      4216.40      116.617      5.43810
      4217.80      122.181      6.18782
      4219.20      118.339      5.95733
      4220.60      112.863      5.42509
      4222.00      124.294      5.46756
      4223.40      120.876      5.41668
      4224.80      126.390      5.57663
      4226.20      115.290      5.53305
      4227.60      124.296      5.67177
      4229.00      118.516      5.48780
      4230.40      131.654      5.79766
      4231.80      129.735      5.79977
      4233.20      131.501      5.82404
      4234.60      122.038      5.66687
      4236.00      138.809      6.20606
      4237.40      128.831      11.5173
      4238.80      127.287      6.29147
      4240.20      117.415      5.79475
      4241.60      123.989      5.44196
      4243.00      127.349      5.50211
      4244.40      118.958      5.33034
      4245.80      126.799      5.67695
      4247.20      121.598      5.71106
      4248.60      116.861      5.50349
      4250.00      128.947      5.61638
      4251.40      124.141      5.50633
      4252.80      123.851      8.79233
      4254.20      119.607      6.77652
      4255.60      124.908      5.79204
      4257.00      115.680      5.42890
      4258.40      126.196      5.54269
      4259.80      120.527      5.33560
      4261.20      128.934      5.52113
      4262.60      130.325      5.54795
      4264.00      119.518      5.27872
      4265.40      126.710      5.46951
      4266.80      119.570      5.29077
      4268.20      122.246      5.36690
      4269.60      123.237      5.41569
      4271.00      121.418      5.38541
      4272.40      121.755      5.33012
      4273.80      121.982      5.30984
      4275.20      120.686      5.28968
      4276.60      117.147      5.26383
      4278.00      118.662      5.48596
      4279.40      125.214      5.56797
      4280.80      134.694      5.65415
      4282.20      124.726      5.62283
      4283.60      122.003      5.39523
      4285.00      123.346      5.31371
      4286.40      121.304      5.26688
      4287.80      121.326      5.50250
      4289.20      114.841      5.09388
      4290.60      116.113      5.13774
      4292.00      127.190      5.39336
      4293.40      122.477      5.36944
      4294.80      125.623      5.52178
      4296.20      122.507      5.37292
      4297.60      120.254      5.28196
      4299.00      113.107      5.07686
      4300.40      119.834      5.17731
      4301.80      116.982      5.10464
      4303.20      103.414      4.79578
      4304.60      115.310      5.14430
      4306.00      114.456      5.05867
      4307.40      118.547      5.51064
      4308.80      111.536      5.10259
      4310.20      120.330      5.21426
      4311.60      122.763      5.27087
      4313.00      109.932      5.01576
      4314.40      117.993      5.22269
      4315.80      119.414      5.27376
      4317.20      119.662      5.23840
      4318.60      114.350      5.12304
      4320.00      109.920      4.99861
      4321.40      114.007      5.30959
      4322.80      109.421      5.46545
      4324.20      106.615      5.19205
      4325.60      102.919      4.97262
      4327.00      101.683      4.97448
      4328.40      113.177      5.29957
      4329.80      111.709      5.29530
      4331.20      108.196      5.22153
      4332.60      96.1280      4.87351
      4334.00      94.2140      4.66115
      4335.40      91.9731      4.54919
      4336.80      87.4913      4.45374
      4338.20      75.8347      4.18449
      4339.60      58.6130      3.87750
      4341.00      59.4576      4.03880
      4342.40      73.6357      4.25853
      4343.80      97.7059      4.62912
      4345.20      100.311      4.70677
      4346.60      93.8203      4.67260
      4348.00      110.854      5.26257
      4349.40      103.407      4.91061
      4350.80      103.238      4.78496
      4352.20      101.419      4.69492
      4353.60      106.703      4.80293
      4355.00      108.556      4.85005
      4356.40      109.652      4.92657
      4357.80      112.310      5.46613
      4359.20      107.788      6.30311
      4360.60      113.925      6.41468
      4362.00      115.074      5.43170
      4363.40      107.383      4.95462
      4364.80      109.984      4.91858
      4366.20      115.135      5.08161
      4367.60      116.184      5.04353
      4369.00      110.750      4.91147
      4370.40      113.655      4.96077
      4371.80      118.973      5.23136
      4373.20      114.122      5.26378
      4374.60      111.207      4.96261
      4376.00      113.663      4.99077
      4377.40      119.805      5.29470
      4378.80      117.095      5.24123
      4380.20      113.059      4.97657
      4381.60      107.999      4.82142
      4383.00      111.181      4.86837
      4384.40      109.545      4.80250
      4385.80      115.961      4.94942
      4387.20      115.395      4.93393
      4388.60      120.404      5.04036
      4390.00      116.200      4.99644
      4391.40      106.246      4.90675
      4392.80      119.176      5.24109
      4394.20      113.233      5.06841
      4395.60      117.299      4.97681
      4397.00      121.652      5.07197
      4398.40      120.514      5.06626
      4399.80      121.985      5.06310
      4401.20      110.018      4.82143
      4402.60      114.248      4.92702
      4404.00      119.277      5.05997
      4405.40      114.291      4.96201
      4406.80      123.983      5.19549
      4408.20      113.836      4.96293
      4409.60      120.487      5.10274
      4411.00      115.304      4.98034
      4412.40      117.196      5.05059
      4413.80      110.941      4.96275
      4415.20      120.739      5.04598
      4416.60      109.927      4.86782
      4418.00      118.723      5.05454
      4419.40      115.417      5.10144
      4420.80      115.549      5.31027
      4422.20      115.933      5.08458
      4423.60      113.104      4.86147
      4425.00      111.492      4.84324
      4426.40      111.833      4.86245
      4427.80      112.213      4.85643
      4429.20      115.989      4.89989
      4430.60      117.749      5.11577
      4432.00      118.778      5.16939
      4433.40      118.881      5.28032
      4434.80      125.602      5.32588
      4436.20      110.913      4.88703
      4437.60      111.444      4.78727
      4439.00      117.035      4.90212
      4440.40      120.238      4.97494
      4441.80      112.687      4.89503
      4443.20      106.700      4.98155
      4444.60      117.175      5.14593
      4446.00      125.203      5.13921
      4447.40      117.435      4.90758
      4448.80      110.317      4.71773
      4450.20      124.331      5.01542
      4451.60      108.306      4.68896
      4453.00      113.918      4.82595
      4454.40      116.027      4.82531
      4455.80      116.444      4.76986
      4457.20      115.053      4.87612
      4458.60      112.456      4.71827
      4460.00      111.880      4.68824
      4461.40      113.044      4.68757
      4462.80      110.265      4.66774
      4464.20      110.607      4.74675
      4465.60      104.875      4.55250
      4467.00      106.353      4.57617
      4468.40      115.275      4.89382
      4469.80      113.688      4.71243
      4471.20      111.362      4.72344
      4472.60      112.866      4.67934
      4474.00      113.740      4.72171
      4475.40      113.548      4.87099
      4476.80      113.760      4.71387
      4478.20      112.469      4.79748
      4479.60      108.184      4.61144
      4481.00      112.616      4.66836
      4482.40      111.971      4.63776
      4483.80      104.997      4.51477
      4485.20      112.558      4.70214
      4486.60      114.826      4.79251
      4488.00      104.631      4.58869
      4489.40      112.973      4.69558
      4490.80      113.188      4.65806
      4492.20      111.786      4.65760
      4493.60      107.446      4.55780
      4495.00      110.806      4.74600
      4496.40      109.125      4.59617
      4497.80      115.660      4.74218
      4499.20      113.379      4.74972
      4500.60      111.018      4.72867
      4502.00      117.102      4.87704
      4503.40      109.019      4.75035
      4504.80      112.236      4.76288
      4506.20      107.435      4.63148
      4507.60      112.043      4.64748
      4509.00      111.412      4.70304
      4510.40      110.908      4.58815
      4511.80      111.213      4.64247
      4513.20      110.811      4.74831
      4514.60      113.105      4.82726
      4516.00      110.943      4.81759
      4517.40      114.000      4.71099
      4518.80      108.922      4.49624
      4520.20      111.261      4.54485
      4521.60      115.485      4.65164
      4523.00      114.469      4.64270
      4524.40      109.780      4.69490
      4525.80      116.963      4.86331
      4527.20      117.737      4.72362
      4528.60      106.110      4.54489
      4530.00      106.005      4.60465
      4531.40      111.297      4.57083
      4532.80      106.971      4.50019
      4534.20      100.948      4.41988
      4535.60      104.234      4.70065
      4537.00      113.344      5.11266
      4538.40      105.932      4.82300
      4539.80      113.732      4.70299
      4541.20      110.993      4.54026
      4542.60      110.674      4.53798
      4544.00      117.541      4.70789
      4545.40      114.709      4.65749
      4546.80      111.991      4.59321
      4548.20      107.815      4.47923
      4549.60      108.362      4.54391
      4551.00      107.641      4.59124
      4552.40      110.191      4.58832
      4553.80      109.890      4.52082
      4555.20      108.769      4.66188
      4556.60      111.479      4.53400
      4558.00      107.531      4.44636
      4559.40      108.370      4.46490
      4560.80      98.2394      4.25157
      4562.20      109.397      4.52076
      4563.60      109.277      4.58963
      4565.00      108.160      4.48460
      4566.40      116.881      4.75981
      4567.80      119.526      4.76022
      4569.20      110.139      4.54343
      4570.60      105.536      4.46561
      4572.00      108.176      4.50285
      4573.40      108.685      4.47849
      4574.80      109.070      4.54054
      4576.20      104.650      4.35770
      4577.60      108.337      4.43548
      4579.00      108.755      4.44955
      4580.40      107.357      4.42986
      4581.80      110.122      4.49724
      4583.20      117.931      4.70854
      4584.60      102.582      4.36428
      4586.00      113.361      4.50779
      4587.40      107.766      4.39781
      4588.80      106.238      4.37696
      4590.20      108.454      4.43675
      4591.60      104.950      4.33877
      4593.00      105.618      4.39772
      4594.40      109.452      4.65504
      4595.80      105.222      4.53949
      4597.20      113.085      4.48898
      4598.60      111.285      4.47107
      4600.00      111.112      4.53081
      4601.40      110.447      4.54398
      4602.80      105.245      4.28537
      4604.20      108.199      4.44025
      4605.60      109.216      4.61653
      4607.00      108.904      4.86585
      4608.40      113.883      4.95845
      4609.80      111.926      4.57067
      4611.20      107.311      4.34005
      4612.60      112.057      4.43813
      4614.00      105.689      4.28150
      4615.40      108.122      4.32561
      4616.80      109.278      4.37519
      4618.20      112.268      4.41398
      4619.60      108.329      4.31948
      4621.00      111.447      4.45752
      4622.40      111.481      4.47960
      4623.80      106.448      4.33432
      4625.20      102.620      4.22079
      4626.60      109.637      4.38017
      4628.00      115.429      4.61071
      4629.40      108.076      4.37897
      4630.80      99.5177      4.14461
      4632.20      107.041      4.30286
      4633.60      103.853      4.59523
      4635.00      111.166      4.77724
      4636.40      102.803      4.22951
      4637.80      107.018      4.48110
      4639.20      112.250      4.39394
      4640.60      107.367      4.41421
      4642.00      106.845      4.43590
      4643.40      108.360      4.48164
      4644.80      106.107      4.24910
      4646.20      105.844      4.21637
      4647.60      111.358      4.34803
      4649.00      102.808      4.20196
      4650.40      115.001      4.50363
      4651.80      106.605      4.26076
      4653.20      106.326      4.24177
      4654.60      115.461      4.51351
      4656.00      106.912      4.46375
      4657.40      111.490      4.57639
      4658.80      111.089      4.49328
      4660.20      102.807      4.23592
      4661.60      104.429      4.24715
      4663.00      102.842      4.21039
      4664.40      100.288      4.17203
      4665.80      102.279      4.40330
      4667.20      102.064      4.52855
      4668.60      100.807      4.20628
      4670.00      103.600      4.23743
      4671.40      104.721      4.38087
      4672.80      109.242      4.55597
      4674.20      113.375      4.57553
      4675.60      106.613      4.28692
      4677.00      106.518      4.28362
      4678.40      109.473      4.34029
      4679.80      103.660      4.26508
      4681.20      106.387      4.36147
      4682.60      115.177      4.46706
      4684.00      113.177      4.39705
      4685.40      110.899      4.36477
      4686.80      101.833      4.16841
      4688.20      108.877      4.27879
      4689.60      115.222      4.47746
      4691.00      114.370      4.53544
      4692.40      106.682      4.34883
      4693.80      111.992      4.39771
      4695.20      110.349      4.31578
      4696.60      109.135      4.28510
      4698.00      112.385      4.35197
      4699.40      109.985      4.30880
      4700.80      104.445      4.17990
      4702.20      109.125      4.27190
      4703.60      106.942      4.26837
      4705.00      106.189      4.30132
      4706.40      101.207      4.12508
      4707.80      104.142      4.18070
      4709.20      104.179      4.16290
      4710.60      107.990      4.25217
      4712.00      108.147      4.35027
      4713.40      107.738      4.44417
      4714.80      109.715      4.49108
      4716.20      104.906      4.30325
      4717.60      106.242      4.32105
      4719.00      119.130      4.67031
      4720.40      105.316      4.26563
      4721.80      107.134      4.21771
      4723.20      105.832      4.18447
      4724.60      112.513      4.32769
      4726.00      99.2944      4.05193
      4727.40      110.623      4.28851
      4728.80      107.590      4.21191
      4730.20      106.209      4.19492
      4731.60      107.923      4.41850
      4733.00      102.812      4.35262
      4734.40      109.989      4.54999
      4735.80      109.858      4.46143
      4737.20      112.404      4.33491
      4738.60      106.053      4.21206
      4740.00      102.865      4.14093
      4741.40      105.616      4.19287
      4742.80      99.4955      4.10888
      4744.20      109.467      4.30370
      4745.60      105.129      4.18955
      4747.00      100.350      4.07821
      4748.40      100.701      4.10066
      4749.80      106.025      4.38062
      4751.20      109.620      4.25521
      4752.60      107.419      4.21773
      4754.00      110.434      4.27506
      4755.40      107.991      4.24967
      4756.80      101.569      4.17747
      4758.20      111.477      4.39154
      4759.60      113.233      4.37217
      4761.00      111.970      4.29930
      4762.40      105.466      4.13515
      4763.80      99.9141      4.02442
      4765.20      104.366      4.16563
      4766.60      107.129      4.27259
      4768.00      107.577      4.24314
      4769.40      100.858      4.03404
      4770.80      106.752      4.15349
      4772.20      108.005      4.17730
      4773.60      106.094      4.19970
      4775.00      104.530      4.33379
      4776.40      101.723      4.28757
      4777.80      105.320      4.37056
      4779.20      103.839      4.14674
      4780.60      106.301      4.20312
      4782.00      105.893      4.20038
      4783.40      104.814      4.21900
      4784.80      108.637      4.28207
      4786.20      113.829      4.37986
      4787.60      105.435      4.16311
      4789.00      99.8623      3.99716
      4790.40      99.1800      3.98441
      4791.80      109.923      4.21281
      4793.20      108.736      4.16992
      4794.60      110.152      4.20689
      4796.00      104.619      4.08411
      4797.40      113.418      4.26920
      4798.80      102.562      4.04060
      4800.20      104.923      4.07641
      4801.60      107.162      4.12699
      4803.00      107.291      4.13463
      4804.40      109.038      4.30168
      4805.80      105.877      4.25740
      4807.20      110.638      4.27864
      4808.60      104.017      4.05346
      4810.00      107.386      4.12018
      4811.40      99.8899      3.97451
      4812.80      106.178      4.15927
      4814.20      104.422      4.30871
      4815.60      106.005      4.53185
      4817.00      102.052      4.53621
      4818.40      96.7458      4.29198
      4819.80      104.122      4.22632
      4821.20      107.167      4.30650
      4822.60      103.359      4.31413
      4824.00      101.082      4.20082
      4825.40      102.103      4.20705
      4826.80      101.819      4.19489
      4828.20      101.202      4.22179
      4829.60      102.301      4.10258
      4831.00      102.097      4.15207
      4832.40      103.500      4.05166
      4833.80      98.5920      3.97306
      4835.20      95.2421      3.94149
      4836.60      98.4675      4.05394
      4838.00      97.9879      4.04747
      4839.40      108.457      4.23301
      4840.80      107.257      4.19889
      4842.20      102.173      4.07960
      4843.60      108.556      4.15752
      4845.00      95.7906      3.89479
      4846.40      90.2088      3.75430
      4847.80      92.7995      3.81188
      4849.20      92.0323      3.88135
      4850.60      88.0872      3.93528
      4852.00      91.1182      3.96502
      4853.40      90.3607      3.81246
      4854.80      87.1533      3.80507
      4856.20      84.8906      3.85686
      4857.60      78.5823      3.68156
      4859.00      76.2446      3.45331
      4860.40      52.6069      2.90529
      4861.80      49.0453      2.88986
      4863.20      60.4674      3.13537
      4864.60      71.8846      3.32621
      4866.00      80.4871      3.50966
      4867.40      82.7305      3.56160
      4868.80      81.8167      3.55598
      4870.20      87.5427      3.90458
      4871.60      95.9885      3.97463
      4873.00      93.4424      3.81732
      4874.40      92.1465      3.77523
      4875.80      99.6543      3.95849
      4877.20      92.8138      3.91693
      4878.60      90.4759      3.95541
      4880.00      92.8173      3.99422
      4881.40      95.7563      4.17715
      4882.80      97.5547      3.97749
      4884.20      96.2605      3.94888
      4885.60      99.5699      4.09529
      4887.00      100.478      4.28208
      4888.40      101.444      4.30128
      4889.80      97.9924      4.15374
      4891.20      101.994      4.11043
      4892.60      100.871      4.04452
      4894.00      100.715      4.05510
      4895.40      103.013      4.09949
      4896.80      100.508      4.08828
      4898.20      96.9172      3.97605
      4899.60      100.982      4.06266
      4901.00      100.457      4.07171
      4902.40      94.5588      4.02741
      4903.80      99.3248      4.03245
      4905.20      100.376      4.06652
      4906.60      103.297      4.29669
      4908.00      94.0985      4.21408
      4909.40      100.461      4.32557
      4910.80      99.0409      4.23030
      4912.20      99.0020      4.10910
      4913.60      95.6564      3.98057
      4915.00      99.9759      4.12889
      4916.40      102.998      4.22997
      4917.80      97.2920      4.17033
      4919.20      95.9922      3.92566
      4920.60      94.2054      3.86564
      4922.00      93.8861      3.90349
      4923.40      97.2596      3.98016
      4924.80      95.0686      3.85141
      4926.20      100.944      3.97641
      4927.60      103.896      4.03112
      4929.00      100.132      3.92443
      4930.40      100.511      3.92936
      4931.80      99.9715      4.08703
      4933.20      98.5532      3.89980
      4934.60      100.082      3.91241
      4936.00      100.878      4.02462
      4937.40      99.5466      4.01856
      4938.80      101.574      4.14117
      4940.20      103.748      4.23225
      4941.60      101.997      4.19369
      4943.00      102.291      4.27637
      4944.40      95.1598      3.95914
      4945.80      101.328      4.08014
      4947.20      101.568      3.98009
      4948.60      99.6484      3.97668
      4950.00      99.7614      3.96369
      4951.40      98.0836      3.90370
      4952.80      100.517      3.91112
      4954.20      94.3316      3.78964
      4955.60      99.6325      3.89012
      4957.00      99.7827      3.87665
      4958.40      99.1824      3.86812
      4959.80      102.612      4.22222
      4961.20      101.759      4.48250
      4962.60      95.4081      4.05319
      4964.00      104.514      3.96785
      4965.40      101.845      3.93452
      4966.80      106.093      4.03944
      4968.20      103.298      3.98930
      4969.60      95.6823      3.85499
      4971.00      101.701      3.93279
      4972.40      100.532      3.92158
      4973.80      106.035      4.04672
      4975.20      89.9543      3.72597
      4976.60      93.9670      3.82493
      4978.00      105.374      4.05623
      4979.40      106.836      4.10358
      4980.80      97.5457      3.93221
      4982.20      99.6405      4.06269
      4983.60      95.3001      3.98047
      4985.00      93.8021      3.83993
      4986.40      93.2544      3.81109
      4987.80      96.5162      3.86595
      4989.20      94.3116      3.82343
      4990.60      100.749      4.14093
      4992.00      99.0309      4.00672
      4993.40      96.8232      3.85138
      4994.80      103.085      3.95502
      4996.20      105.225      4.06016
      4997.60      87.8556      3.86005
      4999.00      101.980      4.11055
