      3900.00      1118.89      26.2518
      3901.40      1104.29      25.9325
      3902.80      1194.23      28.8737
      3904.20      1204.68      28.6982
      3905.60      1220.23      29.0937
      3907.00      1195.17      27.5069
      3908.40      1162.23      55.5356
      3909.80      1191.37      1414.36
      3911.20      1214.29      1414.36
      3912.60      1240.15      1414.37
      3914.00      1211.46      1414.36
      3915.40      1221.31      28.4693
      3916.80      1206.52      27.2378
      3918.20      1200.13      27.0230
      3919.60      1211.66      27.1090
      3921.00      1250.96      27.8912
      3922.40      1236.26      27.6016
      3923.80      1192.10      26.7173
      3925.20      1187.95      26.6951
      3926.60      1086.21      25.0870
      3928.00      782.275      19.7822
      3929.40      696.555      18.6450
      3930.80      1048.61      24.1959
      3932.20      1180.90      26.4291
      3933.60      1062.73      24.6852
      3935.00      1073.32      24.7731
      3936.40      1186.94      26.4072
      3937.80      1209.82      26.6658
      3939.20      1162.60      25.8844
      3940.60      1195.24      26.3989
      3942.00      1172.71      26.2410
      3943.40      1152.77      26.0354
      3944.80      1130.52      25.7704
      3946.20      1160.74      26.4222
      3947.60      1155.32      26.1105
      3949.00      1095.74      25.0181
      3950.40      1080.81      24.8032
      3951.80      1045.14      23.9216
      3953.20      1051.81      24.0914
      3954.60      1013.73      23.2412
      3956.00      957.400      22.4272
      3957.40      900.841      21.4804
      3958.80      824.444      20.2352
      3960.20      773.317      19.6462
      3961.60      662.938      17.6807
      3963.00      438.302      14.4007
      3964.40      312.402      11.4595
      3965.80      361.587      12.3827
      3967.20      526.732      15.0929
      3968.60      625.992      16.9041
      3970.00      695.535      18.0275
      3971.40      842.714      20.3559
      3972.80      900.789      21.2296
      3974.20      938.742      21.8415
      3975.60      958.404      21.9744
      3977.00      1011.08      22.7805
      3978.40      1028.55      23.1325
      3979.80      1070.06      24.0252
      3981.20      1093.19      24.5022
      3982.60      1098.22      24.2680
      3984.00      1112.10      24.3725
      3985.40      1150.20      24.9492
      3986.80      1134.12      24.6627
      3988.20      1135.97      24.7174
      3989.60      1142.32      25.0279
      3991.00      1160.84      25.0697
      3992.40      1125.43      24.4377
      3993.80      1150.16      24.8820
      3995.20      1196.28      25.6045
      3996.60      1215.56      25.8070
      3998.00      1191.57      25.3720
      3999.40      1165.31      24.9288
      4000.80      1166.36      24.9880
      4002.20      1168.07      24.9639
      4003.60      1214.03      25.8908
      4005.00      1190.64      25.2994
      4006.40      1152.03      24.6777
      4007.80      1160.09      24.7871
      4009.20      1172.97      25.2265
      4010.60      1182.55      25.0516
      4012.00      1198.65      25.2724
      4013.40      1167.76      24.8223
      4014.80      1162.28      24.7357
      4016.20      1181.13      25.4788
      4017.60      1157.89      24.6354
      4019.00      1163.57      24.6910
      4020.40      1169.10      24.7244
      4021.80      1179.85      24.9157
      4023.20      1138.25      24.2528
      4024.60      1172.87      24.7346
      4026.00      1171.63      24.7260
      4027.40      1168.44      24.6588
      4028.80      1153.96      24.7761
      4030.20      1169.97      24.7402
      4031.60      1181.94      25.3726
      4033.00      1175.82      24.7808
      4034.40      1165.66      24.7213
      4035.80      1160.09      24.6929
      4037.20      1161.62      24.5180
      4038.60      1161.30      24.4563
      4040.00      1136.92      24.1072
      4041.40      1147.64      24.2775
      4042.80      1151.41      24.2965
      4044.20      1151.80      24.2206
      4045.60      1164.37      24.5689
      4047.00      1172.27      25.0743
      4048.40      1174.40      25.0270
      4049.80      1162.67      24.5995
      4051.20      1139.93      24.1237
      4052.60      1154.00      24.4927
      4054.00      1160.09      24.5272
      4055.40      1126.94      23.9562
      4056.80      1113.66      23.5300
      4058.20      1092.23      23.1346
      4059.60      1079.73      22.9544
      4061.00      1122.23      23.7264
      4062.40      1108.46      23.4287
      4063.80      1112.78      23.4024
      4065.20      1118.42      23.6753
      4066.60      1096.02      23.2222
      4068.00      1093.18      23.2407
      4069.40      1116.31      23.6414
      4070.80      1086.30      23.1605
      4072.20      1037.27      22.3106
      4073.60      1024.97      22.1424
      4075.00      1051.61      22.6871
      4076.40      1051.83      22.5387
      4077.80      1076.70      22.7779
      4079.20      1021.71      21.9757
      4080.60      1023.94      22.3800
      4082.00      1006.47      21.6730
      4083.40      991.645      21.5032
      4084.80      972.355      21.1815
      4086.20      960.729      21.0190
      4087.60      894.144      20.0157
      4089.00      880.423      19.9829
      4090.40      811.032      18.6914
      4091.80      748.870      17.5976
      4093.20      668.714      16.2209
      4094.60      545.067      13.9730
      4096.00      392.796      11.5669
      4097.40      375.521      11.2975
      4098.80      508.350      13.4084
      4100.20      653.561      15.8229
      4101.60      712.894      16.8635
      4103.00      783.590      17.9467
      4104.40      821.895      18.4840
      4105.80      854.235      18.9871
      4107.20      918.866      19.9916
      4108.60      936.949      20.4964
      4110.00      954.499      20.5087
      4111.40      977.693      20.8874
      4112.80      999.396      21.2622
      4114.20      995.243      21.2158
      4115.60      1037.23      21.8809
      4117.00      1031.50      21.6302
      4118.40      1058.58      22.2024
      4119.80      1044.30      21.9213
      4121.20      1085.87      22.6199
      4122.60      1090.57      22.8468
      4124.00      1081.62      22.6526
      4125.40      1084.03      22.7008
      4126.80      1045.74      21.8389
      4128.20      1044.03      21.8192
      4129.60      1077.59      22.3834
      4131.00      1071.47      22.3638
      4132.40      1092.93      22.6657
      4133.80      1093.85      22.5318
      4135.20      1078.25      22.2873
      4136.60      1081.54      22.3930
      4138.00      1069.97      22.2449
      4139.40      1063.48      22.0750
      4140.80      1101.50      22.6174
      4142.20      1090.16      22.7702
      4143.60      1073.45      22.2388
      4145.00      1092.82      22.5331
      4146.40      1071.26      22.1508
      4147.80      1059.22      21.8125
      4149.20      1059.80      21.7748
      4150.60      1077.46      22.0310
      4152.00      1077.57      22.0707
      4153.40      1074.33      22.2585
      4154.80      1064.34      22.1471
      4156.20      1072.47      22.0751
      4157.60      1072.13      22.2996
      4159.00      1027.76      21.2795
      4160.40      1087.82      22.2056
      4161.80      1066.92      21.8444
      4163.20      1045.82      21.5379
      4164.60      1088.69      22.4392
      4166.00      1071.13      21.9767
      4167.40      1051.65      21.6161
      4168.80      1054.31      21.6363
      4170.20      1076.12      21.9657
      4171.60      1072.98      21.9166
      4173.00      1060.57      21.7081
      4174.40      1033.26      21.3101
      4175.80      1061.98      21.9298
      4177.20      1059.68      21.6422
      4178.60      1067.29      21.7671
      4180.00      1079.49      22.0373
      4181.40      1110.41      25.8019
      4182.80      1081.44      23.0934
      4184.20      1085.53      21.9867
      4185.60      1072.08      21.8265
      4187.00      1030.14      21.2880
      4188.40      1054.42      21.6810
      4189.80      1062.15      21.6843
      4191.20      1083.49      22.0105
      4192.60      1051.99      21.4372
      4194.00      1029.02      21.1132
      4195.40      1044.53      21.5229
      4196.80      1035.80      21.2379
      4198.20      1053.80      21.4952
      4199.60      1069.25      21.6607
      4201.00      1034.36      21.1087
      4202.40      1060.87      21.5271
      4203.80      1079.15      21.7525
      4205.20      1061.23      21.5198
      4206.60      1040.56      21.2404
      4208.00      1059.97      21.7844
      4209.40      1062.33      21.5204
      4210.80      1016.89      20.7967
      4212.20      1052.07      21.4303
      4213.60      1048.30      21.6468
      4215.00      1030.98      20.9489
      4216.40      1056.85      21.3426
      4217.80      1035.69      23.4487
      4219.20      1049.99      27.4838
      4220.60      1020.69      27.6793
      4222.00      1031.82      32.1663
      4223.40      1034.51      27.8865
      4224.80      1016.75      25.5190
      4226.20      1049.04      21.3084
      4227.60      1014.29      20.6528
      4229.00      1010.91      20.5919
      4230.40      1010.62      20.5675
      4231.80      1018.26      20.6873
      4233.20      1023.45      20.7540
      4234.60      1032.24      21.0847
      4236.00      1034.85      21.1107
      4237.40      1046.19      21.1977
      4238.80      1041.47      21.2502
      4240.20      1028.75      21.0925
      4241.60      978.580      20.0620
      4243.00      1009.27      20.5433
      4244.40      1027.33      20.8756
      4245.80      1012.23      20.6683
      4247.20      1022.72      20.9234
      4248.60      1028.13      21.1501
      4250.00      1036.30      20.9386
      4251.40      1055.02      21.2462
      4252.80      1047.24      21.1698
      4254.20      1016.39      20.6145
      4255.60      993.240      20.2353
      4257.00      1007.83      20.6720
      4258.40      1033.18      21.1268
      4259.80      1022.00      20.9212
      4261.20      1035.60      20.9071
      4262.60      1040.30      20.9123
      4264.00      1031.50      20.7849
      4265.40      1003.12      20.3464
      4266.80      963.732      19.8176
      4268.20      996.177      20.3259
      4269.60      1011.13      20.4980
      4271.00      1031.95      20.7814
      4272.40      1020.90      20.5967
      4273.80      1028.31      20.7195
      4275.20      1036.35      20.8676
      4276.60      1014.54      20.5295
      4278.00      999.701      20.2770
      4279.40      1004.80      20.3808
      4280.80      1007.57      20.3930
      4282.20      1002.35      20.3131
      4283.60      971.251      19.7499
      4285.00      961.429      19.6097
      4286.40      988.435      20.0093
      4287.80      997.098      20.1313
      4289.20      974.127      19.7573
      4290.60      996.051      20.0989
      4292.00      990.690      20.0770
      4293.40      971.771      19.7962
      4294.80      928.433      19.1739
      4296.20      925.553      19.1310
      4297.60      969.797      19.7571
      4299.00      979.058      19.8410
      4300.40      975.900      19.8227
      4301.80      981.513      19.9238
      4303.20      936.023      19.1976
      4304.60      969.702      19.7451
      4306.00      1007.57      20.2824
      4307.40      940.249      19.2126
      4308.80      903.568      18.6273
      4310.20      913.306      18.8089
      4311.60      948.413      19.3953
      4313.00      950.732      19.4228
      4314.40      949.763      19.3725
      4315.80      891.452      18.4407
      4317.20      907.950      18.7994
      4318.60      902.599      18.6812
      4320.00      837.091      17.6093
      4321.40      837.879      17.6054
      4322.80      873.980      18.2394
      4324.20      830.488      17.5594
      4325.60      816.727      17.5875
      4327.00      792.603      17.0302
      4328.40      733.334      15.9511
      4329.80      682.929      15.2358
      4331.20      630.806      14.3102
      4332.60      537.946      12.8428
      4334.00      406.630      10.9336
      4335.40      347.609      10.0194
      4336.80      430.413      11.0679
      4338.20      557.269      13.0472
      4339.60      636.598      14.3093
      4341.00      696.356      15.3023
      4342.40      744.351      16.3754
      4343.80      776.552      16.6927
      4345.20      788.097      16.8369
      4346.60      808.690      17.0491
      4348.00      852.224      17.7432
      4349.40      901.643      18.4935
      4350.80      897.809      18.4802
      4352.20      903.561      18.5907
      4353.60      884.667      18.2098
      4355.00      921.381      18.7352
      4356.40      939.775      19.0426
      4357.80      950.354      19.4617
      4359.20      953.819      20.4099
      4360.60      943.849      19.5347
      4362.00      951.536      19.2793
      4363.40      942.584      19.0808
      4364.80      955.417      19.3382
      4366.20      948.243      19.3827
      4367.60      974.657      19.6644
      4369.00      929.113      18.8970
      4370.40      941.600      19.0524
      4371.80      971.253      19.5199
      4373.20      974.472      19.5694
      4374.60      975.418      19.5555
      4376.00      957.189      19.2487
      4377.40      960.485      19.2766
      4378.80      899.828      18.3492
      4380.20      948.026      19.0988
      4381.60      953.766      19.3222
      4383.00      963.293      19.4272
      4384.40      980.355      19.7355
      4385.80      981.356      19.5394
      4387.20      970.333      19.5335
      4388.60      920.447      18.5953
      4390.00      913.194      18.4696
      4391.40      944.916      18.9585
      4392.80      982.718      19.5751
      4394.20      944.966      19.0134
      4395.60      956.021      19.1495
      4397.00      979.550      19.7501
      4398.40      950.367      22.9069
      4399.80      938.889      18.9937
      4401.20      965.639      19.2917
      4402.60      943.361      18.9103
      4404.00      961.523      19.3434
      4405.40      963.358      19.1948
      4406.80      949.447      19.0216
      4408.20      925.514      18.6451
      4409.60      919.465      18.5578
      4411.00      911.014      18.4623
      4412.40      918.218      18.5895
      4413.80      936.738      18.8699
      4415.20      946.931      19.3280
      4416.60      949.259      19.0539
      4418.00      955.418      19.0100
      4419.40      981.604      19.3936
      4420.80      953.320      19.0077
      4422.20      974.498      19.3823
      4423.60      965.164      19.2132
      4425.00      941.274      18.7789
      4426.40      950.445      18.8866
      4427.80      936.052      18.7067
      4429.20      931.969      18.6796
      4430.60      931.826      18.5966
      4432.00      939.718      18.7212
      4433.40      931.598      18.9622
      4434.80      950.282      19.0187
      4436.20      947.736      18.9179
      4437.60      911.137      18.2634
      4439.00      919.846      18.3932
      4440.40      954.424      18.9272
      4441.80      933.199      18.5938
      4443.20      945.360      18.8320
      4444.60      920.195      18.4213
      4446.00      940.442      18.7331
      4447.40      939.308      18.7060
      4448.80      913.610      18.2637
      4450.20      914.765      18.3068
      4451.60      936.453      18.6483
      4453.00      937.418      18.6140
      4454.40      936.438      18.5854
      4455.80      916.344      18.5467
      4457.20      917.230      18.3740
      4458.60      911.335      18.1657
      4460.00      925.515      18.4005
      4461.40      936.117      18.5724
      4462.80      909.221      18.1820
      4464.20      903.869      18.1111
      4465.60      944.048      18.6949
      4467.00      933.806      18.5015
      4468.40      927.361      18.4342
      4469.80      926.138      18.3814
      4471.20      944.242      18.8295
      4472.60      928.717      18.4106
      4474.00      910.640      18.1332
      4475.40      882.189      17.6739
      4476.80      865.071      17.3894
      4478.20      920.390      18.2328
      4479.60      933.477      18.4505
      4481.00      928.192      18.5611
      4482.40      910.251      18.2106
      4483.80      905.124      18.0231
      4485.20      907.394      18.0534
      4486.60      912.349      18.1128
      4488.00      920.621      18.2424
      4489.40      923.013      18.2714
      4490.80      923.436      18.3121
      4492.20      911.508      18.1139
      4493.60      919.725      18.2052
      4495.00      895.340      17.8033
      4496.40      876.487      17.5455
      4497.80      933.298      18.4478
      4499.20      929.078      18.3667
      4500.60      920.445      18.2088
      4502.00      904.033      17.9208
      4503.40      895.268      17.7855
      4504.80      915.771      18.3072
      4506.20      927.329      18.4619
      4507.60      910.901      18.0379
      4509.00      884.880      17.6258
      4510.40      905.220      17.8932
      4511.80      919.490      18.2244
      4513.20      930.487      18.3498
      4514.60      899.244      17.8829
      4516.00      873.958      17.4426
      4517.40      885.972      17.5482
      4518.80      890.835      17.6232
      4520.20      896.392      17.8840
      4521.60      903.755      17.8576
      4523.00      888.309      17.7929
      4524.40      886.600      17.5760
      4525.80      899.724      17.9072
      4527.20      888.159      17.7626
      4528.60      857.851      17.1367
      4530.00      889.173      17.6590
      4531.40      896.422      17.7173
      4532.80      902.966      17.8285
      4534.20      907.315      17.9156
      4535.60      905.917      17.8792
      4537.00      911.300      18.0028
      4538.40      929.742      18.2279
      4539.80      909.348      17.9373
      4541.20      886.814      17.6946
      4542.60      889.624      17.5766
      4544.00      849.183      16.9528
      4545.40      869.236      17.3344
      4546.80      890.555      17.6871
      4548.20      881.961      17.5972
      4549.60      886.215      17.6520
      4551.00      877.442      17.5524
      4552.40      899.036      17.7618
      4553.80      899.031      17.8819
      4555.20      901.431      17.8659
      4556.60      886.732      17.6722
      4558.00      878.212      17.3839
      4559.40      874.225      17.2981
      4560.80      883.120      17.3988
      4562.20      893.697      17.6083
      4563.60      890.677      17.6270
      4565.00      873.799      17.3412
      4566.40      845.721      16.8493
      4567.80      879.994      17.3481
      4569.20      884.578      17.3869
      4570.60      895.997      17.5481
      4572.00      899.535      17.6474
      4573.40      895.260      17.6089
      4574.80      880.821      17.3773
      4576.20      877.604      17.2541
      4577.60      861.913      17.1732
      4579.00      860.384      17.0219
      4580.40      887.275      17.5057
      4581.80      887.003      17.5628
      4583.20      884.048      17.6366
      4584.60      884.467      17.4087
      4586.00      881.902      17.3388
      4587.40      885.216      17.3776
      4588.80      884.633      17.4717
      4590.20      873.160      17.2658
      4591.60      887.476      17.4580
      4593.00      901.097      17.6743
      4594.40      897.937      17.6232
      4595.80      920.370      17.9839
      4597.20      900.177      17.9055
      4598.60      891.251      17.4810
      4600.00      883.871      17.3399
      4601.40      885.564      17.5496
      4602.80      887.871      17.4747
      4604.20      881.202      17.3737
      4605.60      887.935      17.4976
      4607.00      877.011      17.5368
      4608.40      874.575      17.2049
      4609.80      874.900      17.1733
      4611.20      871.319      17.1374
      4612.60      881.366      17.3335
      4614.00      881.343      17.3697
      4615.40      872.456      17.1109
      4616.80      881.923      17.2733
      4618.20      883.164      17.2928
      4619.60      877.903      17.2248
      4621.00      897.399      17.6230
      4622.40      891.985      17.4467
      4623.80      853.961      16.8945
      4625.20      878.753      17.2998
      4626.60      871.586      17.2188
      4628.00      876.921      17.1638
      4629.40      882.885      17.2870
      4630.80      863.252      16.9613
      4632.20      868.602      17.0053
      4633.60      868.635      16.9958
      4635.00      879.555      17.1711
      4636.40      892.760      17.5538
      4637.80      879.925      17.1679
      4639.20      877.075      17.1418
      4640.60      867.153      17.0350
      4642.00      864.253      17.0252
      4643.40      855.240      16.8725
      4644.80      864.891      17.0287
      4646.20      861.966      17.0714
      4647.60      857.166      16.9134
      4649.00      863.396      17.0798
      4650.40      886.799      17.3982
      4651.80      877.159      17.2160
      4653.20      879.574      17.2459
      4654.60      853.587      16.8621
      4656.00      884.688      17.5448
      4657.40      876.798      17.2103
      4658.80      865.280      17.0890
      4660.20      880.166      17.2887
      4661.60      872.978      17.0909
      4663.00      850.472      16.7316
      4664.40      859.190      16.8658
      4665.80      866.601      16.9735
      4667.20      864.827      16.9182
      4668.60      860.899      16.8306
      4670.00      866.107      16.9097
      4671.40      865.124      16.9021
      4672.80      867.097      17.0891
      4674.20      866.517      16.9123
      4675.60      862.253      16.8519
      4677.00      865.741      16.9445
      4678.40      863.473      16.9039
      4679.80      870.663      16.9840
      4681.20      861.775      16.8541
      4682.60      852.068      16.7185
      4684.00      869.719      16.9865
      4685.40      875.479      17.1062
      4686.80      856.250      16.8516
      4688.20      868.477      17.0565
      4689.60      878.751      17.3059
      4691.00      868.186      17.0063
      4692.40      868.798      16.9749
      4693.80      863.953      16.8465
      4695.20      863.518      16.9823
      4696.60      847.204      16.5768
      4698.00      851.118      16.7101
      4699.40      865.357      16.8724
      4700.80      868.389      16.8995
      4702.20      849.477      16.6853
      4703.60      850.471      16.6506
      4705.00      857.366      16.7304
      4706.40      852.423      16.6211
      4707.80      849.400      16.8297
      4709.20      843.664      16.4761
      4710.60      851.525      16.5688
      4712.00      847.624      16.5212
      4713.40      836.397      16.3956
      4714.80      839.615      16.4769
      4716.20      853.713      16.7966
      4717.60      843.592      16.4334
      4719.00      850.905      16.5510
      4720.40      846.577      16.4909
      4721.80      842.560      16.4737
      4723.20      844.665      16.5195
      4724.60      840.270      16.4135
      4726.00      854.278      16.6333
      4727.40      857.992      16.7021
      4728.80      834.643      16.3303
      4730.20      834.436      16.3596
      4731.60      829.494      16.2713
      4733.00      843.970      16.5003
      4734.40      840.899      16.8847
      4735.80      841.770      16.6651
      4737.20      835.578      16.3608
      4738.60      834.310      16.3791
      4740.00      835.498      16.3965
      4741.40      854.227      16.7737
      4742.80      839.721      16.3626
      4744.20      840.547      16.4128
      4745.60      827.289      16.2256
      4747.00      830.795      16.2495
      4748.40      849.478      16.6575
      4749.80      844.466      16.4793
      4751.20      830.052      16.2822
      4752.60      843.517      16.5724
      4754.00      832.347      16.2615
      4755.40      839.806      16.4562
      4756.80      833.140      16.2433
      4758.20      829.339      16.1460
      4759.60      825.479      16.0718
      4761.00      827.007      16.0776
      4762.40      820.566      16.0162
      4763.80      811.246      15.9493
      4765.20      826.550      16.1808
      4766.60      819.445      16.0242
      4768.00      807.490      15.8299
      4769.40      829.052      16.3223
      4770.80      805.546      15.8099
      4772.20      807.740      16.0634
      4773.60      811.945      15.8600
      4775.00      809.465      15.8506
      4776.40      815.299      15.9779
      4777.80      819.935      16.4255
      4779.20      839.638      16.3446
      4780.60      823.104      16.0490
      4782.00      826.771      16.1113
      4783.40      826.965      16.1262
      4784.80      826.532      16.1117
      4786.20      823.079      16.0470
      4787.60      822.361      15.9938
      4789.00      812.336      15.8096
      4790.40      822.805      15.9817
      4791.80      792.834      15.6874
      4793.20      822.463      16.0138
      4794.60      822.948      16.0270
      4796.00      816.582      15.9393
      4797.40      809.649      15.8317
      4798.80      796.955      15.6386
      4800.20      796.090      15.6133
      4801.60      812.225      15.8486
      4803.00      810.021      15.7974
      4804.40      793.501      15.5260
      4805.80      801.932      15.7028
      4807.20      812.744      15.8792
      4808.60      810.509      16.0292
      4810.00      812.097      15.8313
      4811.40      819.568      15.9637
      4812.80      799.825      15.6935
      4814.20      809.072      15.8037
      4815.60      809.435      15.7897
      4817.00      799.091      15.6403
      4818.40      806.091      15.7262
      4819.80      793.448      15.9093
      4821.20      797.759      16.3696
      4822.60      785.197      15.4648
      4824.00      796.518      15.5721
      4825.40      795.470      15.6312
      4826.80      805.009      15.8398
      4828.20      789.237      15.5636
      4829.60      785.357      15.4806
      4831.00      784.668      15.4345
      4832.40      768.136      15.1690
      4833.80      750.663      15.1053
      4835.20      745.314      15.0840
      4836.60      749.680      15.0308
      4838.00      757.543      15.1137
      4839.40      739.697      14.8532
      4840.80      734.032      14.8287
      4842.20      727.788      14.6897
      4843.60      701.605      14.3674
      4845.00      693.042      14.2357
      4846.40      675.338      13.8690
      4847.80      655.365      13.6456
      4849.20      621.777      13.1240
      4850.60      571.718      12.3407
      4852.00      544.706      11.8764
      4853.40      463.605      10.5647
      4854.80      352.236      8.75228
      4856.20      324.672      8.41019
      4857.60      419.071      9.89745
      4859.00      507.072      11.3669
      4860.40      561.870      12.2370
      4861.80      599.953      12.8581
      4863.20      630.430      13.2875
      4864.60      644.377      13.4810
      4866.00      657.365      14.0088
      4867.40      676.908      14.1216
      4868.80      698.240      14.4685
      4870.20      702.259      14.3814
      4871.60      704.336      14.4425
      4873.00      728.821      14.9469
      4874.40      739.202      15.1038
      4875.80      741.854      14.9262
      4877.20      761.200      15.2348
      4878.60      729.068      14.7561
      4880.00      762.183      15.1871
      4881.40      760.823      15.1625
      4882.80      756.905      15.0938
      4884.20      747.539      14.9414
      4885.60      748.764      15.1725
      4887.00      753.339      15.0069
      4888.40      773.331      15.3328
      4889.80      779.644      15.4016
      4891.20      767.321      15.3686
      4892.60      765.792      15.1880
      4894.00      770.990      15.3844
      4895.40      762.691      15.0890
      4896.80      760.272      15.2566
      4898.20      753.469      14.8797
      4899.60      762.294      14.9843
      4901.00      761.297      14.9497
      4902.40      764.703      15.0242
      4903.80      770.231      15.1472
      4905.20      765.988      15.0694
      4906.60      771.045      15.1189
      4908.00      780.736      15.5140
      4909.40      779.991      15.2257
      4910.80      756.063      14.8933
      4912.20      767.871      15.1260
      4913.60      765.493      15.1604
      4915.00      748.503      14.8264
      4916.40      749.473      14.7218
      4917.80      746.685      14.6660
      4919.20      762.207      14.9131
      4920.60      760.978      15.2122
      4922.00      774.711      15.2039
      4923.40      788.385      15.3261
      4924.80      774.959      15.1553
      4926.20      773.200      15.1419
      4927.60      776.660      15.1563
      4929.00      758.063      14.8547
      4930.40      760.894      15.0593
      4931.80      758.701      14.9006
      4933.20      767.044      14.9555
      4934.60      767.351      14.9362
      4936.00      770.413      15.0456
      4937.40      769.080      15.1361
      4938.80      781.611      15.2095
      4940.20      783.728      15.2325
      4941.60      771.069      15.1500
      4943.00      772.463      15.0951
      4944.40      781.341      15.1905
      4945.80      761.995      14.8449
      4947.20      769.754      14.9956
      4948.60      784.007      15.1818
      4950.00      776.921      15.0593
      4951.40      745.704      14.6004
      4952.80      753.735      14.7446
      4954.20      762.594      14.8817
      4955.60      771.099      14.9661
      4957.00      779.055      15.0960
      4958.40      778.620      15.0670
      4959.80      774.864      15.0899
      4961.20      779.838      15.1341
      4962.60      774.910      15.0010
      4964.00      764.422      14.9377
      4965.40      762.066      14.7822
      4966.80      763.982      14.8183
      4968.20      763.073      14.8032
      4969.60      753.243      14.6418
      4971.00      728.765      14.2562
      4972.40      745.848      14.6814
      4973.80      756.467      14.8346
      4975.20      764.440      14.8300
      4976.60      749.538      14.5792
      4978.00      760.449      14.7261
      4979.40      763.203      14.7960
      4980.80      755.133      14.6867
      4982.20      753.719      14.6838
      4983.60      760.270      14.7958
      4985.00      758.467      14.7831
      4986.40      747.144      14.6417
      4987.80      759.359      14.7450
      4989.20      741.517      14.4155
      4990.60      752.307      14.6180
      4992.00      754.000      14.6853
      4993.40      756.330      14.6696
      4994.80      746.699      14.5025
      4996.20      745.986      14.5313
      4997.60      755.561      14.6744
      4999.00      747.342      14.5494
