      3900.00      134.063      9.10778
      3901.40      140.255      9.65105
      3902.80      133.401      8.97034
      3904.20      148.612      9.29985
      3905.60      150.264      9.41275
      3907.00      157.945      9.66774
      3908.40      160.862      9.67449
      3909.80      173.855      10.0470
      3911.20      158.598      9.74684
      3912.60      155.852      9.75869
      3914.00      173.268      10.7596
      3915.40      161.890      10.6986
      3916.80      180.699      10.8763
      3918.20      161.378      10.1079
      3919.60      147.382      9.54532
      3921.00      182.771      9.99052
      3922.40      164.000      9.53316
      3923.80      171.047      9.70344
      3925.20      168.511      10.2458
      3926.60      156.430      9.26545
      3928.00      158.347      9.06239
      3929.40      161.362      8.84554
      3930.80      124.381      7.82034
      3932.20      139.135      7.91848
      3933.60      68.2475      6.06978
      3935.00      51.6913      5.76440
      3936.40      112.154      7.11010
      3937.80      151.541      8.04949
      3939.20      175.726      8.60305
      3940.60      162.062      8.35812
      3942.00      171.619      8.61764
      3943.40      162.255      8.44969
      3944.80      167.327      8.71560
      3946.20      168.565      9.17734
      3947.60      169.606      8.71175
      3949.00      168.203      8.62381
      3950.40      162.958      8.57695
      3951.80      168.958      8.80818
      3953.20      165.579      9.22465
      3954.60      162.492      8.44108
      3956.00      161.224      8.34422
      3957.40      145.463      8.04478
      3958.80      157.222      8.45811
      3960.20      142.255      8.32590
      3961.60      136.441      8.10900
      3963.00      149.172      8.56274
      3964.40      147.943      8.08634
      3965.80      136.265      7.59239
      3967.20      102.624      6.63380
      3968.60      71.3944      5.71579
      3970.00      65.4761      5.46680
      3971.40      69.4942      5.75456
      3972.80      110.935      6.91857
      3974.20      121.134      7.49016
      3975.60      136.200      8.38361
      3977.00      134.251      8.61195
      3978.40      147.947      8.83784
      3979.80      164.060      8.95716
      3981.20      145.593      8.67809
      3982.60      156.398      9.06850
      3984.00      165.367      9.48032
      3985.40      167.914      9.70197
      3986.80      164.346      9.33215
      3988.20      159.757      9.17594
      3989.60      182.163      9.59212
      3991.00      158.936      8.67110
      3992.40      176.694      8.91154
      3993.80      181.827      10.3102
      3995.20      172.177      11.2140
      3996.60      164.227      8.78708
      3998.00      171.722      8.96979
      3999.40      141.638      8.24361
      4000.80      171.083      8.32570
      4002.20      183.691      8.40149
      4003.60      171.141      8.11551
      4005.00      178.353      8.14773
      4006.40      160.631      7.72708
      4007.80      174.702      8.09918
      4009.20      165.968      7.97373
      4010.60      168.860      7.94091
      4012.00      170.505      7.94162
      4013.40      180.188      8.11188
      4014.80      161.246      7.71864
      4016.20      179.377      8.47075
      4017.60      180.738      8.82749
      4019.00      173.977      8.29851
      4020.40      174.115      8.06168
      4021.80      177.903      8.07520
      4023.20      176.698      8.13610
      4024.60      163.632      7.99700
      4026.00      163.523      7.86708
      4027.40      161.367      7.90246
      4028.80      157.046      7.49986
      4030.20      160.413      7.49375
      4031.60      165.010      7.57365
      4033.00      176.715      7.78981
      4034.40      159.280      7.38022
      4035.80      174.575      7.72567
      4037.20      187.639      8.03279
      4038.60      185.393      8.05172
      4040.00      189.825      8.18792
      4041.40      172.433      7.75159
      4042.80      185.288      8.04202
      4044.20      177.636      7.87520
      4045.60      169.489      7.84392
      4047.00      159.649      7.89079
      4048.40      169.297      7.99835
      4049.80      166.071      7.65860
      4051.20      170.155      7.63829
      4052.60      175.655      7.72321
      4054.00      182.658      7.88762
      4055.40      169.605      7.73643
      4056.80      166.949      7.98976
      4058.20      173.353      8.05734
      4059.60      181.034      8.07294
      4061.00      177.915      7.98794
      4062.40      164.670      7.83914
      4063.80      157.700      7.67799
      4065.20      167.227      7.77901
      4066.60      179.057      7.95504
      4068.00      178.595      7.96788
      4069.40      187.875      8.26903
      4070.80      168.871      7.84976
      4072.20      160.180      7.59885
      4073.60      151.821      7.63106
      4075.00      181.244      8.89070
      4076.40      161.860      8.95004
      4077.80      148.201      8.10217
      4079.20      167.601      7.79714
      4080.60      159.020      8.24457
      4082.00      150.086      7.79792
      4083.40      150.030      7.80907
      4084.80      151.563      7.31334
      4086.20      150.509      7.31415
      4087.60      162.340      7.91761
      4089.00      166.465      8.78757
      4090.40      164.147      8.11301
      4091.80      160.132      7.31585
      4093.20      140.839      6.85903
      4094.60      141.084      7.38696
      4096.00      149.869      7.74686
      4097.40      141.942      7.23244
      4098.80      136.190      6.80773
      4100.20      113.844      6.27762
      4101.60      100.846      5.94892
      4103.00      89.1492      5.75724
      4104.40      105.370      6.16569
      4105.80      145.295      6.84680
      4107.20      134.795      6.47928
      4108.60      138.589      6.57987
      4110.00      150.181      6.82344
      4111.40      162.672      7.24825
      4112.80      163.640      8.01330
      4114.20      171.049      7.24641
      4115.60      165.031      7.24844
      4117.00      160.049      6.99350
      4118.40      163.996      7.06758
      4119.80      162.253      6.95580
      4121.20      160.544      6.91932
      4122.60      165.551      7.03046
      4124.00      166.321      7.12040
      4125.40      162.963      7.09476
      4126.80      169.828      7.27447
      4128.20      164.688      7.32136
      4129.60      147.023      6.97102
      4131.00      165.374      7.54649
      4132.40      163.470      7.05256
      4133.80      151.803      6.73377
      4135.20      168.345      7.12717
      4136.60      150.954      6.73913
      4138.00      172.753      7.39271
      4139.40      171.213      7.38522
      4140.80      175.525      7.27550
      4142.20      168.987      7.17449
      4143.60      157.700      6.79836
      4145.00      162.910      7.12900
      4146.40      180.854      7.68199
      4147.80      180.031      7.62447
      4149.20      166.247      7.09909
      4150.60      161.462      6.84049
      4152.00      168.508      7.00415
      4153.40      171.964      7.06527
      4154.80      163.732      6.90931
      4156.20      158.847      6.87379
      4157.60      167.937      7.17413
      4159.00      163.443      6.87550
      4160.40      181.223      7.17312
      4161.80      160.231      6.73451
      4163.20      163.671      6.83519
      4164.60      171.606      7.00420
      4166.00      166.002      6.85462
      4167.40      165.444      6.76450
      4168.80      163.321      6.70342
      4170.20      171.513      6.89793
      4171.60      168.136      6.80690
      4173.00      155.819      6.51515
      4174.40      162.266      6.59908
      4175.80      161.976      6.56176
      4177.20      169.031      6.69588
      4178.60      165.110      6.57301
      4180.00      173.098      6.91745
      4181.40      175.441      6.95480
      4182.80      158.637      6.46185
      4184.20      169.316      6.68155
      4185.60      155.274      6.37309
      4187.00      163.126      7.10571
      4188.40      170.317      7.43634
      4189.80      161.880      6.90988
      4191.20      167.392      6.62844
      4192.60      176.521      6.85936
      4194.00      174.754      6.94291
      4195.40      177.742      6.91387
      4196.80      172.195      6.64374
      4198.20      163.617      6.53968
      4199.60      153.508      6.64183
      4201.00      156.982      6.85768
      4202.40      160.740      6.89146
      4203.80      153.300      6.58176
      4205.20      162.807      6.56805
      4206.60      163.435      6.63068
      4208.00      169.861      6.71378
      4209.40      163.032      6.47825
      4210.80      173.616      6.79574
      4212.20      184.022      7.19984
      4213.60      174.347      6.92005
      4215.00      150.250      6.20088
      4216.40      145.717      6.10303
      4217.80      161.706      6.43531
      4219.20      168.354      6.60118
      4220.60      172.784      6.67045
      4222.00      173.690      6.76532
      4223.40      177.778      7.14716
      4224.80      171.354      7.02962
      4226.20      155.761      6.33515
      4227.60      151.667      6.09379
      4229.00      155.606      6.32401
      4230.40      155.874      7.05112
      4231.80      163.487      7.12868
      4233.20      159.758      6.37407
      4234.60      164.540      6.41914
      4236.00      165.359      6.48044
      4237.40      164.508      6.53932
      4238.80      160.152      6.41575
      4240.20      169.651      6.53980
      4241.60      173.412      6.62984
      4243.00      175.866      6.64242
      4244.40      178.407      6.70346
      4245.80      160.851      6.36978
      4247.20      167.570      6.51306
      4248.60      155.794      6.21546
      4250.00      161.019      6.26883
      4251.40      160.646      6.31318
      4252.80      163.663      6.57436
      4254.20      169.337      6.81207
      4255.60      159.428      6.59619
      4257.00      160.699      6.52846
      4258.40      176.796      6.72511
      4259.80      164.705      6.36035
      4261.20      168.389      6.38813
      4262.60      169.702      6.42996
      4264.00      172.648      6.51059
      4265.40      174.533      6.75150
      4266.80      172.309      6.96307
      4268.20      186.131      6.93194
      4269.60      167.617      6.35512
      4271.00      156.629      6.11873
      4272.40      145.870      6.17129
      4273.80      166.143      6.85411
      4275.20      167.063      7.01813
      4276.60      169.447      6.86931
      4278.00      179.072      6.63538
      4279.40      171.085      6.44702
      4280.80      166.058      6.32497
      4282.20      172.196      6.41328
      4283.60      165.927      6.27628
      4285.00      169.099      6.36721
      4286.40      164.064      6.23548
      4287.80      167.038      6.56433
      4289.20      159.393      6.55005
      4290.60      156.494      6.27885
      4292.00      157.330      6.14166
      4293.40      168.120      6.32772
      4294.80      163.491      6.27300
      4296.20      169.568      6.47216
      4297.60      163.787      6.58050
      4299.00      156.326      6.04355
      4300.40      149.256      5.79702
      4301.80      150.378      5.83618
      4303.20      149.707      5.87836
      4304.60      152.078      6.12269
      4306.00      150.582      6.42089
      4307.40      163.824      6.26805
      4308.80      158.579      5.98575
      4310.20      151.592      5.78235
      4311.60      171.388      6.21362
      4313.00      165.864      6.15240
      4314.40      157.503      6.15124
      4315.80      149.005      6.03425
      4317.20      158.264      6.17435
      4318.60      171.754      6.37024
      4320.00      167.672      6.26797
      4321.40      154.067      5.99426
      4322.80      154.947      5.98800
      4324.20      164.562      6.08763
      4325.60      151.254      5.84257
      4327.00      141.743      5.66837
      4328.40      153.303      5.89764
      4329.80      156.167      5.99700
      4331.20      150.564      5.82438
      4332.60      156.050      6.02858
      4334.00      152.007      5.97170
      4335.40      150.788      5.85296
      4336.80      147.079      5.81612
      4338.20      122.258      5.44534
      4339.60      125.416      5.50033
      4341.00      95.5902      4.68471
      4342.40      99.9038      4.67890
      4343.80      127.710      5.27226
      4345.20      140.131      5.55611
      4346.60      133.722      5.61462
      4348.00      144.350      6.02113
      4349.40      144.919      5.72716
      4350.80      149.084      5.99690
      4352.20      149.710      5.94941
      4353.60      147.221      6.03509
      4355.00      149.689      5.75583
      4356.40      152.556      5.93414
      4357.80      152.680      6.54355
      4359.20      163.550      7.51309
      4360.60      166.579      7.22945
      4362.00      165.039      6.36293
      4363.40      169.170      6.16034
      4364.80      169.484      6.52449
      4366.20      168.410      6.39047
      4367.60      168.542      6.31411
      4369.00      170.238      6.20908
      4370.40      157.484      5.89215
      4371.80      166.286      6.06596
      4373.20      172.725      6.36317
      4374.60      149.595      5.97555
      4376.00      153.669      5.84553
      4377.40      165.475      5.98765
      4378.80      156.991      5.82935
      4380.20      176.016      6.20490
      4381.60      172.267      6.09754
      4383.00      161.116      5.86092
      4384.40      159.186      5.84384
      4385.80      162.900      6.01281
      4387.20      160.596      6.22484
      4388.60      171.879      6.23646
      4390.00      172.643      6.15781
      4391.40      165.660      6.03711
      4392.80      160.995      5.91781
      4394.20      153.001      5.72404
      4395.60      145.929      5.56981
      4397.00      156.906      5.95479
      4398.40      169.790      6.42011
      4399.80      167.350      6.35920
      4401.20      164.407      6.20313
      4402.60      159.119      6.06216
      4404.00      161.986      6.07111
      4405.40      150.585      5.80938
      4406.80      158.295      5.91525
      4408.20      160.334      5.88143
      4409.60      159.588      6.09679
      4411.00      165.875      6.00798
      4412.40      160.823      5.96256
      4413.80      159.543      5.98529
      4415.20      164.565      5.94911
      4416.60      157.329      5.77762
      4418.00      152.227      5.67064
      4419.40      154.264      5.73715
      4420.80      166.283      6.07649
      4422.20      168.360      6.03848
      4423.60      162.765      5.85603
      4425.00      163.987      5.88975
      4426.40      165.989      5.92706
      4427.80      167.377      5.94063
      4429.20      166.416      6.12889
      4430.60      171.789      6.05648
      4432.00      167.071      5.89656
      4433.40      160.676      5.73770
      4434.80      165.464      5.81614
      4436.20      165.226      5.80472
      4437.60      162.556      5.78343
      4439.00      162.370      5.93801
      4440.40      161.753      5.93426
      4441.80      160.582      5.71883
      4443.20      159.583      5.79354
      4444.60      148.918      5.60676
      4446.00      158.326      5.96746
      4447.40      156.421      5.74840
      4448.80      159.049      5.85873
      4450.20      162.637      5.90249
      4451.60      168.222      5.87582
      4453.00      162.951      5.77041
      4454.40      158.539      5.64228
      4455.80      164.433      5.73120
      4457.20      163.306      5.93062
      4458.60      163.378      5.82772
      4460.00      162.580      5.70509
      4461.40      161.126      5.68784
      4462.80      157.169      5.60520
      4464.20      157.952      5.77747
      4465.60      157.218      5.95763
      4467.00      153.800      6.09439
      4468.40      149.971      6.00885
      4469.80      146.892      5.55043
      4471.20      150.026      5.44821
      4472.60      163.324      5.75237
      4474.00      162.077      5.87609
      4475.40      163.721      5.75652
      4476.80      161.726      5.73343
      4478.20      161.281      5.74144
      4479.60      154.903      5.58306
      4481.00      152.137      5.47488
      4482.40      149.532      5.41214
      4483.80      154.922      5.55837
      4485.20      157.807      5.63622
      4486.60      157.008      5.91320
      4488.00      155.889      6.16228
      4489.40      152.309      5.77001
      4490.80      156.326      5.56749
      4492.20      160.957      5.67216
      4493.60      161.974      5.72434
      4495.00      153.748      5.81929
      4496.40      156.148      6.04860
      4497.80      157.980      5.91480
      4499.20      157.875      6.87152
      4500.60      152.517      6.75665
      4502.00      158.162      5.74124
      4503.40      158.069      5.96197
      4504.80      159.445      6.09888
      4506.20      163.984      5.76096
      4507.60      165.681      5.73103
      4509.00      154.955      5.50381
      4510.40      151.409      5.41549
      4511.80      158.101      5.55926
      4513.20      156.345      5.51034
      4514.60      161.533      5.61087
      4516.00      152.192      5.39469
      4517.40      152.531      5.40812
      4518.80      160.091      5.55321
      4520.20      165.547      5.67258
      4521.60      157.565      5.51768
      4523.00      152.644      5.38894
      4524.40      156.071      5.43766
      4525.80      155.409      5.59075
      4527.20      156.900      5.46039
      4528.60      157.416      5.57863
      4530.00      157.069      5.88227
      4531.40      158.901      5.79073
      4532.80      153.628      5.41098
      4534.20      150.791      5.31890
      4535.60      148.078      5.25540
      4537.00      164.546      5.61401
      4538.40      165.369      5.71018
      4539.80      159.331      5.80083
      4541.20      160.251      5.87239
      4542.60      159.234      5.84652
      4544.00      158.815      5.74840
      4545.40      159.851      5.85763
      4546.80      158.705      5.83468
      4548.20      157.723      5.73445
      4549.60      156.353      5.59759
      4551.00      156.635      5.66130
      4552.40      152.295      5.79757
      4553.80      152.469      5.85617
      4555.20      151.507      5.54410
      4556.60      157.368      5.50020
      4558.00      156.692      5.64092
      4559.40      161.150      5.81897
      4560.80      158.793      5.81155
      4562.20      167.497      5.99827
      4563.60      159.183      5.65666
      4565.00      154.271      5.44732
      4566.40      160.316      5.64854
      4567.80      167.778      5.89153
      4569.20      163.330      5.66247
      4570.60      160.513      5.56437
      4572.00      159.519      5.52599
      4573.40      141.792      5.30110
      4574.80      164.898      5.71926
      4576.20      158.796      5.47921
      4577.60      149.924      5.48559
      4579.00      171.542      6.14257
      4580.40      149.929      5.44537
      4581.80      159.233      5.42568
      4583.20      156.642      5.37138
      4584.60      148.527      5.55369
      4586.00      163.052      5.74202
      4587.40      161.563      5.47243
      4588.80      162.681      5.49970
      4590.20      161.947      5.47970
      4591.60      153.341      5.44721
      4593.00      163.950      5.74621
      4594.40      168.519      5.71874
      4595.80      154.926      5.29884
      4597.20      157.748      5.36908
      4598.60      157.664      5.37976
      4600.00      162.826      5.53082
      4601.40      162.068      5.58187
      4602.80      152.020      5.38278
      4604.20      155.186      5.36641
      4605.60      162.790      5.47589
      4607.00      159.833      5.38679
      4608.40      162.902      5.57231
      4609.80      162.235      5.74689
      4611.20      162.214      5.64673
      4612.60      164.724      5.50463
      4614.00      167.573      5.55570
      4615.40      163.530      5.52901
      4616.80      160.745      5.59356
      4618.20      158.160      5.46898
      4619.60      150.712      5.27403
      4621.00      159.450      5.51921
      4622.40      154.117      5.40726
      4623.80      151.036      5.21985
      4625.20      151.897      5.20195
      4626.60      160.009      5.37490
      4628.00      163.841      5.46558
      4629.40      158.266      5.34587
      4630.80      160.025      5.38519
      4632.20      161.475      5.59657
      4633.60      157.841      5.64001
      4635.00      160.810      5.66744
      4636.40      158.143      5.47695
      4637.80      153.745      5.51840
      4639.20      166.325      5.79500
      4640.60      165.778      5.68603
      4642.00      166.751      5.62335
      4643.40      157.032      5.39379
      4644.80      156.541      5.39590
      4646.20      164.477      5.56782
      4647.60      161.407      5.45040
      4649.00      157.604      5.29118
      4650.40      165.879      5.47689
      4651.80      170.924      5.71712
      4653.20      164.498      5.77252
      4654.60      168.539      5.63267
      4656.00      161.024      5.35714
      4657.40      168.157      5.52634
      4658.80      164.399      5.44583
      4660.20      163.597      5.54521
      4661.60      153.910      5.55274
      4663.00      157.789      5.68870
      4664.40      154.051      5.56408
      4665.80      156.238      5.39035
      4667.20      157.032      5.31777
      4668.60      163.088      5.42480
      4670.00      161.852      5.39253
      4671.40      163.569      5.43362
      4672.80      162.052      5.40759
      4674.20      158.694      5.46944
      4675.60      168.581      5.73992
      4677.00      165.504      5.55201
      4678.40      158.923      5.32864
      4679.80      163.503      5.41135
      4681.20      168.341      5.49973
      4682.60      162.107      5.37168
      4684.00      160.254      5.31918
      4685.40      170.406      5.54576
      4686.80      163.266      5.59064
      4688.20      165.384      5.43681
      4689.60      160.756      5.33565
      4691.00      162.050      5.33823
      4692.40      162.266      5.36146
      4693.80      160.580      5.51058
      4695.20      158.622      5.26074
      4696.60      160.088      5.28388
      4698.00      160.940      5.29439
      4699.40      159.177      5.66619
      4700.80      156.785      5.22924
      4702.20      161.133      5.31274
      4703.60      158.840      5.36397
      4705.00      161.244      5.49758
      4706.40      156.154      5.33242
      4707.80      162.929      5.36788
      4709.20      169.420      5.47911
      4710.60      160.391      5.31012
      4712.00      162.833      5.48621
      4713.40      155.629      5.29302
      4714.80      153.969      5.17636
      4716.20      156.656      5.46367
      4717.60      155.998      5.24349
      4719.00      156.108      5.25045
      4720.40      158.068      5.32603
      4721.80      156.905      5.42816
      4723.20      164.453      5.43875
      4724.60      155.264      5.26326
      4726.00      155.640      5.24446
      4727.40      154.709      5.26586
      4728.80      164.891      5.58646
      4730.20      164.503      5.58614
      4731.60      166.173      5.47421
      4733.00      161.035      5.36785
      4734.40      156.782      5.30801
      4735.80      160.097      5.44249
      4737.20      155.856      5.44358
      4738.60      163.116      5.58458
      4740.00      162.019      5.45981
      4741.40      154.229      5.26310
      4742.80      164.393      5.48386
      4744.20      162.110      5.50819
      4745.60      162.714      5.62259
      4747.00      162.334      5.52560
      4748.40      157.698      5.37718
      4749.80      153.152      5.28506
      4751.20      157.088      5.35489
      4752.60      151.729      5.18987
      4754.00      160.820      5.29680
      4755.40      155.645      5.16241
      4756.80      153.308      5.16699
      4758.20      159.266      5.41065
      4759.60      159.159      5.26468
      4761.00      158.415      5.18367
      4762.40      158.084      5.17483
      4763.80      154.121      5.14102
      4765.20      160.727      5.40705
      4766.60      157.452      5.38810
      4768.00      160.884      5.31588
      4769.40      158.498      5.15913
      4770.80      156.243      5.11348
      4772.20      150.778      4.99399
      4773.60      150.021      5.01904
      4775.00      160.607      5.33423
      4776.40      156.759      5.24908
      4777.80      157.724      5.20244
      4779.20      160.405      5.21768
      4780.60      150.625      5.01371
      4782.00      155.545      5.10867
      4783.40      157.907      5.29479
      4784.80      158.073      5.29537
      4786.20      152.228      5.03216
      4787.60      161.036      5.19635
      4789.00      152.191      5.02561
      4790.40      158.832      5.24992
      4791.80      157.015      5.55258
      4793.20      153.563      5.43572
      4794.60      157.913      5.10588
      4796.00      159.193      5.13569
      4797.40      158.336      5.16681
      4798.80      159.808      5.30094
      4800.20      159.792      5.22808
      4801.60      156.637      5.07749
      4803.00      161.310      5.17720
      4804.40      158.616      5.12464
      4805.80      163.112      5.20517
      4807.20      153.490      5.00240
      4808.60      158.243      5.10321
      4810.00      155.097      5.04417
      4811.40      157.670      5.13206
      4812.80      163.378      5.24074
      4814.20      149.820      4.95274
      4815.60      152.186      5.05871
      4817.00      154.537      5.23149
      4818.40      152.886      5.24305
      4819.80      155.843      5.18894
      4821.20      157.181      5.12471
      4822.60      154.182      5.10393
      4824.00      151.137      5.02443
      4825.40      159.595      5.12623
      4826.80      154.441      5.26727
      4828.20      156.750      5.08096
      4829.60      151.722      5.12594
      4831.00      148.701      4.99092
      4832.40      152.094      4.97309
      4833.80      154.692      5.02752
      4835.20      152.645      4.97911
      4836.60      151.800      4.99146
      4838.00      152.206      5.02799
      4839.40      157.886      5.08685
      4840.80      144.158      4.84395
      4842.20      151.276      4.96759
      4843.60      161.254      5.16243
      4845.00      154.333      5.09306
      4846.40      152.485      5.18990
      4847.80      150.455      5.12512
      4849.20      150.170      4.90098
      4850.60      141.468      4.71101
      4852.00      144.409      4.78095
      4853.40      145.361      4.80773
      4854.80      139.948      4.74894
      4856.20      131.931      4.67255
      4857.60      121.382      4.50642
      4859.00      127.293      4.67136
      4860.40      122.651      4.72529
      4861.80      85.4917      4.11399
      4863.20      88.7223      3.90755
      4864.60      111.827      4.03539
      4866.00      125.902      4.37166
      4867.40      130.421      4.55087
      4868.80      137.525      4.83589
      4870.20      137.189      4.79606
      4871.60      137.659      4.69445
      4873.00      144.694      4.79756
      4874.40      139.501      4.69388
      4875.80      135.660      4.60943
      4877.20      151.992      5.04269
      4878.60      151.150      5.11270
      4880.00      144.143      5.00904
      4881.40      154.886      5.15841
      4882.80      156.597      5.09145
      4884.20      147.248      4.98714
      4885.60      148.400      5.11217
      4887.00      155.669      5.19771
      4888.40      151.200      4.95178
      4889.80      154.227      4.98435
      4891.20      145.928      4.79843
      4892.60      154.003      4.96799
      4894.00      153.081      5.05027
      4895.40      156.699      5.25637
      4896.80      154.124      5.16213
      4898.20      153.639      5.04968
      4899.60      149.638      4.87643
      4901.00      152.543      4.90877
      4902.40      147.261      4.79118
      4903.80      145.262      4.76866
      4905.20      148.352      4.83235
      4906.60      149.269      4.83036
      4908.00      147.839      4.92874
      4909.40      151.076      4.87699
      4910.80      144.831      4.71607
      4912.20      149.079      4.85742
      4913.60      148.376      4.82197
      4915.00      150.852      4.84699
      4916.40      150.997      4.83938
      4917.80      154.298      4.91367
      4919.20      145.536      4.69145
      4920.60      147.943      4.72846
      4922.00      146.379      4.70221
      4923.40      140.581      4.59341
      4924.80      141.523      4.61010
      4926.20      139.854      4.58628
      4927.60      154.447      4.89956
      4929.00      152.348      4.86455
      4930.40      154.249      4.89628
      4931.80      149.454      4.82269
      4933.20      152.126      5.17311
      4934.60      152.504      4.90104
      4936.00      149.638      4.83226
      4937.40      150.568      4.85984
      4938.80      159.151      5.03494
      4940.20      152.017      4.91857
      4941.60      149.852      4.90415
      4943.00      152.355      4.94692
      4944.40      151.591      4.86412
      4945.80      157.743      4.94268
      4947.20      155.236      4.88703
      4948.60      153.735      4.95713
      4950.00      149.509      4.95943
      4951.40      153.125      4.89754
      4952.80      151.989      4.81965
      4954.20      150.147      5.05187
      4955.60      151.050      4.85443
      4957.00      150.448      4.79668
      4958.40      144.950      4.64110
      4959.80      153.546      4.87605
      4961.20      150.785      4.94267
      4962.60      149.044      4.85948
      4964.00      150.914      4.82402
      4965.40      150.373      4.91375
      4966.80      147.316      4.80726
      4968.20      146.261      4.76732
      4969.60      149.928      4.79427
      4971.00      150.591      4.76544
      4972.40      151.663      4.80267
      4973.80      154.556      4.87026
      4975.20      145.248      4.70861
      4976.60      149.505      4.82633
      4978.00      151.331      4.88362
      4979.40      147.919      4.77955
      4980.80      152.470      4.86671
      4982.20      141.643      4.68401
      4983.60      146.582      4.89131
      4985.00      145.148      4.85890
      4986.40      145.038      4.85515
      4987.80      146.345      5.01494
      4989.20      147.062      4.88061
      4990.60      142.872      4.63671
      4992.00      147.124      4.76809
      4993.40      146.878      5.06205
      4994.80      153.192      5.14884
      4996.20      154.014      4.87834
      4997.60      146.485      4.66952
      4999.00      149.620      4.77445
