      3900.00      1236.15      23.8550
      3901.40      1304.14      24.7125
      3902.80      1281.43      24.7981
      3904.20      1274.20      24.6244
      3905.60      1239.90      24.2396
      3907.00      1314.24      25.3256
      3908.40      1376.77      26.0504
      3909.80      1419.83      26.2713
      3911.20      1388.03      25.9513
      3912.60      1276.07      24.9174
      3914.00      1358.49      25.7155
      3915.40      1354.43      25.4573
      3916.80      1306.10      24.9071
      3918.20      1317.48      25.0074
      3919.60      1352.78      25.2796
      3921.00      1381.80      25.2406
      3922.40      1410.32      25.4919
      3923.80      1399.12      25.9820
      3925.20      1372.23      25.5357
      3926.60      1325.05      24.7991
      3928.00      1243.56      23.4452
      3929.40      1104.60      21.2803
      3930.80      782.497      17.0497
      3932.20      398.799      12.4894
      3933.60      461.349      12.5542
      3935.00      901.508      17.3793
      3936.40      1249.99      21.9613
      3937.80      1339.42      23.2947
      3939.20      1361.51      24.1934
      3940.60      1420.13      24.8240
      3942.00      1354.48      24.2412
      3943.40      1363.42      24.5999
      3944.80      1393.28      24.8986
      3946.20      1420.66      25.0929
      3947.60      1383.61      25.0258
      3949.00      1369.16      25.0337
      3950.40      1361.26      25.2684
      3951.80      1409.25      25.6835
      3953.20      1419.83      25.4056
      3954.60      1372.71      24.5018
      3956.00      1281.21      23.5486
      3957.40      1307.89      23.9593
      3958.80      1322.09      24.0624
      3960.20      1234.30      23.0226
      3961.60      1163.56      21.9101
      3963.00      1149.90      21.1251
      3964.40      985.706      19.0375
      3965.80      699.565      15.3780
      3967.20      395.665      11.6470
      3968.60      349.905      10.6764
      3970.00      639.827      13.8614
      3971.40      910.458      17.4987
      3972.80      1072.04      19.8209
      3974.20      1190.31      21.6326
      3975.60      1243.57      22.3973
      3977.00      1279.20      23.1298
      3978.40      1323.58      24.1335
      3979.80      1352.65      24.5429
      3981.20      1331.95      25.0215
      3982.60      1325.26      24.9881
      3984.00      1389.41      25.1441
      3985.40      1373.16      24.6197
      3986.80      1414.44      25.1178
      3988.20      1415.77      25.5496
      3989.60      1401.14      25.4601
      3991.00      1449.96      25.9008
      3992.40      1466.53      27.7755
      3993.80      1441.76      32.8603
      3995.20      1409.64      25.5861
      3996.60      1370.36      24.5390
      3998.00      1427.96      24.9665
      3999.40      1464.68      25.4921
      4000.80      1465.40      25.7428
      4002.20      1464.53      25.6495
      4003.60      1357.20      24.5600
      4005.00      1374.85      24.6096
      4006.40      1463.37      25.1697
      4007.80      1485.35      25.5000
      4009.20      1483.84      26.4917
      4010.60      1457.38      25.8917
      4012.00      1454.46      26.6467
      4013.40      1466.02      26.1238
      4014.80      1468.56      25.7269
      4016.20      1488.02      26.3239
      4017.60      1484.93      26.1198
      4019.00      1518.50      26.0651
      4020.40      1489.14      25.7200
      4021.80      1483.80      25.9760
      4023.20      1427.35      25.8262
      4024.60      1423.74      25.9024
      4026.00      1476.69      26.1870
      4027.40      1439.27      25.8637
      4028.80      1384.10      24.6638
      4030.20      1399.65      24.5199
      4031.60      1419.21      24.4715
      4033.00      1415.31      24.5077
      4034.40      1461.88      25.0155
      4035.80      1457.48      25.1434
      4037.20      1475.76      25.9614
      4038.60      1473.02      25.8131
      4040.00      1471.40      27.0132
      4041.40      1474.45      1414.36
      4042.80      1467.35      1414.36
      4044.20      1394.74      1414.35
      4045.60      1423.63      1414.35
      4047.00      1469.16      1414.35
      4048.40      1478.64      1414.36
      4049.80      1457.55      1414.37
      4051.20      1488.12      26.7427
      4052.60      1457.31      25.6378
      4054.00      1461.81      25.0407
      4055.40      1426.26      24.7215
      4056.80      1436.14      24.6154
      4058.20      1472.83      24.9228
      4059.60      1496.01      25.0507
      4061.00      1416.68      24.3378
      4062.40      1337.23      23.4420
      4063.80      1387.58      23.6010
      4065.20      1434.86      24.0690
      4066.60      1451.62      24.9603
      4068.00      1447.47      25.1565
      4069.40      1432.39      24.7131
      4070.80      1403.00      24.4572
      4072.20      1426.15      24.2087
      4073.60      1436.43      24.8605
      4075.00      1386.86      24.1918
      4076.40      1307.27      23.0270
      4077.80      1375.13      23.4437
      4079.20      1463.83      24.4676
      4080.60      1474.42      25.2838
      4082.00      1432.14      25.3982
      4083.40      1382.99      24.0877
      4084.80      1384.63      23.7387
      4086.20      1457.95      24.7525
      4087.60      1412.98      29.2662
      4089.00      1402.56      24.9706
      4090.40      1375.49      24.4597
      4091.80      1345.25      23.4883
      4093.20      1287.91      22.9084
      4094.60      1243.48      23.6490
      4096.00      1196.78      22.6681
      4097.40      1128.09      21.0701
      4098.80      954.935      18.7441
      4100.20      712.786      16.1027
      4101.60      739.044      16.1316
      4103.00      1006.38      19.0176
      4104.40      1156.36      21.0759
      4105.80      1189.86      21.4448
      4107.20      1214.19      21.5854
      4108.60      1298.96      22.8525
      4110.00      1316.76      23.3239
      4111.40      1380.14      24.2489
      4112.80      1387.54      24.1696
      4114.20      1392.27      23.9437
      4115.60      1415.70      24.2964
      4117.00      1369.75      24.5967
      4118.40      1369.68      24.7173
      4119.80      1406.58      24.2608
      4121.20      1402.42      24.1674
      4122.60      1429.96      24.9042
      4124.00      1418.95      24.6161
      4125.40      1425.09      24.2834
      4126.80      1413.54      23.8635
      4128.20      1405.79      23.7921
      4129.60      1399.42      23.9865
      4131.00      1371.83      23.7415
      4132.40      1382.16      23.7055
      4133.80      1418.27      24.1029
      4135.20      1456.20      24.5942
      4136.60      1420.33      24.2724
      4138.00      1486.67      24.9618
      4139.40      1487.89      25.1535
      4140.80      1478.52      25.5079
      4142.20      1390.25      24.6332
      4143.60      1382.84      23.7238
      4145.00      1465.02      24.2178
      4146.40      1481.78      24.6997
      4147.80      1421.23      24.0862
      4149.20      1450.78      24.7631
      4150.60      1481.51      24.9796
      4152.00      1464.05      24.3990
      4153.40      1369.34      23.0715
      4154.80      1378.10      23.2860
      4156.20      1434.29      24.0001
      4157.60      1446.70      24.1151
      4159.00      1437.79      24.2445
      4160.40      1453.77      24.2414
      4161.80      1429.12      24.0494
      4163.20      1454.89      24.5421
      4164.60      1452.65      24.3363
      4166.00      1452.54      24.2597
      4167.40      1423.93      24.3590
      4168.80      1464.09      24.3615
      4170.20      1423.18      24.2316
      4171.60      1324.91      23.0738
      4173.00      1350.70      23.1509
      4174.40      1393.61      23.4767
      4175.80      1389.88      23.4935
      4177.20      1360.33      23.0317
      4178.60      1377.96      23.3101
      4180.00      1411.75      23.6571
      4181.40      1423.86      23.9409
      4182.80      1410.63      23.7126
      4184.20      1414.03      23.5083
      4185.60      1382.69      23.4152
      4187.00      1384.83      23.3066
      4188.40      1418.61      23.2635
      4189.80      1397.62      22.9516
      4191.20      1440.66      23.7225
      4192.60      1452.04      24.1549
      4194.00      1446.13      24.2954
      4195.40      1414.44      23.7212
      4196.80      1365.70      22.9774
      4198.20      1376.99      23.1568
      4199.60      1369.74      22.9408
      4201.00      1368.46      22.8078
      4202.40      1382.44      22.9956
      4203.80      1394.30      23.1645
      4205.20      1407.98      23.5531
      4206.60      1464.66      24.1087
      4208.00      1443.73      23.8316
      4209.40      1398.92      23.3377
      4210.80      1440.10      23.9705
      4212.20      1415.57      23.8760
      4213.60      1400.98      23.7986
      4215.00      1305.64      22.7927
      4216.40      1413.48      23.7995
      4217.80      1421.83      23.8535
      4219.20      1407.63      23.9073
      4220.60      1417.75      23.6624
      4222.00      1414.79      23.4598
      4223.40      1394.70      23.3483
      4224.80      1318.23      22.2823
      4226.20      1262.61      21.2287
      4227.60      1399.38      22.8640
      4229.00      1451.45      23.7781
      4230.40      1456.47      23.9631
      4231.80      1355.92      22.6604
      4233.20      1346.15      22.8358
      4234.60      1378.45      23.1772
      4236.00      1398.17      23.1700
      4237.40      1457.14      23.9160
      4238.80      1450.59      24.1066
      4240.20      1448.45      23.9079
      4241.60      1458.14      23.8036
      4243.00      1479.97      24.0475
      4244.40      1427.51      23.9635
      4245.80      1328.18      22.8857
      4247.20      1413.42      23.2276
      4248.60      1380.42      22.7794
      4250.00      1376.27      22.6228
      4251.40      1410.55      23.2661
      4252.80      1403.34      23.9332
      4254.20      1407.37      23.7827
      4255.60      1458.43      23.6884
      4257.00      1469.75      23.7770
      4258.40      1421.99      23.5810
      4259.80      1385.32      23.0557
      4261.20      1419.50      22.9176
      4262.60      1482.29      23.5468
      4264.00      1493.53      23.9888
      4265.40      1458.05      24.0413
      4266.80      1458.00      24.1254
      4268.20      1452.37      23.7632
      4269.60      1398.86      22.9338
      4271.00      1372.56      22.6834
      4272.40      1371.10      22.4804
      4273.80      1370.21      22.4613
      4275.20      1408.18      22.8782
      4276.60      1469.75      23.6339
      4278.00      1480.69      23.9569
      4279.40      1465.74      23.7299
      4280.80      1413.43      22.8361
      4282.20      1381.78      22.4612
      4283.60      1472.00      23.6492
      4285.00      1468.92      23.7638
      4286.40      1420.74      23.1062
      4287.80      1316.61      21.8138
      4289.20      1282.81      21.2904
      4290.60      1372.35      22.0188
      4292.00      1396.49      22.3681
      4293.40      1358.79      22.2563
      4294.80      1388.49      22.8354
      4296.20      1412.25      22.9984
      4297.60      1307.62      21.5265
      4299.00      1262.14      20.8518
      4300.40      1284.96      21.0119
      4301.80      1314.47      21.4128
      4303.20      1356.47      21.8987
      4304.60      1392.14      22.1362
      4306.00      1343.96      21.5332
      4307.40      1319.20      21.2805
      4308.80      1380.13      21.9712
      4310.20      1446.30      22.9064
      4311.60      1384.28      22.4742
      4313.00      1265.60      20.8507
      4314.40      1335.52      21.6357
      4315.80      1384.28      22.4132
      4317.20      1398.03      22.9439
      4318.60      1371.17      22.7055
      4320.00      1365.11      22.6612
      4321.40      1398.61      23.1368
      4322.80      1354.57      22.4567
      4324.20      1276.77      21.4103
      4325.60      1304.22      21.2660
      4327.00      1366.73      21.8143
      4328.40      1348.59      21.9405
      4329.80      1329.25      22.0794
      4331.20      1326.38      22.2521
      4332.60      1291.32      21.9375
      4334.00      1231.15      21.0598
      4335.40      1143.73      19.7979
      4336.80      987.745      17.9516
      4338.20      813.706      15.8787
      4339.60      688.057      14.1355
      4341.00      888.353      15.8985
      4342.40      1096.42      18.5358
      4343.80      1176.17      20.0824
      4345.20      1236.41      21.0629
      4346.60      1260.57      21.6726
      4348.00      1277.51      22.1291
      4349.40      1282.46      21.6653
      4350.80      1227.81      20.8040
      4352.20      1327.80      21.7139
      4353.60      1375.95      22.2317
      4355.00      1395.09      22.9407
      4356.40      1420.46      23.3422
      4357.80      1403.89      23.0153
      4359.20      1407.73      22.9037
      4360.60      1434.75      23.0740
      4362.00      1447.06      23.4278
      4363.40      1448.49      23.6251
      4364.80      1443.46      23.5530
      4366.20      1416.86      23.3769
      4367.60      1414.23      23.0210
      4369.00      1416.24      22.8557
      4370.40      1457.94      23.4082
      4371.80      1430.87      23.0382
      4373.20      1350.52      22.0192
      4374.60      1339.81      21.8362
      4376.00      1424.02      22.9028
      4377.40      1441.31      23.3178
      4378.80      1461.58      23.8068
      4380.20      1432.81      23.1443
      4381.60      1368.70      22.2111
      4383.00      1282.25      20.9102
      4384.40      1363.53      21.4205
      4385.80      1413.30      22.1885
      4387.20      1447.83      23.1237
      4388.60      1425.97      23.1308
      4390.00      1410.95      22.6650
      4391.40      1417.59      22.6804
      4392.80      1381.17      22.2033
      4394.20      1315.70      21.3531
      4395.60      1390.09      22.1712
      4397.00      1422.06      22.5430
      4398.40      1354.86      21.9021
      4399.80      1354.94      22.0201
      4401.20      1409.47      22.3930
      4402.60      1377.97      21.9392
      4404.00      1383.57      22.2432
      4405.40      1402.18      22.4700
      4406.80      1400.30      22.3737
      4408.20      1401.46      22.4148
      4409.60      1421.59      22.5883
      4411.00      1439.63      22.9305
      4412.40      1392.50      22.5684
      4413.80      1304.22      21.8468
      4415.20      1273.35      21.1643
      4416.60      1283.29      21.1053
      4418.00      1394.17      22.4444
      4419.40      1458.26      23.1444
      4420.80      1444.69      23.2875
      4422.20      1420.32      23.2672
      4423.60      1399.49      22.5326
      4425.00      1398.08      22.3738
      4426.40      1375.69      22.1735
      4427.80      1417.52      22.8263
      4429.20      1416.49      23.0334
      4430.60      1412.00      22.7531
      4432.00      1394.61      22.5383
      4433.40      1374.00      22.3127
      4434.80      1387.21      22.1637
      4436.20      1411.59      22.2891
      4437.60      1437.90      23.0424
      4439.00      1424.92      22.8058
      4440.40      1418.17      22.9114
      4441.80      1304.75      21.7206
      4443.20      1307.24      21.3454
      4444.60      1404.31      22.2581
      4446.00      1403.63      22.5361
      4447.40      1379.79      22.1722
      4448.80      1364.23      21.7996
      4450.20      1355.24      21.8569
      4451.60      1400.91      22.3807
      4453.00      1388.33      22.2102
      4454.40      1328.72      21.4820
      4455.80      1384.40      22.0790
      4457.20      1376.70      22.0865
      4458.60      1392.58      22.1727
      4460.00      1379.64      21.8161
      4461.40      1371.68      21.6090
      4462.80      1375.09      21.7006
      4464.20      1367.99      21.7859
      4465.60      1368.28      21.9807
      4467.00      1314.68      21.0812
      4468.40      1324.07      21.2732
      4469.80      1362.10      21.7153
      4471.20      1410.19      22.5722
      4472.60      1427.84      22.7388
      4474.00      1412.69      22.3746
      4475.40      1416.14      22.4195
      4476.80      1409.12      22.7303
      4478.20      1382.30      22.2204
      4479.60      1342.38      21.5524
      4481.00      1315.25      21.0246
      4482.40      1395.92      21.8517
      4483.80      1397.76      22.3012
      4485.20      1410.30      23.0051
      4486.60      1393.14      23.0317
      4488.00      1356.52      22.2935
      4489.40      1383.52      22.1074
      4490.80      1379.41      21.8055
      4492.20      1398.72      22.2904
      4493.60      1384.05      22.4624
      4495.00      1412.82      22.8838
      4496.40      1383.26      22.4058
      4497.80      1412.36      22.4758
      4499.20      1357.04      21.8457
      4500.60      1351.70      22.1273
      4502.00      1387.47      22.5466
      4503.40      1404.02      22.4453
      4504.80      1420.06      22.4010
      4506.20      1392.19      22.1757
      4507.60      1375.23      22.0641
      4509.00      1406.64      22.2781
      4510.40      1429.25      22.6601
      4511.80      1420.13      22.7404
      4513.20      1382.82      22.2052
      4514.60      1349.00      21.4213
      4516.00      1391.45      21.9354
      4517.40      1365.78      21.9703
      4518.80      1361.70      21.8852
      4520.20      1356.84      21.8062
      4521.60      1353.47      21.6785
      4523.00      1363.02      21.7807
      4524.40      1375.25      22.3767
      4525.80      1379.01      22.0970
      4527.20      1347.68      21.3917
      4528.60      1314.35      20.8952
      4530.00      1360.09      21.5653
      4531.40      1328.37      21.2762
      4532.80      1271.86      20.4569
      4534.20      1310.04      20.7902
      4535.60      1370.56      21.5082
      4537.00      1421.03      22.4368
      4538.40      1390.26      22.2883
      4539.80      1402.46      22.1407
      4541.20      1372.02      21.5908
      4542.60      1380.38      21.7877
      4544.00      1366.29      23.6818
      4545.40      1362.80      22.3052
      4546.80      1348.14      21.4962
      4548.20      1263.60      20.3640
      4549.60      1288.37      20.6847
      4551.00      1354.82      21.7675
      4552.40      1324.40      21.1897
      4553.80      1303.38      20.8788
      4555.20      1348.94      21.2508
      4556.60      1373.68      21.4909
      4558.00      1396.08      21.9407
      4559.40      1401.83      22.0793
      4560.80      1390.20      21.8500
      4562.20      1306.33      20.8921
      4563.60      1357.63      21.5772
      4565.00      1384.42      21.8276
      4566.40      1401.39      21.8335
      4567.80      1408.50      22.1749
      4569.20      1393.42      22.0011
      4570.60      1337.26      21.3856
      4572.00      1377.44      21.8409
      4573.40      1406.93      22.9747
      4574.80      1401.08      22.0250
      4576.20      1404.99      22.0400
      4577.60      1408.83      22.2250
      4579.00      1376.45      21.7230
      4580.40      1380.62      21.6657
      4581.80      1315.04      20.8987
      4583.20      1312.16      21.2094
      4584.60      1371.11      22.2794
      4586.00      1368.28      21.7542
      4587.40      1362.50      21.4802
      4588.80      1343.65      21.2803
      4590.20      1365.03      21.6490
      4591.60      1395.15      22.0726
      4593.00      1398.58      21.9904
      4594.40      1407.52      22.0480
      4595.80      1406.06      22.2379
      4597.20      1395.77      22.2466
      4598.60      1405.88      22.4014
      4600.00      1392.80      21.8349
      4601.40      1371.87      21.5254
      4602.80      1396.50      21.9064
      4604.20      1398.47      21.9546
      4605.60      1402.49      22.0412
      4607.00      1406.09      22.4336
      4608.40      1388.29      22.3844
      4609.80      1402.14      22.4858
      4611.20      1411.30      22.2726
      4612.60      1403.36      22.0048
      4614.00      1407.70      22.1008
      4615.40      1377.23      22.0576
      4616.80      1360.52      22.0741
      4618.20      1368.23      21.7712
      4619.60      1393.68      21.7328
      4621.00      1372.33      21.7072
      4622.40      1388.40      21.8897
      4623.80      1376.95      21.6009
      4625.20      1392.30      21.7396
      4626.60      1397.12      21.7095
      4628.00      1334.06      21.0042
      4629.40      1369.97      21.7678
      4630.80      1392.91      22.1713
      4632.20      1378.34      21.7699
      4633.60      1398.46      21.8286
      4635.00      1382.78      21.5888
      4636.40      1388.49      21.6164
      4637.80      1407.90      21.7884
      4639.20      1381.23      21.4988
      4640.60      1400.67      21.8345
      4642.00      1411.07      22.2675
      4643.40      1401.12      22.4460
      4644.80      1391.68      22.2259
      4646.20      1370.31      21.7521
      4647.60      1390.38      21.8157
      4649.00      1396.66      21.7576
      4650.40      1396.64      21.7177
      4651.80      1376.56      21.5132
      4653.20      1383.91      21.7183
      4654.60      1375.37      21.4811
      4656.00      1361.91      21.1870
      4657.40      1390.11      21.5539
      4658.80      1396.97      21.9403
      4660.20      1396.12      22.4665
      4661.60      1383.38      22.1223
      4663.00      1394.03      22.2910
      4664.40      1368.71      21.6978
      4665.80      1338.67      20.9904
      4667.20      1352.00      20.9535
      4668.60      1344.77      20.8088
      4670.00      1362.64      21.0500
      4671.40      1367.56      21.2126
      4672.80      1381.77      21.5630
      4674.20      1389.76      21.8646
      4675.60      1385.97      21.9072
      4677.00      1386.03      21.8095
      4678.40      1377.29      21.6072
      4679.80      1412.35      22.0023
      4681.20      1400.77      21.7442
      4682.60      1384.15      21.5850
      4684.00      1388.34      21.7160
      4685.40      1393.77      21.7233
      4686.80      1409.36      21.9519
      4688.20      1389.87      21.9016
      4689.60      1369.44      21.8092
      4691.00      1384.62      21.8463
      4692.40      1396.34      21.7169
      4693.80      1388.03      21.5621
      4695.20      1368.66      21.2702
      4696.60      1381.19      21.5635
      4698.00      1377.05      21.4443
      4699.40      1399.56      21.5822
      4700.80      1341.75      21.1773
      4702.20      1363.86      21.3629
      4703.60      1345.26      21.0375
      4705.00      1380.03      21.6307
      4706.40      1368.97      21.5083
      4707.80      1356.37      21.2697
      4709.20      1384.94      21.5539
      4710.60      1377.44      21.3588
      4712.00      1389.42      21.4629
      4713.40      1373.91      21.2240
      4714.80      1367.37      21.2517
      4716.20      1385.18      21.4940
      4717.60      1392.49      21.5524
      4719.00      1376.06      21.4599
      4720.40      1395.09      21.8411
      4721.80      1403.09      21.9897
      4723.20      1410.01      21.8757
      4724.60      1369.81      21.3923
      4726.00      1376.17      21.5523
      4727.40      1345.49      21.0713
      4728.80      1348.64      20.9385
      4730.20      1348.29      20.8992
      4731.60      1375.83      21.2906
      4733.00      1386.04      21.4085
      4734.40      1377.75      21.3579
      4735.80      1368.86      21.3151
      4737.20      1382.96      21.3460
      4738.60      1369.49      21.2551
      4740.00      1372.40      21.2470
      4741.40      1379.73      21.3585
      4742.80      1384.13      21.4890
      4744.20      1375.26      21.2715
      4745.60      1376.43      21.3156
      4747.00      1366.59      21.1079
      4748.40      1360.07      20.9542
      4749.80      1374.96      21.1975
      4751.20      1364.85      21.1950
      4752.60      1370.95      21.1525
      4754.00      1378.20      21.3032
      4755.40      1371.66      21.8611
      4756.80      1381.01      22.1391
      4758.20      1370.22      21.1613
      4759.60      1345.65      20.9995
      4761.00      1343.23      21.1052
      4762.40      1354.05      21.2567
      4763.80      1354.47      21.1337
      4765.20      1355.97      20.9988
      4766.60      1365.18      20.9937
      4768.00      1370.24      21.0819
      4769.40      1383.27      21.3659
      4770.80      1397.47      21.9904
      4772.20      1357.98      21.4573
      4773.60      1387.09      21.5153
      4775.00      1375.93      21.5387
      4776.40      1379.09      21.5845
      4777.80      1385.04      21.4996
      4779.20      1383.61      21.3663
      4780.60      1376.20      21.1928
      4782.00      1383.90      21.2558
      4783.40      1375.76      21.3150
      4784.80      1368.79      21.5230
      4786.20      1357.18      21.4484
      4787.60      1370.23      21.4082
      4789.00      1378.24      21.2087
      4790.40      1377.07      21.1431
      4791.80      1364.50      21.0154
      4793.20      1367.99      21.1193
      4794.60      1372.00      21.2139
      4796.00      1379.07      21.4863
      4797.40      1356.78      21.2791
      4798.80      1331.13      20.7652
      4800.20      1373.97      21.1455
      4801.60      1367.06      21.0099
      4803.00      1338.94      20.6408
      4804.40      1324.26      20.5014
      4805.80      1356.12      21.1289
      4807.20      1339.12      20.8374
      4808.60      1334.96      20.6187
      4810.00      1332.83      20.7492
      4811.40      1325.92      20.8313
      4812.80      1338.38      21.2206
      4814.20      1351.40      21.4105
      4815.60      1337.83      21.0762
      4817.00      1359.14      21.1503
      4818.40      1370.36      21.2024
      4819.80      1359.31      21.1664
      4821.20      1317.81      20.6470
      4822.60      1298.77      20.3482
      4824.00      1326.75      20.5335
      4825.40      1349.40      20.6746
      4826.80      1343.41      20.6803
      4828.20      1317.68      20.5109
      4829.60      1338.67      20.6879
      4831.00      1335.82      20.6382
      4832.40      1346.14      20.7449
      4833.80      1333.23      20.6893
      4835.20      1327.16      20.5669
      4836.60      1332.42      20.6290
      4838.00      1317.52      20.3841
      4839.40      1322.87      20.5474
      4840.80      1311.55      20.5374
      4842.20      1295.32      20.3329
      4843.60      1317.55      20.5180
      4845.00      1300.48      20.2334
      4846.40      1277.64      20.0427
      4847.80      1256.95      19.8972
      4849.20      1255.47      19.8175
      4850.60      1246.92      19.6530
      4852.00      1217.05      19.4914
      4853.40      1183.10      19.0499
      4854.80      1145.83      18.4197
      4856.20      1103.23      17.6235
      4857.60      1005.64      16.6690
      4859.00      773.869      14.4529
      4860.40      680.292      13.2842
      4861.80      868.210      14.6675
      4863.20      1051.76      16.6315
      4864.60      1123.10      17.6420
      4866.00      1169.76      18.3640
      4867.40      1191.41      18.9183
      4868.80      1197.28      19.3144
      4870.20      1187.07      18.9746
      4871.60      1215.28      18.9826
      4873.00      1247.69      19.2178
      4874.40      1277.53      19.8560
      4875.80      1260.03      19.6586
      4877.20      1249.97      19.4215
      4878.60      1288.12      19.8367
      4880.00      1291.02      19.9181
      4881.40      1267.80      19.7493
      4882.80      1282.14      20.0889
      4884.20      1291.09      20.2915
      4885.60      1302.18      20.2919
      4887.00      1277.12      19.8000
      4888.40      1275.23      19.7670
      4889.80      1238.94      19.6129
      4891.20      1245.70      19.6408
      4892.60      1309.84      20.1513
      4894.00      1302.19      20.3190
      4895.40      1331.69      20.7667
      4896.80      1319.92      20.9378
      4898.20      1310.76      20.6385
      4899.60      1303.72      20.4152
      4901.00      1311.97      20.3897
      4902.40      1311.18      20.3932
      4903.80      1323.52      20.6021
      4905.20      1315.37      20.5872
      4906.60      1326.12      20.6589
      4908.00      1317.29      20.5192
      4909.40      1317.75      20.6717
      4910.80      1324.70      20.8505
      4912.20      1330.48      20.7486
      4913.60      1357.38      20.8998
      4915.00      1347.96      20.7706
      4916.40      1323.09      20.6367
      4917.80      1268.50      20.0137
      4919.20      1246.06      19.5355
      4920.60      1282.13      19.8070
      4922.00      1269.27      19.6557
      4923.40      1255.74      19.5099
      4924.80      1313.79      20.2867
      4926.20      1323.82      20.3610
      4927.60      1328.24      20.3780
      4929.00      1324.06      20.4271
      4930.40      1320.81      20.5609
      4931.80      1270.13      19.8220
      4933.20      1245.92      19.3822
      4934.60      1301.23      19.8799
      4936.00      1308.79      20.0565
      4937.40      1290.68      20.0656
      4938.80      1306.84      20.3191
      4940.20      1311.79      20.3936
      4941.60      1301.57      20.4657
      4943.00      1310.15      20.6231
      4944.40      1317.50      20.9382
      4945.80      1319.69      20.9814
      4947.20      1325.26      20.6631
      4948.60      1322.92      20.6698
      4950.00      1326.46      20.5898
      4951.40      1317.16      20.3072
      4952.80      1307.06      20.6220
      4954.20      1312.92      20.5392
      4955.60      1254.48      19.6604
      4957.00      1208.68      18.8171
      4958.40      1313.11      19.8390
      4959.80      1315.17      19.9656
      4961.20      1320.76      20.1475
      4962.60      1322.64      20.4814
      4964.00      1292.13      20.8239
      4965.40      1301.74      20.4269
      4966.80      1307.96      19.9429
      4968.20      1290.31      19.7277
      4969.60      1304.74      19.9655
      4971.00      1293.62      19.7378
      4972.40      1302.35      19.9296
      4973.80      1316.63      20.5853
      4975.20      1303.75      20.3856
      4976.60      1304.51      20.1715
      4978.00      1317.52      20.1027
      4979.40      1273.96      19.5884
      4980.80      1245.15      19.3394
      4982.20      1233.32      19.2873
      4983.60      1243.52      19.3746
      4985.00      1279.31      19.5970
      4986.40      1290.89      19.7047
      4987.80      1316.43      20.0468
      4989.20      1284.03      19.6340
      4990.60      1305.27      19.9013
      4992.00      1283.25      19.8201
      4993.40      1283.76      19.7830
      4994.80      1305.54      20.0203
      4996.20      1310.82      20.0018
      4997.60      1293.69      19.7434
      4999.00      1246.39      19.1070
