      3900.00      720.387      27.8947
      3901.40      714.841      27.6732
      3902.80      718.277      27.5777
      3904.20      741.076      27.9745
      3905.60      715.701      27.5867
      3907.00      720.777      27.2005
      3908.40      821.905      28.9065
      3909.80      835.513      29.0813
      3911.20      824.533      28.9805
      3912.60      811.399      28.6774
      3914.00      810.624      28.8769
      3915.40      828.753      29.2957
      3916.80      825.625      28.4681
      3918.20      798.629      27.3944
      3919.60      829.911      27.4459
      3921.00      785.064      26.3031
      3922.40      764.889      25.7777
      3923.80      806.604      26.3712
      3925.20      796.104      26.3771
      3926.60      756.819      25.6483
      3928.00      695.222      24.6282
      3929.40      575.926      22.8527
      3930.80      472.199      20.7729
      3932.20      324.895      17.6258
      3933.60      211.450      15.4419
      3935.00      282.917      16.2443
      3936.40      480.103      19.8116
      3937.80      589.296      21.9630
      3939.20      703.767      24.3826
      3940.60      739.993      25.1543
      3942.00      766.241      25.2760
      3943.40      760.949      24.7718
      3944.80      777.448      25.2785
      3946.20      791.525      25.1815
      3947.60      760.322      24.8811
      3949.00      767.362      25.0143
      3950.40      770.661      25.0446
      3951.80      784.026      25.5178
      3953.20      759.551      25.0795
      3954.60      724.460      24.4856
      3956.00      730.788      24.8476
      3957.40      704.358      24.6749
      3958.80      718.582      24.9781
      3960.20      689.295      25.1130
      3961.60      683.525      24.7196
      3963.00      620.959      24.2030
      3964.40      608.127      24.0786
      3965.80      504.811      22.7536
      3967.20      328.659      19.6274
      3968.60      230.586      17.3459
      3970.00      277.339      17.9272
      3971.40      392.422      19.8598
      3972.80      549.093      22.6654
      3974.20      606.686      24.1029
      3975.60      637.673      24.4966
      3977.00      692.285      25.1195
      3978.40      724.468      25.5694
      3979.80      753.377      25.5029
      3981.20      728.847      24.8402
      3982.60      746.484      25.4506
      3984.00      769.041      25.7528
      3985.40      768.444      25.2393
      3986.80      787.774      24.9663
      3988.20      813.545      25.3110
      3989.60      804.303      25.2420
      3991.00      797.130      24.5150
      3992.40      847.038      24.8595
      3993.80      838.359      24.7018
      3995.20      814.567      24.3476
      3996.60      780.034      24.1216
      3998.00      809.571      24.7097
      3999.40      846.690      25.1587
      4000.80      859.525      24.8655
      4002.20      854.372      24.8548
      4003.60      829.817      24.4008
      4005.00      766.674      23.6256
      4006.40      804.943      24.1821
      4007.80      872.755      24.7868
      4009.20      899.660      24.8258
      4010.60      878.329      24.5820
      4012.00      856.160      24.5212
      4013.40      878.348      25.5780
      4014.80      890.060      24.6282
      4016.20      825.102      23.4851
      4017.60      877.028      24.3597
      4019.00      893.519      25.5560
      4020.40      893.826      25.1708
      4021.80      897.518      24.6973
      4023.20      848.576      23.8915
      4024.60      840.916      23.8127
      4026.00      844.846      24.0805
      4027.40      854.959      24.7736
      4028.80      836.677      23.6884
      4030.20      850.592      23.8280
      4031.60      834.299      23.6929
      4033.00      834.519      23.5676
      4034.40      827.378      23.5966
      4035.80      872.632      24.4208
      4037.20      867.355      24.9861
      4038.60      889.057      25.7299
      4040.00      856.821      24.6990
      4041.40      876.843      24.6141
      4042.80      885.411      24.8852
      4044.20      820.171      24.5518
      4045.60      787.252      23.8956
      4047.00      850.129      24.6972
      4048.40      875.261      25.2263
      4049.80      862.502      24.8248
      4051.20      891.759      25.2481
      4052.60      848.438      25.2655
      4054.00      810.847      24.2454
      4055.40      872.876      24.7715
      4056.80      841.276      24.2784
      4058.20      829.565      24.0748
      4059.60      848.041      24.5432
      4061.00      862.329      25.2225
      4062.40      839.867      24.6374
      4063.80      811.348      24.0649
      4065.20      828.894      24.3693
      4066.60      850.184      24.5919
      4068.00      821.641      24.4465
      4069.40      828.511      24.9314
      4070.80      812.155      24.9085
      4072.20      871.830      28.2883
      4073.60      816.335      32.7685
      4075.00      794.931      23.2895
      4076.40      759.311      22.7687
      4077.80      767.264      23.0071
      4079.20      779.051      23.1561
      4080.60      800.615      23.0754
      4082.00      778.409      22.9631
      4083.40      803.126      23.1124
      4084.80      767.846      22.0612
      4086.20      756.333      22.0059
      4087.60      808.304      22.6272
      4089.00      815.289      22.7176
      4090.40      802.873      22.7195
      4091.80      758.559      22.2940
      4093.20      743.423      22.3767
      4094.60      724.254      22.0212
      4096.00      703.562      21.2167
      4097.40      632.365      20.2141
      4098.80      609.454      20.0285
      4100.20      467.474      17.9586
      4101.60      400.578      16.9502
      4103.00      481.893      18.2066
      4104.40      623.895      20.7300
      4105.80      644.940      21.2705
      4107.20      700.526      21.5722
      4108.60      716.267      21.3445
      4110.00      732.355      21.2345
      4111.40      776.981      21.5697
      4112.80      777.049      21.9291
      4114.20      816.439      22.1939
      4115.60      746.626      21.4371
      4117.00      812.903      22.7953
      4118.40      771.594      22.4126
      4119.80      800.862      22.3768
      4121.20      808.580      22.2735
      4122.60      837.970      22.7782
      4124.00      851.516      23.0985
      4125.40      822.503      22.5542
      4126.80      803.273      22.4002
      4128.20      787.509      22.1355
      4129.60      805.830      22.3611
      4131.00      834.523      22.5980
      4132.40      820.728      22.1747
      4133.80      807.622      21.6178
      4135.20      823.892      22.1016
      4136.60      834.531      23.1941
      4138.00      839.929      23.4659
      4139.40      850.006      23.0482
      4140.80      869.114      22.4834
      4142.20      815.547      21.5730
      4143.60      804.128      21.0686
      4145.00      850.297      21.7303
      4146.40      849.251      22.1430
      4147.80      817.241      21.8010
      4149.20      843.032      22.1632
      4150.60      876.990      22.1850
      4152.00      886.480      22.3644
      4153.40      836.342      21.4500
      4154.80      843.620      21.4697
      4156.20      811.121      21.2666
      4157.60      824.030      21.5960
      4159.00      836.603      21.6200
      4160.40      819.952      21.2199
      4161.80      851.488      21.5089
      4163.20      836.550      21.6751
      4164.60      842.092      21.7516
      4166.00      839.105      21.5668
      4167.40      799.397      20.7958
      4168.80      825.809      20.8748
      4170.20      835.265      21.0957
      4171.60      813.262      20.7887
      4173.00      785.870      20.5995
      4174.40      799.791      20.5560
      4175.80      811.553      21.2377
      4177.20      831.581      21.4560
      4178.60      808.276      20.6162
      4180.00      849.864      21.1964
      4181.40      843.932      21.5076
      4182.80      840.287      22.2747
      4184.20      842.446      21.1447
      4185.60      829.249      21.2307
      4187.00      840.694      21.9436
      4188.40      839.031      21.3147
      4189.80      839.383      21.0697
      4191.20      859.769      21.6865
      4192.60      829.888      21.1877
      4194.00      842.789      21.2519
      4195.40      828.222      20.8328
      4196.80      829.668      20.8925
      4198.20      803.031      20.6686
      4199.60      845.327      20.8918
      4201.00      832.369      20.4420
      4202.40      832.051      20.4179
      4203.80      828.030      20.5083
      4205.20      861.491      21.6197
      4206.60      854.599      21.2237
      4208.00      851.859      20.9964
      4209.40      848.681      20.8575
      4210.80      845.316      20.8274
      4212.20      865.084      21.4291
      4213.60      859.872      21.5048
      4215.00      798.848      20.4619
      4216.40      822.659      20.6736
      4217.80      831.180      20.6849
      4219.20      815.356      20.2058
      4220.60      836.829      20.6395
      4222.00      829.795      20.8653
      4223.40      811.514      20.2349
      4224.80      807.732      20.0651
      4226.20      751.620      19.0830
      4227.60      808.257      19.5412
      4229.00      856.451      20.2255
      4230.40      844.456      20.8001
      4231.80      847.151      20.7378
      4233.20      816.394      20.3451
      4234.60      807.520      20.1486
      4236.00      801.018      20.1109
      4237.40      809.384      20.1503
      4238.80      816.536      20.2584
      4240.20      835.061      20.3077
      4241.60      832.160      20.0241
      4243.00      839.045      20.1403
      4244.40      844.402      20.6866
      4245.80      842.731      20.2884
      4247.20      823.313      20.2237
      4248.60      808.825      19.7195
      4250.00      824.027      19.6903
      4251.40      800.901      19.5386
      4252.80      844.100      20.4841
      4254.20      845.935      20.3774
      4255.60      820.040      19.9606
      4257.00      870.663      20.6425
      4258.40      836.768      20.3488
      4259.80      823.004      19.7134
      4261.20      838.178      19.6324
      4262.60      821.357      19.6001
      4264.00      861.308      20.5680
      4265.40      844.495      20.1142
      4266.80      857.794      20.0810
      4268.20      836.156      20.0856
      4269.60      800.254      19.3679
      4271.00      800.182      19.6327
      4272.40      792.105      19.7695
      4273.80      807.155      19.4624
      4275.20      809.582      19.1177
      4276.60      824.409      19.5242
      4278.00      826.416      20.5105
      4279.40      840.269      20.3514
      4280.80      824.779      19.4743
      4282.20      823.786      19.3829
      4283.60      822.961      19.6018
      4285.00      840.659      19.7418
      4286.40      816.849      19.2632
      4287.80      820.491      19.2742
      4289.20      755.422      18.3777
      4290.60      793.737      18.8021
      4292.00      815.228      19.0477
      4293.40      813.715      19.1249
      4294.80      817.705      19.4805
      4296.20      791.823      19.0913
      4297.60      763.086      18.5221
      4299.00      736.137      17.8361
      4300.40      727.420      17.5975
      4301.80      728.269      17.5873
      4303.20      737.744      17.8468
      4304.60      759.444      18.3010
      4306.00      762.540      18.2356
      4307.40      739.210      17.8001
      4308.80      757.766      18.2407
      4310.20      758.038      18.7411
      4311.60      773.155      18.8687
      4313.00      755.326      18.0777
      4314.40      719.444      17.6587
      4315.80      761.753      18.2782
      4317.20      782.617      18.9487
      4318.60      773.798      18.9723
      4320.00      770.424      19.0211
      4321.40      774.026      19.0007
      4322.80      757.303      18.4408
      4324.20      720.667      17.7620
      4325.60      720.904      17.6786
      4327.00      748.140      17.8562
      4328.40      762.601      18.0611
      4329.80      771.372      18.1955
      4331.20      739.341      17.6956
      4332.60      701.993      17.4748
      4334.00      681.611      17.6261
      4335.40      678.260      17.5713
      4336.80      590.215      16.3337
      4338.20      537.710      15.2439
      4339.60      416.910      13.1253
      4341.00      400.018      12.8754
      4342.40      517.060      14.4310
      4343.80      575.802      15.3521
      4345.20      643.984      16.5448
      4346.60      699.049      17.2335
      4348.00      718.802      17.9619
      4349.40      706.363      17.5642
      4350.80      687.985      17.0950
      4352.20      696.063      17.1405
      4353.60      752.469      17.7513
      4355.00      762.102      17.9565
      4356.40      795.603      18.6007
      4357.80      743.123      18.7225
      4359.20      784.187      20.6032
      4360.60      815.933      20.1462
      4362.00      832.935      19.5147
      4363.40      817.605      18.7513
      4364.80      827.991      18.7045
      4366.20      829.588      18.7818
      4367.60      799.468      18.6541
      4369.00      811.145      18.9139
      4370.40      794.836      18.7184
      4371.80      809.161      18.5503
      4373.20      796.619      18.1682
      4374.60      760.910      17.7077
      4376.00      784.269      18.0908
      4377.40      813.489      18.7112
      4378.80      837.896      19.2396
      4380.20      830.915      19.1037
      4381.60      837.282      19.1302
      4383.00      760.842      17.7405
      4384.40      759.166      17.4706
      4385.80      785.965      18.0065
      4387.20      809.148      18.4058
      4388.60      818.426      18.5200
      4390.00      818.021      18.3855
      4391.40      810.395      18.5003
      4392.80      815.924      18.9616
      4394.20      795.400      18.4332
      4395.60      807.093      18.2999
      4397.00      811.535      18.3093
      4398.40      794.839      18.3327
      4399.80      770.562      17.9359
      4401.20      771.266      17.9173
      4402.60      787.180      17.9030
      4404.00      781.788      17.8635
      4405.40      783.479      17.7792
      4406.80      791.946      18.1770
      4408.20      812.521      18.3943
      4409.60      821.449      18.5515
      4411.00      799.690      18.3187
      4412.40      835.256      18.6344
      4413.80      786.938      17.9226
      4415.20      763.772      17.6329
      4416.60      747.760      17.5733
      4418.00      782.035      17.9820
      4419.40      829.072      18.4043
      4420.80      814.637      18.1639
      4422.20      799.174      18.2160
      4423.60      807.031      18.3098
      4425.00      814.997      18.1339
      4426.40      772.263      17.5125
      4427.80      799.729      18.6796
      4429.20      797.075      28.8726
      4430.60      781.080      17.7892
      4432.00      784.786      18.0632
      4433.40      775.093      17.9708
      4434.80      756.220      17.4928
      4436.20      764.473      17.1582
      4437.60      817.442      17.8998
      4439.00      835.976      18.5965
      4440.40      802.325      18.1121
      4441.80      786.213      17.9569
      4443.20      737.790      17.1709
      4444.60      767.027      17.3582
      4446.00      800.197      18.0002
      4447.40      801.940      18.1256
      4448.80      818.881      18.2256
      4450.20      797.366      17.7344
      4451.60      765.002      17.2769
      4453.00      774.512      17.5264
      4454.40      742.961      16.8531
      4455.80      739.605      16.7868
      4457.20      758.088      16.9197
      4458.60      762.921      17.0473
      4460.00      787.053      17.4350
      4461.40      784.050      17.4071
      4462.80      777.186      17.3956
      4464.20      781.429      17.8779
      4465.60      785.939      17.5831
      4467.00      790.270      17.4810
      4468.40      802.708      17.9201
      4469.80      764.098      17.2514
      4471.20      780.313      17.3749
      4472.60      809.543      17.6417
      4474.00      816.872      18.2070
      4475.40      793.153      17.9009
      4476.80      806.083      17.7316
      4478.20      803.969      17.5788
      4479.60      735.992      16.6647
      4481.00      733.750      16.6167
      4482.40      738.915      16.8483
      4483.80      773.525      17.2307
      4485.20      766.631      17.2517
      4486.60      794.724      17.5828
      4488.00      773.032      17.1607
      4489.40      773.917      17.5140
      4490.80      785.837      17.6967
      4492.20      819.640      17.9219
      4493.60      810.466      17.5855
      4495.00      773.169      17.1407
      4496.40      785.154      17.6202
      4497.80      792.763      17.3137
      4499.20      790.565      17.3178
      4500.60      792.227      17.5062
      4502.00      792.553      17.5938
      4503.40      779.701      17.4638
      4504.80      813.962      17.7430
      4506.20      809.736      17.5112
      4507.60      807.569      17.7323
      4509.00      802.594      17.4078
      4510.40      787.832      17.1305
      4511.80      808.598      17.3104
      4513.20      778.997      16.8896
      4514.60      774.317      16.8491
      4516.00      789.826      17.1979
      4517.40      783.338      17.1692
      4518.80      800.653      17.4506
      4520.20      798.907      17.4153
      4521.60      771.269      17.0146
      4523.00      782.926      17.1704
      4524.40      764.005      17.0038
      4525.80      758.751      17.0197
      4527.20      778.306      19.6529
      4528.60      735.808      56.3568
      4530.00      756.776      16.7785
      4531.40      779.208      16.9784
      4532.80      751.875      16.7109
      4534.20      731.595      16.6138
      4535.60      781.333      17.2094
      4537.00      794.717      17.2655
      4538.40      814.915      17.5637
      4539.80      804.750      17.6939
      4541.20      796.476      17.4402
      4542.60      801.846      17.5459
      4544.00      804.714      17.4370
      4545.40      819.958      17.6804
      4546.80      784.632      17.3199
      4548.20      778.351      17.2026
      4549.60      750.205      16.7659
      4551.00      750.646      16.7134
      4552.40      754.627      17.1479
      4553.80      738.539      16.4924
      4555.20      747.372      16.4926
      4556.60      749.628      16.5004
      4558.00      772.806      16.8583
      4559.40      783.433      17.3302
      4560.80      805.076      17.6820
      4562.20      771.199      16.8084
      4563.60      772.133      16.7231
      4565.00      777.971      16.8424
      4566.40      773.626      17.1133
      4567.80      799.509      17.0998
      4569.20      790.401      16.9917
      4570.60      771.598      16.8148
      4572.00      757.463      16.6230
      4573.40      786.445      17.0856
      4574.80      790.942      17.1165
      4576.20      772.900      17.0779
      4577.60      796.437      17.1670
      4579.00      783.472      16.7689
      4580.40      780.135      16.6915
      4581.80      740.451      16.1580
      4583.20      748.672      16.2852
      4584.60      742.355      16.2455
      4586.00      752.156      16.3211
      4587.40      764.338      16.4739
      4588.80      750.008      16.5336
      4590.20      753.129      16.2539
      4591.60      740.502      16.0812
      4593.00      745.874      16.1043
      4594.40      765.150      16.8398
      4595.80      756.099      16.4989
      4597.20      772.134      16.9770
      4598.60      783.222      16.6350
      4600.00      778.466      16.4882
      4601.40      777.656      16.6087
      4602.80      777.468      16.5596
      4604.20      760.837      16.3043
      4605.60      780.635      16.4950
      4607.00      775.650      16.3889
      4608.40      771.401      16.4484
      4609.80      763.301      16.7087
      4611.20      785.312      16.8542
      4612.60      742.318      16.4974
      4614.00      768.935      16.6887
      4615.40      776.341      16.4264
      4616.80      742.682      16.0305
      4618.20      762.721      16.2918
      4619.60      787.455      16.6585
      4621.00      767.663      16.5675
      4622.40      754.010      16.4188
      4623.80      751.095      16.1175
      4625.20      775.828      16.3649
      4626.60      771.941      16.4207
      4628.00      759.987      16.5543
      4629.40      756.252      16.7619
      4630.80      749.131      16.3693
      4632.20      762.626      16.4688
      4633.60      749.088      16.2563
      4635.00      758.517      16.4678
      4636.40      746.230      16.3641
      4637.80      746.589      16.4735
      4639.20      744.624      16.3062
      4640.60      745.403      16.2970
      4642.00      757.891      16.2881
      4643.40      764.744      16.1805
      4644.80      738.423      15.8522
      4646.20      748.751      16.0280
      4647.60      735.766      16.0144
      4649.00      746.669      16.3677
      4650.40      755.508      16.2831
      4651.80      754.675      16.0473
      4653.20      771.312      16.1769
      4654.60      747.365      16.0432
      4656.00      753.216      16.0799
      4657.40      759.567      16.2221
      4658.80      791.026      16.6577
      4660.20      774.730      16.4325
      4661.60      746.033      16.3428
      4663.00      732.775      16.2142
      4664.40      750.106      16.4764
      4665.80      730.302      15.8255
      4667.20      706.126      15.2401
      4668.60      718.127      15.4816
      4670.00      722.412      15.8664
      4671.40      739.506      16.6189
      4672.80      740.475      16.4457
      4674.20      752.785      16.3615
      4675.60      763.788      16.3103
      4677.00      760.607      16.1838
      4678.40      738.747      15.7972
      4679.80      747.796      15.8642
      4681.20      759.158      16.0663
      4682.60      738.986      15.8919
      4684.00      764.135      16.0576
      4685.40      763.050      15.9985
      4686.80      776.673      16.1957
      4688.20      754.649      16.0587
      4689.60      757.019      15.9130
      4691.00      774.511      16.1701
      4692.40      767.436      16.1587
      4693.80      759.143      16.0787
      4695.20      780.721      16.2748
      4696.60      765.027      16.0489
      4698.00      779.363      16.1983
      4699.40      761.377      15.9418
      4700.80      779.343      16.2904
      4702.20      711.133      15.3709
      4703.60      738.910      15.6770
      4705.00      761.236      15.9959
      4706.40      755.364      16.0888
      4707.80      698.224      15.3899
      4709.20      755.243      16.0179
      4710.60      755.727      15.9964
      4712.00      752.601      16.0087
      4713.40      749.641      16.1177
      4714.80      770.293      16.3048
      4716.20      771.709      16.5185
      4717.60      758.120      16.2346
      4719.00      762.383      16.2692
      4720.40      774.106      16.3398
      4721.80      743.950      16.0050
      4723.20      761.266      16.1458
      4724.60      756.811      16.1284
      4726.00      758.734      16.4775
      4727.40      758.314      16.6381
      4728.80      756.327      16.2039
      4730.20      733.810      15.7422
      4731.60      745.202      15.9069
      4733.00      758.354      16.1394
      4734.40      764.218      16.2869
      4735.80      734.648      15.7451
      4737.20      732.875      15.5652
      4738.60      765.583      15.9576
      4740.00      764.833      16.0335
      4741.40      752.001      15.8750
      4742.80      758.753      15.9853
      4744.20      768.438      16.1304
      4745.60      769.528      15.9955
      4747.00      756.276      15.7193
      4748.40      766.460      15.8863
      4749.80      766.892      15.8308
      4751.20      757.126      15.5968
      4752.60      738.504      15.3529
      4754.00      738.651      15.4001
      4755.40      741.996      15.3981
      4756.80      748.890      15.4885
      4758.20      747.864      15.6739
      4759.60      748.049      15.6148
      4761.00      754.472      15.5529
      4762.40      728.625      15.1851
      4763.80      734.815      15.3899
      4765.20      744.059      15.6840
      4766.60      742.583      15.3927
      4768.00      747.284      15.3383
      4769.40      724.359      15.0570
      4770.80      748.663      15.4632
      4772.20      736.275      15.2880
      4773.60      747.762      15.4509
      4775.00      766.426      15.6446
      4776.40      747.354      15.3690
      4777.80      752.137      15.4835
      4779.20      721.656      15.2127
      4780.60      748.772      15.4805
      4782.00      741.196      15.3820
      4783.40      736.184      15.3427
      4784.80      724.665      15.2042
      4786.20      735.960      15.3765
      4787.60      738.333      15.2753
      4789.00      721.631      15.0188
      4790.40      747.394      15.3954
      4791.80      741.045      15.2366
      4793.20      741.846      15.2639
      4794.60      768.433      15.7740
      4796.00      743.385      15.5819
      4797.40      722.194      15.4575
      4798.80      736.924      15.2365
      4800.20      724.115      14.9438
      4801.60      729.482      15.0281
      4803.00      738.884      15.3705
      4804.40      704.766      14.9404
      4805.80      725.280      15.2058
      4807.20      720.319      15.1989
      4808.60      714.899      14.8261
      4810.00      712.234      14.9066
      4811.40      728.460      15.2788
      4812.80      728.078      15.3175
      4814.20      729.212      15.2406
      4815.60      740.737      15.2927
      4817.00      727.527      15.2182
      4818.40      726.486      15.3159
      4819.80      741.535      15.5216
      4821.20      736.192      15.3808
      4822.60      709.136      14.8278
      4824.00      700.849      14.7305
      4825.40      721.963      15.0577
      4826.80      720.814      15.1942
      4828.20      705.423      14.9850
      4829.60      695.655      14.7048
      4831.00      685.080      14.4490
      4832.40      706.241      14.7096
      4833.80      706.661      14.7676
      4835.20      710.603      14.8907
      4836.60      704.960      14.8451
      4838.00      711.172      15.1030
      4839.40      696.064      18.3911
      4840.80      696.277      14.9010
      4842.20      694.366      15.0309
      4843.60      690.648      14.7738
      4845.00      685.337      14.6014
      4846.40      682.356      14.6608
      4847.80      678.236      14.5655
      4849.20      672.851      14.4379
      4850.60      638.724      13.9976
      4852.00      650.432      14.4073
      4853.40      609.552      14.0361
      4854.80      594.269      13.7539
      4856.20      586.329      13.3069
      4857.60      555.917      12.7680
      4859.00      456.981      11.4532
      4860.40      384.180      10.6154
      4861.80      368.510      10.4017
      4863.20      441.169      11.3654
      4864.60      534.234      12.6337
      4866.00      560.939      12.9456
      4867.40      601.007      13.5011
      4868.80      605.324      13.5942
      4870.20      631.806      13.8849
      4871.60      626.248      13.6704
      4873.00      633.786      13.7232
      4874.40      655.924      13.9808
      4875.80      666.303      14.3188
      4877.20      655.154      14.1225
      4878.60      666.925      14.4829
      4880.00      687.475      14.8294
      4881.40      691.597      14.5866
      4882.80      680.741      14.4851
      4884.20      686.894      14.4122
      4885.60      694.229      14.4400
      4887.00      692.308      14.3279
      4888.40      688.494      14.2686
      4889.80      679.745      14.0572
      4891.20      654.986      13.7365
      4892.60      666.934      13.8607
      4894.00      698.464      14.3027
      4895.40      702.230      14.4304
      4896.80      705.758      14.7099
      4898.20      701.187      14.9048
      4899.60      715.682      15.0216
      4901.00      711.694      14.5592
      4902.40      693.396      14.2131
      4903.80      680.224      14.3702
      4905.20      700.105      14.4420
      4906.60      717.898      14.4714
      4908.00      715.908      14.3730
      4909.40      698.675      14.1802
      4910.80      693.243      14.1254
      4912.20      679.494      13.9677
      4913.60      707.912      14.3141
      4915.00      714.408      14.3895
      4916.40      720.373      14.5967
      4917.80      688.036      14.1769
      4919.20      675.818      13.8499
      4920.60      689.135      13.8581
      4922.00      668.605      13.5662
      4923.40      669.830      13.6611
      4924.80      673.163      13.7718
      4926.20      675.929      13.8925
      4927.60      688.330      14.2222
      4929.00      696.011      14.0932
      4930.40      703.177      14.1016
      4931.80      708.125      14.4399
      4933.20      679.753      14.2369
      4934.60      683.168      14.2916
      4936.00      684.012      14.0256
      4937.40      682.176      13.7778
      4938.80      674.434      13.6851
      4940.20      691.825      13.9695
      4941.60      711.143      14.3558
      4943.00      713.475      14.4031
      4944.40      717.847      14.3412
      4945.80      707.442      14.1446
      4947.20      709.945      14.2104
      4948.60      708.169      14.2277
      4950.00      696.548      14.1320
      4951.40      705.554      14.0815
      4952.80      713.295      14.1158
      4954.20      701.804      13.9520
      4955.60      685.093      14.0153
      4957.00      656.735      13.7939
      4958.40      680.072      14.0731
      4959.80      702.376      14.5258
      4961.20      709.005      14.6029
      4962.60      717.348      14.3818
      4964.00      690.447      13.8489
      4965.40      693.507      13.8416
      4966.80      711.093      14.0665
      4968.20      694.074      13.8513
      4969.60      696.147      13.9625
      4971.00      702.412      14.0512
      4972.40      706.184      14.2210
      4973.80      708.196      14.3756
      4975.20      695.746      14.1894
      4976.60      699.047      14.0088
      4978.00      693.014      14.0015
      4979.40      697.512      14.1449
      4980.80      677.760      13.8077
      4982.20      661.556      13.5467
      4983.60      658.416      13.4206
      4985.00      664.226      13.6141
      4986.40      693.845      13.9550
      4987.80      685.509      13.9096
      4989.20      678.247      14.2010
      4990.60      667.903      14.2539
      4992.00      688.789      14.0288
      4993.40      689.421      13.8213
      4994.80      671.816      13.6574
      4996.20      695.062      14.1726
      4997.60      701.861      14.2905
      4999.00      686.440      13.7185
