      3900.00      58.4185      4.20431
      3901.40      60.5070      4.22859
      3902.80      76.9726      4.60112
      3904.20      72.3275      4.56355
      3905.60      79.3826      4.87309
      3907.00      77.9406      4.81575
      3908.40      75.0274      4.63655
      3909.80      77.9271      5.04049
      3911.20      76.7935      4.64774
      3912.60      79.8279      5.03021
      3914.00      84.9927      5.20639
      3915.40      82.3397      4.81542
      3916.80      76.7549      4.51775
      3918.20      84.0384      4.64470
      3919.60      76.0663      4.41928
      3921.00      76.0973      4.39747
      3922.40      75.7787      4.40804
      3923.80      79.3226      4.61764
      3925.20      77.2262      4.49601
      3926.60      82.2472      4.54948
      3928.00      72.5998      4.25992
      3929.40      65.1867      4.03974
      3930.80      54.6118      3.86466
      3932.20      58.6891      4.08874
      3933.60      34.4092      3.46123
      3935.00      40.0822      3.39030
      3936.40      51.1983      3.62043
      3937.80      89.1127      4.57786
      3939.20      90.5310      4.91013
      3940.60      87.4159      5.02267
      3942.00      79.3641      4.74485
      3943.40      81.4461      4.47714
      3944.80      70.2019      4.11379
      3946.20      68.8317      4.08458
      3947.60      72.9926      4.27405
      3949.00      87.0200      4.65301
      3950.40      77.8297      4.35576
      3951.80      75.7142      4.26584
      3953.20      69.7522      4.09604
      3954.60      77.1706      4.23479
      3956.00      75.5016      4.12301
      3957.40      63.8157      3.83197
      3958.80      74.9507      4.07973
      3960.20      73.2545      4.09065
      3961.60      66.0361      4.10968
      3963.00      62.6108      3.86576
      3964.40      56.3471      3.71222
      3965.80      50.2710      3.55877
      3967.20      40.5029      3.26986
      3968.60      25.2558      2.84240
      3970.00      14.8883      2.42078
      3971.40      27.3025      2.75711
      3972.80      36.0314      3.02713
      3974.20      47.4401      3.38692
      3975.60      53.1225      3.66858
      3977.00      53.6302      3.65873
      3978.40      62.1020      3.84629
      3979.80      64.1007      3.83044
      3981.20      67.9762      4.16267
      3982.60      75.8409      4.03642
      3984.00      69.8557      3.89341
      3985.40      79.8727      4.24942
      3986.80      72.9215      4.27232
      3988.20      72.4019      4.33127
      3989.60      75.3272      4.31690
      3991.00      78.1896      4.27557
      3992.40      76.1378      4.46643
      3993.80      76.9938      4.13507
      3995.20      74.4638      4.03496
      3996.60      74.6299      3.97511
      3998.00      78.3561      4.04445
      3999.40      76.5765      4.13450
      4000.80      73.1159      3.89107
      4002.20      74.5736      3.92967
      4003.60      76.9512      3.91489
      4005.00      76.8724      3.90523
      4006.40      74.5190      3.83947
      4007.80      78.1260      4.06734
      4009.20      76.7095      4.14636
      4010.60      76.7527      4.32708
      4012.00      78.9027      4.29967
      4013.40      73.4259      4.15060
      4014.80      83.4275      4.23192
      4016.20      78.3870      3.95031
      4017.60      78.9417      3.95531
      4019.00      74.9425      3.88193
      4020.40      82.4196      4.38138
      4021.80      80.7166      4.48175
      4023.20      73.8886      4.14468
      4024.60      79.7099      3.99763
      4026.00      68.2693      3.66797
      4027.40      76.7619      3.83708
      4028.80      66.9393      3.57717
      4030.20      74.3214      3.78779
      4031.60      71.8072      3.70430
      4033.00      72.9182      3.86007
      4034.40      73.7053      3.99422
      4035.80      75.1224      3.93563
      4037.20      74.8275      3.83033
      4038.60      73.5237      3.86446
      4040.00      76.5475      4.09545
      4041.40      80.9614      4.16525
      4042.80      78.7290      3.95018
      4044.20      76.8312      3.92899
      4045.60      72.7021      3.75762
      4047.00      64.1123      3.71882
      4048.40      73.3500      3.86727
      4049.80      68.1170      3.59866
      4051.20      76.8768      3.75091
      4052.60      78.0839      3.77939
      4054.00      68.3010      3.54411
      4055.40      71.4313      3.63096
      4056.80      75.7069      3.75597
      4058.20      74.6376      3.71484
      4059.60      70.8126      3.60993
      4061.00      81.2838      3.86448
      4062.40      85.1092      3.97162
      4063.80      75.7828      3.87159
      4065.20      74.6525      3.92401
      4066.60      77.3475      3.92748
      4068.00      72.6904      3.71256
      4069.40      83.2462      3.86733
      4070.80      69.6453      3.53451
      4072.20      70.3639      3.62268
      4073.60      73.2221      3.92321
      4075.00      73.6325      3.98493
      4076.40      77.8872      3.92925
      4077.80      72.7578      3.70514
      4079.20      66.4962      3.63238
      4080.60      70.0624      3.79122
      4082.00      77.9264      3.96301
      4083.40      77.6459      3.89333
      4084.80      74.0127      3.67555
      4086.20      65.6381      3.39310
      4087.60      69.1692      3.45407
      4089.00      62.4164      3.28879
      4090.40      65.5762      3.38212
      4091.80      69.1261      3.50311
      4093.20      64.8109      3.44567
      4094.60      57.1802      3.30608
      4096.00      57.9958      3.26271
      4097.40      55.1777      3.12856
      4098.80      47.7479      2.89124
      4100.20      40.5113      2.73994
      4101.60      22.6324      2.23799
      4103.00      27.6075      2.32822
      4104.40      37.6349      2.63960
      4105.80      46.4272      2.86029
      4107.20      55.7431      3.07310
      4108.60      52.6544      3.21321
      4110.00      53.5363      3.44308
      4111.40      66.7122      3.60322
      4112.80      69.9317      3.40135
      4114.20      65.6580      3.27029
      4115.60      69.6770      3.51973
      4117.00      73.6728      3.79296
      4118.40      74.0443      3.70032
      4119.80      71.7727      3.46762
      4121.20      63.5251      3.22866
      4122.60      73.7275      3.47276
      4124.00      75.1689      3.50171
      4125.40      69.4660      3.36778
      4126.80      76.7415      3.67006
      4128.20      77.8776      3.56387
      4129.60      63.9146      3.23090
      4131.00      71.3454      3.42549
      4132.40      69.1224      3.49191
      4133.80      73.9540      3.63541
      4135.20      69.0450      3.46177
      4136.60      69.7790      3.52118
      4138.00      72.2899      3.38598
      4139.40      68.4159      3.32363
      4140.80      70.0410      3.35069
      4142.20      67.9628      3.33042
      4143.60      65.5706      3.33940
      4145.00      67.8616      3.31518
      4146.40      74.4574      3.45894
      4147.80      72.6129      3.44335
      4149.20      70.7608      3.45843
      4150.60      80.4685      3.64686
      4152.00      76.2434      3.52736
      4153.40      78.5265      3.56985
      4154.80      75.3923      3.47658
      4156.20      74.0745      3.42906
      4157.60      70.4901      3.38382
      4159.00      73.0652      3.44239
      4160.40      72.8518      3.47528
      4161.80      72.3053      3.43608
      4163.20      73.4383      3.45942
      4164.60      75.4505      3.48702
      4166.00      78.8375      3.55779
      4167.40      70.4452      3.31987
      4168.80      67.8165      3.24798
      4170.20      74.2092      3.39557
      4171.60      70.8123      3.61191
      4173.00      68.7658      3.35138
      4174.40      69.9026      3.46875
      4175.80      68.0593      3.38045
      4177.20      70.6849      3.32762
      4178.60      74.2315      3.42366
      4180.00      69.7131      3.43469
      4181.40      69.0043      3.42680
      4182.80      72.4341      3.59689
      4184.20      77.7547      3.51289
      4185.60      73.9416      3.41162
      4187.00      69.8410      3.30987
      4188.40      66.1367      3.20201
      4189.80      69.0384      3.22941
      4191.20      74.5346      3.36470
      4192.60      71.3262      3.35136
      4194.00      78.7580      3.51837
      4195.40      73.2632      3.34283
      4196.80      72.8295      3.39651
      4198.20      70.6750      3.24503
      4199.60      73.3110      3.32547
      4201.00      72.6481      3.31696
      4202.40      73.8630      3.47409
      4203.80      66.2994      3.18509
      4205.20      72.2478      3.26483
      4206.60      76.3618      3.35731
      4208.00      77.7442      3.47685
      4209.40      78.4109      3.61319
      4210.80      74.5750      3.52520
      4212.20      72.4375      3.36422
      4213.60      75.1250      3.30724
      4215.00      74.5830      3.30031
      4216.40      70.9946      3.24812
      4217.80      72.6749      3.33250
      4219.20      73.1357      3.60878
      4220.60      74.2043      3.47507
      4222.00      72.0430      3.31853
      4223.40      73.1006      3.27040
      4224.80      72.5802      3.27270
      4226.20      68.7602      3.22942
      4227.60      69.2471      3.29249
      4229.00      71.6614      3.45374
      4230.40      71.2215      3.59821
      4231.80      75.0392      3.59695
      4233.20      74.9596      3.51322
      4234.60      70.1839      3.24999
      4236.00      62.6670      3.02137
      4237.40      67.6329      3.13295
      4238.80      65.8906      3.10659
      4240.20      68.3879      3.20899
      4241.60      73.5532      3.47419
      4243.00      74.8117      3.44342
      4244.40      73.2894      3.27874
      4245.80      79.0537      3.37939
      4247.20      72.4424      3.25557
      4248.60      66.9178      3.18458
      4250.00      72.7245      3.30283
      4251.40      61.7412      3.09223
      4252.80      70.3130      3.32904
      4254.20      71.7689      3.41065
      4255.60      68.3043      3.38727
      4257.00      74.6265      3.53688
      4258.40      69.2155      3.39565
      4259.80      66.8372      3.21411
      4261.20      65.4453      3.05540
      4262.60      73.3303      3.22416
      4264.00      73.4448      3.23374
      4265.40      76.8233      3.32398
      4266.80      76.4549      3.34462
      4268.20      73.4342      3.28190
      4269.60      76.7362      3.34437
      4271.00      70.2555      3.13207
      4272.40      62.1593      2.95410
      4273.80      69.0849      3.19400
      4275.20      67.4579      3.15381
      4276.60      68.4857      3.13792
      4278.00      73.1253      3.21746
      4279.40      72.8802      3.27528
      4280.80      72.8598      3.32438
      4282.20      72.7579      3.18517
      4283.60      72.6434      3.18570
      4285.00      71.9073      3.16938
      4286.40      74.9305      3.32150
      4287.80      71.4507      3.37698
      4289.20      70.2602      3.26283
      4290.60      65.6973      3.17597
      4292.00      68.9838      3.22071
      4293.40      70.6724      3.22316
      4294.80      72.4515      3.21225
      4296.20      66.7757      3.07944
      4297.60      70.7029      3.12675
      4299.00      73.8294      3.16695
      4300.40      66.9335      2.99860
      4301.80      59.3650      2.80684
      4303.20      63.1241      2.90110
      4304.60      65.6048      3.00711
      4306.00      65.8006      3.18650
      4307.40      65.3405      3.04465
      4308.80      68.1588      3.07711
      4310.20      69.2179      3.08981
      4311.60      67.1789      3.14845
      4313.00      63.5871      2.98907
      4314.40      64.5082      3.04090
      4315.80      65.2871      2.99316
      4317.20      63.9491      2.96441
      4318.60      66.4372      3.13383
      4320.00      69.0693      3.07669
      4321.40      73.1554      3.18969
      4322.80      68.5630      3.08254
      4324.20      69.1116      3.09458
      4325.60      63.8643      2.96408
      4327.00      63.5450      2.95448
      4328.40      60.6666      2.88506
      4329.80      62.0900      2.91612
      4331.20      59.6928      2.85618
      4332.60      54.9545      2.71854
      4334.00      56.8952      2.72782
      4335.40      55.5026      2.71157
      4336.80      53.5157      2.68265
      4338.20      36.4748      2.28468
      4339.60      32.8010      2.26765
      4341.00      28.4857      2.17673
      4342.40      35.5411      2.32486
      4343.80      41.6115      2.45073
      4345.20      43.8673      2.54254
      4346.60      45.5722      2.55621
      4348.00      57.6014      2.79373
      4349.40      60.5857      2.92435
      4350.80      60.2598      3.04885
      4352.20      56.4786      2.91283
      4353.60      64.5085      3.04195
      4355.00      65.0396      2.91700
      4356.40      66.0033      3.03655
      4357.80      64.2151      3.42137
      4359.20      67.5400      3.76759
      4360.60      68.8157      3.38976
      4362.00      71.2349      3.13142
      4363.40      67.3539      3.06929
      4364.80      69.9301      3.15895
      4366.20      65.7301      3.02610
      4367.60      66.7288      3.03271
      4369.00      71.3172      3.13296
      4370.40      70.4701      3.18339
      4371.80      73.2014      3.31819
      4373.20      70.9167      3.26110
      4374.60      71.0442      3.11822
      4376.00      70.6895      3.04333
      4377.40      75.1721      3.15951
      4378.80      71.1520      3.23556
      4380.20      72.0996      3.22154
      4381.60      73.8594      3.10644
      4383.00      75.9237      3.13826
      4384.40      66.4265      2.96879
      4385.80      63.9196      2.93910
      4387.20      70.5033      3.06969
      4388.60      74.3192      3.09920
      4390.00      73.2843      3.06174
      4391.40      70.0783      3.00242
      4392.80      73.7985      3.09586
      4394.20      68.1863      2.95069
      4395.60      72.1587      3.00942
      4397.00      66.0262      2.87635
      4398.40      70.9588      2.98488
      4399.80      66.2527      2.88872
      4401.20      68.8359      2.97599
      4402.60      74.9518      3.15948
      4404.00      73.6429      3.14016
      4405.40      71.4075      3.07034
      4406.80      74.4919      3.13439
      4408.20      72.9263      3.07420
      4409.60      72.0174      3.09315
      4411.00      64.2812      2.85255
      4412.40      68.8486      2.97382
      4413.80      67.1656      2.91980
      4415.20      63.9446      2.81809
      4416.60      67.8226      2.96216
      4418.00      66.6235      2.91816
      4419.40      68.8787      3.06467
      4420.80      69.1504      3.13997
      4422.20      73.0934      3.24327
      4423.60      72.0748      3.18024
      4425.00      69.4701      3.11712
      4426.40      65.2251      2.98855
      4427.80      69.9213      3.03594
      4429.20      69.3241      2.94650
      4430.60      69.7352      3.00826
      4432.00      65.9679      2.83776
      4433.40      68.9609      2.91877
      4434.80      74.1747      3.02876
      4436.20      68.0438      2.93174
      4437.60      69.3732      2.95451
      4439.00      72.7026      2.97700
      4440.40      72.5831      2.97637
      4441.80      69.5277      2.92004
      4443.20      70.7907      3.02661
      4444.60      63.8227      2.98647
      4446.00      65.9514      3.06593
      4447.40      75.4559      3.11554
      4448.80      70.9298      2.90196
      4450.20      64.6053      2.77829
      4451.60      68.9416      2.92931
      4453.00      67.3032      2.91416
      4454.40      68.0386      2.88133
      4455.80      70.0836      2.92449
      4457.20      68.2860      2.90476
      4458.60      66.1168      2.92621
      4460.00      65.3083      2.92625
      4461.40      66.1733      2.93892
      4462.80      69.2493      2.94826
      4464.20      68.1557      2.83991
      4465.60      73.8676      2.96493
      4467.00      65.3650      2.77315
      4468.40      67.5662      2.80442
      4469.80      61.6508      2.67789
      4471.20      63.5235      2.73489
      4472.60      68.5980      2.84663
      4474.00      67.3950      2.96059
      4475.40      66.8017      2.85471
      4476.80      69.6691      2.90832
      4478.20      68.5253      2.86616
      4479.60      70.1215      2.89324
      4481.00      63.2465      2.77123
      4482.40      62.9622      2.80128
      4483.80      67.7970      2.88799
      4485.20      70.3269      2.89418
      4486.60      72.2112      2.91418
      4488.00      68.8521      2.83479
      4489.40      68.4691      2.83847
      4490.80      69.1331      2.82950
      4492.20      70.2442      2.86636
      4493.60      66.3826      2.83125
      4495.00      74.9337      3.01249
      4496.40      73.2302      2.91654
      4497.80      66.5173      2.78707
      4499.20      70.7403      3.36453
      4500.60      69.6709      2.85725
      4502.00      66.6745      2.79730
      4503.40      66.2274      2.78632
      4504.80      70.9716      2.88310
      4506.20      73.1189      2.92116
      4507.60      70.1544      2.84440
      4509.00      66.6006      2.76350
      4510.40      71.8967      2.87901
      4511.80      68.3238      2.80595
      4513.20      67.7874      2.79186
      4514.60      65.2968      2.72672
      4516.00      64.6651      2.70758
      4517.40      62.4570      2.66745
      4518.80      65.5234      2.82759
      4520.20      65.5117      2.91152
      4521.60      67.1015      3.01776
      4523.00      70.3964      2.99516
      4524.40      66.5866      2.77631
      4525.80      63.4760      2.67954
      4527.20      65.6801      2.73728
      4528.60      68.4383      2.84520
      4530.00      68.1796      2.86149
      4531.40      69.3046      2.87389
      4532.80      68.1206      2.79915
      4534.20      66.5801      2.74448
      4535.60      63.6824      2.68266
      4537.00      68.4089      2.79313
      4538.40      74.3233      2.96753
      4539.80      64.9579      2.79910
      4541.20      69.3294      2.83973
      4542.60      64.9298      2.70223
      4544.00      67.7736      2.78599
      4545.40      68.5572      2.81658
      4546.80      67.9330      2.79870
      4548.20      68.4086      2.77169
      4549.60      64.3752      2.66903
      4551.00      59.2554      2.56670
      4552.40      63.9077      2.67864
      4553.80      66.3880      2.73003
      4555.20      59.0388      2.56289
      4556.60      64.4940      2.69936
      4558.00      68.4004      2.79774
      4559.40      58.3389      2.53431
      4560.80      69.6598      2.80364
      4562.20      70.4635      2.83849
      4563.60      66.1587      2.76393
      4565.00      65.3130      2.72660
      4566.40      70.9209      2.80682
      4567.80      67.6251      2.73370
      4569.20      68.3691      2.82697
      4570.60      61.8124      2.77610
      4572.00      65.3486      2.81689
      4573.40      65.4111      2.76603
      4574.80      64.2552      2.71427
      4576.20      65.4093      2.80802
      4577.60      67.7099      2.75178
      4579.00      66.3454      2.73014
      4580.40      68.2019      2.78261
      4581.80      68.9357      2.81141
      4583.20      65.3968      2.78663
      4584.60      62.0466      2.63762
      4586.00      65.2519      2.67541
      4587.40      65.6645      2.67300
      4588.80      69.4259      2.76626
      4590.20      65.0247      2.67361
      4591.60      71.5151      2.80656
      4593.00      64.9347      2.66721
      4594.40      69.4378      2.77768
      4595.80      68.0250      2.72881
      4597.20      68.3553      2.74004
      4598.60      63.2288      2.62765
      4600.00      65.4215      2.82854
      4601.40      64.7057      2.64352
      4602.80      65.5945      2.66549
      4604.20      64.6544      2.67124
      4605.60      63.2838      2.64054
      4607.00      65.4728      2.67057
      4608.40      65.2480      2.66690
      4609.80      64.2546      2.63814
      4611.20      67.4359      2.77195
      4612.60      69.7229      2.89996
      4614.00      69.4231      2.87168
      4615.40      69.5211      2.77685
      4616.80      72.0115      2.80501
      4618.20      70.9814      2.86901
      4619.60      67.3507      3.07093
      4621.00      67.0243      3.05524
      4622.40      63.9535      2.98782
      4623.80      66.1977      3.09925
      4625.20      73.0787      3.30965
      4626.60      71.4087      3.26216
      4628.00      69.1942      3.31820
      4629.40      68.4556      2.72744
      4630.80      66.5367      2.67488
      4632.20      67.3447      2.70517
      4633.60      65.8332      2.75623
      4635.00      64.2855      2.72536
      4636.40      70.1769      2.78877
      4637.80      70.2404      2.82557
      4639.20      68.7232      2.91527
      4640.60      66.9945      2.88173
      4642.00      71.3881      2.88205
      4643.40      74.0279      2.86720
      4644.80      72.7903      2.84249
      4646.20      66.1031      2.72722
      4647.60      61.8417      2.62151
      4649.00      63.9879      2.64389
      4650.40      67.0153      2.70913
      4651.80      70.6811      2.78992
      4653.20      67.8940      2.74699
      4654.60      68.9422      2.75975
      4656.00      70.0655      2.75430
      4657.40      62.7397      2.58501
      4658.80      67.2962      2.69928
      4660.20      65.9514      2.67999
      4661.60      69.4530      2.79182
      4663.00      72.1779      2.85836
      4664.40      69.6558      2.77273
      4665.80      68.6606      2.71436
      4667.20      65.4662      2.64737
      4668.60      64.6277      2.63970
      4670.00      69.1352      2.74512
      4671.40      68.4130      2.74825
      4672.80      68.5189      2.80384
      4674.20      67.4693      2.73405
      4675.60      70.1716      2.76324
      4677.00      71.4109      2.79491
      4678.40      68.9936      2.78762
      4679.80      65.3582      2.71901
      4681.20      68.8515      2.74285
      4682.60      72.0693      2.80207
      4684.00      66.9002      2.73996
      4685.40      68.1893      2.70583
      4686.80      66.5480      2.65791
      4688.20      65.8672      2.64111
      4689.60      67.9679      2.69866
      4691.00      67.3111      2.71645
      4692.40      71.8528      2.78817
      4693.80      65.8941      2.63278
      4695.20      70.3001      2.73346
      4696.60      69.6590      2.80948
      4698.00      66.8965      2.70926
      4699.40      66.7271      2.63625
      4700.80      66.2045      2.64945
      4702.20      65.9417      2.68518
      4703.60      67.7026      2.70608
      4705.00      67.9372      2.69345
      4706.40      67.9271      2.77276
      4707.80      69.6796      2.72533
      4709.20      67.3837      2.67923
      4710.60      63.7607      2.62203
      4712.00      70.2125      2.79899
      4713.40      67.6439      2.72124
      4714.80      66.0388      2.75793
      4716.20      64.1567      2.67297
      4717.60      61.7008      2.53071
      4719.00      67.2481      2.66825
      4720.40      67.6753      2.68335
      4721.80      70.4399      2.73580
      4723.20      66.9500      2.65597
      4724.60      66.7561      2.65712
      4726.00      68.4128      2.96124
      4727.40      69.2522      4.43111
      4728.80      69.5056      3.01533
      4730.20      65.7572      2.64813
      4731.60      71.2592      2.74700
      4733.00      71.0543      2.72439
      4734.40      64.9136      2.61329
      4735.80      66.2228      2.63759
      4737.20      70.0056      2.74445
      4738.60      65.8533      2.68467
      4740.00      67.7967      2.69466
      4741.40      67.4111      2.67139
      4742.80      68.0776      2.74126
      4744.20      69.9890      2.83822
      4745.60      69.1969      2.80733
      4747.00      66.8908      2.67486
      4748.40      64.0074      2.57994
      4749.80      63.8933      2.57419
      4751.20      70.1362      2.72386
      4752.60      63.7035      2.68661
      4754.00      68.5635      2.75287
      4755.40      63.4848      2.54582
      4756.80      67.0324      2.63356
      4758.20      72.4915      2.75830
      4759.60      69.5125      2.75528
      4761.00      63.0695      2.68488
      4762.40      68.0975      2.75924
      4763.80      62.6851      2.55000
      4765.20      64.4280      2.55769
      4766.60      70.1093      2.73669
      4768.00      65.4058      2.70170
      4769.40      67.8736      2.74972
      4770.80      67.1273      2.67975
      4772.20      62.2400      2.51554
      4773.60      63.9487      2.53163
      4775.00      67.5716      2.62219
      4776.40      66.5608      2.60838
      4777.80      65.6277      2.67713
      4779.20      68.8960      2.72897
      4780.60      68.8643      2.68710
      4782.00      67.3266      2.66080
      4783.40      67.1242      2.68869
      4784.80      66.6566      2.72710
      4786.20      66.4250      2.68997
      4787.60      65.0064      2.65164
      4789.00      67.2447      2.75046
      4790.40      64.5743      2.97640
      4791.80      65.7840      2.76792
      4793.20      65.6624      2.65195
      4794.60      64.2208      2.54800
      4796.00      61.5721      2.49190
      4797.40      64.7095      2.57689
      4798.80      60.8845      2.51172
      4800.20      64.8325      2.58450
      4801.60      66.5420      2.58784
      4803.00      62.9534      2.50991
      4804.40      67.9025      2.61875
      4805.80      62.4407      2.48862
      4807.20      62.4974      2.48346
      4808.60      63.3140      2.50895
      4810.00      61.9410      2.54139
      4811.40      62.7313      2.61540
      4812.80      64.6244      2.59188
      4814.20      65.8762      2.56305
      4815.60      66.4226      2.61162
      4817.00      65.7082      2.70871
      4818.40      65.7185      2.68327
      4819.80      64.3116      2.60897
      4821.20      65.8693      2.59329
      4822.60      69.6474      2.66052
      4824.00      64.4251      2.54737
      4825.40      62.7567      2.52836
      4826.80      67.2855      2.64354
      4828.20      65.1049      2.59270
      4829.60      62.6182      2.56717
      4831.00      65.0054      2.64743
      4832.40      62.9544      2.58855
      4833.80      64.8463      2.62144
      4835.20      64.6304      2.60266
      4836.60      63.2947      2.54024
      4838.00      64.3572      2.56414
      4839.40      67.9139      2.69305
      4840.80      60.8336      2.60009
      4842.20      65.8709      2.74370
      4843.60      62.8414      2.69170
      4845.00      64.2822      2.61564
      4846.40      61.7324      2.47004
      4847.80      64.7945      2.54485
      4849.20      61.3706      2.51539
      4850.60      57.5689      2.56739
      4852.00      57.8568      2.43217
      4853.40      57.3226      2.37977
      4854.80      51.4591      2.23979
      4856.20      45.6977      2.12372
      4857.60      48.0571      2.15844
      4859.00      43.6968      2.05377
      4860.40      35.4460      1.86958
      4861.80      26.7372      1.79813
      4863.20      27.4589      1.84528
      4864.60      38.8175      2.02194
      4866.00      44.9706      2.09823
      4867.40      48.8498      2.19871
      4868.80      54.3361      2.42547
      4870.20      57.0750      2.45079
      4871.60      54.7495      2.44226
      4873.00      58.3990      2.47808
      4874.40      59.2121      2.49700
      4875.80      59.3863      2.45137
      4877.20      60.5415      2.56720
      4878.60      61.9316      2.56246
      4880.00      58.5387      2.45140
      4881.40      62.9974      2.55388
      4882.80      62.8470      2.57403
      4884.20      63.4920      2.65103
      4885.60      64.7296      2.68672
      4887.00      62.3886      2.61541
      4888.40      64.1162      2.60028
      4889.80      59.9252      2.48700
      4891.20      62.5094      2.56170
      4892.60      63.4078      2.61376
      4894.00      64.0119      2.62010
      4895.40      61.5754      2.53931
      4896.80      65.4940      2.62163
      4898.20      65.9524      2.66692
      4899.60      66.8843      2.68628
      4901.00      62.9513      2.55801
      4902.40      64.7428      2.60138
      4903.80      60.8284      2.54050
      4905.20      64.4217      2.67158
      4906.60      67.2463      2.73259
      4908.00      67.6632      2.70442
      4909.40      62.2693      2.55409
      4910.80      64.8564      2.58479
      4912.20      63.7175      2.58529
      4913.60      61.7884      2.61119
      4915.00      61.6729      2.64798
      4916.40      66.5604      2.65934
      4917.80      64.2422      2.55239
      4919.20      63.2062      2.52490
      4920.60      58.0388      2.38860
      4922.00      64.0299      2.55456
      4923.40      64.9221      2.63451
      4924.80      61.0008      2.49801
      4926.20      60.2170      2.43605
      4927.60      65.0598      2.55153
      4929.00      55.3731      2.40358
      4930.40      64.8933      2.62237
      4931.80      63.8848      2.55264
      4933.20      63.6428      2.50333
      4934.60      60.8566      2.43804
      4936.00      63.2843      2.64405
      4937.40      62.1951      2.46469
      4938.80      63.4118      2.49326
      4940.20      63.7116      2.50478
      4941.60      61.0097      2.44548
      4943.00      63.9860      2.57432
      4944.40      64.8878      2.56904
      4945.80      67.4789      2.60303
      4947.20      65.0507      2.53314
      4948.60      66.5550      2.56206
      4950.00      61.5153      2.48438
      4951.40      66.6368      2.59150
      4952.80      64.6975      2.54543
      4954.20      68.9133      2.62005
      4955.60      65.3587      2.54698
      4957.00      60.5296      2.41676
      4958.40      62.2950      2.44510
      4959.80      59.4549      2.39292
      4961.20      66.1471      2.55285
      4962.60      67.5679      2.58375
      4964.00      64.9638      2.52120
      4965.40      68.7161      2.61224
      4966.80      64.3848      2.55404
      4968.20      63.4032      2.54352
      4969.60      66.9755      2.60172
      4971.00      59.9159      2.43777
      4972.40      60.2912      2.43622
      4973.80      62.7604      2.47792
      4975.20      65.8158      2.55568
      4976.60      68.0986      2.62073
      4978.00      63.8711      2.53450
      4979.40      65.7937      2.60716
      4980.80      65.6912      2.55844
      4982.20      66.0060      2.55955
      4983.60      65.2630      2.54547
      4985.00      63.2430      2.53944
      4986.40      64.9962      2.64806
      4987.80      64.4852      2.54403
      4989.20      63.0790      2.49080
      4990.60      65.1016      2.52769
      4992.00      65.7522      2.55726
      4993.40      59.7216      2.45838
      4994.80      62.0486      2.50323
      4996.20      62.0127      2.45486
      4997.60      59.3078      2.37710
      4999.00      64.2239      2.47969
