      3900.00      340.431      10.2580
      3901.40      343.967      10.2224
      3902.80      369.550      10.7543
      3904.20      388.006      11.1745
      3905.60      391.305      11.2823
      3907.00      391.494      11.2556
      3908.40      405.257      11.5589
      3909.80      416.025      11.7559
      3911.20      432.948      12.1073
      3912.60      427.776      11.9916
      3914.00      417.946      11.7811
      3915.40      421.006      11.8433
      3916.80      429.970      12.3136
      3918.20      439.848      12.1899
      3919.60      443.959      12.2569
      3921.00      434.465      12.0442
      3922.40      454.208      12.4807
      3923.80      445.618      12.2727
      3925.20      448.886      12.3471
      3926.60      450.480      12.6047
      3928.00      436.197      12.2848
      3929.40      430.753      11.9128
      3930.80      423.197      11.7374
      3932.20      400.004      11.2118
      3933.60      290.736      8.60048
      3935.00      212.867      7.05847
      3936.40      276.683      8.39860
      3937.80      396.294      11.0888
      3939.20      441.765      12.1581
      3940.60      455.184      12.4828
      3942.00      456.798      12.5061
      3943.40      457.415      12.4362
      3944.80      450.683      12.2622
      3946.20      432.028      11.8474
      3947.60      453.214      12.2968
      3949.00      441.545      12.0301
      3950.40      442.666      12.3734
      3951.80      441.023      12.2089
      3953.20      439.858      11.9765
      3954.60      436.392      12.1404
      3956.00      425.060      11.6483
      3957.40      408.166      11.2433
      3958.80      389.589      10.8212
      3960.20      386.311      10.8089
      3961.60      385.893      10.8773
      3963.00      344.364      9.98306
      3964.40      343.781      12.1311
      3965.80      326.795      21.4127
      3967.20      279.668      8.53538
      3968.60      195.837      6.41400
      3970.00      115.728      4.63413
      3971.40      101.210      4.39192
      3972.80      148.274      5.52927
      3974.20      207.977      6.84881
      3975.60      255.689      7.88708
      3977.00      303.515      8.90564
      3978.40      324.783      9.32251
      3979.80      348.415      9.84470
      3981.20      373.684      10.4613
      3982.60      381.712      10.7158
      3984.00      398.064      10.9014
      3985.40      404.833      11.0402
      3986.80      421.458      11.4078
      3988.20      423.278      11.7272
      3989.60      426.536      11.5118
      3991.00      449.438      12.0020
      3992.40      454.822      12.5485
      3993.80      460.696      12.2248
      3995.20      460.370      12.2130
      3996.60      446.236      11.9336
      3998.00      450.839      12.0724
      3999.40      446.515      11.9520
      4000.80      460.001      12.1754
      4002.20      471.796      12.4314
      4003.60      481.513      12.6381
      4005.00      464.141      12.2816
      4006.40      457.395      12.1692
      4007.80      462.141      12.2772
      4009.20      468.934      12.5701
      4010.60      478.579      12.6005
      4012.00      467.060      12.3119
      4013.40      471.352      12.4757
      4014.80      464.820      12.3364
      4016.20      478.833      12.5844
      4017.60      471.330      12.3889
      4019.00      478.794      12.5626
      4020.40      476.348      12.7052
      4021.80      483.276      12.6300
      4023.20      474.373      12.6729
      4024.60      472.772      12.3861
      4026.00      460.179      12.0841
      4027.40      467.966      12.2575
      4028.80      463.488      12.1624
      4030.20      465.593      12.2482
      4031.60      464.515      12.2492
      4033.00      467.181      12.2564
      4034.40      469.454      12.2653
      4035.80      482.506      12.5424
      4037.20      486.340      12.8244
      4038.60      497.949      12.9202
      4040.00      489.209      12.6912
      4041.40      492.021      12.7390
      4042.80      501.695      12.9489
      4044.20      495.121      12.8147
      4045.60      483.538      12.5695
      4047.00      463.492      12.1543
      4048.40      451.241      11.8975
      4049.80      479.525      12.4813
      4051.20      491.937      12.7503
      4052.60      479.105      12.4584
      4054.00      462.076      12.0542
      4055.40      458.506      11.9535
      4056.80      474.776      12.3213
      4058.20      483.046      12.4923
      4059.60      482.936      12.4913
      4061.00      480.397      12.4385
      4062.40      484.456      12.5484
      4063.80      476.004      12.3613
      4065.20      466.841      12.1515
      4066.60      463.947      12.0901
      4068.00      484.474      12.5273
      4069.40      478.745      12.4337
      4070.80      479.477      12.4087
      4072.20      472.374      12.2206
      4073.60      453.620      11.8275
      4075.00      473.034      12.2606
      4076.40      467.656      12.1469
      4077.80      466.577      12.1268
      4079.20      435.032      11.4350
      4080.60      444.274      11.6204
      4082.00      469.678      12.1735
      4083.40      462.571      12.0111
      4084.80      457.484      11.8946
      4086.20      442.586      11.5727
      4087.60      446.918      11.6399
      4089.00      427.615      11.2400
      4090.40      420.015      11.0694
      4091.80      417.993      11.0734
      4093.20      409.608      10.8887
      4094.60      394.336      10.5035
      4096.00      356.427      9.66803
      4097.40      333.892      9.22978
      4098.80      292.885      8.37845
      4100.20      261.860      7.57968
      4101.60      204.939      6.26178
      4103.00      139.054      4.82347
      4104.40      157.002      5.18368
      4105.80      220.287      6.59632
      4107.20      277.112      7.90569
      4108.60      314.271      8.69521
      4110.00      349.602      9.48067
      4111.40      358.635      9.67897
      4112.80      381.762      10.1578
      4114.20      393.740      10.4108
      4115.60      421.348      11.0576
      4117.00      423.073      11.2286
      4118.40      426.071      11.4164
      4119.80      426.331      11.1112
      4121.20      432.046      11.2345
      4122.60      442.748      11.4701
      4124.00      452.245      11.6979
      4125.40      462.139      11.9115
      4126.80      461.565      12.0564
      4128.20      462.580      12.1721
      4129.60      468.693      12.0379
      4131.00      459.477      11.8081
      4132.40      464.401      11.9110
      4133.80      444.911      11.4988
      4135.20      467.669      12.0016
      4136.60      463.502      11.9352
      4138.00      494.681      12.5721
      4139.40      491.458      12.4861
      4140.80      495.733      12.5879
      4142.20      480.950      12.2697
      4143.60      470.770      12.0537
      4145.00      458.198      11.7910
      4146.40      464.330      11.9242
      4147.80      478.890      12.2304
      4149.20      474.140      12.1259
      4150.60      474.541      12.1029
      4152.00      480.314      12.2014
      4153.40      494.273      12.4996
      4154.80      475.924      12.1236
      4156.20      470.598      12.0214
      4157.60      479.097      12.2164
      4159.00      479.590      12.1998
      4160.40      479.638      12.1826
      4161.80      476.726      12.1028
      4163.20      475.162      12.0585
      4164.60      476.427      12.0913
      4166.00      473.424      12.0218
      4167.40      475.199      12.0622
      4168.80      468.184      11.9555
      4170.20      470.097      12.2874
      4171.60      468.384      12.6997
      4173.00      466.641      11.8516
      4174.40      449.773      11.4753
      4175.80      451.800      11.5216
      4177.20      463.370      11.7642
      4178.60      463.387      11.7637
      4180.00      460.440      11.6997
      4181.40      461.298      11.7791
      4182.80      468.772      11.9524
      4184.20      475.756      12.0597
      4185.60      471.293      11.9371
      4187.00      474.170      11.9794
      4188.40      466.690      11.8112
      4189.80      462.540      11.7187
      4191.20      470.633      11.8957
      4192.60      480.830      12.1210
      4194.00      478.725      12.1137
      4195.40      481.616      12.4374
      4196.80      498.254      12.5376
      4198.20      480.169      12.0788
      4199.60      476.292      11.9840
      4201.00      452.392      11.5062
      4202.40      461.549      11.7223
      4203.80      472.633      11.9276
      4205.20      470.006      11.8582
      4206.60      483.067      12.1568
      4208.00      486.057      12.2339
      4209.40      490.884      12.3248
      4210.80      470.197      11.8559
      4212.20      473.052      11.9155
      4213.60      490.427      12.2792
      4215.00      481.579      12.0921
      4216.40      471.121      11.8592
      4217.80      458.391      11.5837
      4219.20      469.570      11.8302
      4220.60      481.211      12.1031
      4222.00      480.886      12.2544
      4223.40      476.077      12.0654
      4224.80      482.787      12.1420
      4226.20      480.180      12.0701
      4227.60      449.287      11.3548
      4229.00      435.942      11.0835
      4230.40      455.324      11.5012
      4231.80      469.811      11.8273
      4233.20      490.196      12.2772
      4234.60      438.044      11.1612
      4236.00      448.266      11.3704
      4237.40      469.133      11.8043
      4238.80      464.141      11.6888
      4240.20      477.278      11.9681
      4241.60      487.336      12.1818
      4243.00      485.167      12.1436
      4244.40      475.974      11.9403
      4245.80      485.577      12.1471
      4247.20      479.987      12.0371
      4248.60      449.010      11.3552
      4250.00      456.350      11.5089
      4251.40      463.476      11.6714
      4252.80      461.673      11.6213
      4254.20      472.362      11.8483
      4255.60      482.100      12.0548
      4257.00      486.420      12.1470
      4258.40      485.748      12.1339
      4259.80      486.980      12.1581
      4261.20      480.426      12.0056
      4262.60      459.025      11.5506
      4264.00      469.314      11.7723
      4265.40      466.608      11.7405
      4266.80      481.012      12.1022
      4268.20      473.963      12.1371
      4269.60      468.114      11.8172
      4271.00      473.705      11.8794
      4272.40      461.380      11.5924
      4273.80      453.369      11.4144
      4275.20      465.409      11.6675
      4276.60      462.909      11.6090
      4278.00      468.696      11.7380
      4279.40      467.603      11.7129
      4280.80      476.329      12.0443
      4282.20      475.510      12.1503
      4283.60      472.230      11.8787
      4285.00      472.017      11.8580
      4286.40      480.231      12.1541
      4287.80      471.506      11.9171
      4289.20      462.833      11.6110
      4290.60      449.113      11.2884
      4292.00      445.233      11.2104
      4293.40      456.238      11.4556
      4294.80      460.306      11.5262
      4296.20      445.517      11.2141
      4297.60      453.814      11.3967
      4299.00      447.926      11.8870
      4300.40      448.996      11.2815
      4301.80      434.603      10.9625
      4303.20      437.121      11.0135
      4304.60      446.496      11.2162
      4306.00      456.306      11.4384
      4307.40      469.087      11.7091
      4308.80      459.102      11.4913
      4310.20      449.700      11.2802
      4311.60      461.275      11.5351
      4313.00      458.004      11.4736
      4314.40      444.144      11.1689
      4315.80      425.084      10.7722
      4317.20      428.655      10.8498
      4318.60      444.863      11.1930
      4320.00      448.805      11.2677
      4321.40      432.559      10.8937
      4322.80      417.137      10.5724
      4324.20      429.511      10.8329
      4325.60      431.760      10.8784
      4327.00      407.782      10.3514
      4328.40      393.568      10.0573
      4329.80      397.754      10.3244
      4331.20      390.592      10.1169
      4332.60      389.950      9.98939
      4334.00      384.095      9.85295
      4335.40      358.180      9.27551
      4336.80      331.131      8.69418
      4338.20      303.270      8.08514
      4339.60      242.174      6.70268
      4341.00      184.235      5.45544
      4342.40      145.295      4.61299
      4343.80      183.678      5.38054
      4345.20      245.541      6.81360
      4346.60      292.368      7.83071
      4348.00      328.282      8.65165
      4349.40      350.530      9.13288
      4350.80      371.540      9.60807
      4352.20      376.480      9.70343
      4353.60      385.442      9.88799
      4355.00      407.675      10.3610
      4356.40      422.698      10.6795
      4357.80      424.907      10.7773
      4359.20      434.557      11.1160
      4360.60      446.078      11.3188
      4362.00      445.531      11.1820
      4363.40      449.205      11.2417
      4364.80      460.661      11.4948
      4366.20      462.803      11.5391
      4367.60      462.570      11.8419
      4369.00      458.839      11.4504
      4370.40      460.315      11.4819
      4371.80      475.447      11.8151
      4373.20      470.075      11.6994
      4374.60      470.858      11.7077
      4376.00      454.541      11.3414
      4377.40      457.144      11.4023
      4378.80      473.758      11.7787
      4380.20      483.780      11.9889
      4381.60      481.195      11.9244
      4383.00      483.628      11.9699
      4384.40      453.721      11.3216
      4385.80      445.770      11.1537
      4387.20      460.950      11.4748
      4388.60      461.169      11.4733
      4390.00      471.753      11.7144
      4391.40      470.205      11.7190
      4392.80      468.426      12.2272
      4394.20      462.399      11.5039
      4395.60      447.551      11.1585
      4397.00      435.314      10.9080
      4398.40      458.789      11.4150
      4399.80      473.998      11.7270
      4401.20      453.527      11.2797
      4402.60      448.967      11.2318
      4404.00      466.510      11.5972
      4405.40      460.823      11.4495
      4406.80      454.454      11.3081
      4408.20      463.617      11.5370
      4409.60      477.433      11.8354
      4411.00      485.364      12.0047
      4412.40      485.095      11.9868
      4413.80      488.319      12.0355
      4415.20      464.064      11.5229
      4416.60      454.804      11.3223
      4418.00      431.579      10.8024
      4419.40      431.362      10.7965
      4420.80      453.252      11.2507
      4422.20      476.449      11.7717
      4423.60      474.228      11.7259
      4425.00      471.286      11.6700
      4426.40      473.380      11.7048
      4427.80      477.814      11.7897
      4429.20      470.613      11.6324
      4430.60      472.196      11.6801
      4432.00      478.521      11.8122
      4433.40      473.532      11.6953
      4434.80      459.603      11.3910
      4436.20      466.545      11.5363
      4437.60      466.118      11.5344
      4439.00      476.113      11.7652
      4440.40      478.548      11.7791
      4441.80      459.440      11.3583
      4443.20      465.449      11.4837
      4444.60      442.898      10.9905
      4446.00      438.939      10.9264
      4447.40      463.142      11.4621
      4448.80      486.679      11.9684
      4450.20      488.805      12.0144
      4451.60      479.832      11.8279
      4453.00      470.221      11.6333
      4454.40      475.240      11.7194
      4455.80      457.333      11.3084
      4457.20      463.983      11.4520
      4458.60      472.053      11.6267
      4460.00      463.354      11.4375
      4461.40      467.252      11.5189
      4462.80      477.158      11.7515
      4464.20      473.427      11.7130
      4465.60      462.862      11.4812
      4467.00      466.322      11.5042
      4468.40      457.096      11.2963
      4469.80      440.673      10.9353
      4471.20      437.101      10.8629
      4472.60      463.679      12.1656
      4474.00      465.241      11.4950
      4475.40      468.508      11.5605
      4476.80      466.807      11.7519
      4478.20      466.317      11.4993
      4479.60      472.040      11.6135
      4481.00      466.505      11.4970
      4482.40      437.197      10.8715
      4483.80      441.344      10.9700
      4485.20      460.725      11.3718
      4486.60      483.788      11.8773
      4488.00      471.863      11.6069
      4489.40      463.363      11.4152
      4490.80      463.613      11.4119
      4492.20      456.623      11.2730
      4493.60      453.969      11.2297
      4495.00      463.755      11.4293
      4496.40      466.725      11.4889
      4497.80      463.381      11.4162
      4499.20      477.883      11.7316
      4500.60      469.987      11.5680
      4502.00      455.245      11.2480
      4503.40      439.141      10.9117
      4504.80      453.968      11.2159
      4506.20      466.783      11.4765
      4507.60      475.842      11.6757
      4509.00      453.132      11.1961
      4510.40      461.675      11.3740
      4511.80      469.181      11.5220
      4513.20      472.814      11.6015
      4514.60      467.186      11.4757
      4516.00      472.909      11.5967
      4517.40      456.388      11.2391
      4518.80      459.272      11.3025
      4520.20      458.954      11.2892
      4521.60      454.723      11.1994
      4523.00      461.851      11.3594
      4524.40      453.725      11.1757
      4525.80      458.623      11.3074
      4527.20      473.445      11.6174
      4528.60      469.604      11.5247
      4530.00      454.810      11.2033
      4531.40      455.254      11.2150
      4532.80      478.113      11.6990
      4534.20      466.052      11.4404
      4535.60      442.855      10.9252
      4537.00      444.020      10.9610
      4538.40      469.948      11.5265
      4539.80      473.326      11.5979
      4541.20      469.956      11.5274
      4542.60      455.334      11.2178
      4544.00      464.570      11.4083
      4545.40      466.440      11.4380
      4546.80      468.469      11.4841
      4548.20      465.989      11.4384
      4549.60      467.608      11.4678
      4551.00      430.783      10.6821
      4552.40      431.659      10.6884
      4553.80      458.583      11.2665
      4555.20      457.898      11.2656
      4556.60      455.017      11.1989
      4558.00      442.680      10.9265
      4559.40      458.337      11.2617
      4560.80      449.006      11.0691
      4562.20      467.018      11.4935
      4563.60      470.170      11.5833
      4565.00      462.802      11.4134
      4566.40      448.634      11.0493
      4567.80      461.347      11.3238
      4569.20      469.173      11.5005
      4570.60      464.848      11.4233
      4572.00      460.040      11.2951
      4573.40      440.850      10.8728
      4574.80      447.844      11.0188
      4576.20      470.151      11.5063
      4577.60      482.050      11.7654
      4579.00      455.615      11.1976
      4580.40      462.446      11.3366
      4581.80      463.978      11.3721
      4583.20      469.226      11.4829
      4584.60      456.716      11.2365
      4586.00      449.320      11.0612
      4587.40      463.279      11.3405
      4588.80      460.400      11.3077
      4590.20      466.130      11.4401
      4591.60      452.147      11.1423
      4593.00      458.160      11.2719
      4594.40      473.199      11.5794
      4595.80      460.131      11.2859
      4597.20      475.506      11.6168
      4598.60      470.423      11.5068
      4600.00      460.073      11.2995
      4601.40      477.053      11.6687
      4602.80      468.062      11.4617
      4604.20      473.435      11.5619
      4605.60      477.979      11.6749
      4607.00      471.316      11.5593
      4608.40      460.782      11.3244
      4609.80      466.964      11.4529
      4611.20      472.985      11.5777
      4612.60      480.796      11.7429
      4614.00      481.420      11.7559
      4615.40      468.032      11.4639
      4616.80      474.047      11.5808
      4618.20      468.026      11.4426
      4619.60      467.869      11.4376
      4621.00      463.993      11.3530
      4622.40      462.853      11.3253
      4623.80      468.911      11.4454
      4625.20      473.329      11.5409
      4626.60      469.868      11.4662
      4628.00      471.281      11.5044
      4629.40      477.387      11.6481
      4630.80      469.320      11.4779
      4632.20      444.190      10.9270
      4633.60      463.788      11.3414
      4635.00      463.847      11.3446
      4636.40      466.450      11.3974
      4637.80      457.505      11.1914
      4639.20      474.009      11.5452
      4640.60      463.832      11.3200
      4642.00      462.110      11.2888
      4643.40      471.426      11.4896
      4644.80      462.694      11.3018
      4646.20      459.707      11.2348
      4647.60      462.022      11.2911
      4649.00      472.011      11.5066
      4650.40      468.485      11.4316
      4651.80      457.222      11.1966
      4653.20      454.759      11.1405
      4654.60      464.104      11.3460
      4656.00      474.480      11.5673
      4657.40      462.192      11.2929
      4658.80      450.867      11.0399
      4660.20      452.286      11.0678
      4661.60      462.248      11.2886
      4663.00      471.046      11.4751
      4664.40      465.420      11.3471
      4665.80      465.490      11.3524
      4667.20      447.533      10.9668
      4668.60      463.882      11.3155
      4670.00      457.676      11.1889
      4671.40      461.900      11.2780
      4672.80      456.255      11.1566
      4674.20      477.379      11.6054
      4675.60      466.689      11.3782
      4677.00      460.348      11.2740
      4678.40      454.611      11.1487
      4679.80      469.507      11.4367
      4681.20      464.352      11.3167
      4682.60      474.907      11.5558
      4684.00      466.583      11.4124
      4685.40      460.071      11.3037
      4686.80      473.025      11.5471
      4688.20      462.697      11.2837
      4689.60      469.483      11.4277
      4691.00      468.154      11.4207
      4692.40      467.128      11.4261
      4693.80      468.566      11.6838
      4695.20      466.577      11.3777
      4696.60      462.532      11.2730
      4698.00      457.227      11.1581
      4699.40      455.407      11.1141
      4700.80      456.449      11.2634
      4702.20      458.599      11.3589
      4703.60      451.483      11.0788
      4705.00      446.634      10.9824
      4706.40      456.771      11.1921
      4707.80      457.160      11.1722
      4709.20      454.806      11.1115
      4710.60      456.996      11.1600
      4712.00      449.415      11.0094
      4713.40      447.635      10.9753
      4714.80      448.515      10.9997
      4716.20      458.145      11.2077
      4717.60      461.512      11.2549
      4719.00      465.732      11.3332
      4720.40      463.197      11.2807
      4721.80      462.270      11.2614
      4723.20      461.014      11.2252
      4724.60      458.474      11.1924
      4726.00      458.253      11.3207
      4727.40      461.053      11.2574
      4728.80      452.110      11.0805
      4730.20      457.880      11.2028
      4731.60      461.760      11.2417
      4733.00      446.869      10.9127
      4734.40      453.440      11.1916
      4735.80      456.333      11.1671
      4737.20      457.413      11.1581
      4738.60      457.100      11.1332
      4740.00      457.054      11.2366
      4741.40      464.008      11.3508
      4742.80      452.418      11.0414
      4744.20      470.645      11.4330
      4745.60      459.272      11.1972
      4747.00      460.894      11.2403
      4748.40      458.479      11.1770
      4749.80      454.446      11.0641
      4751.20      456.956      11.1188
      4752.60      463.983      11.2850
      4754.00      463.311      11.2751
      4755.40      453.814      11.0592
      4756.80      454.175      11.0595
      4758.20      448.015      10.9264
      4759.60      447.504      11.1011
      4761.00      456.492      11.2082
      4762.40      445.464      10.8688
      4763.80      450.208      10.9613
      4765.20      458.450      11.1408
      4766.60      455.656      11.0816
      4768.00      458.249      11.1373
      4769.40      451.439      10.9923
      4770.80      452.825      11.0210
      4772.20      445.957      10.8715
      4773.60      445.979      10.8707
      4775.00      444.658      10.8436
      4776.40      455.611      11.0812
      4777.80      450.527      10.9821
      4779.20      446.997      10.9222
      4780.60      459.135      11.1783
      4782.00      444.463      10.8425
      4783.40      442.984      10.8025
      4784.80      454.860      11.0619
      4786.20      453.064      11.0259
      4787.60      454.859      11.0674
      4789.00      444.996      10.8441
      4790.40      452.761      11.0109
      4791.80      458.385      11.1322
      4793.20      462.654      11.2312
      4794.60      446.972      10.8906
      4796.00      452.627      11.0058
      4797.40      444.612      10.8381
      4798.80      443.775      10.8143
      4800.20      442.293      10.7822
      4801.60      444.210      10.8318
      4803.00      445.848      11.1791
      4804.40      447.258      11.2365
      4805.80      446.272      10.8704
      4807.20      445.755      10.8710
      4808.60      448.236      10.9370
      4810.00      447.054      10.9081
      4811.40      450.436      10.9689
      4812.80      449.033      10.9303
      4814.20      448.707      10.9213
      4815.60      451.767      10.9807
      4817.00      453.883      11.0251
      4818.40      456.724      11.0886
      4819.80      444.743      10.8212
      4821.20      444.251      10.8139
      4822.60      444.247      10.8302
      4824.00      451.418      10.9982
      4825.40      441.440      10.7853
      4826.80      440.656      10.7631
      4828.20      442.495      11.1572
      4829.60      437.924      10.7009
      4831.00      446.290      10.8611
      4832.40      442.738      10.7840
      4833.80      439.976      10.7304
      4835.20      435.727      10.6375
      4836.60      435.840      10.6468
      4838.00      436.947      10.7061
      4839.40      433.330      10.6832
      4840.80      429.264      10.4991
      4842.20      419.706      10.2993
      4843.60      427.857      10.5759
      4845.00      421.974      13.1089
      4846.40      419.680      10.3221
      4847.80      416.653      10.2318
      4849.20      407.330      10.0171
      4850.60      389.543      9.63862
      4852.00      384.634      9.58767
      4853.40      377.998      9.48536
      4854.80      361.650      9.03192
      4856.20      345.292      8.67883
      4857.60      324.008      8.25179
      4859.00      296.423      7.68781
      4860.40      266.047      7.01813
      4861.80      202.856      5.56251
      4863.20      156.976      4.59373
      4864.60      184.448      5.18509
      4866.00      238.992      6.34658
      4867.40      283.757      7.36764
      4868.80      307.872      7.90608
      4870.20      340.882      8.61174
      4871.60      358.159      8.99657
      4873.00      369.365      9.24137
      4874.40      373.911      9.34899
      4875.80      386.213      9.62449
      4877.20      391.905      9.81057
      4878.60      392.327      9.75004
      4880.00      397.495      9.86903
      4881.40      410.089      10.1549
      4882.80      420.254      10.3778
      4884.20      428.862      10.5638
      4885.60      435.081      10.6951
      4887.00      420.411      10.3730
      4888.40      421.719      10.4035
      4889.80      425.557      10.4893
      4891.20      434.720      10.6899
      4892.60      430.180      10.5876
      4894.00      420.116      10.3855
      4895.40      427.189      10.5398
      4896.80      441.485      10.8580
      4898.20      443.433      10.8907
      4899.60      451.024      11.0373
      4901.00      436.247      10.7168
      4902.40      432.492      10.6321
      4903.80      438.311      10.7647
      4905.20      442.293      10.8542
      4906.60      442.619      10.8560
      4908.00      445.405      10.8982
      4909.40      450.395      11.0002
      4910.80      443.384      10.8399
      4912.20      439.279      10.7524
      4913.60      444.350      10.8697
      4915.00      454.148      11.0851
      4916.40      458.329      11.1784
      4917.80      455.862      11.1206
      4919.20      446.931      10.9289
      4920.60      441.110      10.7947
      4922.00      439.484      10.7563
      4923.40      430.291      10.5497
      4924.80      433.527      10.6152
      4926.20      421.548      10.3541
      4927.60      431.822      10.5810
      4929.00      437.971      10.7117
      4930.40      446.880      10.8957
      4931.80      438.476      10.6946
      4933.20      429.939      10.5017
      4934.60      443.863      10.7984
      4936.00      436.562      10.6348
      4937.40      429.513      10.4850
      4938.80      433.275      10.5610
      4940.20      437.409      10.6559
      4941.60      429.552      10.4834
      4943.00      434.751      10.5903
      4944.40      444.634      10.8041
      4945.80      438.581      10.6727
      4947.20      446.043      10.8265
      4948.60      441.067      10.7230
      4950.00      449.559      10.9084
      4951.40      448.337      10.8782
      4952.80      443.429      10.7692
      4954.20      448.763      10.8930
      4955.60      434.579      10.5915
      4957.00      433.704      10.5667
      4958.40      426.967      10.4039
      4959.80      412.409      10.0893
      4961.20      435.562      10.5952
      4962.60      441.108      10.7212
      4964.00      442.435      10.7504
      4965.40      440.245      11.0273
      4966.80      436.887      10.6370
      4968.20      440.190      10.7031
      4969.60      437.705      10.6480
      4971.00      431.468      10.5271
      4972.40      439.565      10.7193
      4973.80      447.743      10.8934
      4975.20      445.556      10.8226
      4976.60      440.009      10.6973
      4978.00      444.660      10.7949
      4979.40      434.005      10.5733
      4980.80      434.490      10.5815
      4982.20      434.063      10.5698
      4983.60      442.503      10.7528
      4985.00      436.875      10.6230
      4986.40      437.730      10.6405
      4987.80      427.736      10.4261
      4989.20      443.777      10.7768
      4990.60      440.537      10.7077
      4992.00      434.393      10.5758
      4993.40      440.074      10.6976
      4994.80      433.278      10.5480
      4996.20      427.127      10.3962
      4997.60      433.024      10.5248
      4999.00      429.806      10.4633
