      3900.00      630.824      37.1363
      3901.40      634.882      36.5080
      3902.80      662.846      35.9253
      3904.20      657.050      37.7277
      3905.60      670.176      36.0844
      3907.00      650.957      35.6259
      3908.40      744.582      37.6763
      3909.80      807.028      39.7279
      3911.20      738.010      38.7940
      3912.60      677.524      37.6707
      3914.00      749.117      39.3260
      3915.40      651.529      36.9127
      3916.80      676.199      37.3239
      3918.20      716.561      38.0821
      3919.60      742.003      38.7202
      3921.00      699.116      38.0766
      3922.40      746.287      39.7044
      3923.80      734.026      39.4731
      3925.20      757.395      39.6466
      3926.60      803.189      39.8616
      3928.00      833.265      39.5164
      3929.40      673.729      35.0568
      3930.80      639.001      34.1699
      3932.20      520.017      31.0859
      3933.60      291.076      25.1859
      3935.00      378.894      32.6617
      3936.40      661.962      68.6570
      3937.80      674.743      36.9600
      3939.20      704.185      34.8960
      3940.60      730.703      36.5917
      3942.00      723.367      35.6678
      3943.40      753.061      35.4401
      3944.80      728.480      33.9232
      3946.20      730.308      33.7389
      3947.60      738.185      34.4072
      3949.00      707.737      33.2135
      3950.40      666.117      32.3336
      3951.80      661.298      32.1016
      3953.20      669.308      32.9970
      3954.60      705.392      33.9767
      3956.00      648.822      32.1702
      3957.40      668.062      31.9840
      3958.80      666.097      31.6645
      3960.20      676.822      31.9805
      3961.60      692.479      32.2938
      3963.00      677.869      32.7416
      3964.40      630.968      30.7049
      3965.80      540.223      28.3309
      3967.20      435.076      25.7140
      3968.60      284.123      21.4609
      3970.00      204.516      19.4072
      3971.40      305.551      22.4659
      3972.80      471.232      27.2909
      3974.20      520.370      29.2749
      3975.60      587.907      30.8875
      3977.00      576.549      30.0588
      3978.40      644.103      30.8835
      3979.80      691.021      31.8366
      3981.20      635.093      30.7296
      3982.60      650.233      31.5087
      3984.00      631.871      31.1421
      3985.40      659.602      33.2289
      3986.80      654.294      32.6215
      3988.20      667.542      33.2034
      3989.60      676.196      34.1379
      3991.00      677.543      35.0659
      3992.40      639.291      34.8413
      3993.80      773.017      38.2684
      3995.20      745.653      37.5370
      3996.60      726.517      36.2500
      3998.00      824.340      37.1950
      3999.40      817.213      36.2651
      4000.80      782.160      35.3252
      4002.20      743.653      34.3362
      4003.60      805.128      35.1211
      4005.00      760.828      33.4249
      4006.40      737.195      32.5095
      4007.80      758.516      32.9614
      4009.20      740.970      33.3948
      4010.60      751.402      34.0427
      4012.00      738.832      33.1094
      4013.40      718.927      31.6873
      4014.80      712.691      31.1267
      4016.20      724.838      31.7974
      4017.60      779.331      33.2265
      4019.00      750.269      32.3252
      4020.40      705.252      30.6875
      4021.80      697.856      30.1716
      4023.20      706.987      30.7405
      4024.60      724.620      31.3499
      4026.00      712.285      30.8857
      4027.40      784.550      32.1046
      4028.80      796.754      32.0629
      4030.20      804.271      32.4449
      4031.60      688.991      29.8847
      4033.00      674.554      29.3906
      4034.40      745.314      30.6308
      4035.80      735.391      30.5233
      4037.20      766.131      31.5123
      4038.60      728.734      30.4499
      4040.00      752.649      31.0085
      4041.40      718.527      29.9698
      4042.80      723.415      29.8337
      4044.20      747.720      30.4046
      4045.60      646.174      28.2277
      4047.00      662.635      29.5946
      4048.40      745.067      31.8655
      4049.80      747.375      31.5388
      4051.20      772.143      31.8377
      4052.60      741.080      30.8533
      4054.00      697.938      29.5634
      4055.40      729.212      30.1035
      4056.80      738.337      30.0128
      4058.20      715.721      29.4282
      4059.60      726.377      29.7660
      4061.00      677.371      28.9073
      4062.40      700.582      29.3912
      4063.80      663.738      28.3649
      4065.20      680.312      28.8782
      4066.60      669.219      28.4733
      4068.00      736.606      29.8915
      4069.40      727.377      29.7952
      4070.80      699.834      29.3938
      4072.20      683.576      29.6170
      4073.60      672.475      29.6883
      4075.00      691.785      30.4657
      4076.40      712.219      29.7641
      4077.80      662.979      28.8591
      4079.20      668.205      28.8614
      4080.60      650.576      28.5071
      4082.00      638.854      29.0442
      4083.40      647.968      29.1474
      4084.80      695.191      30.4010
      4086.20      678.214      30.5489
      4087.60      670.447      31.6723
      4089.00      653.789      29.3221
      4090.40      674.524      29.3528
      4091.80      650.610      29.2788
      4093.20      655.835      29.8744
      4094.60      651.300      30.3310
      4096.00      648.975      28.8044
      4097.40      625.078      27.5150
      4098.80      577.015      26.1991
      4100.20      482.731      23.9364
      4101.60      384.276      21.2944
      4103.00      357.540      20.5701
      4104.40      493.289      23.8572
      4105.80      535.832      25.1955
      4107.20      580.313      26.6822
      4108.60      601.359      28.0421
      4110.00      603.452      26.9735
      4111.40      611.670      26.6813
      4112.80      665.926      27.9698
      4114.20      698.287      28.9911
      4115.60      718.251      29.7225
      4117.00      669.276      28.1810
      4118.40      717.138      28.5687
      4119.80      690.065      27.8875
      4121.20      679.034      27.5754
      4122.60      684.673      28.5255
      4124.00      693.299      28.5659
      4125.40      652.708      27.3918
      4126.80      678.201      27.5975
      4128.20      733.529      28.6688
      4129.60      724.160      29.9983
      4131.00      681.414      62.3037
      4132.40      764.363      32.4774
      4133.80      643.330      27.7855
      4135.20      637.802      27.4939
      4136.60      736.324      28.9029
      4138.00      667.522      27.0470
      4139.40      668.397      26.9942
      4140.80      754.246      28.8460
      4142.20      691.045      27.6557
      4143.60      666.952      27.1418
      4145.00      711.750      28.0337
      4146.40      709.441      28.1054
      4147.80      676.396      27.5031
      4149.20      688.310      27.4184
      4150.60      675.860      26.9522
      4152.00      689.699      27.2672
      4153.40      705.993      27.7851
      4154.80      680.534      27.2344
      4156.20      639.106      26.2990
      4157.60      720.412      27.9577
      4159.00      695.546      27.3462
      4160.40      748.075      28.4801
      4161.80      731.205      28.1304
      4163.20      680.533      26.9748
      4164.60      685.283      27.4272
      4166.00      709.557      28.0443
      4167.40      642.901      26.2566
      4168.80      700.715      27.3587
      4170.20      750.099      28.3799
      4171.60      716.816      27.3054
      4173.00      702.166      27.6805
      4174.40      701.435      26.8480
      4175.80      694.678      26.5877
      4177.20      699.940      26.8283
      4178.60      708.423      26.9794
      4180.00      697.536      27.4298
      4181.40      700.777      26.6836
      4182.80      639.523      25.0350
      4184.20      701.193      26.5370
      4185.60      673.146      67.3720
      4187.00      700.724      65.9004
      4188.40      706.097      36.1652
      4189.80      663.656      25.5536
      4191.20      704.671      26.5596
      4192.60      673.407      25.6979
      4194.00      717.415      26.7056
      4195.40      699.776      26.3317
      4196.80      704.697      26.1068
      4198.20      677.562      25.4154
      4199.60      683.932      25.4933
      4201.00      654.610      24.9569
      4202.40      643.108      24.6738
      4203.80      672.141      26.0408
      4205.20      651.268      24.7231
      4206.60      691.486      25.6091
      4208.00      700.372      25.8506
      4209.40      714.173      26.4149
      4210.80      682.786      25.7570
      4212.20      683.687      25.7581
      4213.60      682.652      25.6647
      4215.00      679.130      25.3490
      4216.40      644.939      24.5045
      4217.80      667.457      24.8186
      4219.20      663.561      24.9902
      4220.60      718.858      26.4282
      4222.00      668.285      25.4476
      4223.40      685.354      25.6709
      4224.80      664.554      24.9184
      4226.20      639.673      24.3883
      4227.60      624.356      24.3793
      4229.00      677.415      25.0307
      4230.40      700.205      25.6163
      4231.80      687.639      25.3921
      4233.20      650.516      24.6672
      4234.60      639.575      24.3531
      4236.00      647.628      24.4630
      4237.40      658.187      24.6190
      4238.80      721.460      26.1056
      4240.20      671.208      24.9038
      4241.60      710.347      25.9965
      4243.00      714.456      26.1588
      4244.40      658.448      24.7329
      4245.80      670.373      24.8231
      4247.20      661.983      24.7988
      4248.60      664.270      24.7907
      4250.00      671.425      24.7688
      4251.40      659.166      25.0130
      4252.80      679.222      26.2469
      4254.20      677.795      25.9044
      4255.60      650.992      24.8027
      4257.00      697.407      25.5320
      4258.40      679.691      24.8756
      4259.80      706.833      25.3024
      4261.20      651.494      24.1404
      4262.60      638.221      23.7914
      4264.00      728.062      25.8316
      4265.40      693.625      25.0912
      4266.80      690.639      24.9745
      4268.20      685.247      24.8595
      4269.60      680.735      24.9731
      4271.00      666.440      24.1901
      4272.40      686.624      24.5899
      4273.80      677.895      24.4597
      4275.20      659.481      24.1632
      4276.60      681.684      25.4691
      4278.00      695.972      25.4556
      4279.40      701.101      25.7523
      4280.80      703.734      25.3499
      4282.20      675.801      24.4182
      4283.60      659.263      24.0778
      4285.00      638.359      23.8194
      4286.40      670.295      24.4750
      4287.80      684.386      24.6417
      4289.20      648.639      24.3565
      4290.60      647.857      24.9355
      4292.00      685.981      25.7533
      4293.40      673.778      24.9703
      4294.80      675.391      24.3777
      4296.20      647.050      23.6896
      4297.60      656.201      24.5705
      4299.00      630.620      23.5099
      4300.40      636.424      23.7058
      4301.80      590.077      22.6312
      4303.20      628.964      23.3534
      4304.60      644.394      23.5903
      4306.00      653.555      24.8906
      4307.40      683.100      24.2798
      4308.80      671.735      24.2042
      4310.20      621.949      23.7080
      4311.60      684.595      25.4174
      4313.00      662.531      24.4889
      4314.40      614.842      22.7994
      4315.80      641.723      23.4962
      4317.20      662.023      24.1578
      4318.60      648.619      24.1350
      4320.00      627.396      23.5787
      4321.40      615.124      23.1073
      4322.80      623.277      23.0347
      4324.20      632.002      23.1627
      4325.60      583.555      22.0025
      4327.00      616.344      22.7185
      4328.40      632.406      22.9773
      4329.80      627.957      22.9251
      4331.20      629.558      23.3451
      4332.60      616.378      23.3718
      4334.00      606.639      23.6215
      4335.40      598.275      23.2106
      4336.80      581.714      22.7409
      4338.20      523.463      20.9973
      4339.60      413.449      18.0537
      4341.00      341.305      16.3386
      4342.40      400.788      17.8481
      4343.80      476.575      19.4534
      4345.20      539.791      20.7140
      4346.60      556.976      21.2968
      4348.00      584.663      22.6124
      4349.40      605.122      22.7033
      4350.80      625.500      22.7816
      4352.20      583.863      21.6718
      4353.60      622.320      22.6043
      4355.00      631.703      23.3258
      4356.40      634.595      22.9824
      4357.80      646.489      23.9394
      4359.20      649.611      25.1384
      4360.60      670.794      24.9428
      4362.00      667.113      23.9914
      4363.40      652.523      23.5556
      4364.80      662.178      23.9278
      4366.20      677.923      24.0597
      4367.60      657.497      24.1838
      4369.00      651.240      23.4592
      4370.40      642.992      23.3092
      4371.80      662.798      23.3445
      4373.20      668.643      23.3776
      4374.60      666.781      23.5484
      4376.00      633.205      23.3290
      4377.40      630.406      23.6111
      4378.80      653.004      24.1124
      4380.20      640.203      23.5327
      4381.60      634.402      23.0828
      4383.00      674.812      23.7770
      4384.40      619.101      22.5282
      4385.80      599.830      22.1546
      4387.20      620.096      22.5520
      4388.60      646.236      23.0277
      4390.00      613.224      22.1432
      4391.40      672.898      23.3868
      4392.80      661.016      23.2642
      4394.20      654.452      23.0896
      4395.60      613.286      22.1753
      4397.00      633.970      22.6705
      4398.40      619.837      22.3401
      4399.80      614.236      22.4593
      4401.20      613.293      22.6441
      4402.60      614.607      22.7746
      4404.00      632.078      22.5555
      4405.40      624.990      22.0162
      4406.80      643.103      22.4135
      4408.20      667.950      23.3197
      4409.60      674.780      24.1622
      4411.00      664.098      23.6522
      4412.40      673.024      23.3809
      4413.80      644.517      22.5049
      4415.20      588.305      21.2812
      4416.60      617.365      21.8420
      4418.00      654.161      22.7412
      4419.40      631.104      22.4418
      4420.80      653.535      22.9800
      4422.20      664.988      23.1511
      4423.60      646.614      22.5460
      4425.00      650.200      23.4743
      4426.40      646.819      22.5694
      4427.80      649.986      22.6351
      4429.20      660.739      22.7103
      4430.60      649.571      22.4469
      4432.00      652.913      23.1908
      4433.40      654.540      23.1460
      4434.80      653.798      23.2207
      4436.20      646.284      22.0666
      4437.60      659.424      22.3446
      4439.00      679.666      23.1374
      4440.40      648.901      22.6677
      4441.80      660.938      22.5507
      4443.20      605.973      21.1804
      4444.60      672.360      22.4806
      4446.00      626.124      21.5419
      4447.40      637.210      21.7640
      4448.80      667.371      22.3258
      4450.20      615.194      21.1741
      4451.60      665.350      22.3107
      4453.00      660.920      22.2489
      4454.40      656.980      22.2500
      4455.80      635.579      21.5242
      4457.20      655.218      21.9340
      4458.60      662.235      22.0857
      4460.00      574.780      20.2749
      4461.40      642.035      21.8802
      4462.80      647.039      22.0608
      4464.20      665.222      22.4171
      4465.60      696.693      22.9102
      4467.00      647.382      21.9451
      4468.40      590.350      21.2989
      4469.80      598.861      21.7811
      4471.20      624.811      21.6406
      4472.60      648.780      22.6796
      4474.00      649.479      22.1737
      4475.40      659.117      22.1985
      4476.80      630.173      21.5623
      4478.20      650.204      21.7658
      4479.60      644.961      22.3628
      4481.00      639.015      21.5067
      4482.40      614.628      21.1538
      4483.80      627.598      21.3565
      4485.20      636.641      21.4936
      4486.60      659.341      21.9776
      4488.00      649.565      21.7562
      4489.40      646.899      21.6587
      4490.80      622.202      20.9514
      4492.20      644.902      21.5342
      4493.60      635.783      21.4342
      4495.00      635.672      21.6600
      4496.40      613.144      21.0158
      4497.80      647.086      21.6759
      4499.20      630.872      21.5215
      4500.60      612.675      21.0909
      4502.00      605.450      20.6798
      4503.40      621.343      21.4348
      4504.80      632.563      21.5523
      4506.20      638.917      21.5411
      4507.60      638.187      21.3966
      4509.00      628.433      21.1246
      4510.40      637.792      22.3203
      4511.80      656.757      21.8734
      4513.20      638.128      21.5918
      4514.60      645.816      21.8730
      4516.00      616.578      21.4565
      4517.40      631.413      21.9954
      4518.80      609.735      21.5368
      4520.20      587.038      20.7962
      4521.60      621.379      21.5877
      4523.00      626.749      21.1454
      4524.40      625.390      21.0718
      4525.80      629.551      21.1885
      4527.20      612.235      20.8971
      4528.60      632.444      21.6088
      4530.00      609.523      20.9826
      4531.40      591.662      20.2495
      4532.80      650.676      21.3843
      4534.20      606.276      20.4422
      4535.60      611.656      20.5431
      4537.00      641.727      21.1339
      4538.40      654.911      21.4271
      4539.80      630.464      20.9391
      4541.20      616.097      20.6886
      4542.60      654.436      21.5087
      4544.00      661.744      21.6312
      4545.40      612.324      20.5967
      4546.80      633.159      21.0409
      4548.20      630.084      20.9142
      4549.60      567.115      19.5407
      4551.00      583.928      19.8496
      4552.40      620.288      20.6936
      4553.80      632.881      21.0233
      4555.20      650.887      21.2523
      4556.60      614.501      20.5849
      4558.00      612.577      20.6182
      4559.40      651.594      21.5223
      4560.80      634.196      21.1096
      4562.20      630.629      20.9590
      4563.60      592.872      20.0604
      4565.00      623.015      20.6940
      4566.40      619.272      20.6366
      4567.80      650.324      21.3937
      4569.20      607.182      20.6336
      4570.60      620.681      20.9116
      4572.00      602.668      20.3678
      4573.40      602.597      20.2760
      4574.80      625.151      21.7478
      4576.20      642.054      21.2728
      4577.60      641.130      21.1613
      4579.00      640.118      21.0257
      4580.40      638.523      20.9810
      4581.80      681.276      21.9791
      4583.20      652.063      21.2366
      4584.60      627.455      20.7149
      4586.00      608.815      20.4698
      4587.40      611.416      20.7755
      4588.80      639.674      21.2671
      4590.20      630.430      20.7250
      4591.60      654.789      21.2173
      4593.00      639.442      21.1483
      4594.40      622.734      20.9236
      4595.80      640.227      21.1179
      4597.20      615.522      20.2686
      4598.60      613.459      20.2255
      4600.00      636.029      21.0785
      4601.40      620.721      20.5050
      4602.80      625.079      20.8059
      4604.20      634.560      20.7575
      4605.60      652.355      20.9936
      4607.00      636.969      20.6495
      4608.40      643.373      20.8245
      4609.80      645.247      20.8799
      4611.20      654.095      20.9936
      4612.60      626.446      20.3074
      4614.00      610.117      19.9098
      4615.40      588.079      19.4870
      4616.80      622.654      20.3196
      4618.20      634.797      20.5937
      4619.60      617.995      20.2876
      4621.00      640.979      20.7262
      4622.40      628.788      20.3041
      4623.80      632.284      20.4616
      4625.20      624.538      20.5071
      4626.60      648.219      21.0938
      4628.00      637.027      20.5170
      4629.40      609.451      19.8949
      4630.80      585.151      19.4553
      4632.20      642.670      20.7396
      4633.60      613.824      20.0073
      4635.00      624.341      20.2279
      4636.40      627.281      20.6233
      4637.80      584.212      20.0008
      4639.20      609.060      20.2784
      4640.60      608.449      19.9837
      4642.00      611.716      20.8059
      4643.40      620.651      20.1391
      4644.80      620.994      20.2068
      4646.20      615.353      20.1677
      4647.60      621.204      20.5841
      4649.00      628.066      20.1538
      4650.40      633.435      20.8058
      4651.80      622.335      21.4558
      4653.20      622.080      21.2524
      4654.60      611.036      20.0675
      4656.00      618.257      19.9845
      4657.40      616.407      19.9612
      4658.80      597.310      19.6666
      4660.20      615.561      20.4987
      4661.60      623.949      20.1235
      4663.00      609.245      19.8280
      4664.40      622.868      20.1382
      4665.80      605.909      19.7658
      4667.20      613.150      19.9406
      4668.60      608.970      19.7741
      4670.00      584.247      19.2430
      4671.40      606.315      19.7657
      4672.80      640.867      20.4477
      4674.20      594.800      19.4037
      4675.60      570.332      18.8833
      4677.00      640.414      20.3533
      4678.40      631.214      20.2472
      4679.80      634.232      20.2394
      4681.20      597.683      19.4137
      4682.60      608.647      19.6606
      4684.00      644.351      20.4582
      4685.40      598.454      19.4753
      4686.80      620.401      19.9239
      4688.20      637.919      20.4240
      4689.60      638.312      20.6090
      4691.00      611.970      20.5291
      4692.40      597.457      19.3715
      4693.80      616.254      19.7516
      4695.20      612.576      19.7960
      4696.60      618.582      20.0299
      4698.00      614.358      20.2911
      4699.40      611.979      19.5833
      4700.80      602.957      19.3925
      4702.20      596.665      19.2139
      4703.60      594.633      19.1760
      4705.00      601.053      19.3061
      4706.40      620.241      19.7749
      4707.80      616.397      19.6670
      4709.20      637.407      20.0870
      4710.60      616.911      19.6276
      4712.00      629.227      19.8838
      4713.40      586.195      18.9620
      4714.80      588.868      19.1725
      4716.20      616.929      19.8623
      4717.60      636.410      20.2018
      4719.00      636.819      20.1294
      4720.40      606.613      20.3232
      4721.80      601.826      19.5007
      4723.20      604.112      19.4490
      4724.60      604.672      19.3902
      4726.00      593.876      19.2121
      4727.40      588.231      19.1095
      4728.80      603.465      19.4587
      4730.20      603.888      19.9834
      4731.60      599.970      19.5904
      4733.00      606.037      19.8266
      4734.40      599.342      19.7696
      4735.80      602.842      19.7987
      4737.20      571.229      19.0677
      4738.60      607.088      19.8480
      4740.00      596.407      19.5875
      4741.40      605.542      19.5446
      4742.80      615.572      19.7401
      4744.20      627.726      20.0274
      4745.60      627.635      19.9909
      4747.00      626.184      19.8846
      4748.40      623.431      19.8241
      4749.80      595.468      19.1349
      4751.20      595.314      19.1113
      4752.60      585.099      18.9913
      4754.00      610.030      19.5925
      4755.40      629.809      19.9529
      4756.80      594.689      19.0404
      4758.20      620.385      19.6171
      4759.60      601.600      19.1956
      4761.00      612.929      19.4965
      4762.40      613.766      20.3800
      4763.80      608.093      19.7007
      4765.20      613.460      19.5123
      4766.60      630.096      19.6455
      4768.00      626.135      19.4937
      4769.40      615.242      19.3485
      4770.80      606.746      19.2878
      4772.20      633.708      19.9157
      4773.60      609.471      19.2979
      4775.00      612.838      19.2926
      4776.40      593.195      18.7596
      4777.80      605.434      18.9486
      4779.20      622.540      19.3783
      4780.60      578.864      18.4678
      4782.00      580.159      18.3885
      4783.40      583.177      18.4263
      4784.80      587.010      18.5084
      4786.20      609.608      19.0319
      4787.60      589.560      18.5839
      4789.00      614.121      19.1442
      4790.40      598.736      18.8608
      4791.80      587.753      18.5951
      4793.20      553.937      18.0869
      4794.60      600.793      18.8717
      4796.00      564.968      18.1029
      4797.40      571.916      18.2975
      4798.80      586.204      18.6088
      4800.20      581.315      18.3446
      4801.60      594.965      18.6284
      4803.00      561.806      17.9100
      4804.40      575.378      18.2370
      4805.80      614.322      19.1905
      4807.20      579.982      18.4709
      4808.60      587.534      18.9763
      4810.00      566.931      18.4293
      4811.40      576.289      18.1572
      4812.80      552.986      17.6946
      4814.20      580.848      18.3423
      4815.60      581.990      18.5571
      4817.00      580.073      18.4404
      4818.40      551.115      17.7010
      4819.80      584.799      18.3811
      4821.20      585.449      18.3652
      4822.60      573.420      18.2821
      4824.00      571.117      18.4162
      4825.40      575.645      18.5771
      4826.80      599.521      18.9142
      4828.20      589.533      18.5074
      4829.60      547.773      17.4801
      4831.00      561.179      17.8656
      4832.40      556.847      17.7466
      4833.80      586.785      18.3771
      4835.20      567.395      18.1674
      4836.60      574.489      18.4566
      4838.00      579.815      18.2316
      4839.40      540.206      17.3906
      4840.80      556.151      17.6883
      4842.20      553.812      17.6263
      4843.60      560.595      17.7543
      4845.00      529.656      17.0083
      4846.40      540.477      17.3169
      4847.80      547.129      17.5208
      4849.20      544.331      17.4326
      4850.60      531.188      17.1478
      4852.00      544.496      17.3852
      4853.40      528.271      17.1808
      4854.80      517.061      17.0436
      4856.20      481.346      15.9061
      4857.60      512.221      16.5922
      4859.00      433.899      14.8552
      4860.40      381.984      13.7055
      4861.80      331.344      12.6703
      4863.20      338.955      12.8624
      4864.60      404.071      14.2344
      4866.00      452.990      15.2928
      4867.40      494.203      16.3301
      4868.80      503.201      16.6136
      4870.20      528.007      17.1159
      4871.60      520.200      16.9433
      4873.00      525.889      17.2160
      4874.40      499.627      16.7182
      4875.80      535.805      17.3206
      4877.20      593.413      20.0144
      4878.60      544.036      22.0095
      4880.00      545.533      17.6788
      4881.40      553.504      17.9991
      4882.80      565.278      18.2765
      4884.20      528.449      17.2837
      4885.60      568.081      17.9512
      4887.00      560.091      17.7915
      4888.40      560.562      17.9843
      4889.80      547.015      17.6721
      4891.20      526.509      17.0459
      4892.60      533.254      17.1738
      4894.00      574.008      18.0688
      4895.40      588.616      18.3937
      4896.80      555.992      17.6918
      4898.20      565.699      17.8782
      4899.60      542.181      17.3873
      4901.00      552.873      17.6947
      4902.40      552.753      17.6061
      4903.80      566.156      17.7927
      4905.20      563.409      17.6737
      4906.60      563.727      17.6776
      4908.00      575.375      17.9001
      4909.40      571.871      17.9122
      4910.80      555.047      17.4728
      4912.20      565.077      17.7225
      4913.60      549.721      17.3218
      4915.00      553.286      17.3892
      4916.40      559.640      18.0410
      4917.80      543.335      17.1702
      4919.20      539.576      17.3088
      4920.60      553.625      17.5153
      4922.00      519.518      16.7343
      4923.40      534.817      17.0185
      4924.80      516.113      16.5568
      4926.20      542.453      17.1646
      4927.60      566.913      17.7255
      4929.00      573.170      17.8883
      4930.40      530.387      16.9634
      4931.80      560.422      17.4839
      4933.20      557.646      17.2943
      4934.60      554.811      17.1740
      4936.00      548.167      17.0713
      4937.40      532.132      16.7412
      4938.80      542.147      17.1338
      4940.20      554.535      17.4146
      4941.60      549.873      17.1990
      4943.00      571.142      17.6253
      4944.40      586.918      18.1049
      4945.80      554.125      17.4052
      4947.20      540.804      17.0239
      4948.60      561.744      17.3428
      4950.00      548.274      17.0350
      4951.40      568.505      17.4314
      4952.80      564.353      17.7260
      4954.20      548.473      17.6545
      4955.60      540.682      17.3026
      4957.00      511.501      16.3875
      4958.40      524.436      16.6067
      4959.80      528.339      16.7609
      4961.20      540.237      16.9624
      4962.60      543.030      16.9075
      4964.00      527.527      16.5376
      4965.40      522.117      16.4955
      4966.80      535.468      16.7067
      4968.20      545.342      16.9225
      4969.60      537.786      16.7319
      4971.00      534.990      16.7502
      4972.40      514.075      16.2340
      4973.80      519.170      16.3611
      4975.20      546.595      16.9459
      4976.60      558.789      17.2053
      4978.00      551.058      17.1166
      4979.40      503.982      16.2328
      4980.80      547.595      17.1455
      4982.20      515.717      16.4648
      4983.60      523.830      16.9296
      4985.00      529.064      17.1748
      4986.40      543.232      17.2000
      4987.80      571.655      17.4884
      4989.20      544.316      16.8074
      4990.60      517.350      16.2304
      4992.00      530.322      16.4830
      4993.40      553.884      16.9789
      4994.80      552.247      16.9238
      4996.20      539.726      16.6674
      4997.60      531.583      16.4882
      4999.00      528.154      16.5147
