      3900.00      427.155      14.0778
      3901.40      413.896      14.0570
      3902.80      418.762      13.8366
      3904.20      387.318      13.5892
      3905.60      390.014      13.8836
      3907.00      402.474      14.0949
      3908.40      461.365      14.7053
      3909.80      448.799      14.4807
      3911.20      430.539      13.9657
      3912.60      480.706      14.8498
      3914.00      462.175      14.7195
      3915.40      440.172      14.2723
      3916.80      424.328      13.7880
      3918.20      425.611      13.7031
      3919.60      417.159      13.4695
      3921.00      408.248      13.3284
      3922.40      404.102      13.0966
      3923.80      404.535      13.6212
      3925.20      398.021      13.1894
      3926.60      365.780      12.6225
      3928.00      316.026      11.5882
      3929.40      252.602      10.5757
      3930.80      186.851      9.44395
      3932.20      105.576      8.24506
      3933.60      85.6645      8.20265
      3935.00      105.030      8.54390
      3936.40      189.457      9.68647
      3937.80      262.583      10.5870
      3939.20      328.203      11.7253
      3940.60      355.528      12.0797
      3942.00      378.328      12.7891
      3943.40      374.804      12.7738
      3944.80      391.025      12.8132
      3946.20      427.104      13.1992
      3947.60      419.579      13.1045
      3949.00      422.297      13.0881
      3950.40      431.024      13.3614
      3951.80      424.511      13.2257
      3953.20      425.168      13.1968
      3954.60      436.017      13.2928
      3956.00      414.496      13.0125
      3957.40      417.692      12.9829
      3958.80      429.524      13.3475
      3960.20      410.233      13.1193
      3961.60      360.053      12.1257
      3963.00      335.796      11.6639
      3964.40      295.507      10.7814
      3965.80      229.268      9.58934
      3967.20      127.686      7.84968
      3968.60      104.792      7.34809
      3970.00      133.067      7.75019
      3971.40      221.555      9.30459
      3972.80      293.792      10.5552
      3974.20      338.636      11.3502
      3975.60      387.183      12.1590
      3977.00      402.860      12.3544
      3978.40      434.472      12.4412
      3979.80      447.738      12.6747
      3981.20      445.684      12.6287
      3982.60      453.177      12.7567
      3984.00      440.699      12.6333
      3985.40      444.598      12.8917
      3986.80      443.566      12.7522
      3988.20      482.478      13.2782
      3989.60      470.973      13.1636
      3991.00      487.390      13.2575
      3992.40      478.513      12.9822
      3993.80      470.983      12.8640
      3995.20      470.882      12.9461
      3996.60      488.511      13.1133
      3998.00      442.978      12.4393
      3999.40      463.101      12.7071
      4000.80      497.144      13.1979
      4002.20      491.012      13.5253
      4003.60      496.457      14.0589
      4005.00      436.924      12.4318
      4006.40      450.080      12.5666
      4007.80      480.955      12.9551
      4009.20      496.403      13.1068
      4010.60      494.277      12.9869
      4012.00      485.242      12.8537
      4013.40      498.443      12.9972
      4014.80      490.935      12.9291
      4016.20      495.778      13.0284
      4017.60      482.211      12.8371
      4019.00      490.549      12.9301
      4020.40      516.622      13.4162
      4021.80      512.183      13.4510
      4023.20      490.988      13.0759
      4024.60      466.578      12.7807
      4026.00      493.439      13.0056
      4027.40      530.649      13.4732
      4028.80      487.647      12.8168
      4030.20      448.443      12.2486
      4031.60      437.547      12.1161
      4033.00      439.343      12.1084
      4034.40      457.003      12.5788
      4035.80      468.182      12.5857
      4037.20      488.447      12.9521
      4038.60      504.767      13.1083
      4040.00      496.218      12.9461
      4041.40      473.449      12.5671
      4042.80      486.535      12.7273
      4044.20      462.105      12.4299
      4045.60      399.626      11.7500
      4047.00      444.403      12.9007
      4048.40      481.960      13.5286
      4049.80      493.969      13.0667
      4051.20      492.087      12.7568
      4052.60      481.511      12.4722
      4054.00      463.126      12.2923
      4055.40      484.219      12.8178
      4056.80      476.653      12.6658
      4058.20      462.251      12.4500
      4059.60      465.949      12.6705
      4061.00      477.693      13.1205
      4062.40      467.331      12.6339
      4063.80      449.898      12.1398
      4065.20      471.199      12.5632
      4066.60      458.729      12.3152
      4068.00      460.420      12.4205
      4069.40      492.582      12.8617
      4070.80      463.203      12.3324
      4072.20      455.385      12.1554
      4073.60      465.554      12.4122
      4075.00      477.827      12.3704
      4076.40      456.644      12.0655
      4077.80      442.518      11.8997
      4079.20      447.441      11.8910
      4080.60      478.043      12.2713
      4082.00      486.665      12.3364
      4083.40      469.805      12.1008
      4084.80      467.746      12.0354
      4086.20      476.496      12.3367
      4087.60      477.437      12.3814
      4089.00      478.658      12.4827
      4090.40      488.410      12.4566
      4091.80      481.730      12.2417
      4093.20      477.810      12.2101
      4094.60      461.722      12.0276
      4096.00      430.453      11.7121
      4097.40      409.383      11.2118
      4098.80      414.059      11.0971
      4100.20      331.389      9.82115
      4101.60      274.234      9.10119
      4103.00      333.461      10.0296
      4104.40      395.031      10.8073
      4105.80      431.836      11.1929
      4107.20      452.550      11.6507
      4108.60      444.227      11.4582
      4110.00      463.780      11.7299
      4111.40      489.836      12.2024
      4112.80      479.531      12.0727
      4114.20      481.294      12.1487
      4115.60      488.162      12.3286
      4117.00      487.665      12.3477
      4118.40      458.221      11.6677
      4119.80      456.638      11.6141
      4121.20      476.837      12.1728
      4122.60      474.488      12.0027
      4124.00      483.912      12.1442
      4125.40      479.377      11.9996
      4126.80      468.641      11.9423
      4128.20      464.965      11.8972
      4129.60      469.348      12.0951
      4131.00      478.862      12.0322
      4132.40      462.232      11.8504
      4133.80      457.367      11.7782
      4135.20      476.941      11.9114
      4136.60      482.913      11.9977
      4138.00      513.676      12.2838
      4139.40      502.802      12.1327
      4140.80      495.324      12.2169
      4142.20      471.021      11.6484
      4143.60      444.979      11.1903
      4145.00      471.121      11.5475
      4146.40      501.882      12.0446
      4147.80      498.119      11.9938
      4149.20      471.284      11.5624
      4150.60      475.868      11.5784
      4152.00      475.031      11.6184
      4153.40      451.133      11.2763
      4154.80      470.395      11.5173
      4156.20      466.593      11.4169
      4157.60      469.121      11.4715
      4159.00      479.079      11.5960
      4160.40      477.950      11.7484
      4161.80      499.073      11.9619
      4163.20      476.138      11.6627
      4164.60      500.317      11.9509
      4166.00      488.545      11.8519
      4167.40      463.299      11.4773
      4168.80      482.638      11.7311
      4170.20      473.351      11.7869
      4171.60      452.165      11.3079
      4173.00      430.879      10.8615
      4174.40      443.010      11.0042
      4175.80      454.717      11.2141
      4177.20      447.568      11.0697
      4178.60      451.424      11.2948
      4180.00      457.990      11.5393
      4181.40      465.310      11.5995
      4182.80      459.077      11.1484
      4184.20      465.954      11.2943
      4185.60      464.875      11.4624
      4187.00      449.678      11.2212
      4188.40      451.743      11.2605
      4189.80      448.361      11.2855
      4191.20      465.165      11.3248
      4192.60      483.355      11.6281
      4194.00      463.064      11.5585
      4195.40      473.077      11.3464
      4196.80      454.336      10.9805
      4198.20      434.065      10.7299
      4199.60      445.882      11.0145
      4201.00      452.501      11.1554
      4202.40      454.062      11.1607
      4203.80      451.835      11.0288
      4205.20      471.168      11.2567
      4206.60      460.011      11.0691
      4208.00      462.943      11.1670
      4209.40      485.136      11.6279
      4210.80      478.246      11.4843
      4212.20      477.589      11.4763
      4213.60      490.634      11.4134
      4215.00      454.408      10.8873
      4216.40      425.594      10.4496
      4217.80      463.358      10.9882
      4219.20      478.415      11.2327
      4220.60      488.740      11.3829
      4222.00      494.597      11.5017
      4223.40      466.798      11.1617
      4224.80      415.802      10.4120
      4226.20      365.516      9.65849
      4227.60      386.682      9.87518
      4229.00      451.887      10.8412
      4230.40      482.048      11.3527
      4231.80      460.907      11.1991
      4233.20      450.336      10.8393
      4234.60      460.638      10.9437
      4236.00      437.368      10.6042
      4237.40      446.785      10.8050
      4238.80      447.685      10.8018
      4240.20      459.826      11.0160
      4241.60      462.367      10.9270
      4243.00      454.445      10.8199
      4244.40      473.721      11.2611
      4245.80      454.608      11.2895
      4247.20      442.913      11.0410
      4248.60      438.896      11.0218
      4250.00      428.677      10.7193
      4251.40      445.909      10.9544
      4252.80      466.298      11.0955
      4254.20      432.691      10.4586
      4255.60      446.686      10.6523
      4257.00      465.970      11.1222
      4258.40      452.093      10.9723
      4259.80      437.089      10.5831
      4261.20      431.018      10.4908
      4262.60      458.960      10.8440
      4264.00      472.421      11.0398
      4265.40      462.267      11.0133
      4266.80      462.795      11.2262
      4268.20      447.281      10.8146
      4269.60      443.063      10.7391
      4271.00      396.899      10.0231
      4272.40      411.087      10.1758
      4273.80      435.131      10.4280
      4275.20      439.874      10.4925
      4276.60      457.034      11.1362
      4278.00      458.286      11.1460
      4279.40      446.410      10.7011
      4280.80      435.915      10.5562
      4282.20      449.931      10.6925
      4283.60      436.664      10.4886
      4285.00      431.705      10.4024
      4286.40      420.006      10.2884
      4287.80      423.401      10.3875
      4289.20      400.152      10.0329
      4290.60      403.812      10.1050
      4292.00      419.183      10.3854
      4293.40      431.463      10.6871
      4294.80      420.904      10.3385
      4296.20      423.955      10.2486
      4297.60      378.143      9.50834
      4299.00      338.294      8.94529
      4300.40      329.857      8.76916
      4301.80      360.585      9.22662
      4303.20      356.009      9.21599
      4304.60      373.165      9.53260
      4306.00      356.656      9.28411
      4307.40      332.716      8.87142
      4308.80      314.449      8.57004
      4310.20      351.375      9.14994
      4311.60      370.193      9.37612
      4313.00      392.673      9.77267
      4314.40      412.043      10.2780
      4315.80      449.248      10.8964
      4317.20      460.434      11.0347
      4318.60      463.071      10.9885
      4320.00      458.632      10.7176
      4321.40      452.771      10.7311
      4322.80      423.642      10.3348
      4324.20      383.892      9.73389
      4325.60      383.282      9.63937
      4327.00      422.317      10.1462
      4328.40      451.267      10.5227
      4329.80      468.555      10.7567
      4331.20      449.009      10.5239
      4332.60      446.297      10.4851
      4334.00      455.834      10.7831
      4335.40      431.159      10.2114
      4336.80      413.729      9.92380
      4338.20      352.425      9.07717
      4339.60      291.003      8.18506
      4341.00      273.937      7.92284
      4342.40      352.451      9.04307
      4343.80      396.583      9.67286
      4345.20      420.209      10.0535
      4346.60      433.909      10.2966
      4348.00      449.368      10.6537
      4349.40      448.336      10.8931
      4350.80      427.715      10.2537
      4352.20      399.314      9.82256
      4353.60      437.303      10.2383
      4355.00      432.833      10.1782
      4356.40      446.514      10.4000
      4357.80      461.281      10.8562
      4359.20      452.683      11.3786
      4360.60      458.143      11.8056
      4362.00      465.581      11.1758
      4363.40      471.806      11.0562
      4364.80      466.080      10.7787
      4366.20      475.816      10.7924
      4367.60      457.639      10.9511
      4369.00      451.368      10.5351
      4370.40      459.714      10.5241
      4371.80      455.121      10.4226
      4373.20      447.030      10.2816
      4374.60      434.734      10.1381
      4376.00      425.929      10.1670
      4377.40      455.533      10.6474
      4378.80      471.791      10.7990
      4380.20      484.037      10.8528
      4381.60      461.616      10.4981
      4383.00      398.386      9.62625
      4384.40      378.033      9.34947
      4385.80      414.237      9.82345
      4387.20      446.896      10.2015
      4388.60      438.296      10.0410
      4390.00      435.935      10.1940
      4391.40      446.072      10.1591
      4392.80      451.187      10.3574
      4394.20      451.262      10.2966
      4395.60      434.621      10.0727
      4397.00      446.830      10.3280
      4398.40      452.276      10.3146
      4399.80      453.173      10.2208
      4401.20      423.449      9.83351
      4402.60      457.313      10.3089
      4404.00      441.943      10.0887
      4405.40      437.245      10.0317
      4406.80      460.943      10.3613
      4408.20      451.935      10.2786
      4409.60      456.846      10.5595
      4411.00      471.935      10.8637
      4412.40      456.352      10.3649
      4413.80      465.096      10.4170
      4415.20      438.435      10.0309
      4416.60      449.006      10.1798
      4418.00      449.505      10.2005
      4419.40      478.273      10.6433
      4420.80      473.994      10.5735
      4422.20      465.987      10.4382
      4423.60      471.060      10.4939
      4425.00      463.387      10.4310
      4426.40      458.296      10.3567
      4427.80      482.072      10.5852
      4429.20      473.866      10.5160
      4430.60      464.948      11.3303
      4432.00      458.503      10.2962
      4433.40      462.912      10.5077
      4434.80      442.124      10.0226
      4436.20      440.224      10.0018
      4437.60      466.140      10.3846
      4439.00      475.522      10.5329
      4440.40      458.290      10.2478
      4441.80      436.598      9.89759
      4443.20      434.717      9.84658
      4444.60      461.966      10.2554
      4446.00      486.126      10.7147
      4447.40      460.545      10.3836
      4448.80      467.724      10.3630
      4450.20      457.259      10.1913
      4451.60      470.909      10.3916
      4453.00      473.007      10.4045
      4454.40      442.251      9.97682
      4455.80      444.200      9.92065
      4457.20      439.365      9.91394
      4458.60      447.891      10.1182
      4460.00      452.588      10.1696
      4461.40      456.817      10.1862
      4462.80      451.730      10.0717
      4464.20      457.468      10.2291
      4465.60      460.893      10.2651
      4467.00      456.465      10.2169
      4468.40      440.264      9.95267
      4469.80      439.984      9.92099
      4471.20      464.948      10.2590
      4472.60      464.236      10.2077
      4474.00      479.459      10.4176
      4475.40      459.110      10.1499
      4476.80      476.683      10.4355
      4478.20      486.107      10.5877
      4479.60      471.444      10.3825
      4481.00      434.064      9.83700
      4482.40      437.293      9.84044
      4483.80      459.151      10.1496
      4485.20      475.286      10.3395
      4486.60      476.099      10.3244
      4488.00      470.602      10.3035
      4489.40      442.255      9.95078
      4490.80      454.695      10.0785
      4492.20      468.716      10.2865
      4493.60      461.788      10.3226
      4495.00      456.094      10.2011
      4496.40      469.889      10.2749
      4497.80      469.843      10.2093
      4499.20      464.549      10.2401
      4500.60      462.033      10.1476
      4502.00      468.072      10.2411
      4503.40      486.507      10.5499
      4504.80      475.700      10.3373
      4506.20      468.284      10.3166
      4507.60      469.814      10.2525
      4509.00      462.363      10.2540
      4510.40      468.116      10.4209
      4511.80      467.828      10.2349
      4513.20      465.134      10.2086
      4514.60      467.643      10.2030
      4516.00      467.271      10.2810
      4517.40      456.843      10.0168
      4518.80      456.962      10.1647
      4520.20      457.852      10.0714
      4521.60      458.919      10.1491
      4523.00      467.929      10.2877
      4524.40      450.741      10.2169
      4525.80      450.119      10.0475
      4527.20      442.668      9.88004
      4528.60      438.370      9.78639
      4530.00      437.765      9.72439
      4531.40      449.922      9.98942
      4532.80      449.651      9.89130
      4534.20      427.152      9.55159
      4535.60      438.947      9.85730
      4537.00      460.515      10.0935
      4538.40      475.172      10.3602
      4539.80      478.803      10.2709
      4541.20      468.548      10.2472
      4542.60      472.980      10.3325
      4544.00      467.461      10.2600
      4545.40      459.779      10.0345
      4546.80      451.716      9.84124
      4548.20      433.599      9.63711
      4549.60      441.823      9.70209
      4551.00      438.847      9.64628
      4552.40      445.646      9.81696
      4553.80      440.029      9.77145
      4555.20      441.215      9.68268
      4556.60      451.291      9.83861
      4558.00      456.736      10.0323
      4559.40      465.540      10.1126
      4560.80      470.695      10.2674
      4562.20      468.531      10.0534
      4563.60      456.180      9.85109
      4565.00      455.420      9.86398
      4566.40      466.452      10.0396
      4567.80      474.003      10.2700
      4569.20      474.428      10.1806
      4570.60      460.584      9.92936
      4572.00      453.721      9.87118
      4573.40      470.810      10.0556
      4574.80      471.471      10.1451
      4576.20      474.275      10.0856
      4577.60      468.171      10.0197
      4579.00      470.262      10.0727
      4580.40      460.818      9.91580
      4581.80      456.996      9.85855
      4583.20      457.747      9.85569
      4584.60      462.346      9.93344
      4586.00      450.729      9.76843
      4587.40      457.764      9.85829
      4588.80      454.314      9.88350
      4590.20      454.124      9.84406
      4591.60      452.124      9.77221
      4593.00      441.618      9.63955
      4594.40      463.599      9.96247
      4595.80      456.681      9.90727
      4597.20      461.623      10.0384
      4598.60      464.354      10.0941
      4600.00      458.025      9.97159
      4601.40      454.361      9.88519
      4602.80      462.022      9.91050
      4604.20      448.997      9.67695
      4605.60      480.253      10.1771
      4607.00      470.868      10.1180
      4608.40      465.763      10.0596
      4609.80      477.163      10.1148
      4611.20      462.903      9.93349
      4612.60      458.049      9.88033
      4614.00      463.159      9.83145
      4615.40      466.924      9.93003
      4616.80      449.310      9.75022
      4618.20      468.198      9.99164
      4619.60      454.771      9.72381
      4621.00      462.010      9.79174
      4622.40      471.143      10.1993
      4623.80      460.732      9.84121
      4625.20      468.820      10.0625
      4626.60      469.902      10.1717
      4628.00      478.745      10.0991
      4629.40      454.599      9.74273
      4630.80      453.578      9.73245
      4632.20      460.540      9.98675
      4633.60      466.257      9.96638
      4635.00      464.559      9.85853
      4636.40      460.845      9.76998
      4637.80      449.702      9.64372
      4639.20      468.864      9.95350
      4640.60      467.507      9.87748
      4642.00      463.941      9.80355
      4643.40      473.718      10.0156
      4644.80      465.351      9.94037
      4646.20      468.298      9.94629
      4647.60      443.987      9.53188
      4649.00      460.128      9.72766
      4650.40      463.312      9.82380
      4651.80      462.856      9.87167
      4653.20      462.391      9.89168
      4654.60      442.941      9.59757
      4656.00      446.858      9.67847
      4657.40      469.521      9.96114
      4658.80      476.586      10.0056
      4660.20      467.511      9.88551
      4661.60      475.307      9.98292
      4663.00      473.027      10.0318
      4664.40      462.505      10.2158
      4665.80      451.687      9.71440
      4667.20      430.118      9.32938
      4668.60      428.288      9.33055
      4670.00      460.712      9.88305
      4671.40      448.662      9.75015
      4672.80      467.674      9.95262
      4674.20      466.473      9.90344
      4675.60      474.643      9.93506
      4677.00      466.829      9.80452
      4678.40      465.919      9.80418
      4679.80      452.563      9.63487
      4681.20      454.446      9.65716
      4682.60      445.778      9.67570
      4684.00      462.564      9.76847
      4685.40      465.887      9.77323
      4686.80      468.013      9.77926
      4688.20      461.381      9.69936
      4689.60      466.084      9.74824
      4691.00      450.368      9.54513
      4692.40      461.660      9.76444
      4693.80      464.248      9.73637
      4695.20      467.687      9.74988
      4696.60      471.165      9.82978
      4698.00      467.966      9.81036
      4699.40      447.274      9.64547
      4700.80      449.012      9.70300
      4702.20      438.266      9.43926
      4703.60      417.854      9.06025
      4705.00      443.691      9.48890
      4706.40      456.931      9.75027
      4707.80      455.216      9.59390
      4709.20      457.920      9.63124
      4710.60      457.732      9.68522
      4712.00      461.936      9.88543
      4713.40      461.984      9.82869
      4714.80      442.113      9.44228
      4716.20      454.422      9.57294
      4717.60      462.114      9.65736
      4719.00      467.770      9.74276
      4720.40      453.327      9.55061
      4721.80      460.873      9.61685
      4723.20      473.383      9.77271
      4724.60      476.569      9.88729
      4726.00      467.431      9.83084
      4727.40      457.674      9.66600
      4728.80      453.433      9.51472
      4730.20      451.029      9.48406
      4731.60      452.408      9.52814
      4733.00      459.026      9.64294
      4734.40      467.160      9.72974
      4735.80      458.100      9.55396
      4737.20      449.821      9.44791
      4738.60      449.861      9.66116
      4740.00      452.122      9.51799
      4741.40      456.636      9.53685
      4742.80      456.105      9.52732
      4744.20      456.630      9.58086
      4745.60      463.373      9.66343
      4747.00      465.488      9.79354
      4748.40      463.204      9.75664
      4749.80      458.581      9.60857
      4751.20      462.761      9.59664
      4752.60      451.621      9.42484
      4754.00      464.168      9.59391
      4755.40      460.296      9.54839
      4756.80      455.227      9.52215
      4758.20      454.532      9.54543
      4759.60      468.913      9.70252
      4761.00      463.931      9.60616
      4762.40      458.025      9.50830
      4763.80      447.787      9.35135
      4765.20      450.932      9.40679
      4766.60      454.262      9.54284
      4768.00      454.317      9.55458
      4769.40      463.377      9.71591
      4770.80      462.839      9.71463
      4772.20      451.705      9.41642
      4773.60      472.307      9.69838
      4775.00      458.764      9.57443
      4776.40      460.060      9.73649
      4777.80      462.868      9.85992
      4779.20      442.756      9.40773
      4780.60      466.338      9.62272
      4782.00      458.488      9.52707
      4783.40      454.922      9.48222
      4784.80      455.224      9.47203
      4786.20      447.108      9.36257
      4787.60      437.701      9.24347
      4789.00      454.110      9.48970
      4790.40      458.928      9.53674
      4791.80      456.109      9.50795
      4793.20      465.581      9.61344
      4794.60      460.253      9.65923
      4796.00      470.197      9.72504
      4797.40      462.168      9.72545
      4798.80      451.754      9.42457
      4800.20      455.603      9.49897
      4801.60      456.440      9.62124
      4803.00      456.189      9.49695
      4804.40      446.053      9.32572
      4805.80      452.347      9.46050
      4807.20      445.586      9.39165
      4808.60      443.765      9.35464
      4810.00      462.160      9.69985
      4811.40      458.394      9.55731
      4812.80      452.199      9.43372
      4814.20      457.379      9.50207
      4815.60      468.096      9.64034
      4817.00      461.502      9.56700
      4818.40      453.326      9.48959
      4819.80      458.444      9.59947
      4821.20      453.143      9.58065
      4822.60      446.781      9.52900
      4824.00      448.286      9.43127
      4825.40      464.918      9.57285
      4826.80      450.651      9.36690
      4828.20      444.707      9.31535
      4829.60      442.401      9.35960
      4831.00      436.690      9.26690
      4832.40      445.426      9.42317
      4833.80      452.702      9.59761
      4835.20      458.689      9.70576
      4836.60      453.901      9.54709
      4838.00      448.733      9.43782
      4839.40      434.559      9.20551
      4840.80      441.180      9.33501
      4842.20      451.704      9.43717
      4843.60      439.711      9.27845
      4845.00      439.391      9.44045
      4846.40      443.491      9.48174
      4847.80      447.205      9.46422
      4849.20      432.028      9.22651
      4850.60      427.077      9.12719
      4852.00      426.585      9.22015
      4853.40      416.101      9.22275
      4854.80      402.407      8.92403
      4856.20      395.039      8.73926
      4857.60      385.749      8.62501
      4859.00      356.223      8.23179
      4860.40      280.860      7.13746
      4861.80      257.191      6.80507
      4863.20      343.017      8.04621
      4864.60      379.759      8.67140
      4866.00      401.633      8.98447
      4867.40      403.657      9.03446
      4868.80      407.659      9.40951
      4870.20      405.568      9.16893
      4871.60      401.470      9.11173
      4873.00      409.817      9.10267
      4874.40      421.735      9.19525
      4875.80      434.983      9.39416
      4877.20      442.416      9.51571
      4878.60      422.526      9.22183
      4880.00      436.411      9.35843
      4881.40      430.340      9.23960
      4882.80      441.254      9.42621
      4884.20      441.753      9.51753
      4885.60      432.773      9.43353
      4887.00      425.487      9.15592
      4888.40      434.298      9.23186
      4889.80      423.410      9.12798
      4891.20      396.891      8.65336
      4892.60      442.252      9.33269
      4894.00      457.570      9.58317
      4895.40      436.204      9.23726
      4896.80      460.379      9.55998
      4898.20      459.659      9.54083
      4899.60      443.893      9.28968
      4901.00      451.175      9.38963
      4902.40      444.367      9.29589
      4903.80      434.250      9.11969
      4905.20      450.780      9.36682
      4906.60      448.697      9.47190
      4908.00      443.136      9.27747
      4909.40      433.576      9.06916
      4910.80      430.029      9.00910
      4912.20      448.217      9.28926
      4913.60      446.075      9.28587
      4915.00      454.958      9.38542
      4916.40      461.442      9.47784
      4917.80      434.995      9.12909
      4919.20      416.674      8.89108
      4920.60      408.143      8.69581
      4922.00      418.052      8.76127
      4923.40      427.500      8.94214
      4924.80      431.267      9.06976
      4926.20      443.852      9.37135
      4927.60      444.625      9.37534
      4929.00      449.643      9.34205
      4930.40      451.909      9.32168
      4931.80      438.696      9.11144
      4933.20      432.807      9.11512
      4934.60      418.870      8.98269
      4936.00      428.099      9.03962
      4937.40      430.330      8.97399
      4938.80      426.409      8.90167
      4940.20      425.693      8.91187
      4941.60      453.411      9.31586
      4943.00      448.476      9.21805
      4944.40      453.717      9.24762
      4945.80      447.545      9.17261
      4947.20      437.409      9.02328
      4948.60      445.494      9.14482
      4950.00      432.324      9.02169
      4951.40      442.261      9.22235
      4952.80      447.364      9.30120
      4954.20      447.701      9.37235
      4955.60      443.915      9.20404
      4957.00      397.544      8.49921
      4958.40      410.035      8.61100
      4959.80      457.981      9.25985
      4961.20      454.452      9.23891
      4962.60      446.080      9.12405
      4964.00      450.916      9.20707
      4965.40      433.347      8.97532
      4966.80      433.557      8.97241
      4968.20      451.208      9.20376
      4969.60      450.717      9.23317
      4971.00      448.676      9.22488
      4972.40      446.607      9.16524
      4973.80      451.118      9.21605
      4975.20      442.703      9.14431
      4976.60      441.518      9.15968
      4978.00      448.649      9.24390
      4979.40      432.379      9.08000
      4980.80      428.812      8.99740
      4982.20      416.947      8.75175
      4983.60      411.885      8.68388
      4985.00      407.257      8.56681
      4986.40      429.474      8.87792
      4987.80      443.699      9.06435
      4989.20      432.525      8.91826
      4990.60      430.259      8.88215
      4992.00      433.405      8.95749
      4993.40      432.271      8.93214
      4994.80      426.617      8.91039
      4996.20      432.155      8.95661
      4997.60      431.099      8.92887
      4999.00      422.880      8.69827
