      3900.00      102.196      8.71014
      3901.40      102.054      8.66825
      3902.80      94.8772      8.64829
      3904.20      93.6840      8.56355
      3905.60      83.3736      8.22845
      3907.00      106.134      8.94579
      3908.40      106.583      9.12473
      3909.80      119.232      9.48764
      3911.20      104.818      9.14065
      3912.60      105.742      9.14719
      3914.00      96.9869      9.08825
      3915.40      106.070      9.50371
      3916.80      125.488      9.88912
      3918.20      115.083      9.40015
      3919.60      96.0643      8.66905
      3921.00      91.6811      8.33193
      3922.40      116.890      8.97045
      3923.80      119.497      8.98894
      3925.20      110.816      8.64955
      3926.60      110.656      8.63990
      3928.00      102.710      8.49009
      3929.40      99.3025      8.51303
      3930.80      89.3325      8.34387
      3932.20      58.5737      7.70886
      3933.60      32.4496      7.08589
      3935.00      60.5214      7.82104
      3936.40      92.5377      8.57197
      3937.80      93.4991      8.84353
      3939.20      116.844      9.46863
      3940.60      106.148      9.72927
      3942.00      100.880      10.3699
      3943.40      108.807      11.2594
      3944.80      106.479      11.4143
      3946.20      104.795      11.1524
      3947.60      99.6590      9.56894
      3949.00      107.528      9.70833
      3950.40      97.5680      9.43560
      3951.80      103.379      9.72633
      3953.20      114.823      9.57839
      3954.60      93.8896      8.55468
      3956.00      114.474      8.92552
      3957.40      121.890      9.13330
      3958.80      92.1035      8.81808
      3960.20      101.596      9.30917
      3961.60      89.0077      8.87580
      3963.00      91.6732      8.71387
      3964.40      87.2281      8.17254
      3965.80      77.1429      7.42641
      3967.20      47.7747      6.15470
      3968.60      32.7130      5.47017
      3970.00      27.0633      5.29142
      3971.40      57.3218      6.26928
      3972.80      76.7823      6.81277
      3974.20      73.4515      6.77367
      3975.60      76.7649      6.87423
      3977.00      95.4178      7.33376
      3978.40      95.4400      7.74100
      3979.80      94.7371      7.44672
      3981.20      98.7363      7.56701
      3982.60      100.479      7.59620
      3984.00      104.542      7.95544
      3985.40      97.8670      7.58309
      3986.80      112.679      7.90396
      3988.20      126.508      8.17787
      3989.60      111.473      7.82557
      3991.00      123.024      8.06740
      3992.40      130.418      8.24668
      3993.80      101.934      7.60972
      3995.20      119.105      7.99676
      3996.60      106.324      7.64190
      3998.00      122.880      7.98962
      3999.40      123.253      8.01937
      4000.80      104.704      7.67152
      4002.20      106.517      7.79947
      4003.60      122.609      8.30276
      4005.00      109.480      7.86293
      4006.40      119.427      7.85710
      4007.80      120.965      7.82053
      4009.20      129.658      8.21889
      4010.60      114.419      7.97541
      4012.00      108.128      7.71488
      4013.40      108.453      7.62820
      4014.80      120.900      7.90346
      4016.20      112.729      7.87459
      4017.60      121.434      8.32690
      4019.00      108.237      7.83240
      4020.40      120.415      8.10012
      4021.80      130.229      8.21299
      4023.20      118.239      7.99670
      4024.60      106.722      7.97329
      4026.00      111.175      8.28305
      4027.40      129.500      8.54373
      4028.80      113.195      7.95317
      4030.20      103.097      7.72217
      4031.60      106.659      7.91860
      4033.00      120.929      8.32134
      4034.40      119.500      8.13731
      4035.80      119.078      8.10052
      4037.20      117.382      8.08353
      4038.60      124.218      8.18617
      4040.00      118.771      8.14869
      4041.40      101.635      7.80196
      4042.80      107.701      7.98055
      4044.20      96.2634      7.83288
      4045.60      79.5774      7.50990
      4047.00      114.309      8.48253
      4048.40      120.704      8.70436
      4049.80      124.612      8.80295
      4051.20      119.085      8.35053
      4052.60      127.486      8.12700
      4054.00      110.100      7.78471
      4055.40      107.499      7.95321
      4056.80      115.447      7.87017
      4058.20      112.645      7.66871
      4059.60      110.612      8.10763
      4061.00      107.887      7.47495
      4062.40      107.265      7.46663
      4063.80      107.988      7.35818
      4065.20      108.007      7.36440
      4066.60      112.973      7.77749
      4068.00      109.647      8.16830
      4069.40      109.158      7.84667
      4070.80      119.061      7.65038
      4072.20      104.739      7.44173
      4073.60      109.607      7.66321
      4075.00      110.901      8.00489
      4076.40      109.767      8.09250
      4077.80      109.519      7.75601
      4079.20      107.226      7.26836
      4080.60      107.099      7.18844
      4082.00      115.096      7.36734
      4083.40      124.775      7.64868
      4084.80      103.791      7.20575
      4086.20      108.756      7.21246
      4087.60      114.951      7.43612
      4089.00      104.626      7.27066
      4090.40      107.995      7.20208
      4091.80      110.433      7.17283
      4093.20      85.6655      6.59810
      4094.60      93.1035      6.89175
      4096.00      91.3907      7.23075
      4097.40      90.7437      6.69659
      4098.80      80.9626      6.42659
      4100.20      74.7832      6.25484
      4101.60      59.1241      5.77418
      4103.00      64.2150      5.90619
      4104.40      65.9241      5.85349
      4105.80      99.9947      6.81711
      4107.20      90.7037      6.75790
      4108.60      85.9090      6.44760
      4110.00      101.862      6.94779
      4111.40      112.690      7.30972
      4112.80      111.199      7.04288
      4114.20      105.507      6.94703
      4115.60      106.971      6.99053
      4117.00      101.359      6.99107
      4118.40      126.908      7.73138
      4119.80      110.194      7.31492
      4121.20      120.874      7.46897
      4122.60      115.004      7.30399
      4124.00      125.377      7.50631
      4125.40      113.734      7.03654
      4126.80      117.686      7.05251
      4128.20      114.032      6.96324
      4129.60      116.906      7.27086
      4131.00      114.939      7.25032
      4132.40      110.385      6.91906
      4133.80      121.713      7.11393
      4135.20      120.025      7.18481
      4136.60      110.277      7.14595
      4138.00      116.325      7.66365
      4139.40      115.932      7.30005
      4140.80      103.805      6.85897
      4142.20      112.890      6.90881
      4143.60      111.339      6.89360
      4145.00      119.623      7.27283
      4146.40      123.123      7.71588
      4147.80      110.678      7.66891
      4149.20      123.088      7.83643
      4150.60      114.045      7.08591
      4152.00      113.026      6.70356
      4153.40      110.445      6.63782
      4154.80      116.911      6.77763
      4156.20      112.139      6.75347
      4157.60      114.626      6.70887
      4159.00      118.027      6.91441
      4160.40      107.699      6.80250
      4161.80      111.753      6.92590
      4163.20      107.890      6.82337
      4164.60      120.234      7.10241
      4166.00      120.659      7.01924
      4167.40      115.970      6.82214
      4168.80      125.423      7.04520
      4170.20      108.880      6.60495
      4171.60      118.270      6.89587
      4173.00      112.731      6.81610
      4174.40      119.251      6.82873
      4175.80      124.822      6.94680
      4177.20      118.899      7.05699
      4178.60      111.277      7.10104
      4180.00      117.512      6.94579
      4181.40      114.475      6.60494
      4182.80      104.459      6.33476
      4184.20      111.598      6.43952
      4185.60      126.633      6.85178
      4187.00      125.430      6.83127
      4188.40      112.714      6.63047
      4189.80      120.674      7.17004
      4191.20      114.477      7.05547
      4192.60      109.312      6.64378
      4194.00      113.314      6.60172
      4195.40      113.598      6.43075
      4196.80      115.312      6.47351
      4198.20      111.930      6.35304
      4199.60      115.823      6.41436
      4201.00      110.001      6.27857
      4202.40      105.256      6.21515
      4203.80      113.597      6.39042
      4205.20      115.207      6.42651
      4206.60      109.678      6.30924
      4208.00      115.568      6.59942
      4209.40      128.313      6.96367
      4210.80      125.398      6.72730
      4212.20      117.938      6.42983
      4213.60      102.650      6.09035
      4215.00      120.398      6.86958
      4216.40      117.697      6.91466
      4217.80      110.780      6.50685
      4219.20      118.319      6.48350
      4220.60      117.681      6.53376
      4222.00      116.010      6.66715
      4223.40      112.305      6.54195
      4224.80      107.252      6.15137
      4226.20      98.1057      5.81190
      4227.60      107.829      6.11715
      4229.00      108.446      6.23128
      4230.40      114.513      6.53283
      4231.80      116.243      6.58528
      4233.20      110.641      6.42497
      4234.60      110.496      6.28634
      4236.00      127.901      6.62247
      4237.40      115.005      6.24573
      4238.80      123.553      6.40346
      4240.20      108.611      6.07247
      4241.60      115.569      6.33636
      4243.00      109.723      6.18454
      4244.40      125.666      6.60653
      4245.80      104.376      5.99143
      4247.20      116.763      6.35216
      4248.60      109.039      6.15452
      4250.00      117.087      6.42884
      4251.40      119.501      6.64989
      4252.80      110.452      6.42866
      4254.20      116.305      6.26705
      4255.60      112.468      6.14466
      4257.00      110.823      6.44786
      4258.40      114.845      6.26717
      4259.80      112.658      6.34159
      4261.20      114.439      6.40761
      4262.60      118.912      6.47819
      4264.00      120.157      6.42443
      4265.40      122.094      6.32950
      4266.80      136.040      6.64945
      4268.20      128.745      6.51709
      4269.60      124.214      6.85340
      4271.00      109.635      6.67246
      4272.40      102.231      6.33536
      4273.80      115.161      6.56448
      4275.20      117.985      6.63805
      4276.60      114.676      6.55481
      4278.00      115.239      6.56379
      4279.40      117.932      6.55139
      4280.80      126.789      6.56819
      4282.20      124.198      6.34781
      4283.60      115.219      6.10873
      4285.00      111.427      6.08967
      4286.40      124.059      6.52453
      4287.80      117.414      6.21618
      4289.20      108.827      5.87753
      4290.60      101.299      5.73057
      4292.00      110.469      6.13622
      4293.40      124.973      6.39350
      4294.80      104.190      5.81248
      4296.20      115.778      6.07678
      4297.60      107.104      5.91597
      4299.00      101.226      5.86780
      4300.40      98.4133      5.63592
      4301.80      109.829      5.83142
      4303.20      112.471      5.91506
      4304.60      113.154      6.21576
      4306.00      118.419      6.05890
      4307.40      113.131      5.95017
      4308.80      118.198      6.15184
      4310.20      122.292      6.51015
      4311.60      115.425      6.50817
      4313.00      102.783      6.11228
      4314.40      95.1259      5.69109
      4315.80      110.676      6.02988
      4317.20      110.922      6.21874
      4318.60      113.602      6.23589
      4320.00      116.639      6.25145
      4321.40      107.146      5.89666
      4322.80      101.037      5.68942
      4324.20      115.779      5.99234
      4325.60      114.132      6.00537
      4327.00      102.821      5.78256
      4328.40      110.124      5.88326
      4329.80      109.784      5.87553
      4331.20      103.781      5.92924
      4332.60      102.272      5.65126
      4334.00      98.8448      5.58324
      4335.40      95.5726      5.53258
      4336.80      79.7781      5.10960
      4338.20      72.9680      5.25602
      4339.60      59.2568      4.98417
      4341.00      53.0508      4.64387
      4342.40      75.1074      5.05829
      4343.80      86.7032      5.22951
      4345.20      101.291      5.67656
      4346.60      99.4960      5.71371
      4348.00      102.803      5.88512
      4349.40      104.541      5.83159
      4350.80      102.286      5.73592
      4352.20      105.067      5.76278
      4353.60      118.672      6.56994
      4355.00      104.326      6.12406
      4356.40      106.661      6.09882
      4357.80      129.011      7.50334
      4359.20      127.843      8.47799
      4360.60      109.652      7.16049
      4362.00      110.551      6.26266
      4363.40      119.441      6.23704
      4364.80      109.625      6.17608
      4366.20      124.911      6.61421
      4367.60      114.178      6.19771
      4369.00      109.738      5.96946
      4370.40      125.290      6.37130
      4371.80      124.605      6.31315
      4373.20      108.507      5.81918
      4374.60      115.270      5.93651
      4376.00      98.2617      5.57709
      4377.40      111.895      6.16998
      4378.80      107.702      6.06150
      4380.20      116.324      6.01334
      4381.60      117.987      5.89646
      4383.00      104.720      5.58417
      4384.40      115.020      5.85343
      4385.80      117.749      5.87604
      4387.20      114.473      5.76314
      4388.60      116.315      5.80468
      4390.00      116.918      6.34086
      4391.40      105.487      5.67449
      4392.80      112.083      5.97347
      4394.20      120.339      6.22645
      4395.60      108.216      5.88663
      4397.00      117.092      6.01504
      4398.40      117.051      5.82642
      4399.80      110.085      5.62921
      4401.20      113.251      5.86970
      4402.60      105.188      5.54792
      4404.00      111.054      5.62296
      4405.40      120.007      5.84307
      4406.80      115.173      5.81389
      4408.20      115.877      5.97108
      4409.60      126.976      6.23396
      4411.00      103.806      5.60743
      4412.40      115.487      5.76611
      4413.80      118.939      5.82456
      4415.20      103.416      5.44742
      4416.60      113.765      5.70580
      4418.00      105.248      5.58758
      4419.40      122.965      6.09674
      4420.80      119.334      6.11306
      4422.20      114.020      5.92914
      4423.60      111.449      5.77502
      4425.00      113.789      5.70489
      4426.40      111.878      5.75834
      4427.80      113.925      5.84529
      4429.20      122.559      5.95542
      4430.60      114.443      5.99252
      4432.00      110.396      5.82020
      4433.40      118.220      5.79395
      4434.80      116.581      5.70871
      4436.20      117.537      5.72895
      4437.60      117.803      5.77365
      4439.00      118.329      5.82648
      4440.40      118.455      5.83798
      4441.80      116.369      5.71610
      4443.20      107.833      5.50004
      4444.60      102.172      5.36940
      4446.00      114.191      5.63620
      4447.40      116.388      5.69781
      4448.80      115.775      5.72138
      4450.20      111.485      5.70779
      4451.60      113.622      5.70011
      4453.00      119.464      5.73607
      4454.40      115.268      5.63301
      4455.80      123.943      5.93401
      4457.20      124.148      5.92493
      4458.60      128.187      5.90449
      4460.00      104.445      5.25826
      4461.40      124.599      5.74636
      4462.80      109.516      5.39906
      4464.20      113.169      5.48970
      4465.60      117.694      5.63732
      4467.00      112.399      5.48371
      4468.40      110.819      5.42419
      4469.80      116.355      5.52836
      4471.20      116.559      5.64453
      4472.60      115.644      5.83110
      4474.00      118.780      5.74057
      4475.40      117.098      5.61708
      4476.80      118.207      5.75714
      4478.20      118.497      5.59625
      4479.60      117.588      5.58607
      4481.00      112.721      5.55160
      4482.40      112.757      5.47502
      4483.80      108.096      5.34795
      4485.20      112.714      5.78823
      4486.60      123.264      5.72923
      4488.00      109.172      5.35504
      4489.40      107.128      5.30775
      4490.80      114.753      5.56890
      4492.20      107.190      5.73549
      4493.60      122.038      6.10954
      4495.00      113.767      5.72175
      4496.40      125.202      5.76826
      4497.80      118.118      5.58856
      4499.20      119.154      5.55684
      4500.60      107.887      5.31823
      4502.00      110.706      5.37010
      4503.40      114.906      5.48796
      4504.80      115.207      5.56125
      4506.20      114.106      5.58087
      4507.60      113.736      5.51644
      4509.00      114.774      5.55398
      4510.40      115.256      5.56970
      4511.80      115.968      5.69755
      4513.20      113.510      5.85563
      4514.60      119.481      5.96306
      4516.00      121.453      5.96415
      4517.40      122.545      5.80081
      4518.80      113.577      5.48118
      4520.20      121.537      5.69401
      4521.60      120.982      5.71412
      4523.00      116.486      5.67294
      4524.40      110.529      5.42684
      4525.80      118.345      5.58460
      4527.20      114.741      5.50455
      4528.60      113.881      5.45553
      4530.00      113.275      5.45178
      4531.40      113.116      5.47743
      4532.80      112.902      5.45042
      4534.20      119.530      5.54109
      4535.60      117.121      5.50243
      4537.00      116.101      5.48030
      4538.40      121.060      5.62498
      4539.80      123.274      5.72453
      4541.20      121.518      5.64907
      4542.60      113.122      5.36144
      4544.00      117.902      5.48651
      4545.40      114.971      5.40626
      4546.80      120.512      5.69287
      4548.20      116.154      5.79853
      4549.60      111.411      5.47379
      4551.00      112.528      5.29000
      4552.40      113.550      5.31872
      4553.80      110.422      5.24325
      4555.20      114.835      5.32177
      4556.60      108.614      5.15979
      4558.00      112.537      5.30452
      4559.40      109.824      5.46285
      4560.80      113.509      5.68704
      4562.20      113.310      5.63089
      4563.60      106.657      5.16030
      4565.00      111.556      5.23484
      4566.40      112.591      5.27649
      4567.80      119.154      5.41126
      4569.20      125.219      5.65449
      4570.60      114.752      5.42038
      4572.00      114.692      5.40169
      4573.40      126.674      5.62926
      4574.80      115.926      5.35787
      4576.20      113.288      5.27825
      4577.60      113.479      5.35102
      4579.00      116.818      5.47645
      4580.40      115.594      5.49344
      4581.80      110.579      5.19605
      4583.20      115.299      5.33367
      4584.60      119.876      5.44537
      4586.00      121.835      5.58823
      4587.40      118.843      5.67028
      4588.80      110.715      5.36171
      4590.20      125.441      5.56204
      4591.60      122.456      5.50225
      4593.00      122.153      5.67302
      4594.40      122.849      5.94578
      4595.80      121.819      5.51046
      4597.20      114.703      5.33745
      4598.60      112.070      5.25933
      4600.00      118.762      5.41545
      4601.40      120.607      5.45746
      4602.80      116.661      5.37998
      4604.20      119.646      5.45799
      4605.60      112.165      5.25320
      4607.00      114.764      5.24208
      4608.40      113.896      5.32966
      4609.80      112.077      5.48491
      4611.20      113.630      5.37195
      4612.60      116.004      5.34760
      4614.00      112.188      5.20827
      4615.40      113.421      5.36841
      4616.80      111.715      5.26223
      4618.20      115.647      5.26224
      4619.60      121.830      5.44147
      4621.00      117.727      6.71596
      4622.40      114.829      7.29948
      4623.80      109.133      5.24628
      4625.20      112.666      5.32268
      4626.60      110.029      5.22245
      4628.00      111.777      5.16456
      4629.40      111.372      5.57847
      4630.80      104.165      5.31775
      4632.20      108.886      5.47435
      4633.60      113.290      5.46413
      4635.00      109.106      5.24168
      4636.40      120.062      5.40113
      4637.80      120.815      5.36238
      4639.20      119.177      5.40364
      4640.60      119.165      5.40635
      4642.00      117.145      5.24016
      4643.40      111.522      5.10257
      4644.80      116.243      5.24213
      4646.20      110.829      5.21651
      4647.60      106.148      5.02120
      4649.00      119.016      5.24634
      4650.40      112.854      5.09597
      4651.80      119.521      5.27165
      4653.20      123.713      5.37650
      4654.60      107.950      4.99207
      4656.00      113.987      5.11354
      4657.40      124.114      5.39022
      4658.80      106.669      5.00341
      4660.20      127.770      5.50702
      4661.60      125.539      5.41360
      4663.00      117.720      5.27032
      4664.40      115.523      5.21741
      4665.80      125.448      5.45647
      4667.20      116.928      5.27684
      4668.60      122.037      5.61627
      4670.00      118.352      5.69918
      4671.40      115.499      5.47285
      4672.80      130.129      5.57902
      4674.20      124.393      5.44450
      4675.60      121.558      5.37134
      4677.00      120.450      5.49434
      4678.40      120.501      5.48227
      4679.80      119.396      5.53513
      4681.20      119.503      5.40093
      4682.60      119.515      5.38670
      4684.00      120.542      5.38429
      4685.40      119.685      5.38545
      4686.80      123.299      5.47970
      4688.20      113.088      5.19567
      4689.60      109.268      5.20521
      4691.00      119.582      5.46264
      4692.40      120.375      5.49974
      4693.80      117.552      5.61418
      4695.20      115.118      5.77970
      4696.60      118.395      5.91968
      4698.00      117.473      5.53293
      4699.40      114.524      5.30528
      4700.80      117.087      5.32620
      4702.20      111.448      5.15803
      4703.60      109.106      5.10317
      4705.00      118.957      5.42524
      4706.40      121.102      5.67693
      4707.80      118.436      5.62970
      4709.20      124.024      5.55113
      4710.60      124.505      5.50981
      4712.00      115.005      5.37840
      4713.40      118.167      5.42367
      4714.80      108.175      4.95992
      4716.20      105.474      4.81703
      4717.60      115.926      5.06227
      4719.00      116.623      5.08359
      4720.40      124.475      5.24040
      4721.80      118.393      5.12654
      4723.20      117.245      5.32941
      4724.60      118.280      5.12813
      4726.00      113.575      4.98392
      4727.40      115.160      4.99195
      4728.80      119.051      5.09797
      4730.20      113.015      4.99036
      4731.60      102.541      4.72811
      4733.00      119.000      5.11021
      4734.40      121.206      5.18342
      4735.80      117.275      5.07363
      4737.20      124.378      5.19999
      4738.60      118.757      5.08598
      4740.00      117.687      5.22623
      4741.40      111.394      5.06747
      4742.80      113.685      5.05609
      4744.20      112.193      5.04669
      4745.60      116.653      5.05051
      4747.00      114.989      5.10319
      4748.40      114.670      5.05040
      4749.80      114.953      5.43337
      4751.20      115.480      5.11931
      4752.60      111.320      4.88050
      4754.00      108.750      4.92872
      4755.40      110.257      5.14273
      4756.80      115.797      5.15160
      4758.20      117.987      5.18471
      4759.60      120.056      5.07216
      4761.00      117.084      5.12232
      4762.40      122.358      5.33997
      4763.80      106.507      4.99147
      4765.20      112.688      5.07538
      4766.60      114.827      4.97566
      4768.00      114.204      4.93515
      4769.40      122.768      5.14138
      4770.80      116.491      5.00636
      4772.20      114.596      4.93538
      4773.60      120.998      5.10158
      4775.00      111.112      4.87382
      4776.40      117.593      5.00138
      4777.80      116.143      4.99063
      4779.20      112.637      4.88356
      4780.60      124.247      5.17585
      4782.00      120.271      5.32482
      4783.40      116.884      5.26351
      4784.80      112.189      5.07199
      4786.20      106.219      4.90562
      4787.60      110.431      4.92488
      4789.00      114.934      4.93594
      4790.40      108.563      4.77591
      4791.80      109.399      4.77784
      4793.20      124.353      5.20370
      4794.60      120.488      5.20933
      4796.00      114.431      5.07112
      4797.40      116.222      5.14640
      4798.80      117.690      5.27124
      4800.20      116.912      5.28692
      4801.60      110.270      5.11291
      4803.00      119.073      5.20236
      4804.40      116.145      5.02409
      4805.80      116.362      4.97204
      4807.20      113.729      4.94423
      4808.60      116.923      5.10156
      4810.00      113.280      5.05400
      4811.40      119.789      5.15397
      4812.80      107.935      4.92503
      4814.20      116.435      5.16568
      4815.60      110.527      5.07277
      4817.00      116.344      5.22327
      4818.40      118.981      5.15517
      4819.80      124.696      5.21802
      4821.20      114.338      4.99588
      4822.60      101.873      4.75171
      4824.00      104.508      4.86050
      4825.40      106.758      4.97002
      4826.80      109.193      5.20893
      4828.20      113.973      5.02468
      4829.60      108.085      4.87852
      4831.00      109.825      5.05239
      4832.40      113.044      5.18766
      4833.80      107.688      4.98917
      4835.20      110.552      5.00018
      4836.60      110.311      5.27802
      4838.00      118.419      5.24293
      4839.40      110.334      4.96620
      4840.80      111.694      5.01155
      4842.20      106.465      5.05263
      4843.60      101.343      5.00984
      4845.00      99.0513      4.79126
      4846.40      106.188      4.98071
      4847.80      114.379      5.28333
      4849.20      115.694      5.24163
      4850.60      107.122      4.85606
      4852.00      95.7213      4.54586
      4853.40      105.926      4.83351
      4854.80      95.9312      4.64362
      4856.20      88.1387      4.33186
      4857.60      87.7644      4.27770
      4859.00      74.1243      3.91204
      4860.40      61.5382      3.73763
      4861.80      54.2443      3.51629
      4863.20      67.2067      3.81581
      4864.60      82.8664      4.14364
      4866.00      89.3277      4.29430
      4867.40      94.0898      4.57262
      4868.80      96.4680      4.62516
      4870.20      95.7545      4.52382
      4871.60      103.965      4.56725
      4873.00      102.010      4.50308
      4874.40      97.9429      4.52636
      4875.80      103.658      4.69729
      4877.20      103.979      4.73074
      4878.60      104.192      4.59669
      4880.00      109.143      4.82765
      4881.40      106.916      4.77087
      4882.80      107.548      4.66114
      4884.20      109.996      4.89824
      4885.60      105.220      4.62277
      4887.00      109.298      4.71746
      4888.40      111.104      4.75364
      4889.80      104.716      4.63713
      4891.20      104.820      4.72740
      4892.60      100.198      4.66854
      4894.00      105.698      4.64066
      4895.40      109.972      4.68168
      4896.80      119.215      4.93394
      4898.20      126.877      5.13170
      4899.60      115.259      4.80928
      4901.00      102.170      4.47650
      4902.40      111.681      4.72445
      4903.80      116.459      4.84268
      4905.20      114.977      6.10693
      4906.60      113.844      5.14709
      4908.00      108.002      4.65307
      4909.40      114.963      4.96400
      4910.80      113.791      4.88528
      4912.20      116.139      4.81307
      4913.60      113.503      5.16989
      4915.00      104.201      4.56590
      4916.40      108.859      4.77294
      4917.80      115.825      5.06167
      4919.20      109.979      4.91519
      4920.60      106.790      4.76153
      4922.00      100.750      4.55680
      4923.40      111.813      4.72377
      4924.80      114.164      4.73928
      4926.20      111.649      4.70479
      4927.60      102.777      4.47985
      4929.00      114.461      4.73262
      4930.40      119.632      4.89341
      4931.80      122.021      4.98674
      4933.20      115.167      4.76458
      4934.60      104.889      4.51582
      4936.00      113.064      4.75990
      4937.40      112.933      4.82983
      4938.80      112.264      4.79524
      4940.20      113.157      4.90065
      4941.60      113.801      4.88799
      4943.00      113.259      4.82069
      4944.40      107.599      4.60680
      4945.80      105.674      4.53646
      4947.20      111.624      4.65659
      4948.60      108.358      4.65480
      4950.00      111.351      4.81813
      4951.40      109.218      4.88191
      4952.80      111.048      4.80089
      4954.20      108.833      4.59468
      4955.60      109.793      4.88544
      4957.00      104.391      4.67380
      4958.40      110.416      4.87074
      4959.80      111.210      4.80656
      4961.20      112.695      4.75129
      4962.60      112.092      4.86472
      4964.00      110.942      4.71789
      4965.40      112.420      4.68315
      4966.80      111.524      4.63165
      4968.20      110.869      4.85516
      4969.60      110.148      4.72225
      4971.00      108.800      4.75091
      4972.40      108.843      4.70749
      4973.80      113.184      4.74640
      4975.20      111.219      4.85508
      4976.60      110.700      4.67049
      4978.00      110.426      4.68533
      4979.40      110.475      4.70325
      4980.80      107.080      4.63157
      4982.20      113.597      4.81880
      4983.60      106.696      4.80407
      4985.00      102.236      4.73747
      4986.40      110.945      4.85618
      4987.80      110.281      4.82462
      4989.20      117.903      5.13876
      4990.60      110.634      4.87742
      4992.00      101.835      4.42103
      4993.40      107.740      4.63763
      4994.80      107.648      4.65247
      4996.20      107.597      4.56965
      4997.60      110.508      4.59632
      4999.00      103.044      4.58915
