      3900.00      178.446      7.36986
      3901.40      188.217      7.58099
      3902.80      186.323      8.38252
      3904.20      197.140      1000.02
      3905.60      186.319      1000.02
      3907.00      203.085      1000.02
      3908.40      200.009      8.14607
      3909.80      204.645      8.03977
      3911.20      210.715      8.05690
      3912.60      192.783      7.50036
      3914.00      191.040      7.54856
      3915.40      208.482      7.73999
      3916.80      205.339      7.50739
      3918.20      197.591      7.29347
      3919.60      195.710      7.49057
      3921.00      201.906      7.54226
      3922.40      207.551      7.61658
      3923.80      189.197      7.28373
      3925.20      194.821      7.21412
      3926.60      195.383      7.28349
      3928.00      194.742      7.13837
      3929.40      192.411      6.98075
      3930.80      151.735      6.16616
      3932.20      103.591      5.26187
      3933.60      78.3018      4.79617
      3935.00      147.555      5.98856
      3936.40      180.613      6.56996
      3937.80      195.240      6.89040
      3939.20      206.383      7.10156
      3940.60      206.072      7.13055
      3942.00      202.172      7.13485
      3943.40      191.345      6.87321
      3944.80      197.525      6.87534
      3946.20      191.537      6.69222
      3947.60      195.051      6.91462
      3949.00      189.710      6.74563
      3950.40      191.051      6.85019
      3951.80      181.193      6.66548
      3953.20      188.697      6.85825
      3954.60      176.451      6.51535
      3956.00      178.322      6.64813
      3957.40      164.734      6.45566
      3958.80      158.958      6.37221
      3960.20      152.723      6.27711
      3961.60      145.527      6.11243
      3963.00      139.158      5.83896
      3964.40      117.592      5.35242
      3965.80      97.3563      5.03115
      3967.20      59.9464      4.27677
      3968.60      44.9452      4.03168
      3970.00      55.3736      4.52375
      3971.40      95.5285      5.58171
      3972.80      109.159      6.00486
      3974.20      126.314      6.40992
      3975.60      141.302      6.82234
      3977.00      148.838      6.87822
      3978.40      157.194      6.83619
      3979.80      162.935      6.83674
      3981.20      169.317      6.68649
      3982.60      162.383      6.43156
      3984.00      178.805      6.66728
      3985.40      181.891      6.67319
      3986.80      186.722      6.77085
      3988.20      175.889      6.41634
      3989.60      193.678      6.58944
      3991.00      189.501      6.44935
      3992.40      194.512      6.52245
      3993.80      203.340      6.63798
      3995.20      187.543      6.29348
      3996.60      197.268      6.45155
      3998.00      203.832      6.57143
      3999.40      195.000      6.49060
      4000.80      197.986      6.64336
      4002.20      198.884      6.66044
      4003.60      195.234      6.49545
      4005.00      198.394      6.36393
      4006.40      206.927      6.46791
      4007.80      207.406      6.52050
      4009.20      206.340      6.57919
      4010.60      193.685      6.27343
      4012.00      194.494      6.15511
      4013.40      204.376      6.34658
      4014.80      204.268      6.34810
      4016.20      201.630      6.32116
      4017.60      197.153      6.27282
      4019.00      201.496      6.53538
      4020.40      197.066      6.28501
      4021.80      201.510      6.35345
      4023.20      200.222      6.29307
      4024.60      196.022      6.30760
      4026.00      197.398      6.26960
      4027.40      201.620      6.29982
      4028.80      189.308      6.06907
      4030.20      197.923      6.21823
      4031.60      199.397      6.24355
      4033.00      200.750      6.28945
      4034.40      202.050      6.34040
      4035.80      202.612      8.90292
      4037.20      201.546      7.15219
      4038.60      201.109      7.08511
      4040.00      203.415      6.60355
      4041.40      200.997      6.38766
      4042.80      203.746      6.36226
      4044.20      193.745      6.24260
      4045.60      199.081      6.38913
      4047.00      200.640      6.51820
      4048.40      202.294      6.50345
      4049.80      212.083      6.64625
      4051.20      198.880      6.40876
      4052.60      189.594      6.15369
      4054.00      200.653      6.35193
      4055.40      195.402      6.28842
      4056.80      192.582      6.29550
      4058.20      198.764      6.34635
      4059.60      191.311      6.26970
      4061.00      177.984      6.04096
      4062.40      196.086      6.32612
      4063.80      189.867      6.22079
      4065.20      192.414      6.30319
      4066.60      192.506      6.36810
      4068.00      194.651      6.48948
      4069.40      189.278      6.42709
      4070.80      183.147      6.26662
      4072.20      185.209      6.20231
      4073.60      191.796      6.24413
      4075.00      187.250      6.09936
      4076.40      177.069      5.93859
      4077.80      170.777      5.83156
      4079.20      178.093      5.89202
      4080.60      176.885      5.83729
      4082.00      170.409      5.91697
      4083.40      175.777      5.90314
      4084.80      174.820      5.71211
      4086.20      161.597      5.45265
      4087.60      166.194      5.51592
      4089.00      158.501      5.31896
      4090.40      156.796      5.33996
      4091.80      140.463      5.06577
      4093.20      137.821      5.17100
      4094.60      122.541      4.63718
      4096.00      119.278      4.50962
      4097.40      103.002      4.22205
      4098.80      85.6105      3.87041
      4100.20      62.7921      3.35395
      4101.60      69.5659      3.42853
      4103.00      84.9101      3.75756
      4104.40      104.810      4.14798
      4105.80      120.651      4.49000
      4107.20      129.636      4.73040
      4108.60      128.615      4.73804
      4110.00      136.223      4.75118
      4111.40      157.901      5.12053
      4112.80      158.413      5.17279
      4114.20      159.451      5.32750
      4115.60      160.104      5.47218
      4117.00      165.897      5.48146
      4118.40      166.262      5.41995
      4119.80      169.311      5.35207
      4121.20      174.078      5.46154
      4122.60      166.500      5.40300
      4124.00      183.639      5.71584
      4125.40      182.066      5.63419
      4126.80      177.032      5.73814
      4128.20      175.686      5.51550
      4129.60      173.512      5.61526
      4131.00      173.109      5.67239
      4132.40      180.536      5.68061
      4133.80      179.467      5.59165
      4135.20      182.228      5.62223
      4136.60      181.127      5.78727
      4138.00      184.084      5.68712
      4139.40      181.666      5.61136
      4140.80      180.920      5.78762
      4142.20      179.579      5.62275
      4143.60      173.825      5.43432
      4145.00      181.725      5.63564
      4146.40      181.751      5.67775
      4147.80      179.275      5.48430
      4149.20      182.384      5.49454
      4150.60      178.490      5.42739
      4152.00      178.184      5.40177
      4153.40      182.799      5.44182
      4154.80      177.847      5.37935
      4156.20      177.406      5.43855
      4157.60      179.499      5.53074
      4159.00      183.320      5.56851
      4160.40      185.901      5.52922
      4161.80      181.137      5.40419
      4163.20      182.185      5.45067
      4164.60      187.639      5.55947
      4166.00      184.786      5.46056
      4167.40      184.138      5.45708
      4168.80      179.817      5.38052
      4170.20      188.488      5.54557
      4171.60      174.833      5.33456
      4173.00      177.791      5.33436
      4174.40      172.693      5.20084
      4175.80      181.510      5.33973
      4177.20      179.740      5.30050
      4178.60      177.315      5.31378
      4180.00      188.057      5.49933
      4181.40      186.405      5.37273
      4182.80      181.057      5.24893
      4184.20      178.874      5.22857
      4185.60      176.761      5.31739
      4187.00      179.813      5.34208
      4188.40      179.729      5.34391
      4189.80      180.499      5.23913
      4191.20      184.215      5.31562
      4192.60      182.729      5.28683
      4194.00      182.456      5.32249
      4195.40      182.538      5.29041
      4196.80      176.989      5.17876
      4198.20      181.121      5.33420
      4199.60      177.790      5.32881
      4201.00      172.416      5.16142
      4202.40      177.432      5.15939
      4203.80      186.398      5.29473
      4205.20      176.001      5.12974
      4206.60      180.578      5.24218
      4208.00      180.605      5.24166
      4209.40      179.403      5.26278
      4210.80      176.988      5.13462
      4212.20      182.854      5.23816
      4213.60      177.655      5.16416
      4215.00      171.538      5.18319
      4216.40      181.573      5.42065
      4217.80      179.024      5.27649
      4219.20      181.587      5.32642
      4220.60      179.872      5.71850
      4222.00      177.280      5.44397
      4223.40      178.125      5.30242
      4224.80      171.922      5.10353
      4226.20      170.670      4.97144
      4227.60      168.260      4.91317
      4229.00      174.695      5.09925
      4230.40      181.119      5.27694
      4231.80      170.978      5.05095
      4233.20      173.562      5.05759
      4234.60      182.988      5.24003
      4236.00      181.037      5.10993
      4237.40      174.525      4.98647
      4238.80      176.472      5.05773
      4240.20      177.551      5.12042
      4241.60      177.531      5.26136
      4243.00      175.815      5.14820
      4244.40      177.327      5.11256
      4245.80      169.560      4.90215
      4247.20      178.747      5.06014
      4248.60      177.983      5.07210
      4250.00      171.476      4.97286
      4251.40      174.120      5.03312
      4252.80      170.581      4.99871
      4254.20      171.958      5.03972
      4255.60      172.697      4.93575
      4257.00      174.133      5.00761
      4258.40      174.687      5.22838
      4259.80      167.185      5.13601
      4261.20      177.084      5.14130
      4262.60      179.364      5.11149
      4264.00      188.204      5.30437
      4265.40      173.821      5.12224
      4266.80      173.492      5.10516
      4268.20      181.494      5.20956
      4269.60      168.908      4.94072
      4271.00      167.612      4.88596
      4272.40      164.197      4.84293
      4273.80      175.682      5.02537
      4275.20      174.824      5.08516
      4276.60      172.588      4.99410
      4278.00      172.064      5.03372
      4279.40      173.738      4.99086
      4280.80      168.925      4.93509
      4282.20      173.201      5.03009
      4283.60      171.468      5.02831
      4285.00      169.740      4.91104
      4286.40      173.023      5.00458
      4287.80      173.928      4.92016
      4289.20      159.880      4.68291
      4290.60      168.736      4.94891
      4292.00      169.620      4.94340
      4293.40      163.364      4.80546
      4294.80      163.120      4.74947
      4296.20      160.273      4.66910
      4297.60      157.434      4.65449
      4299.00      153.862      4.54511
      4300.40      154.528      4.56516
      4301.80      163.599      4.76482
      4303.20      160.706      4.71498
      4304.60      166.962      4.84232
      4306.00      164.031      4.77501
      4307.40      154.008      4.57017
      4308.80      161.269      4.70623
      4310.20      164.261      4.80610
      4311.60      161.876      4.80601
      4313.00      148.794      4.59083
      4314.40      149.137      4.55379
      4315.80      155.489      4.61571
      4317.20      162.932      4.72468
      4318.60      158.798      4.63973
      4320.00      156.393      4.57491
      4321.40      147.095      4.39004
      4322.80      152.162      4.44668
      4324.20      137.469      4.15019
      4325.60      134.423      4.11449
      4327.00      144.408      4.29651
      4328.40      138.781      4.19122
      4329.80      129.166      4.02083
      4331.20      122.205      3.86380
      4332.60      118.093      3.81188
      4334.00      112.881      3.71243
      4335.40      100.781      3.52500
      4336.80      86.7381      3.41525
      4338.20      68.1995      3.13240
      4339.60      53.1731      2.80520
      4341.00      68.4344      2.99052
      4342.40      87.4400      3.29982
      4343.80      99.8916      3.52760
      4345.20      106.950      3.62937
      4346.60      120.240      3.85806
      4348.00      127.346      4.00936
      4349.40      123.914      4.05369
      4350.80      128.571      4.12509
      4352.20      129.105      3.99779
      4353.60      145.341      4.30333
      4355.00      143.925      4.27446
      4356.40      148.575      4.39377
      4357.80      149.081      4.52775
      4359.20      145.993      4.77207
      4360.60      159.963      4.89754
      4362.00      159.708      4.62593
      4363.40      158.411      4.52610
      4364.80      160.126      4.57950
      4366.20      155.952      4.49147
      4367.60      155.132      4.47039
      4369.00      158.336      4.56064
      4370.40      158.894      4.71775
      4371.80      161.552      4.59912
      4373.20      159.331      4.54172
      4374.60      158.959      4.53785
      4376.00      160.496      4.57068
      4377.40      167.712      4.66471
      4378.80      170.386      4.69995
      4380.20      162.409      4.55534
      4381.60      156.721      4.44791
      4383.00      152.208      4.36744
      4384.40      149.676      4.35962
      4385.80      163.629      4.70304
      4387.20      163.039      4.68804
      4388.60      169.483      4.70300
      4390.00      168.288      4.69493
      4391.40      163.931      4.70085
      4392.80      155.848      4.63150
      4394.20      159.064      4.66483
      4395.60      162.601      4.66690
      4397.00      162.640      4.65771
      4398.40      158.741      4.60896
      4399.80      157.680      4.62397
      4401.20      157.397      4.72521
      4402.60      150.447      4.49086
      4404.00      156.083      4.43639
      4405.40      165.622      4.60082
      4406.80      165.695      4.63110
      4408.20      166.199      4.68651
      4409.60      157.994      4.53087
      4411.00      159.543      4.54357
      4412.40      159.679      4.47315
      4413.80      157.932      4.43767
      4415.20      152.067      4.31796
      4416.60      150.353      4.29970
      4418.00      158.139      4.43563
      4419.40      157.008      4.41085
      4420.80      153.873      4.42792
      4422.20      160.353      4.49878
      4423.60      155.886      4.53545
      4425.00      155.225      4.44798
      4426.40      154.151      4.37185
      4427.80      155.227      4.35669
      4429.20      157.164      4.51131
      4430.60      159.267      4.49960
      4432.00      160.380      4.56928
      4433.40      157.782      4.42089
      4434.80      154.466      4.33842
      4436.20      156.439      4.40733
      4437.60      154.154      4.38250
      4439.00      151.667      4.28555
      4440.40      155.790      4.31689
      4441.80      147.263      4.17018
      4443.20      149.487      4.24035
      4444.60      156.344      4.45355
      4446.00      152.187      4.43719
      4447.40      155.142      4.40147
      4448.80      154.374      4.31044
      4450.20      151.239      4.25337
      4451.60      154.812      4.37634
      4453.00      152.420      4.35417
      4454.40      148.684      4.24186
      4455.80      154.528      4.30902
      4457.20      154.192      4.27130
      4458.60      158.041      4.33650
      4460.00      157.390      4.32993
      4461.40      146.568      4.13948
      4462.80      154.335      4.30883
      4464.20      151.680      4.27378
      4465.60      154.936      4.30377
      4467.00      155.683      4.31196
      4468.40      147.306      4.18402
      4469.80      153.594      4.32938
      4471.20      155.089      4.37153
      4472.60      153.796      4.34003
      4474.00      151.800      4.28445
      4475.40      154.541      4.40105
      4476.80      155.225      4.34293
      4478.20      153.349      4.29272
      4479.60      142.191      4.06156
      4481.00      134.773      3.92382
      4482.40      149.770      4.19059
      4483.80      147.468      4.19975
      4485.20      152.070      4.22287
      4486.60      153.026      4.28298
      4488.00      153.358      4.32131
      4489.40      153.624      4.33475
      4490.80      152.670      4.27093
      4492.20      152.719      4.22770
      4493.60      148.842      4.20220
      4495.00      150.863      4.29052
      4496.40      147.017      4.20883
      4497.80      145.471      4.10033
      4499.20      150.369      4.16780
      4500.60      147.896      4.19645
      4502.00      146.194      4.17149
      4503.40      147.612      4.24246
      4504.80      148.717      4.12382
      4506.20      152.509      4.19007
      4507.60      151.027      4.15130
      4509.00      145.340      4.07511
      4510.40      147.349      4.13885
      4511.80      148.326      4.17641
      4513.20      143.661      4.02628
      4514.60      149.580      4.14764
      4516.00      150.521      4.37310
      4517.40      146.273      4.18783
      4518.80      146.730      4.15882
      4520.20      148.470      4.13813
      4521.60      156.113      4.23911
      4523.00      151.641      4.17536
      4524.40      143.361      4.05849
      4525.80      151.817      4.20043
      4527.20      150.748      4.12684
      4528.60      143.238      3.99105
      4530.00      148.992      4.12316
      4531.40      152.651      4.21553
      4532.80      146.517      4.13649
      4534.20      144.951      4.10656
      4535.60      147.609      4.21125
      4537.00      151.308      4.18289
      4538.40      147.546      4.14365
      4539.80      146.350      4.14254
      4541.20      145.442      4.12541
      4542.60      145.967      4.21539
      4544.00      143.538      4.12061
      4545.40      149.655      4.23490
      4546.80      150.576      4.22691
      4548.20      133.632      3.89488
      4549.60      144.756      4.08444
      4551.00      146.192      4.16187
      4552.40      143.577      4.15151
      4553.80      138.907      4.07147
      4555.20      142.191      4.10281
      4556.60      146.016      4.12597
      4558.00      147.784      4.12658
      4559.40      144.322      4.12034
      4560.80      148.001      4.11425
      4562.20      149.305      4.13559
      4563.60      144.590      4.09109
      4565.00      146.087      4.11511
      4566.40      152.209      4.27967
      4567.80      146.615      4.05163
      4569.20      145.096      4.01752
      4570.60      144.405      4.00870
      4572.00      138.563      3.89791
      4573.40      151.717      4.14479
      4574.80      147.184      4.05496
      4576.20      148.217      4.07126
      4577.60      146.385      4.02998
      4579.00      156.891      4.21647
      4580.40      146.363      4.07747
      4581.80      137.732      3.99367
      4583.20      137.087      4.01374
      4584.60      140.169      4.04844
      4586.00      144.177      4.05475
      4587.40      138.628      3.88718
      4588.80      141.077      3.93984
      4590.20      143.134      4.01541
      4591.60      143.989      4.09844
      4593.00      144.878      4.13857
      4594.40      149.027      4.11861
      4595.80      144.522      4.02907
      4597.20      145.121      4.02630
      4598.60      145.860      4.03479
      4600.00      146.284      4.05417
      4601.40      141.519      3.96819
      4602.80      143.566      4.03007
      4604.20      146.088      3.99649
      4605.60      143.631      3.93556
      4607.00      144.663      3.97404
      4608.40      145.901      3.98796
      4609.80      137.459      3.82980
      4611.20      145.285      3.96916
      4612.60      147.429      4.00780
      4614.00      148.057      4.03745
      4615.40      147.328      4.10015
      4616.80      142.661      4.05128
      4618.20      141.258      4.05308
      4619.60      141.069      4.09984
      4621.00      139.595      3.95804
      4622.40      139.953      3.93825
      4623.80      144.482      4.00004
      4625.20      145.342      4.02062
      4626.60      141.142      3.95081
      4628.00      143.293      3.99430
      4629.40      139.119      3.91747
      4630.80      139.860      3.91991
      4632.20      140.839      3.97867
      4633.60      143.410      4.08802
      4635.00      140.217      3.97590
      4636.40      146.769      4.01771
      4637.80      142.519      3.99823
      4639.20      146.949      4.11446
      4640.60      139.321      3.93793
      4642.00      145.100      3.96814
      4643.40      142.470      3.94070
      4644.80      138.422      3.92644
      4646.20      138.759      3.96582
      4647.60      145.124      4.07072
      4649.00      139.884      3.93509
      4650.40      141.085      3.92670
      4651.80      137.362      3.83833
      4653.20      146.520      4.00094
      4654.60      140.863      3.92543
      4656.00      140.211      3.91305
      4657.40      137.198      3.83885
      4658.80      140.367      3.89641
      4660.20      139.351      3.88294
      4661.60      141.205      3.93252
      4663.00      138.712      3.90226
      4664.40      136.664      3.83768
      4665.80      138.375      3.85599
      4667.20      137.322      3.83231
      4668.60      135.264      3.84629
      4670.00      139.747      3.98475
      4671.40      143.351      4.00311
      4672.80      135.972      3.82254
      4674.20      139.105      3.88050
      4675.60      144.029      3.98362
      4677.00      136.079      3.83379
      4678.40      138.689      3.87256
      4679.80      136.258      3.88498
      4681.20      135.088      3.83871
      4682.60      137.554      4.01836
      4684.00      138.420      3.92438
      4685.40      136.406      3.87357
      4686.80      138.270      4.95619
      4688.20      138.852      4.57953
      4689.60      133.198      3.75220
      4691.00      136.710      3.82839
      4692.40      141.380      3.92584
      4693.80      138.342      3.90859
      4695.20      141.320      3.96958
      4696.60      131.672      3.78038
      4698.00      134.802      3.81342
      4699.40      134.680      3.79963
      4700.80      136.460      3.83856
      4702.20      138.191      3.89326
      4703.60      136.440      3.88269
      4705.00      138.031      3.92812
      4706.40      139.779      3.92552
      4707.80      133.941      3.80650
      4709.20      136.722      3.85681
      4710.60      137.157      3.94501
      4712.00      138.510      3.99667
      4713.40      137.411      3.92916
      4714.80      136.323      3.89220
      4716.20      132.991      3.84148
      4717.60      131.787      3.81924
      4719.00      133.277      3.85198
      4720.40      134.710      3.91061
      4721.80      133.841      3.90486
      4723.20      131.636      3.84410
      4724.60      136.608      3.90599
      4726.00      138.741      3.92372
      4727.40      133.042      3.86623
      4728.80      131.422      3.86058
      4730.20      133.192      3.95393
      4731.60      133.428      3.98912
      4733.00      131.655      3.94093
      4734.40      132.996      3.94310
      4735.80      131.696      3.92649
      4737.20      133.524      3.92459
      4738.60      135.987      3.91550
      4740.00      131.120      3.76468
      4741.40      136.069      3.81281
      4742.80      133.858      3.76205
      4744.20      134.453      3.78956
      4745.60      131.775      3.74116
      4747.00      134.549      3.74214
      4748.40      130.923      3.65833
      4749.80      135.576      3.76696
      4751.20      135.775      3.83210
      4752.60      128.126      3.65284
      4754.00      129.010      3.60566
      4755.40      132.679      3.66567
      4756.80      132.475      3.66368
      4758.20      130.129      3.61934
      4759.60      134.861      3.83175
      4761.00      132.242      3.69510
      4762.40      130.523      3.62554
      4763.80      130.438      3.60937
      4765.20      127.587      3.58302
      4766.60      125.795      3.56714
      4768.00      129.613      3.59627
      4769.40      129.285      3.57916
      4770.80      134.027      3.67339
      4772.20      127.295      3.63414
      4773.60      128.235      3.64849
      4775.00      132.399      3.66277
      4776.40      133.289      3.65254
      4777.80      127.505      3.55609
      4779.20      131.607      3.71649
      4780.60      132.032      3.65823
      4782.00      127.098      3.55407
      4783.40      130.647      3.59459
      4784.80      132.033      3.63749
      4786.20      128.154      3.55740
      4787.60      129.144      3.56237
      4789.00      131.346      3.66007
      4790.40      129.405      3.57503
      4791.80      129.510      3.59771
      4793.20      130.052      3.66418
      4794.60      131.797      3.71995
      4796.00      125.871      3.57848
      4797.40      124.766      3.52837
      4798.80      129.987      3.62978
      4800.20      123.255      3.52951
      4801.60      128.609      3.61367
      4803.00      123.638      3.48085
      4804.40      125.335      3.52045
      4805.80      129.145      3.61454
      4807.20      131.673      3.66423
      4808.60      130.976      3.64099
      4810.00      127.111      3.52629
      4811.40      123.137      3.45014
      4812.80      127.329      3.57664
      4814.20      127.405      3.67934
      4815.60      125.445      3.67342
      4817.00      120.930      3.55213
      4818.40      128.173      3.66248
      4819.80      120.802      3.44859
      4821.20      127.585      3.54068
      4822.60      120.895      3.45167
      4824.00      128.005      3.70067
      4825.40      124.191      3.64340
      4826.80      126.241      3.63509
      4828.20      122.127      3.48467
      4829.60      123.262      3.46654
      4831.00      124.095      3.49076
      4832.40      122.984      3.46231
      4833.80      123.820      3.47610
      4835.20      122.250      3.44599
      4836.60      123.916      3.49377
      4838.00      117.452      3.34494
      4839.40      121.746      3.44887
      4840.80      120.021      3.41418
      4842.20      115.166      3.31167
      4843.60      116.555      3.33296
      4845.00      111.062      3.24743
      4846.40      109.127      3.26781
      4847.80      110.763      3.27394
      4849.20      106.824      3.19731
      4850.60      108.531      3.25195
      4852.00      100.689      3.11624
      4853.40      96.5081      3.01793
      4854.80      88.3320      2.82547
      4856.20      81.6118      2.71760
      4857.60      76.2082      2.63485
      4859.00      58.7055      2.30118
      4860.40      54.4402      2.26154
      4861.80      60.0983      2.31834
      4863.20      67.8412      2.49535
      4864.60      82.9416      2.78406
      4866.00      86.0391      2.89389
      4867.40      94.2364      3.10635
      4868.80      97.8952      3.15726
      4870.20      100.967      3.24381
      4871.60      105.452      3.36436
      4873.00      110.161      3.50052
      4874.40      111.089      3.45120
      4875.80      111.977      3.30650
      4877.20      112.725      3.29574
      4878.60      116.893      3.44839
      4880.00      113.446      3.46107
      4881.40      116.080      3.45695
      4882.80      115.939      3.37752
      4884.20      117.835      3.36222
      4885.60      117.484      3.38814
      4887.00      116.700      3.30329
      4888.40      118.696      3.38954
      4889.80      118.740      3.35031
      4891.20      121.304      3.40251
      4892.60      119.583      3.37359
      4894.00      125.021      3.44423
      4895.40      124.026      3.48140
      4896.80      127.564      3.52127
      4898.20      126.524      3.49919
      4899.60      126.346      3.49818
      4901.00      126.961      3.57856
      4902.40      123.204      3.43148
      4903.80      118.911      3.30615
      4905.20      126.764      3.42563
      4906.60      122.617      3.39161
      4908.00      123.974      3.39722
      4909.40      125.034      3.40754
      4910.80      123.069      3.36844
      4912.20      126.322      3.40389
      4913.60      126.826      3.43362
      4915.00      123.758      3.40785
      4916.40      121.899      3.38375
      4917.80      123.363      3.37708
      4919.20      123.123      3.35210
      4920.60      125.891      3.39608
      4922.00      119.496      3.27749
      4923.40      118.925      3.27597
      4924.80      126.277      3.41945
      4926.20      124.382      3.39956
      4927.60      123.639      3.41064
      4929.00      121.117      3.35566
      4930.40      125.146      3.42564
      4931.80      126.931      3.46379
      4933.20      124.891      3.46123
      4934.60      122.853      3.41168
      4936.00      125.945      3.45805
      4937.40      126.625      3.46022
      4938.80      125.472      3.38813
      4940.20      128.447      3.42020
      4941.60      128.027      3.45385
      4943.00      123.968      3.45167
      4944.40      126.412      3.51916
      4945.80      127.865      3.52075
      4947.20      125.753      3.46310
      4948.60      130.171      3.52164
      4950.00      123.592      3.37982
      4951.40      123.624      3.32417
      4952.80      125.322      3.35201
      4954.20      123.971      3.33616
      4955.60      117.276      3.22816
      4957.00      122.998      3.31331
      4958.40      120.957      3.28166
      4959.80      123.381      3.33052
      4961.20      125.639      3.36377
      4962.60      127.193      3.37438
      4964.00      125.432      3.34186
      4965.40      127.460      3.44924
      4966.80      125.428      3.42293
      4968.20      124.519      3.39681
      4969.60      124.417      3.37144
      4971.00      127.052      3.39920
      4972.40      127.238      3.40872
      4973.80      124.879      3.39130
      4975.20      122.901      3.30630
      4976.60      123.910      3.37547
      4978.00      124.611      3.42178
      4979.40      119.678      3.27572
      4980.80      123.203      3.38039
      4982.20      121.236      3.31652
      4983.60      120.750      3.28670
      4985.00      122.080      3.34671
      4986.40      124.862      3.34536
      4987.80      124.145      3.39185
      4989.20      123.691      3.38140
      4990.60      122.841      3.32431
      4992.00      122.578      3.29409
      4993.40      122.651      3.33049
      4994.80      121.631      3.36013
      4996.20      123.117      3.36238
      4997.60      124.981      3.33567
      4999.00      124.384      3.30860
