      3900.00      791.660      20.1614
      3901.40      781.355      19.8856
      3902.80      832.357      20.6181
      3904.20      863.253      21.2204
      3905.60      867.495      22.0091
      3907.00      880.564      21.7415
      3908.40      835.171      20.6582
      3909.80      859.715      20.9291
      3911.20      881.111      21.1939
      3912.60      911.178      21.6470
      3914.00      907.536      21.5598
      3915.40      873.760      21.1566
      3916.80      892.712      21.0726
      3918.20      900.084      21.1572
      3919.60      900.235      21.2631
      3921.00      926.893      21.6788
      3922.40      940.561      21.9741
      3923.80      873.470      21.0188
      3925.20      858.239      20.7881
      3926.60      837.705      20.3443
      3928.00      662.882      17.3630
      3929.40      441.336      13.7825
      3930.80      589.572      16.1364
      3932.20      784.804      19.4025
      3933.60      805.800      19.8300
      3935.00      854.733      20.8293
      3936.40      866.992      21.0902
      3937.80      876.224      20.9971
      3939.20      867.280      20.9669
      3940.60      827.732      20.9241
      3942.00      861.253      21.3318
      3943.40      829.339      21.1067
      3944.80      877.030      22.0819
      3946.20      868.892      22.0632
      3947.60      839.413      21.6633
      3949.00      851.974      21.8620
      3950.40      839.856      22.0147
      3951.80      794.803      20.8426
      3953.20      777.242      20.4377
      3954.60      758.378      20.6669
      3956.00      740.947      19.3483
      3957.40      705.207      18.3110
      3958.80      671.233      17.5794
      3960.20      644.416      16.9624
      3961.60      587.685      15.8153
      3963.00      421.225      12.8970
      3964.40      273.400      10.4001
      3965.80      227.011      9.44227
      3967.20      357.096      11.6046
      3968.60      463.343      13.3702
      3970.00      529.822      14.4294
      3971.40      620.761      15.9662
      3972.80      658.694      16.6896
      3974.20      693.573      17.1988
      3975.60      734.879      19.1957
      3977.00      756.099      68.2411
      3978.40      816.874      21.7190
      3979.80      801.034      18.6388
      3981.20      812.577      18.8180
      3982.60      820.526      18.7763
      3984.00      839.113      19.0801
      3985.40      854.956      19.3174
      3986.80      838.178      19.0726
      3988.20      873.570      19.6661
      3989.60      872.702      19.6425
      3991.00      874.247      19.5156
      3992.40      871.300      19.4181
      3993.80      852.804      19.0719
      3995.20      872.555      20.7582
      3996.60      864.271      20.7640
      3998.00      891.945      19.8470
      3999.40      863.966      19.3705
      4000.80      886.788      19.7251
      4002.20      869.644      19.4121
      4003.60      880.853      19.7374
      4005.00      879.694      19.5659
      4006.40      903.186      19.8959
      4007.80      875.393      19.4105
      4009.20      882.764      19.6465
      4010.60      880.988      19.4928
      4012.00      886.054      19.9331
      4013.40      908.933      19.9720
      4014.80      882.815      19.5900
      4016.20      901.202      19.8657
      4017.60      891.039      20.0010
      4019.00      869.499      19.4009
      4020.40      881.832      19.6184
      4021.80      889.554      19.9054
      4023.20      900.642      19.8312
      4024.60      888.615      19.6427
      4026.00      890.543      19.9087
      4027.40      884.168      19.6946
      4028.80      892.013      19.9172
      4030.20      868.611      19.6009
      4031.60      913.687      20.2737
      4033.00      898.805      19.9421
      4034.40      910.530      20.0530
      4035.80      901.859      20.7844
      4037.20      901.218      20.1865
      4038.60      881.493      19.7995
      4040.00      875.060      19.8093
      4041.40      862.779      19.5756
      4042.80      871.803      19.7206
      4044.20      891.585      19.9477
      4045.60      910.713      20.5708
      4047.00      910.505      20.4813
      4048.40      900.963      20.0973
      4049.80      872.508      19.5338
      4051.20      904.042      20.0598
      4052.60      887.781      19.7842
      4054.00      897.274      19.8347
      4055.40      892.575      20.0640
      4056.80      869.328      19.1104
      4058.20      870.144      19.0271
      4059.60      835.413      18.6427
      4061.00      831.709      18.7038
      4062.40      864.854      19.3574
      4063.80      853.099      18.8369
      4065.20      869.680      19.3262
      4066.60      847.550      18.7842
      4068.00      795.764      17.8798
      4069.40      852.867      18.5989
      4070.80      876.216      18.8829
      4072.20      836.887      18.2640
      4073.60      791.624      17.6048
      4075.00      839.421      18.3698
      4076.40      835.019      18.3093
      4077.80      804.266      17.8302
      4079.20      791.978      17.6071
      4080.60      775.760      17.2911
      4082.00      789.968      17.5354
      4083.40      788.873      17.5898
      4084.80      776.241      17.2801
      4086.20      747.145      16.8880
      4087.60      705.681      16.2624
      4089.00      694.030      16.0966
      4090.40      666.950      15.5574
      4091.80      626.301      14.8077
      4093.20      588.607      14.1911
      4094.60      504.078      12.8858
      4096.00      372.528      10.7706
      4097.40      270.292      9.15297
      4098.80      353.886      10.3980
      4100.20      470.243      12.2113
      4101.60      574.852      13.8760
      4103.00      623.787      14.7127
      4104.40      666.635      15.4239
      4105.80      681.280      15.7539
      4107.20      694.944      15.9219
      4108.60      763.041      16.9897
      4110.00      770.372      17.1252
      4111.40      782.375      17.6165
      4112.80      785.161      17.8819
      4114.20      787.136      17.3563
      4115.60      820.613      17.8276
      4117.00      807.057      17.6400
      4118.40      795.482      17.6068
      4119.80      850.925      18.3880
      4121.20      833.714      18.0560
      4122.60      834.369      18.0518
      4124.00      830.305      17.9321
      4125.40      831.526      18.1229
      4126.80      817.762      17.7366
      4128.20      816.534      17.4895
      4129.60      830.400      17.7272
      4131.00      834.236      17.8004
      4132.40      864.720      18.3812
      4133.80      853.741      18.4415
      4135.20      845.159      17.9732
      4136.60      876.411      18.3958
      4138.00      854.704      17.9769
      4139.40      840.216      17.7220
      4140.80      856.212      17.9635
      4142.20      848.099      17.8608
      4143.60      844.767      18.0389
      4145.00      850.338      17.9156
      4146.40      835.497      17.7554
      4147.80      843.669      17.8118
      4149.20      847.172      17.6777
      4150.60      832.451      17.3464
      4152.00      827.561      17.2797
      4153.40      832.270      17.3898
      4154.80      837.270      17.5114
      4156.20      833.823      17.6432
      4157.60      837.716      17.4622
      4159.00      864.761      17.8355
      4160.40      831.785      17.3584
      4161.80      839.208      17.5340
      4163.20      840.633      17.5669
      4164.60      848.548      17.6681
      4166.00      859.901      18.0510
      4167.40      826.036      17.2880
      4168.80      806.204      16.9817
      4170.20      839.821      17.4597
      4171.60      826.804      17.5617
      4173.00      812.243      17.1675
      4174.40      804.840      16.9856
      4175.80      826.616      17.2696
      4177.20      823.974      17.3685
      4178.60      824.213      17.2144
      4180.00      836.004      17.8602
      4181.40      846.880      17.7099
      4182.80      853.058      17.6273
      4184.20      808.727      17.2233
      4185.60      837.535      17.3202
      4187.00      838.618      17.2859
      4188.40      831.765      17.1682
      4189.80      853.124      17.6187
      4191.20      834.290      17.5591
      4192.60      824.719      17.1565
      4194.00      800.305      16.7796
      4195.40      826.293      17.1494
      4196.80      799.186      16.6778
      4198.20      823.524      16.9923
      4199.60      851.790      17.4043
      4201.00      842.782      17.2200
      4202.40      840.570      17.1667
      4203.80      830.227      16.9995
      4205.20      837.499      17.1360
      4206.60      820.010      16.8906
      4208.00      834.216      17.0967
      4209.40      825.462      17.1827
      4210.80      813.193      16.7009
      4212.20      812.186      16.6599
      4213.60      825.960      16.8682
      4215.00      850.160      17.1770
      4216.40      830.495      16.8308
      4217.80      812.577      16.5221
      4219.20      824.244      16.6677
      4220.60      808.787      16.4312
      4222.00      760.156      15.7128
      4223.40      790.911      17.1069
      4224.80      804.948      25.2498
      4226.20      867.488      17.8569
      4227.60      816.255      16.6148
      4229.00      778.119      16.0173
      4230.40      814.375      16.5656
      4231.80      819.067      16.5721
      4233.20      822.732      16.6580
      4234.60      826.530      16.7162
      4236.00      829.896      16.7717
      4237.40      832.162      16.7676
      4238.80      830.357      16.7830
      4240.20      825.883      16.8141
      4241.60      818.665      16.5471
      4243.00      815.353      16.5143
      4244.40      824.595      16.8103
      4245.80      798.489      16.1997
      4247.20      805.113      16.3528
      4248.60      801.664      16.4494
      4250.00      821.239      16.5921
      4251.40      820.744      16.5174
      4252.80      821.465      16.5045
      4254.20      812.333      16.4090
      4255.60      786.080      16.0495
      4257.00      814.337      16.4704
      4258.40      830.797      16.7119
      4259.80      831.213      16.6741
      4261.20      844.939      16.9254
      4262.60      839.271      16.9545
      4264.00      834.786      16.6758
      4265.40      826.139      16.5153
      4266.80      791.051      15.9514
      4268.20      793.018      15.9800
      4269.60      809.028      16.2239
      4271.00      814.508      16.3378
      4272.40      825.326      16.4908
      4273.80      827.293      16.5110
      4275.20      820.533      16.3779
      4276.60      830.335      16.5653
      4278.00      821.858      16.3717
      4279.40      811.053      16.1813
      4280.80      807.144      16.1116
      4282.20      812.334      16.2382
      4283.60      799.178      16.0674
      4285.00      783.778      15.8032
      4286.40      777.681      15.6812
      4287.80      822.864      16.3457
      4289.20      780.695      15.6871
      4290.60      789.987      15.8073
      4292.00      796.280      16.1693
      4293.40      787.245      15.7120
      4294.80      755.072      15.2238
      4296.20      738.282      14.9950
      4297.60      745.729      15.1603
      4299.00      760.500      15.4310
      4300.40      783.824      15.7901
      4301.80      792.986      15.8793
      4303.20      757.023      15.2628
      4304.60      760.355      15.2765
      4306.00      792.739      15.7715
      4307.40      785.882      15.6627
      4308.80      760.243      15.2858
      4310.20      731.547      14.8500
      4311.60      749.953      15.1444
      4313.00      775.858      15.5402
      4314.40      750.089      15.1243
      4315.80      750.414      15.1187
      4317.20      741.005      14.9573
      4318.60      740.758      14.9559
      4320.00      699.464      14.2949
      4321.40      677.005      13.9892
      4322.80      702.281      14.4982
      4324.20      688.762      14.1861
      4325.60      671.278      13.8802
      4327.00      642.781      13.5004
      4328.40      627.304      13.1868
      4329.80      596.553      12.8385
      4331.20      560.385      12.1416
      4332.60      508.728      11.2995
      4334.00      408.346      9.77473
      4335.40      296.090      8.04343
      4336.80      303.485      8.10476
      4338.20      411.054      9.81701
      4339.60      501.802      11.3210
      4341.00      554.959      12.1195
      4342.40      615.468      13.0194
      4343.80      627.158      13.2479
      4345.20      639.978      13.7163
      4346.60      643.928      13.5194
      4348.00      663.283      13.8183
      4349.40      711.920      14.5203
      4350.80      711.160      14.5070
      4352.20      730.333      14.8109
      4353.60      742.502      15.3450
      4355.00      762.570      15.6606
      4356.40      752.028      15.1668
      4357.80      745.730      15.3733
      4359.20      764.483      16.0862
      4360.60      752.635      15.6809
      4362.00      773.307      15.6151
      4363.40      755.444      15.2737
      4364.80      768.270      15.4090
      4366.20      767.973      15.5198
      4367.60      765.522      15.3818
      4369.00      771.483      15.4466
      4370.40      759.635      15.3035
      4371.80      775.906      15.6751
      4373.20      797.159      15.9081
      4374.60      774.714      15.5552
      4376.00      788.658      15.7431
      4377.40      759.599      15.2634
      4378.80      731.007      14.8223
      4380.20      735.505      14.8645
      4381.60      762.249      15.2561
      4383.00      777.235      15.5001
      4384.40      774.188      15.4584
      4385.80      782.130      15.7566
      4387.20      773.320      17.0030
      4388.60      778.541      15.6602
      4390.00      743.219      14.8289
      4391.40      739.157      14.7392
      4392.80      756.148      15.0079
      4394.20      754.410      14.9758
      4395.60      733.883      14.6765
      4397.00      745.772      15.3081
      4398.40      750.813      15.3521
      4399.80      742.342      14.7941
      4401.20      738.398      14.7528
      4402.60      771.274      15.2685
      4404.00      767.820      15.2536
      4405.40      765.411      15.2268
      4406.80      769.785      15.3289
      4408.20      774.484      15.2963
      4409.60      746.017      14.8104
      4411.00      719.371      14.4431
      4412.40      729.392      14.6505
      4413.80      716.701      14.4243
      4415.20      759.965      15.0426
      4416.60      754.141      14.9666
      4418.00      756.262      14.9895
      4419.40      761.959      15.0622
      4420.80      769.106      15.1889
      4422.20      740.545      14.7805
      4423.60      748.687      14.8790
      4425.00      761.730      15.0327
      4426.40      763.652      15.0903
      4427.80      749.572      14.8914
      4429.20      762.821      15.0611
      4430.60      736.636      14.6227
      4432.00      752.731      14.8584
      4433.40      783.309      15.3139
      4434.80      764.930      15.0666
      4436.20      754.486      15.2376
      4437.60      732.732      14.6706
      4439.00      722.805      14.4648
      4440.40      728.581      14.5321
      4441.80      740.341      14.9823
      4443.20      739.568      14.6366
      4444.60      741.876      14.6545
      4446.00      746.202      14.7241
      4447.40      751.862      15.0646
      4448.80      759.089      15.0124
      4450.20      750.530      14.8379
      4451.60      755.228      14.8773
      4453.00      762.133      15.0308
      4454.40      754.598      14.8478
      4455.80      761.403      14.9208
      4457.20      770.526      15.0451
      4458.60      749.370      14.7091
      4460.00      746.868      14.7173
      4461.40      746.943      14.7372
      4462.80      729.684      14.4560
      4464.20      713.521      14.1710
      4465.60      728.400      14.3744
      4467.00      747.711      14.6818
      4468.40      749.065      14.6838
      4469.80      762.094      14.8455
      4471.20      747.063      14.6039
      4472.60      740.871      14.5994
      4474.00      734.664      14.4861
      4475.40      735.065      14.5627
      4476.80      705.539      14.1099
      4478.20      740.227      14.6145
      4479.60      741.104      14.7417
      4481.00      746.144      14.8060
      4482.40      739.352      14.5089
      4483.80      739.021      14.5233
      4485.20      744.928      14.6059
      4486.60      725.886      14.3383
      4488.00      740.006      14.5653
      4489.40      742.499      14.5877
      4490.80      727.506      14.3498
      4492.20      735.862      14.4901
      4493.60      745.581      14.8770
      4495.00      732.510      14.4588
      4496.40      708.787      14.0826
      4497.80      727.710      14.3860
      4499.20      736.843      14.5385
      4500.60      748.771      14.7198
      4502.00      766.767      14.9629
      4503.40      745.833      15.4435
      4504.80      717.456      14.3793
      4506.20      735.514      14.4836
      4507.60      756.050      14.8336
      4509.00      745.724      14.7117
      4510.40      732.794      14.4400
      4511.80      733.832      14.4646
      4513.20      743.508      14.6124
      4514.60      738.188      14.5427
      4516.00      737.609      14.6312
      4517.40      721.402      14.3218
      4518.80      714.056      14.2389
      4520.20      738.282      14.6672
      4521.60      770.816      15.3463
      4523.00      754.957      14.8019
      4524.40      727.356      14.3603
      4525.80      741.107      14.5293
      4527.20      738.700      14.4762
      4528.60      707.961      14.0222
      4530.00      701.421      13.9741
      4531.40      712.753      14.1378
      4532.80      743.694      14.5642
      4534.20      742.959      14.5097
      4535.60      750.371      14.6263
      4537.00      735.333      14.3774
      4538.40      748.987      14.6294
      4539.80      724.749      14.3850
      4541.20      735.982      14.3885
      4542.60      718.336      14.0578
      4544.00      693.747      13.6673
      4545.40      683.310      13.5045
      4546.80      717.637      13.9907
      4548.20      730.318      14.1905
      4549.60      711.206      14.9990
      4551.00      711.331      14.2321
      4552.40      711.522      13.8940
      4553.80      729.396      14.1436
      4555.20      728.774      14.0908
      4556.60      740.411      14.2645
      4558.00      717.927      13.9636
      4559.40      701.568      13.7821
      4560.80      711.787      13.9125
      4562.20      735.342      14.2975
      4563.60      743.672      14.4914
      4565.00      730.818      14.1289
      4566.40      716.250      13.8932
      4567.80      693.899      13.5540
      4569.20      696.730      13.5901
      4570.60      732.528      14.1686
      4572.00      729.304      14.1377
      4573.40      731.101      14.1758
      4574.80      732.539      14.1958
      4576.20      722.102      14.3114
      4577.60      707.641      13.7629
      4579.00      684.467      13.4292
      4580.40      707.485      13.8319
      4581.80      723.993      14.0154
      4583.20      719.412      13.9557
      4584.60      719.668      13.9477
      4586.00      718.781      13.9694
      4587.40      719.376      13.9459
      4588.80      702.581      13.6400
      4590.20      731.809      14.0934
      4591.60      721.164      13.9249
      4593.00      718.509      13.9037
      4594.40      730.445      14.2696
      4595.80      729.286      14.0505
      4597.20      726.439      13.9860
      4598.60      712.473      13.8555
      4600.00      727.572      14.0249
      4601.40      728.972      14.0577
      4602.80      733.444      14.1559
      4604.20      704.378      13.7178
      4605.60      728.503      14.0574
      4607.00      720.693      13.9149
      4608.40      703.005      13.6649
      4609.80      714.155      13.8980
      4611.20      731.704      14.1838
      4612.60      708.976      13.7980
      4614.00      709.171      13.7308
      4615.40      710.628      13.7337
      4616.80      705.399      13.6772
      4618.20      721.673      13.9282
      4619.60      724.724      13.9592
      4621.00      729.471      14.0436
      4622.40      711.198      13.7951
      4623.80      700.436      13.6105
      4625.20      701.461      13.6093
      4626.60      711.174      13.7361
      4628.00      707.937      13.7060
      4629.40      712.798      13.8254
      4630.80      714.370      13.8134
      4632.20      703.879      13.6415
      4633.60      688.521      13.4093
      4635.00      716.126      13.8916
      4636.40      713.530      13.7916
      4637.80      719.208      13.8738
      4639.20      717.651      13.8365
      4640.60      715.431      13.8245
      4642.00      718.732      13.8414
      4643.40      713.955      13.7488
      4644.80      722.580      13.8703
      4646.20      710.355      13.7426
      4647.60      713.135      13.7136
      4649.00      710.692      13.7240
      4650.40      703.480      13.8845
      4651.80      707.983      13.6545
      4653.20      697.202      13.4518
      4654.60      702.674      13.6653
      4656.00      704.330      13.5948
      4657.40      708.042      13.6807
      4658.80      710.520      13.9519
      4660.20      712.140      13.7493
      4661.60      707.003      13.6179
      4663.00      709.320      13.6241
      4664.40      705.454      13.5988
      4665.80      712.299      13.7090
      4667.20      724.301      13.9065
      4668.60      705.306      13.5916
      4670.00      700.961      13.5302
      4671.40      696.045      13.4427
      4672.80      700.119      13.5491
      4674.20      691.533      13.4453
      4675.60      705.376      13.6707
      4677.00      693.216      14.8094
      4678.40      701.881      13.6756
      4679.80      701.961      13.6749
      4681.20      693.446      13.5205
      4682.60      696.695      13.5850
      4684.00      703.938      13.7064
      4685.40      706.750      13.7546
      4686.80      686.185      13.3972
      4688.20      705.792      13.6956
      4689.60      712.651      13.8369
      4691.00      713.070      13.9292
      4692.40      713.394      13.8408
      4693.80      712.215      13.7776
      4695.20      711.966      13.7378
      4696.60      706.967      13.6476
      4698.00      692.742      13.4523
      4699.40      700.471      13.5821
      4700.80      705.079      13.6459
      4702.20      703.805      13.6002
      4703.60      694.911      13.4499
      4705.00      696.806      13.5550
      4706.40      703.019      13.6786
      4707.80      693.564      13.3960
      4709.20      691.741      13.3608
      4710.60      696.512      13.4245
      4712.00      719.033      13.7082
      4713.40      697.035      13.4195
      4714.80      703.451      13.6236
      4716.20      693.302      13.3147
      4717.60      693.227      13.3439
      4719.00      704.357      13.5195
      4720.40      685.112      13.1966
      4721.80      687.524      13.1573
      4723.20      699.870      13.3074
      4724.60      695.231      13.2274
      4726.00      698.357      13.4286
      4727.40      695.908      13.2998
      4728.80      701.127      13.3554
      4730.20      704.338      13.3781
      4731.60      693.309      13.2009
      4733.00      696.359      13.2678
      4734.40      678.942      12.9972
      4735.80      692.144      13.1728
      4737.20      691.312      13.1481
      4738.60      689.393      13.1534
      4740.00      690.914      13.2000
      4741.40      669.500      12.8474
      4742.80      675.444      12.8951
      4744.20      692.633      13.1600
      4745.60      690.087      13.1432
      4747.00      688.503      13.2380
      4748.40      677.961      12.9940
      4749.80      687.751      13.2140
      4751.20      664.993      12.7842
      4752.60      682.422      13.1049
      4754.00      687.319      13.1986
      4755.40      682.772      13.1069
      4756.80      689.439      13.1902
      4758.20      674.780      12.9195
      4759.60      683.373      13.0965
      4761.00      666.571      12.7467
      4762.40      686.997      13.0581
      4763.80      679.564      12.9585
      4765.20      671.709      12.9519
      4766.60      693.957      13.2232
      4768.00      673.869      12.9438
      4769.40      682.738      13.0495
      4770.80      676.042      12.8968
      4772.20      692.771      13.1614
      4773.60      686.348      13.0888
      4775.00      685.482      13.0856
      4776.40      691.952      13.1538
      4777.80      687.686      13.0917
      4779.20      678.189      12.9407
      4780.60      670.457      12.9546
      4782.00      680.888      12.9768
      4783.40      684.283      12.9946
      4784.80      675.644      12.8561
      4786.20      676.097      12.8553
      4787.60      674.884      12.8820
      4789.00      681.051      13.1072
      4790.40      664.012      12.7956
      4791.80      679.337      12.9828
      4793.20      671.148      12.8430
      4794.60      678.866      12.9724
      4796.00      675.631      12.9651
      4797.40      655.502      12.6654
      4798.80      677.326      12.9803
      4800.20      675.769      12.9136
      4801.60      665.635      12.7653
      4803.00      670.216      12.8542
      4804.40      664.576      12.7689
      4805.80      673.648      13.1341
      4807.20      669.004      13.0048
      4808.60      670.285      12.8573
      4810.00      663.606      12.7315
      4811.40      658.097      12.6539
      4812.80      659.378      12.6967
      4814.20      659.522      12.7395
      4815.60      658.689      12.7443
      4817.00      660.641      12.7542
      4818.40      641.315      12.6746
      4819.80      640.122      12.4758
      4821.20      650.158      12.6312
      4822.60      651.139      12.8658
      4824.00      632.528      12.4407
      4825.40      648.364      12.7588
      4826.80      641.809      12.5574
      4828.20      642.127      12.5330
      4829.60      638.776      12.5377
      4831.00      649.638      12.6274
      4832.40      630.164      12.3159
      4833.80      643.520      12.5325
      4835.20      645.572      12.5588
      4836.60      624.745      12.3470
      4838.00      620.627      12.1972
      4839.40      617.305      12.1472
      4840.80      612.536      12.0512
      4842.20      598.215      11.9025
      4843.60      590.480      11.7496
      4845.00      590.930      11.7282
      4846.40      566.133      11.3331
      4847.80      545.378      10.9847
      4849.20      538.158      10.9953
      4850.60      514.467      10.4731
      4852.00      472.216      9.81099
      4853.40      430.625      9.14909
      4854.80      347.235      7.74752
      4856.20      259.720      6.39954
      4857.60      283.677      6.74280
      4859.00      382.957      8.24226
      4860.40      447.050      9.31155
      4861.80      483.275      9.94278
      4863.20      523.042      10.5584
      4864.60      539.196      10.7598
      4866.00      553.344      11.0193
      4867.40      562.209      11.1172
      4868.80      577.527      11.2792
      4870.20      596.132      11.6085
      4871.60      592.968      11.4755
      4873.00      600.885      11.5967
      4874.40      595.556      11.5654
      4875.80      627.524      12.0277
      4877.20      625.089      11.9866
      4878.60      624.085      11.9723
      4880.00      625.355      12.1189
      4881.40      622.546      12.1067
      4882.80      612.677      11.8139
      4884.20      619.582      11.8861
      4885.60      607.118      11.6868
      4887.00      611.175      11.7409
      4888.40      633.487      12.0887
      4889.80      644.252      12.2618
      4891.20      636.046      12.1351
      4892.60      633.208      12.1466
      4894.00      639.848      12.1676
      4895.40      635.480      12.1038
      4896.80      637.892      12.1458
      4898.20      621.434      11.9421
      4899.60      635.967      12.1302
      4901.00      642.283      12.7265
      4902.40      644.951      13.4939
      4903.80      616.439      12.8167
      4905.20      633.831      12.1200
      4906.60      642.830      12.2292
      4908.00      636.654      12.1876
      4909.40      637.652      12.1644
      4910.80      658.513      12.4365
      4912.20      636.073      12.2273
      4913.60      612.830      11.7137
      4915.00      611.307      11.7426
      4916.40      618.093      11.9025
      4917.80      620.760      11.8471
      4919.20      607.818      11.6514
      4920.60      626.352      12.1749
      4922.00      634.531      12.2895
      4923.40      627.140      12.0015
      4924.80      642.142      12.1833
      4926.20      627.438      11.9632
      4927.60      625.149      11.9128
      4929.00      620.267      11.8260
      4930.40      609.704      11.7375
      4931.80      630.908      11.9884
      4933.20      634.512      12.0466
      4934.60      639.052      12.0935
      4936.00      636.432      12.0918
      4937.40      646.391      12.2310
      4938.80      629.197      11.9167
      4940.20      635.545      11.9998
      4941.60      642.424      12.1090
      4943.00      636.162      12.0451
      4944.40      632.312      11.9717
      4945.80      618.278      11.8551
      4947.20      633.791      12.1291
      4948.60      627.546      11.8949
      4950.00      622.665      11.8419
      4951.40      604.656      11.5782
      4952.80      610.128      11.6663
      4954.20      621.347      11.9510
      4955.60      634.452      12.0616
      4957.00      627.884      11.9059
      4958.40      626.528      11.8822
      4959.80      621.450      11.8011
      4961.20      619.424      11.7677
      4962.60      629.260      11.9148
      4964.00      626.695      11.8788
      4965.40      620.091      11.7918
      4966.80      621.833      11.8329
      4968.20      627.429      11.9249
      4969.60      625.158      11.8630
      4971.00      625.177      11.8526
      4972.40      610.959      11.6331
      4973.80      622.412      11.8302
      4975.20      622.830      11.8180
      4976.60      616.691      11.7335
      4978.00      623.297      11.8521
      4979.40      621.207      11.8222
      4980.80      625.385      11.8895
      4982.20      604.327      11.6050
      4983.60      622.995      11.8859
      4985.00      620.679      11.8355
      4986.40      614.963      11.7407
      4987.80      617.362      11.9372
      4989.20      618.892      11.7503
      4990.60      617.970      11.7208
      4992.00      620.505      11.7617
      4993.40      608.619      11.5952
      4994.80      612.471      11.7475
      4996.20      607.493      11.6363
      4997.60      615.661      11.7222
      4999.00      618.213      11.7799
