      3900.00      30.1331      2.39164
      3901.40      32.6267      2.30584
      3902.80      28.8811      2.22581
      3904.20      33.4764      2.32055
      3905.60      34.5938      2.34165
      3907.00      35.3775      2.44279
      3908.40      32.3353      2.40927
      3909.80      32.0215      2.32224
      3911.20      34.0983      2.33778
      3912.60      36.7578      2.45172
      3914.00      30.8024      2.39684
      3915.40      33.8817      2.70310
      3916.80      34.3208      2.56208
      3918.20      33.7506      2.34911
      3919.60      34.0887      2.30021
      3921.00      35.8281      2.44028
      3922.40      39.2053      2.58413
      3923.80      40.3805      2.63504
      3925.20      38.7451      2.58779
      3926.60      30.4041      2.31392
      3928.00      30.2771      2.17372
      3929.40      21.5311      1.84670
      3930.80      16.2168      1.68713
      3932.20      24.1372      1.86501
      3933.60      27.3250      1.99556
      3935.00      34.1090      2.16908
      3936.40      33.0827      2.23675
      3937.80      37.0558      2.21778
      3939.20      35.7052      2.18538
      3940.60      32.7667      2.13282
      3942.00      38.3163      2.29777
      3943.40      33.4626      2.30188
      3944.80      33.5593      2.35434
      3946.20      29.3337      2.18350
      3947.60      35.0069      2.26451
      3949.00      35.9896      2.32697
      3950.40      31.1128      2.27857
      3951.80      28.9959      2.27898
      3953.20      34.9933      2.40381
      3954.60      33.0923      2.32242
      3956.00      29.0700      2.17206
      3957.40      28.0839      2.15283
      3958.80      25.8165      2.08300
      3960.20      23.5505      2.03032
      3961.60      21.2742      1.91269
      3963.00      18.4473      1.76219
      3964.40      14.1395      1.58511
      3965.80      6.82930      1.39101
      3967.20      5.10132      1.33223
      3968.60      12.0884      1.45079
      3970.00      15.9400      1.58499
      3971.40      22.1532      1.75949
      3972.80      24.3604      1.82092
      3974.20      25.3440      1.93637
      3975.60      31.1080      1.99032
      3977.00      28.4260      1.97009
      3978.40      31.2779      2.06382
      3979.80      29.8088      2.00123
      3981.20      29.9402      2.01508
      3982.60      32.6264      2.15071
      3984.00      34.3541      2.25839
      3985.40      32.8579      2.19618
      3986.80      31.2291      2.06607
      3988.20      35.9315      2.15259
      3989.60      34.3533      2.14092
      3991.00      33.3946      2.13241
      3992.40      35.6213      2.17141
      3993.80      37.2610      2.19521
      3995.20      35.0215      2.12623
      3996.60      35.0440      2.09891
      3998.00      35.7171      2.28969
      3999.40      36.2003      2.34898
      4000.80      36.0639      2.26246
      4002.20      35.6825      2.17197
      4003.60      34.4170      2.07661
      4005.00      31.0853      1.99399
      4006.40      33.0200      2.03124
      4007.80      35.7962      2.14948
      4009.20      37.4053      2.14960
      4010.60      35.4053      2.11430
      4012.00      31.5856      2.12965
      4013.40      37.8036      2.31562
      4014.80      37.2113      2.25418
      4016.20      37.0150      2.18043
      4017.60      37.7160      2.17591
      4019.00      37.4004      2.12105
      4020.40      38.8258      2.18174
      4021.80      39.3218      2.17494
      4023.20      39.3456      2.19392
      4024.60      34.4942      2.05954
      4026.00      35.3112      2.11416
      4027.40      31.1613      2.03251
      4028.80      32.9304      2.01825
      4030.20      33.8491      2.01725
      4031.60      33.8207      2.04668
      4033.00      32.3273      1.99545
      4034.40      36.2801      2.18778
      4035.80      36.2396      2.23840
      4037.20      35.4296      2.06411
      4038.60      36.7118      2.07801
      4040.00      36.6729      2.08434
      4041.40      39.1517      2.12538
      4042.80      32.7175      2.01627
      4044.20      35.2869      2.19231
      4045.60      36.3241      2.26397
      4047.00      35.2120      2.18163
      4048.40      33.0001      2.10834
      4049.80      35.6908      2.07804
      4051.20      33.3463      1.99493
      4052.60      36.7450      2.04842
      4054.00      34.3455      1.99824
      4055.40      39.0093      2.10162
      4056.80      38.7627      2.11373
      4058.20      35.1727      2.01025
      4059.60      35.9146      2.02914
      4061.00      30.1587      1.90769
      4062.40      36.2323      2.05521
      4063.80      34.9253      2.00318
      4065.20      33.4957      2.04997
      4066.60      35.6295      2.18948
      4068.00      31.3594      1.96000
      4069.40      32.2352      1.95901
      4070.80      34.7708      2.04341
      4072.20      34.4559      2.08453
      4073.60      32.2784      1.96692
      4075.00      30.2524      1.88840
      4076.40      34.7215      2.00056
      4077.80      35.1250      2.00409
      4079.20      32.7014      1.95915
      4080.60      31.4812      2.13314
      4082.00      31.3558      2.04803
      4083.40      29.3740      1.92129
      4084.80      27.7253      1.80748
      4086.20      27.2672      1.81622
      4087.60      28.3097      1.88596
      4089.00      24.1206      1.75716
      4090.40      28.1924      1.81641
      4091.80      27.1149      1.79738
      4093.20      22.3423      1.68069
      4094.60      17.0857      1.57680
      4096.00      16.2588      1.52224
      4097.40      14.6292      1.49605
      4098.80      10.1390      1.41072
      4100.20      12.1290      1.42064
      4101.60      14.9573      1.47364
      4103.00      20.9563      1.59130
      4104.40      25.7640      1.71237
      4105.80      26.1325      1.74560
      4107.20      28.1512      1.85434
      4108.60      29.8770      1.85659
      4110.00      27.4717      1.77468
      4111.40      33.3879      1.90758
      4112.80      31.5134      1.86300
      4114.20      32.7848      1.89738
      4115.60      36.9789      2.06029
      4117.00      36.0223      2.22994
      4118.40      35.8075      2.31275
      4119.80      31.2271      1.98849
      4121.20      35.4782      1.93804
      4122.60      36.9786      2.02877
      4124.00      36.8918      2.06434
      4125.40      33.8326      1.93337
      4126.80      31.2617      1.85747
      4128.20      32.6984      1.88314
      4129.60      34.8313      1.95456
      4131.00      36.7792      2.00606
      4132.40      34.9110      1.92023
      4133.80      35.6999      1.99022
      4135.20      35.6118      1.94247
      4136.60      35.8611      1.94516
      4138.00      33.3423      1.89845
      4139.40      37.3778      1.96332
      4140.80      33.2692      1.90277
      4142.20      33.2168      1.97431
      4143.60      36.0995      1.99454
      4145.00      35.6504      1.93297
      4146.40      33.0233      1.88663
      4147.80      37.2781      1.96037
      4149.20      35.8043      1.92916
      4150.60      33.8316      1.87095
      4152.00      34.5950      1.89166
      4153.40      38.1836      2.01977
      4154.80      32.7437      2.05549
      4156.20      36.6143      2.14520
      4157.60      37.8259      1.97432
      4159.00      36.4188      1.93045
      4160.40      34.8267      1.97197
      4161.80      34.2222      1.98353
      4163.20      34.9053      1.90493
      4164.60      37.4504      1.98619
      4166.00      35.7116      2.02570
      4167.40      33.5410      1.91193
      4168.80      32.5546      1.84996
      4170.20      32.7385      1.84215
      4171.60      34.5355      1.87738
      4173.00      34.5735      1.92165
      4174.40      35.9918      1.87007
      4175.80      34.6316      1.83939
      4177.20      36.4861      1.89500
      4178.60      34.2318      1.87280
      4180.00      35.8714      1.89458
      4181.40      36.5192      1.91289
      4182.80      35.2588      1.86856
      4184.20      32.9675      1.87581
      4185.60      32.0420      1.90035
      4187.00      33.1613      2.00809
      4188.40      33.7752      1.86003
      4189.80      33.6435      1.82092
      4191.20      33.5992      1.82229
      4192.60      32.4171      1.82177
      4194.00      32.6769      2.04269
      4195.40      33.1068      1.98568
      4196.80      37.0490      1.88337
      4198.20      36.5928      1.87219
      4199.60      34.8012      1.86562
      4201.00      33.6767      1.94917
      4202.40      34.2883      1.89224
      4203.80      35.8206      1.89840
      4205.20      35.7392      1.99935
      4206.60      35.7798      1.93835
      4208.00      37.8244      1.89837
      4209.40      34.1855      1.83051
      4210.80      34.6412      1.98736
      4212.20      33.5147      2.01093
      4213.60      35.3316      1.98311
      4215.00      34.6912      1.84350
      4216.40      36.3753      1.85118
      4217.80      37.7971      1.91302
      4219.20      33.2708      1.94392
      4220.60      36.2885      2.00289
      4222.00      31.4758      1.82246
      4223.40      31.3553      1.74367
      4224.80      31.7575      1.73575
      4226.20      33.3102      1.75198
      4227.60      36.9871      1.82214
      4229.00      35.7805      1.80971
      4230.40      30.8356      1.72861
      4231.80      36.3091      1.94711
      4233.20      30.3885      1.89085
      4234.60      34.4829      1.84952
      4236.00      37.7325      1.87325
      4237.40      34.1351      1.84456
      4238.80      36.1295      1.89241
      4240.20      40.2685      1.98840
      4241.60      36.6256      1.96882
      4243.00      36.9516      2.02423
      4244.40      35.5994      1.94072
      4245.80      33.4910      1.80122
      4247.20      38.8167      1.90498
      4248.60      36.3980      1.85491
      4250.00      36.2959      1.84213
      4251.40      35.9281      1.84771
      4252.80      35.6833      1.83487
      4254.20      34.1864      1.80862
      4255.60      35.5369      1.81761
      4257.00      33.4423      1.84028
      4258.40      34.2597      1.88283
      4259.80      31.0314      1.78966
      4261.20      36.3020      1.82749
      4262.60      33.7560      1.76430
      4264.00      36.0631      1.84322
      4265.40      36.0638      1.84458
      4266.80      36.5997      1.85652
      4268.20      35.0084      2.00867
      4269.60      37.7950      1.99317
      4271.00      34.0666      1.95237
      4272.40      34.1325      1.88923
      4273.80      32.4410      1.74019
      4275.20      33.3570      1.75762
      4276.60      38.8567      1.89584
      4278.00      39.9918      1.97663
      4279.40      38.3036      1.99428
      4280.80      34.9775      1.85678
      4282.20      37.3669      1.85097
      4283.60      37.2165      1.86455
      4285.00      35.1403      1.94023
      4286.40      32.7501      1.99038
      4287.80      32.6564      1.81883
      4289.20      35.2927      1.79954
      4290.60      33.6087      1.83209
      4292.00      33.8022      1.88208
      4293.40      37.2720      1.91670
      4294.80      35.2269      1.81359
      4296.20      33.1068      1.74495
      4297.60      33.4212      1.76284
      4299.00      37.9067      1.94559
      4300.40      34.1079      1.84496
      4301.80      35.8233      1.78493
      4303.20      34.4778      1.74416
      4304.60      32.3970      1.72449
      4306.00      32.2586      1.73427
      4307.40      32.0821      1.67897
      4308.80      32.0086      1.69069
      4310.20      30.9400      1.77127
      4311.60      31.0332      1.85891
      4313.00      34.4162      1.86111
      4314.40      34.3784      1.76798
      4315.80      35.5452      1.80017
      4317.20      29.7806      1.68512
      4318.60      32.1968      1.75420
      4320.00      32.4345      1.75046
      4321.40      29.2613      1.69440
      4322.80      27.2414      1.62539
      4324.20      29.5207      1.64227
      4325.60      27.9086      1.59726
      4327.00      29.6127      1.63355
      4328.40      29.7747      1.68344
      4329.80      23.5277      1.52713
      4331.20      22.5955      1.51181
      4332.60      19.2915      1.47147
      4334.00      21.8661      1.49232
      4335.40      15.5872      1.33577
      4336.80      13.2307      1.31433
      4338.20      13.6846      1.38774
      4339.60      16.3332      1.36282
      4341.00      22.6139      1.45759
      4342.40      23.7705      1.49230
      4343.80      24.0572      1.53242
      4345.20      28.2639      1.70616
      4346.60      29.7265      1.76722
      4348.00      28.5944      1.69601
      4349.40      30.2390      1.67966
      4350.80      29.8749      1.66487
      4352.20      32.1310      1.69476
      4353.60      31.1185      1.67566
      4355.00      32.1917      1.70268
      4356.40      32.1352      1.71178
      4357.80      32.9259      1.89405
      4359.20      34.7538      2.13035
      4360.60      34.6195      2.01681
      4362.00      33.4427      1.78970
      4363.40      34.8940      1.81400
      4364.80      34.6199      1.78847
      4366.20      36.1233      1.80299
      4367.60      33.1599      1.73106
      4369.00      34.2250      1.75646
      4370.40      31.2462      1.69423
      4371.80      32.4018      1.70989
      4373.20      33.1822      1.75535
      4374.60      35.2037      1.76369
      4376.00      35.4793      1.76417
      4377.40      34.5839      1.75994
      4378.80      35.4647      1.92967
      4380.20      32.6941      1.76913
      4381.60      33.5897      1.73525
      4383.00      38.3503      1.81825
      4384.40      33.9765      1.69360
      4385.80      35.5512      1.75067
      4387.20      37.9393      1.84454
      4388.60      35.7781      1.81703
      4390.00      32.9027      1.73786
      4391.40      34.0072      1.75670
      4392.80      32.1630      1.74537
      4394.20      34.1831      1.87844
      4395.60      33.5900      1.85720
      4397.00      33.7385      1.76869
      4398.40      31.3478      1.66081
      4399.80      34.6353      1.74051
      4401.20      32.7927      1.69509
      4402.60      35.1179      1.75253
      4404.00      35.3109      1.82225
      4405.40      34.2364      1.72382
      4406.80      34.4230      1.79752
      4408.20      36.4713      1.97494
      4409.60      34.2772      1.90683
      4411.00      35.2651      1.81044
      4412.40      33.7097      1.73931
      4413.80      34.9378      1.76795
      4415.20      32.3429      1.70463
      4416.60      36.4577      1.81769
      4418.00      33.1135      1.75370
      4419.40      35.2891      1.84252
      4420.80      34.9687      1.83117
      4422.20      30.2544      1.66377
      4423.60      36.7659      1.77424
      4425.00      35.9747      1.91797
      4426.40      36.7772      1.87912
      4427.80      34.7578      1.80618
      4429.20      32.4226      1.69904
      4430.60      30.5024      1.63926
      4432.00      32.4744      1.67424
      4433.40      34.9729      1.74355
      4434.80      34.9899      1.75293
      4436.20      34.2703      1.71192
      4437.60      35.6115      1.75291
      4439.00      31.3520      1.66451
      4440.40      33.5018      1.71669
      4441.80      33.1293      1.69842
      4443.20      30.6358      1.73528
      4444.60      36.6802      1.91531
      4446.00      33.1851      1.80572
      4447.40      31.9627      1.70789
      4448.80      33.6366      1.70114
      4450.20      35.1006      1.76156
      4451.60      35.6721      1.87369
      4453.00      32.6682      1.86914
      4454.40      35.1563      1.87932
      4455.80      34.1646      1.77626
      4457.20      33.6716      1.68010
      4458.60      34.0500      1.68564
      4460.00      32.2849      1.64950
      4461.40      29.4550      1.61475
      4462.80      32.5517      1.70796
      4464.20      33.2166      1.73211
      4465.60      29.5761      1.61582
      4467.00      32.4245      1.65903
      4468.40      35.3059      1.72639
      4469.80      32.1498      1.65977
      4471.20      32.7828      1.66297
      4472.60      32.6058      1.74392
      4474.00      30.7285      1.80082
      4475.40      34.1431      1.83602
      4476.80      32.6559      1.69278
      4478.20      31.8480      1.65063
      4479.60      32.3481      1.65090
      4481.00      32.1717      1.72236
      4482.40      31.0444      1.74646
      4483.80      31.9776      1.80312
      4485.20      31.7600      1.65465
      4486.60      30.6389      1.62383
      4488.00      32.2817      1.78813
      4489.40      31.6467      1.77589
      4490.80      34.2599      1.71753
      4492.20      32.5591      1.66449
      4493.60      28.8197      1.63430
      4495.00      33.5556      1.71756
      4496.40      34.4527      1.69718
      4497.80      32.4495      1.66589
      4499.20      32.0680      1.66662
      4500.60      36.2830      1.78304
      4502.00      34.9375      1.83567
      4503.40      34.0485      1.80404
      4504.80      32.6250      1.73618
      4506.20      35.5017      1.73194
      4507.60      34.4178      1.69044
      4509.00      29.9865      1.60942
      4510.40      33.2963      1.66600
      4511.80      33.5159      1.67931
      4513.20      34.9497      1.70175
      4514.60      37.3577      1.74702
      4516.00      33.6146      1.77576
      4517.40      32.9840      1.71452
      4518.80      32.9736      1.64859
      4520.20      33.3927      1.66121
      4521.60      29.3380      1.68080
      4523.00      35.2814      1.71905
      4524.40      33.3854      1.65356
      4525.80      32.4888      1.63617
      4527.20      31.2661      1.66428
      4528.60      29.8668      1.65496
      4530.00      32.8881      1.64920
      4531.40      32.1430      1.63180
      4532.80      33.8368      1.66485
      4534.20      33.9754      1.69091
      4535.60      34.0778      1.69419
      4537.00      32.9307      1.65389
      4538.40      32.9092      1.66856
      4539.80      33.1023      1.67256
      4541.20      32.9925      1.69415
      4542.60      33.4904      1.67846
      4544.00      33.9230      1.69261
      4545.40      32.3480      1.67886
      4546.80      31.7888      1.62335
      4548.20      28.8489      1.56334
      4549.60      32.8420      1.66947
      4551.00      31.5819      1.71020
      4552.40      32.9919      1.77408
      4553.80      34.7198      1.78941
      4555.20      32.9311      1.68541
      4556.60      35.0513      1.68834
      4558.00      34.2210      1.72475
      4559.40      36.4047      1.93049
      4560.80      32.2522      1.82026
      4562.20      33.3001      1.65707
      4563.60      33.3199      1.65212
      4565.00      34.5457      1.69689
      4566.40      32.2764      1.69218
      4567.80      28.9690      1.60952
      4569.20      31.9921      1.62160
      4570.60      33.6015      1.66417
      4572.00      35.3876      1.69069
      4573.40      34.1224      1.66439
      4574.80      34.1269      1.70531
      4576.20      33.8381      1.69193
      4577.60      34.5295      1.67058
      4579.00      32.7030      1.62545
      4580.40      32.7084      1.63328
      4581.80      31.8512      1.62546
      4583.20      32.1427      1.61633
      4584.60      31.8783      1.59870
      4586.00      32.3785      1.65531
      4587.40      31.3396      1.70188
      4588.80      31.8011      1.78251
      4590.20      32.0575      1.63411
      4591.60      31.8015      1.60702
      4593.00      32.9107      1.61553
      4594.40      34.3829      1.65104
      4595.80      37.8020      1.71885
      4597.20      31.5995      1.59542
      4598.60      34.0468      1.64870
      4600.00      33.2652      1.62121
      4601.40      32.7709      1.61862
      4602.80      31.1355      1.64874
      4604.20      32.1375      1.72800
      4605.60      34.4374      1.70448
      4607.00      33.3286      1.60994
      4608.40      34.5889      1.64176
      4609.80      31.6275      1.63003
      4611.20      32.0148      1.68055
      4612.60      32.7770      1.62759
      4614.00      33.2010      1.62518
      4615.40      29.7232      1.58742
      4616.80      32.0050      1.79240
      4618.20      34.9926      1.83869
      4619.60      34.7151      1.78360
      4621.00      34.7939      2.03919
      4622.40      35.1209      3.41423
      4623.80      34.4355      1.77269
      4625.20      33.7104      1.61617
      4626.60      34.8781      1.71830
      4628.00      29.3078      1.61836
      4629.40      32.1198      1.61091
      4630.80      34.7925      1.64529
      4632.20      35.4386      1.69488
      4633.60      34.3250      1.65608
      4635.00      32.8911      1.60419
      4636.40      30.8230      1.56581
      4637.80      34.8139      1.71630
      4639.20      35.2476      1.71637
      4640.60      33.2606      1.64054
      4642.00      32.8406      1.60069
      4643.40      35.1619      1.65456
      4644.80      34.0410      1.63054
      4646.20      33.7989      1.61449
      4647.60      36.4822      1.67689
      4649.00      34.1299      1.66958
      4650.40      30.9032      1.59150
      4651.80      32.1460      1.59175
      4653.20      31.5070      1.56866
      4654.60      31.5095      1.57952
      4656.00      32.8317      1.59994
      4657.40      31.6478      1.62801
      4658.80      30.7433      1.57778
      4660.20      34.7516      1.69914
      4661.60      33.6113      1.68307
      4663.00      34.9932      1.65604
      4664.40      33.6785      1.62559
      4665.80      33.8059      1.64953
      4667.20      32.1253      1.59561
      4668.60      32.7367      1.59117
      4670.00      32.9306      1.61353
      4671.40      34.4079      1.72892
      4672.80      33.2400      1.65029
      4674.20      28.0016      1.51013
      4675.60      35.1370      1.72507
      4677.00      34.6209      1.76623
      4678.40      32.5993      1.61743
      4679.80      32.2244      1.58354
      4681.20      31.4870      1.59048
      4682.60      32.8460      1.74623
      4684.00      29.2317      1.71720
      4685.40      29.7139      1.65017
      4686.80      34.0246      1.62387
      4688.20      34.4391      1.63470
      4689.60      34.4507      1.64791
      4691.00      33.8256      1.62388
      4692.40      30.3523      1.53570
      4693.80      32.3922      1.58812
      4695.20      32.7143      1.59017
      4696.60      32.2238      1.62758
      4698.00      31.8393      1.62607
      4699.40      29.7156      1.53493
      4700.80      31.0882      1.54491
      4702.20      32.7879      1.58106
      4703.60      34.1537      1.61851
      4705.00      30.4587      1.55428
      4706.40      34.2874      1.62418
      4707.80      29.5777      1.51895
      4709.20      29.9762      1.53151
      4710.60      30.6878      1.56890
      4712.00      32.0814      1.60878
      4713.40      32.5518      1.59486
      4714.80      32.4360      1.58768
      4716.20      33.1729      1.60125
      4717.60      31.2639      1.55675
      4719.00      32.7655      1.58023
      4720.40      32.4370      1.58671
      4721.80      31.3718      1.63317
      4723.20      30.0583      1.69079
      4724.60      33.9465      1.74276
      4726.00      35.8236      1.64686
      4727.40      33.1587      1.60492
      4728.80      34.1494      1.75292
      4730.20      34.7342      1.82795
      4731.60      34.0386      1.66796
      4733.00      32.1500      1.61100
      4734.40      29.5605      1.63849
      4735.80      33.0724      1.63015
      4737.20      34.8272      1.61897
      4738.60      32.6947      1.59127
      4740.00      33.2180      1.69431
      4741.40      32.1776      1.60953
      4742.80      31.4189      1.55589
      4744.20      31.1180      1.55152
      4745.60      33.8051      1.65639
      4747.00      32.6383      1.63009
      4748.40      33.6266      1.64128
      4749.80      35.3313      1.63650
      4751.20      35.6100      1.63917
      4752.60      33.3306      1.63896
      4754.00      32.0106      1.61136
      4755.40      33.2566      1.59021
      4756.80      33.9917      1.59388
      4758.20      31.7992      1.53954
      4759.60      32.8903      1.56656
      4761.00      33.5798      1.59190
      4762.40      34.1764      1.61465
      4763.80      33.4140      1.64949
      4765.20      32.9760      1.62374
      4766.60      31.6911      1.54511
      4768.00      31.6208      1.54166
      4769.40      30.6317      1.52656
      4770.80      33.7205      1.58484
      4772.20      34.4494      1.59757
      4773.60      33.7605      1.58107
      4775.00      31.3301      1.54080
      4776.40      32.5805      1.55538
      4777.80      31.3748      1.53553
      4779.20      31.8018      1.55362
      4780.60      33.2296      1.57632
      4782.00      34.6079      1.60110
      4783.40      35.0442      1.61416
      4784.80      32.2545      1.58307
      4786.20      31.0367      1.57151
      4787.60      32.5021      1.56062
      4789.00      33.8305      1.57875
      4790.40      34.0492      1.58733
      4791.80      32.1043      1.54948
      4793.20      33.1448      1.57086
      4794.60      31.6646      1.58186
      4796.00      33.6431      1.69903
      4797.40      29.7580      1.56551
      4798.80      31.8133      1.54281
      4800.20      32.8487      1.55133
      4801.60      32.1033      1.56226
      4803.00      30.2630      1.60560
      4804.40      29.4615      1.62313
      4805.80      32.8025      1.62709
      4807.20      31.0269      1.52357
      4808.60      32.3478      1.53775
      4810.00      32.1136      1.54137
      4811.40      31.4330      1.52775
      4812.80      31.6144      1.53179
      4814.20      30.0105      1.49930
      4815.60      31.8110      1.53894
      4817.00      31.8525      1.55490
      4818.40      31.8121      1.56236
      4819.80      31.4255      1.56887
      4821.20      31.2567      1.60564
      4822.60      30.4762      1.69713
      4824.00      30.2022      1.60364
      4825.40      30.0216      1.61532
      4826.80      29.5581      1.48880
      4828.20      29.8371      1.60853
      4829.60      29.8361      1.59048
      4831.00      29.9858      1.54826
      4832.40      29.6952      1.50734
      4833.80      30.6601      1.60755
      4835.20      30.3208      1.53151
      4836.60      29.4207      1.48166
      4838.00      30.5425      1.51796
      4839.40      26.9942      1.44096
      4840.80      27.8626      1.49801
      4842.20      26.9229      1.50603
      4843.60      27.0802      1.46483
      4845.00      26.2118      1.41497
      4846.40      27.4740      1.46274
      4847.80      27.0196      1.48242
      4849.20      26.7186      1.43687
      4850.60      26.3510      1.49480
      4852.00      22.0508      1.43708
      4853.40      23.4329      1.48306
      4854.80      18.1835      1.42301
      4856.20      15.0188      1.34724
      4857.60      10.6283      1.12387
      4859.00      12.1690      1.09725
      4860.40      17.4956      1.21426
      4861.80      21.7211      1.35965
      4863.20      21.7232      1.34566
      4864.60      24.0296      1.40474
      4866.00      25.4547      1.47489
      4867.40      25.2316      1.44620
      4868.80      26.4401      1.49048
      4870.20      28.8978      1.55463
      4871.60      28.8558      1.58470
      4873.00      28.2360      1.48863
      4874.40      29.5795      1.51451
      4875.80      27.9624      1.50040
      4877.20      29.1987      1.56697
      4878.60      30.6908      1.61602
      4880.00      29.1698      1.61994
      4881.40      33.3275      1.74814
      4882.80      29.6518      1.65448
      4884.20      31.6977      1.61961
      4885.60      32.7933      1.61451
      4887.00      29.5941      1.54869
      4888.40      30.2283      1.55703
      4889.80      31.8255      1.61210
      4891.20      31.9912      1.62190
      4892.60      29.0730      1.55080
      4894.00      32.2825      1.61097
      4895.40      27.6864      1.50572
      4896.80      28.6676      1.55212
      4898.20      31.4156      1.66269
      4899.60      30.1027      1.62488
      4901.00      32.7922      1.59515
      4902.40      31.2852      1.56753
      4903.80      30.9417      1.55951
      4905.20      32.7142      1.59405
      4906.60      33.8003      1.62244
      4908.00      29.7095      1.51960
      4909.40      34.5854      1.62942
      4910.80      30.7206      1.64564
      4912.20      31.1693      1.59701
      4913.60      30.5651      1.51900
      4915.00      29.7088      1.50945
      4916.40      31.2000      1.54713
      4917.80      31.2174      1.57078
      4919.20      28.6203      1.49345
      4920.60      29.6669      1.47741
      4922.00      30.8497      1.50417
      4923.40      33.4669      1.59104
      4924.80      31.6935      1.65677
      4926.20      30.8606      1.56550
      4927.60      27.1810      1.43935
      4929.00      30.4004      1.53079
      4930.40      26.4902      1.55352
      4931.80      27.2600      1.58169
      4933.20      30.7957      1.57869
      4934.60      32.1210      1.54537
      4936.00      33.2599      1.55422
      4937.40      29.8728      1.48962
      4938.80      31.2925      1.55891
      4940.20      31.4148      1.52751
      4941.60      31.0245      1.50526
      4943.00      31.1386      1.54518
      4944.40      29.2292      1.52304
      4945.80      31.3628      1.70498
      4947.20      31.6396      1.77542
      4948.60      31.6714      1.60293
      4950.00      31.6326      1.52082
      4951.40      31.2901      1.50353
      4952.80      32.0662      1.51915
      4954.20      31.0883      1.50904
      4955.60      30.2608      1.50593
      4957.00      32.9766      1.56579
      4958.40      30.7232      1.50304
      4959.80      28.9413      1.44956
      4961.20      29.7322      1.47337
      4962.60      33.2839      1.54686
      4964.00      31.6692      1.51024
      4965.40      32.7951      1.57934
      4966.80      33.2321      1.64976
      4968.20      30.1747      1.50492
      4969.60      31.5692      1.54117
      4971.00      31.3839      1.56970
      4972.40      31.2622      1.63575
      4973.80      30.8063      1.57794
      4975.20      30.9425      1.49644
      4976.60      30.8990      1.49693
      4978.00      30.7549      1.50047
      4979.40      28.9549      1.45988
      4980.80      29.3856      1.47746
      4982.20      31.7827      1.53367
      4983.60      29.2197      1.54022
      4985.00      30.8024      1.59408
      4986.40      30.9182      1.77663
      4987.80      34.2371      1.63906
      4989.20      29.0395      1.45886
      4990.60      31.7095      1.54559
      4992.00      31.9834      1.60432
      4993.40      32.5506      1.60994
      4994.80      32.4794      1.57063
      4996.20      32.5058      1.52930
      4997.60      30.0442      1.45592
      4999.00      33.2197      1.53103
