      3900.00      322.066      17.6235
      3901.40      324.976      17.8330
      3902.80      318.195      17.3983
      3904.20      311.771      17.1544
      3905.60      306.333      17.1839
      3907.00      326.578      17.3951
      3908.40      342.476      17.4310
      3909.80      350.483      17.4756
      3911.20      353.828      17.5647
      3912.60      369.182      18.2836
      3914.00      361.731      18.5634
      3915.40      350.623      18.2558
      3916.80      354.779      17.4222
      3918.20      349.755      17.0665
      3919.60      365.304      17.6783
      3921.00      353.582      17.3854
      3922.40      336.715      16.5778
      3923.80      330.136      16.3098
      3925.20      357.138      16.5224
      3926.60      357.253      16.3651
      3928.00      374.081      17.0401
      3929.40      357.540      17.2108
      3930.80      318.914      16.1571
      3932.20      301.715      15.8349
      3933.60      237.722      14.3965
      3935.00      205.981      13.5575
      3936.40      121.470      11.8262
      3937.80      98.1514      11.3182
      3939.20      178.763      13.2267
      3940.60      262.463      15.2206
      3942.00      324.570      16.4300
      3943.40      346.144      16.9663
      3944.80      358.171      17.4477
      3946.20      336.860      17.0542
      3947.60      370.388      17.5671
      3949.00      349.903      17.5301
      3950.40      355.074      17.9776
      3951.80      325.193      17.8408
      3953.20      358.936      18.4298
      3954.60      355.337      18.6308
      3956.00      344.768      19.0760
      3957.40      359.020      18.9422
      3958.80      370.592      19.3816
      3960.20      356.499      18.6377
      3961.60      348.226      17.9378
      3963.00      351.879      17.4673
      3964.40      348.863      16.8642
      3965.80      342.462      16.4797
      3967.20      314.615      15.6496
      3968.60      258.966      14.3669
      3970.00      169.788      12.5621
      3971.40      114.086      11.4475
      3972.80      86.9585      11.1898
      3974.20      156.063      12.3535
      3975.60      229.239      13.5458
      3977.00      248.520      14.1455
      3978.40      299.718      14.9478
      3979.80      319.449      15.2299
      3981.20      309.802      15.3382
      3982.60      330.201      15.6744
      3984.00      330.782      15.3753
      3985.40      372.012      15.8220
      3986.80      347.395      15.3119
      3988.20      354.958      15.3615
      3989.60      378.417      15.7651
      3991.00      364.316      15.3929
      3992.40      382.420      15.6346
      3993.80      368.854      15.5140
      3995.20      372.319      15.5979
      3996.60      370.112      15.2297
      3998.00      361.718      15.0637
      3999.40      341.760      14.8865
      4000.80      345.940      15.0018
      4002.20      352.574      15.6017
      4003.60      372.138      15.6584
      4005.00      387.786      15.6467
      4006.40      384.998      15.6343
      4007.80      371.312      15.3641
      4009.20      367.970      15.5817
      4010.60      367.943      15.4437
      4012.00      368.530      15.4336
      4013.40      371.261      15.3472
      4014.80      369.443      15.5551
      4016.20      350.603      15.3430
      4017.60      371.151      15.4833
      4019.00      370.692      15.5309
      4020.40      397.379      15.7737
      4021.80      391.659      15.8569
      4023.20      377.327      15.7118
      4024.60      376.343      15.4825
      4026.00      391.458      15.7398
      4027.40      359.793      15.3997
      4028.80      364.991      15.3726
      4030.20      379.768      15.5376
      4031.60      362.402      15.6169
      4033.00      361.511      15.9458
      4034.40      382.955      16.2338
      4035.80      370.328      15.7204
      4037.20      356.065      15.4052
      4038.60      369.670      15.5861
      4040.00      388.881      16.0598
      4041.40      380.021      16.5018
      4042.80      394.113      16.5753
      4044.20      396.208      16.5451
      4045.60      357.603      15.8738
      4047.00      374.911      16.7230
      4048.40      354.187      16.7277
      4049.80      354.249      16.4137
      4051.20      390.275      16.3359
      4052.60      404.494      16.3956
      4054.00      392.474      16.0038
      4055.40      405.559      15.9747
      4056.80      381.251      15.4121
      4058.20      377.213      15.2454
      4059.60      390.132      15.6743
      4061.00      373.872      15.6246
      4062.40      393.775      15.9842
      4063.80      401.523      15.7502
      4065.20      372.445      15.0003
      4066.60      376.272      14.9835
      4068.00      367.163      14.7491
      4069.40      365.701      14.9090
      4070.80      382.909      14.9309
      4072.20      396.868      15.0613
      4073.60      376.405      14.8021
      4075.00      357.894      14.4355
      4076.40      365.348      14.4727
      4077.80      369.435      14.5619
      4079.20      378.774      14.8631
      4080.60      368.317      14.7305
      4082.00      363.746      14.5968
      4083.40      358.920      14.3406
      4084.80      393.184      14.8106
      4086.20      359.153      14.4124
      4087.60      363.432      14.3322
      4089.00      347.466      14.1960
      4090.40      360.279      14.3361
      4091.80      379.844      14.5989
      4093.20      386.314      14.7416
      4094.60      377.913      14.6696
      4096.00      351.139      14.1634
      4097.40      346.914      13.8668
      4098.80      348.142      13.9616
      4100.20      323.144      13.7402
      4101.60      306.062      13.5940
      4103.00      285.750      13.2603
      4104.40      260.329      12.8176
      4105.80      217.989      11.9318
      4107.20      240.024      12.1842
      4108.60      296.409      13.0754
      4110.00      332.285      13.7012
      4111.40      327.853      13.8039
      4112.80      344.829      14.0636
      4114.20      332.664      13.7075
      4115.60      355.781      14.0421
      4117.00      360.737      14.3185
      4118.40      347.938      14.2684
      4119.80      369.891      14.8885
      4121.20      367.253      14.7506
      4122.60      356.316      14.4488
      4124.00      372.570      14.3156
      4125.40      365.093      14.1964
      4126.80      369.905      13.9378
      4128.20      379.805      13.9915
      4129.60      383.826      14.0055
      4131.00      370.150      13.8134
      4132.40      365.937      13.7560
      4133.80      360.527      13.6667
      4135.20      352.485      13.4701
      4136.60      345.287      13.3341
      4138.00      371.525      13.9357
      4139.40      377.213      14.0098
      4140.80      362.701      13.9708
      4142.20      389.937      14.0002
      4143.60      392.904      13.9000
      4145.00      378.854      13.6813
      4146.40      386.627      13.7333
      4147.80      365.596      13.5068
      4149.20      360.550      13.5042
      4150.60      373.104      13.9991
      4152.00      360.550      13.8731
      4153.40      370.602      13.7441
      4154.80      358.942      13.0799
      4156.20      375.982      13.2608
      4157.60      367.783      13.1866
      4159.00      355.548      13.0581
      4160.40      364.574      13.2664
      4161.80      360.206      13.2737
      4163.20      385.899      13.5343
      4164.60      397.222      13.8186
      4166.00      373.295      13.6279
      4167.40      387.226      13.6661
      4168.80      371.091      13.3414
      4170.20      370.944      13.2758
      4171.60      366.363      13.2667
      4173.00      380.598      13.5666
      4174.40      380.518      13.5465
      4175.80      373.413      13.4680
      4177.20      354.265      13.0581
      4178.60      355.751      13.1706
      4180.00      358.668      13.1520
      4181.40      340.105      12.8986
      4182.80      350.772      13.0073
      4184.20      346.436      13.1074
      4185.60      367.450      13.2037
      4187.00      374.873      13.2221
      4188.40      374.897      13.1525
      4189.80      356.124      12.8961
      4191.20      356.136      13.0698
      4192.60      374.444      13.4550
      4194.00      361.486      13.4201
      4195.40      363.557      13.4314
      4196.80      369.187      13.2319
      4198.20      380.451      13.4146
      4199.60      351.064      12.8907
      4201.00      357.856      12.9726
      4202.40      362.896      12.9515
      4203.80      369.027      13.0074
      4205.20      369.197      13.0354
      4206.60      369.705      13.0075
      4208.00      367.158      13.0104
      4209.40      383.181      13.2985
      4210.80      385.155      13.0360
      4212.20      383.306      12.9974
      4213.60      387.112      13.0404
      4215.00      372.674      13.2372
      4216.40      371.001      12.8603
      4217.80      373.414      12.7956
      4219.20      358.284      12.4059
      4220.60      342.031      12.3294
      4222.00      349.523      12.7526
      4223.40      366.738      12.7831
      4224.80      370.565      12.8470
      4226.20      374.545      12.9288
      4227.60      366.482      12.4403
      4229.00      355.363      12.2274
      4230.40      339.539      11.9851
      4231.80      344.068      12.0798
      4233.20      375.320      12.6991
      4234.60      371.235      12.7463
      4236.00      381.391      13.0180
      4237.40      352.420      12.6048
      4238.80      354.272      12.3724
      4240.20      365.524      12.4117
      4241.60      354.749      12.2357
      4243.00      356.448      12.7137
      4244.40      370.251      12.8888
      4245.80      368.093      12.6937
      4247.20      368.548      12.5698
      4248.60      368.922      12.6321
      4250.00      367.138      12.4247
      4251.40      340.730      12.0009
      4252.80      353.038      12.1583
      4254.20      367.909      12.3946
      4255.60      359.470      12.3253
      4257.00      378.354      12.7272
      4258.40      372.781      12.8319
      4259.80      385.796      12.9741
      4261.20      403.164      12.6880
      4262.60      373.555      12.2534
      4264.00      361.907      12.1129
      4265.40      370.563      12.4663
      4266.80      390.147      15.8924
      4268.20      392.343      13.1451
      4269.60      377.040      12.5375
      4271.00      386.042      12.6824
      4272.40      363.584      12.1713
      4273.80      373.836      12.3258
      4275.20      364.248      12.2092
      4276.60      346.193      12.0485
      4278.00      377.080      12.5104
      4279.40      365.279      12.4897
      4280.80      349.644      12.0788
      4282.20      379.362      12.6161
      4283.60      385.046      12.5505
      4285.00      377.397      12.4127
      4286.40      379.392      12.4214
      4287.80      378.093      12.3533
      4289.20      377.025      12.2443
      4290.60      351.263      11.8595
      4292.00      360.537      12.2332
      4293.40      338.312      11.8562
      4294.80      348.446      11.8795
      4296.20      372.467      12.0143
      4297.60      368.487      11.9457
      4299.00      364.741      12.0848
      4300.40      382.326      12.0946
      4301.80      364.647      11.8950
      4303.20      334.025      11.2323
      4304.60      330.542      11.1646
      4306.00      326.139      11.2184
      4307.40      339.285      11.3354
      4308.80      342.715      11.4495
      4310.20      349.784      11.4500
      4311.60      335.204      11.2051
      4313.00      340.472      11.3688
      4314.40      364.629      11.8053
      4315.80      374.198      12.0564
      4317.20      338.238      11.5510
      4318.60      325.657      11.3981
      4320.00      335.369      11.5226
      4321.40      361.695      11.9968
      4322.80      378.011      12.0601
      4324.20      341.849      11.3259
      4325.60      346.309      11.4560
      4327.00      364.751      11.9606
      4328.40      353.963      11.9744
      4329.80      332.411      11.6738
      4331.20      357.182      11.9966
      4332.60      362.820      12.3834
      4334.00      343.762      12.0293
      4335.40      344.400      11.8123
      4336.80      351.090      11.6540
      4338.20      346.033      11.6418
      4339.60      336.811      11.3943
      4341.00      292.407      10.7589
      4342.40      259.932      10.1817
      4343.80      231.893      9.78393
      4345.20      224.517      9.81054
      4346.60      276.662      10.7239
      4348.00      299.134      11.1678
      4349.40      308.622      11.2659
      4350.80      329.009      11.9276
      4352.20      339.911      11.7724
      4353.60      335.814      12.0000
      4355.00      327.039      11.6723
      4356.40      333.194      11.7661
      4357.80      346.921      12.4060
      4359.20      380.502      13.7992
      4360.60      382.729      14.0502
      4362.00      389.715      13.5501
      4363.40      371.970      12.9752
      4364.80      356.101      12.4714
      4366.20      364.575      12.3759
      4367.60      375.850      12.1724
      4369.00      389.882      12.3138
      4370.40      365.021      11.8314
      4371.80      352.866      11.6164
      4373.20      387.807      12.1264
      4374.60      374.260      12.0239
      4376.00      353.975      11.6696
      4377.40      356.141      11.6762
      4378.80      338.415      11.4641
      4380.20      332.063      11.3479
      4381.60      377.898      12.0504
      4383.00      368.767      11.9827
      4384.40      366.492      11.9140
      4385.80      358.143      11.7655
      4387.20      351.834      11.5733
      4388.60      348.342      11.5404
      4390.00      349.836      11.5973
      4391.40      362.628      11.8395
      4392.80      369.415      11.7724
      4394.20      364.519      11.8996
      4395.60      371.541      11.9378
      4397.00      349.730      11.5133
      4398.40      323.343      10.9649
      4399.80      336.143      11.1031
      4401.20      352.242      11.3915
      4402.60      353.556      11.6266
      4404.00      359.244      11.6221
      4405.40      355.760      11.6520
      4406.80      361.711      11.7370
      4408.20      362.957      11.4612
      4409.60      381.895      11.7184
      4411.00      361.060      11.5428
      4412.40      366.319      11.7634
      4413.80      376.349      11.7924
      4415.20      355.287      11.5629
      4416.60      358.285      11.6110
      4418.00      356.939      11.5474
      4419.40      342.212      11.2319
      4420.80      325.313      11.0077
      4422.20      342.540      11.2174
      4423.60      353.419      11.3344
      4425.00      363.976      11.4241
      4426.40      356.057      11.4275
      4427.80      379.053      11.6011
      4429.20      354.414      11.4424
      4430.60      368.777      11.6424
      4432.00      372.371      11.7827
      4433.40      352.324      11.2987
      4434.80      362.342      11.3232
      4436.20      348.189      11.1628
      4437.60      349.153      11.0987
      4439.00      359.723      11.2122
      4440.40      361.458      11.3388
      4441.80      368.256      11.5815
      4443.20      375.488      11.5983
      4444.60      358.389      11.2562
      4446.00      357.947      11.3649
      4447.40      352.261      11.3482
      4448.80      363.920      11.6294
      4450.20      366.403      1000.05
      4451.60      342.871      1000.05
      4453.00      382.920      1000.06
      4454.40      359.315      1000.05
      4455.80      368.809      1000.05
      4457.20      367.499      11.6303
      4458.60      348.505      11.0952
      4460.00      351.392      10.9897
      4461.40      358.385      11.1907
      4462.80      358.158      11.1388
      4464.20      356.921      11.3082
      4465.60      358.986      11.8404
      4467.00      341.839      11.1773
      4468.40      339.601      10.8499
      4469.80      358.965      11.1286
      4471.20      345.550      10.9755
      4472.60      317.391      10.5993
      4474.00      350.468      11.0958
      4475.40      354.156      11.3149
      4476.80      372.430      11.3783
      4478.20      358.410      11.0490
      4479.60      349.849      10.9297
      4481.00      357.435      10.9761
      4482.40      353.830      11.2143
      4483.80      353.145      10.8940
      4485.20      345.841      10.8354
      4486.60      356.436      11.0629
      4488.00      351.860      11.0042
      4489.40      373.986      11.1825
      4490.80      352.226      10.8005
      4492.20      334.540      10.5868
      4493.60      359.958      11.0113
      4495.00      351.513      10.7944
      4496.40      351.456      10.9419
      4497.80      367.541      11.1337
      4499.20      359.577      11.0607
      4500.60      355.710      11.1594
      4502.00      352.882      11.1613
      4503.40      355.383      11.0712
      4504.80      353.595      10.9726
      4506.20      382.571      11.4050
      4507.60      360.246      11.0453
      4509.00      358.853      11.0717
      4510.40      377.471      11.5358
      4511.80      350.998      12.5588
      4513.20      373.505      11.3839
      4514.60      371.509      11.3810
      4516.00      376.413      11.4442
      4517.40      345.435      11.0397
      4518.80      371.659      11.2953
      4520.20      387.009      11.5164
      4521.60      366.178      11.2425
      4523.00      365.357      11.1279
      4524.40      359.164      11.1144
      4525.80      339.288      10.9785
      4527.20      359.330      11.2787
      4528.60      357.362      11.0948
      4530.00      341.797      11.0034
      4531.40      353.742      10.9833
      4532.80      349.611      10.9533
      4534.20      351.610      11.2386
      4535.60      361.658      11.1345
      4537.00      326.604      10.6813
      4538.40      337.044      10.9280
      4539.80      351.396      11.1577
      4541.20      359.079      11.0970
      4542.60      372.497      11.2739
      4544.00      364.563      11.0652
      4545.40      357.724      10.9498
      4546.80      375.753      11.1838
      4548.20      375.941      10.9432
      4549.60      348.756      10.6349
      4551.00      345.352      10.7666
      4552.40      340.758      10.6785
      4553.80      324.784      10.3927
      4555.20      332.382      10.4233
      4556.60      348.302      10.6579
      4558.00      343.271      10.7182
      4559.40      331.693      10.5743
      4560.80      348.185      10.8628
      4562.20      345.375      10.6548
      4563.60      364.282      10.7336
      4565.00      357.884      10.5122
      4566.40      366.518      10.6990
      4567.80      354.618      10.5874
      4569.20      353.227      10.4481
      4570.60      351.422      10.4701
      4572.00      364.664      10.8468
      4573.40      364.161      10.7015
      4574.80      348.567      10.4898
      4576.20      338.711      10.3422
      4577.60      348.667      10.4255
      4579.00      367.577      10.7300
      4580.40      370.350      10.7435
      4581.80      354.995      10.5808
      4583.20      342.223      10.4770
      4584.60      349.893      10.6544
      4586.00      341.031      10.4053
      4587.40      364.711      10.5778
      4588.80      332.175      10.1992
      4590.20      338.561      10.3827
      4591.60      344.021      10.3874
      4593.00      348.054      10.5469
      4594.40      352.578      10.4296
      4595.80      344.665      10.4076
      4597.20      350.979      10.5243
      4598.60      364.287      10.7576
      4600.00      370.989      10.8494
      4601.40      367.017      10.7176
      4602.80      355.393      10.4602
      4604.20      360.681      10.4975
      4605.60      371.390      10.6391
      4607.00      368.224      10.7677
      4608.40      367.464      10.8912
      4609.80      371.213      10.8098
      4611.20      371.105      10.6458
      4612.60      357.189      10.5009
      4614.00      371.637      10.7822
      4615.40      355.403      10.4649
      4616.80      337.387      10.2059
      4618.20      354.972      10.5003
      4619.60      360.544      10.6851
      4621.00      353.958      10.5407
      4622.40      350.702      10.4669
      4623.80      351.854      10.5485
      4625.20      364.672      10.7972
      4626.60      372.789      11.0511
      4628.00      352.399      10.4271
      4629.40      381.243      10.8694
      4630.80      363.973      10.7245
      4632.20      349.620      10.4897
      4633.60      348.649      10.6244
      4635.00      343.720      10.6645
      4636.40      371.383      10.9741
      4637.80      361.998      10.6010
      4639.20      336.595      10.2234
      4640.60      363.960      10.5523
      4642.00      355.473      10.3785
      4643.40      361.085      10.6024
      4644.80      363.636      10.6000
      4646.20      367.542      10.8017
      4647.60      360.692      10.6150
      4649.00      361.708      10.5235
      4650.40      376.489      10.7744
      4651.80      360.471      10.6383
      4653.20      340.218      10.3454
      4654.60      358.146      10.4538
      4656.00      356.856      10.3995
      4657.40      353.086      10.5612
      4658.80      348.010      10.5362
      4660.20      360.878      10.6396
      4661.60      353.805      12.6339
      4663.00      374.249      10.9256
      4664.40      355.530      10.5104
      4665.80      353.904      10.3822
      4667.20      339.807      10.1480
      4668.60      358.921      10.3968
      4670.00      337.333      10.0818
      4671.40      343.365      10.1346
      4672.80      340.437      10.1147
      4674.20      354.987      10.3235
      4675.60      368.069      10.7304
      4677.00      366.220      10.8566
      4678.40      360.843      10.7156
      4679.80      369.345      10.7008
      4681.20      366.683      10.7547
      4682.60      351.803      10.5513
      4684.00      350.964      10.6442
      4685.40      347.211      10.6068
      4686.80      358.750      10.6912
      4688.20      368.935      10.9584
      4689.60      357.993      11.0130
      4691.00      366.227      11.1037
      4692.40      348.743      10.6978
      4693.80      348.857      10.7288
      4695.20      349.637      10.9849
      4696.60      362.077      11.0975
      4698.00      358.520      10.9046
      4699.40      351.084      10.8005
      4700.80      356.755      10.7504
      4702.20      359.693      10.7170
      4703.60      368.357      10.9426
      4705.00      353.763      10.7901
      4706.40      343.345      10.6415
      4707.80      349.679      10.5498
      4709.20      361.839      10.5414
      4710.60      367.380      10.6855
      4712.00      363.338      10.6929
      4713.40      371.745      10.8296
      4714.80      367.044      10.5805
      4716.20      375.792      10.5788
      4717.60      363.648      10.3854
      4719.00      363.390      10.3718
      4720.40      358.184      10.4255
      4721.80      357.766      10.1792
      4723.20      374.131      10.3285
      4724.60      358.089      10.0982
      4726.00      347.215      10.0608
      4727.40      360.966      10.1868
      4728.80      357.787      10.0423
      4730.20      366.824      10.1637
      4731.60      359.011      10.1392
      4733.00      362.591      10.1679
      4734.40      358.465      10.0464
      4735.80      360.539      10.0466
      4737.20      344.956      9.89668
      4738.60      352.872      9.91655
      4740.00      369.790      10.1912
      4741.40      362.698      10.1246
      4742.80      356.653      10.0451
      4744.20      356.887      10.3757
      4745.60      371.219      10.7996
      4747.00      351.694      10.4670
      4748.40      364.717      10.3035
      4749.80      364.235      10.1961
      4751.20      364.203      10.1825
      4752.60      378.550      10.3131
      4754.00      375.998      10.2222
      4755.40      344.921      9.76645
      4756.80      346.661      9.83114
      4758.20      357.249      9.89451
      4759.60      361.474      10.0178
      4761.00      362.420      10.0220
      4762.40      362.458      10.0350
      4763.80      359.684      10.0545
      4765.20      363.737      10.0505
      4766.60      351.222      9.86121
      4768.00      346.211      9.68287
      4769.40      354.545      9.79106
      4770.80      351.826      9.85506
      4772.20      375.584      10.1665
      4773.60      356.442      9.85385
      4775.00      360.517      9.96427
      4776.40      364.357      10.1576
      4777.80      348.822      10.0298
      4779.20      356.614      10.0655
      4780.60      364.322      10.0237
      4782.00      372.037      10.1608
      4783.40      361.775      10.0971
      4784.80      346.238      9.99952
      4786.20      359.540      10.1042
      4787.60      358.544      9.91879
      4789.00      362.957      9.93541
      4790.40      343.811      9.70994
      4791.80      336.101      9.71314
      4793.20      354.240      9.89029
      4794.60      350.579      9.73891
      4796.00      338.266      9.64100
      4797.40      356.919      9.98656
      4798.80      357.037      10.0659
      4800.20      360.014      10.1198
      4801.60      364.364      9.99838
      4803.00      351.064      9.76397
      4804.40      344.094      9.73058
      4805.80      347.747      9.89451
      4807.20      356.504      9.98203
      4808.60      347.883      9.84964
      4810.00      340.577      9.69478
      4811.40      357.453      9.95688
      4812.80      349.405      10.0067
      4814.20      362.086      10.1645
      4815.60      358.611      10.0868
      4817.00      348.439      10.0813
      4818.40      343.867      9.88508
      4819.80      353.065      9.99806
      4821.20      350.861      10.0145
      4822.60      359.375      10.0983
      4824.00      338.258      9.86305
      4825.40      361.502      10.2289
      4826.80      353.055      10.0473
      4828.20      357.026      9.95752
      4829.60      338.879      9.80840
      4831.00      354.362      10.4286
      4832.40      351.669      10.2427
      4833.80      344.924      10.0388
      4835.20      351.413      9.99179
      4836.60      334.311      9.88958
      4838.00      352.523      10.2339
      4839.40      344.880      10.1083
      4840.80      343.630      9.91490
      4842.20      349.635      10.0514
      4843.60      354.336      10.1984
      4845.00      337.473      10.0936
      4846.40      339.772      9.98870
      4847.80      345.923      10.0809
      4849.20      352.589      10.1120
      4850.60      336.486      9.83476
      4852.00      341.322      9.99887
      4853.40      336.963      9.80025
      4854.80      332.040      9.77377
      4856.20      328.777      9.55730
      4857.60      325.313      9.55181
      4859.00      325.219      9.75350
      4860.40      315.169      9.34856
      4861.80      287.353      8.89787
      4863.20      277.537      8.70124
      4864.60      227.289      7.91752
      4866.00      202.860      7.60523
      4867.40      237.157      8.06131
      4868.80      271.651      8.50492
      4870.20      286.326      8.73006
      4871.60      310.786      9.10299
      4873.00      311.630      9.31196
      4874.40      321.366      9.42184
      4875.80      316.595      9.21606
      4877.20      310.688      9.08969
      4878.60      339.458      9.43920
      4880.00      341.686      9.52403
      4881.40      325.854      9.29258
      4882.80      332.153      9.34195
      4884.20      326.604      9.35472
      4885.60      339.593      9.62766
      4887.00      346.794      9.64008
      4888.40      338.105      9.44190
      4889.80      338.696      9.40707
      4891.20      337.337      9.38117
      4892.60      342.330      9.35239
      4894.00      325.314      9.12870
      4895.40      312.613      9.01477
      4896.80      322.423      9.16184
      4898.20      329.635      9.21245
      4899.60      330.445      9.20013
      4901.00      343.086      9.42806
      4902.40      337.945      9.45682
      4903.80      331.688      9.53373
      4905.20      335.230      9.38490
      4906.60      343.682      9.55043
      4908.00      337.924      9.51138
      4909.40      337.680      9.47403
      4910.80      357.669      9.62197
      4912.20      343.516      9.57946
      4913.60      338.107      9.68348
      4915.00      332.055      9.56457
      4916.40      334.100      9.38425
      4917.80      335.597      9.20087
      4919.20      351.133      9.61833
      4920.60      340.947      9.33828
      4922.00      325.209      9.01546
      4923.40      337.571      9.17313
      4924.80      317.751      8.98067
      4926.20      311.804      9.08375
      4927.60      309.032      9.39488
      4929.00      311.758      9.27794
      4930.40      326.032      9.26360
      4931.80      340.935      9.36684
      4933.20      341.160      9.62227
      4934.60      343.590      9.70044
      4936.00      332.790      9.59766
      4937.40      332.821      9.32983
      4938.80      309.640      8.90549
      4940.20      337.975      9.22896
      4941.60      335.848      9.47594
      4943.00      327.953      9.48733
      4944.40      333.776      9.32446
      4945.80      343.531      9.49281
      4947.20      350.746      9.56983
      4948.60      339.673      9.60096
      4950.00      335.468      9.34031
      4951.40      352.614      9.33642
      4952.80      340.986      9.31141
      4954.20      329.591      9.19460
      4955.60      336.926      9.38660
      4957.00      332.997      9.22360
      4958.40      339.286      9.13760
      4959.80      336.037      9.08147
      4961.20      341.620      9.30470
      4962.60      316.020      8.98531
      4964.00      326.670      9.12188
      4965.40      337.089      9.21026
      4966.80      339.510      9.23316
      4968.20      346.740      9.31190
      4969.60      337.467      9.32248
      4971.00      335.736      9.31030
      4972.40      335.774      9.41988
      4973.80      332.699      9.37251
      4975.20      329.135      9.27437
      4976.60      347.505      9.52955
      4978.00      322.879      9.13280
      4979.40      329.193      9.33168
      4980.80      341.962      9.44492
      4982.20      330.460      9.34806
      4983.60      330.559      9.31425
      4985.00      336.134      9.48652
      4986.40      327.165      9.28301
      4987.80      323.537      9.14508
      4989.20      340.133      9.37418
      4990.60      336.706      9.46742
      4992.00      330.508      9.33848
      4993.40      328.529      9.15324
      4994.80      334.452      9.21155
      4996.20      335.729      9.13188
      4997.60      337.448      9.18987
      4999.00      333.053      9.09918
