      3900.00      507.860      24.1492
      3901.40      478.326      22.9436
      3902.80      503.971      22.9726
      3904.20      513.072      23.4051
      3905.60      517.700      23.7986
      3907.00      525.167      23.5702
      3908.40      520.249      23.6286
      3909.80      589.076      24.4470
      3911.20      628.245      25.0631
      3912.60      584.394      24.1543
      3914.00      614.240      25.1042
      3915.40      577.825      24.6435
      3916.80      591.637      23.7816
      3918.20      599.567      23.5829
      3919.60      598.625      23.5461
      3921.00      561.684      22.6333
      3922.40      579.695      22.4058
      3923.80      534.624      21.2654
      3925.20      590.763      22.2500
      3926.60      581.097      21.9403
      3928.00      566.611      22.0885
      3929.40      518.282      21.0559
      3930.80      496.339      20.1742
      3932.20      428.673      19.4129
      3933.60      290.791      17.4768
      3935.00      180.605      15.5693
      3936.40      174.087      14.9386
      3937.80      337.304      17.4926
      3939.20      486.698      19.7997
      3940.60      501.644      20.8679
      3942.00      549.766      21.2946
      3943.40      584.464      22.3315
      3944.80      542.355      22.9258
      3946.20      575.610      23.4113
      3947.60      577.897      23.2169
      3949.00      588.170      22.8017
      3950.40      562.898      21.9254
      3951.80      596.601      22.6295
      3953.20      551.524      22.5919
      3954.60      542.120      22.7992
      3956.00      589.877      23.8743
      3957.40      575.240      23.7057
      3958.80      521.660      22.9591
      3960.20      545.733      23.8999
      3961.60      545.520      23.8160
      3963.00      501.439      22.4077
      3964.40      479.202      21.5470
      3965.80      468.194      21.7866
      3967.20      395.204      20.9778
      3968.60      309.982      19.1273
      3970.00      183.396      16.7267
      3971.40      200.940      16.4822
      3972.80      266.596      17.1326
      3974.20      374.203      18.6299
      3975.60      411.857      18.9247
      3977.00      465.534      19.3885
      3978.40      514.375      19.9091
      3979.80      488.338      19.5255
      3981.20      527.258      20.2756
      3982.60      558.647      20.7610
      3984.00      534.333      19.9808
      3985.40      548.377      19.6347
      3986.80      566.641      19.7271
      3988.20      569.944      19.8796
      3989.60      596.026      20.5284
      3991.00      604.240      20.8090
      3992.40      581.220      20.1987
      3993.80      565.376      20.5157
      3995.20      592.017      21.2182
      3996.60      579.732      20.4573
      3998.00      554.031      20.1134
      3999.40      583.046      20.1954
      4000.80      582.802      20.2280
      4002.20      602.742      19.8582
      4003.60      576.815      19.8485
      4005.00      592.546      19.6947
      4006.40      575.232      19.7149
      4007.80      551.324      19.8535
      4009.20      589.776      20.3338
      4010.60      619.818      20.8515
      4012.00      602.465      20.8390
      4013.40      612.006      20.7369
      4014.80      601.176      19.9057
      4016.20      567.187      19.0447
      4017.60      588.631      19.2130
      4019.00      609.152      19.7140
      4020.40      601.613      20.0448
      4021.80      603.262      20.3819
      4023.20      628.554      20.6087
      4024.60      606.310      20.2476
      4026.00      590.533      19.9873
      4027.40      591.706      19.7900
      4028.80      600.151      20.0061
      4030.20      591.736      19.4741
      4031.60      592.493      19.2136
      4033.00      556.625      18.8320
      4034.40      565.566      19.0099
      4035.80      579.721      19.1265
      4037.20      583.426      19.4468
      4038.60      600.004      19.9193
      4040.00      623.140      20.4955
      4041.40      616.052      20.3127
      4042.80      591.776      20.2282
      4044.20      604.968      20.4459
      4045.60      560.702      20.0551
      4047.00      586.699      21.1935
      4048.40      568.674      21.6847
      4049.80      580.931      21.7991
      4051.20      612.154      21.0853
      4052.60      618.354      20.5969
      4054.00      593.311      19.7579
      4055.40      597.125      20.0894
      4056.80      594.746      19.9679
      4058.20      598.586      19.8867
      4059.60      583.666      19.5981
      4061.00      598.187      19.8657
      4062.40      618.968      19.9098
      4063.80      585.416      19.2874
      4065.20      552.987      19.1950
      4066.60      567.541      18.9290
      4068.00      558.930      18.3687
      4069.40      573.406      18.8395
      4070.80      556.181      19.1268
      4072.20      615.219      20.4296
      4073.60      574.415      20.1603
      4075.00      591.436      19.4707
      4076.40      553.807      18.3125
      4077.80      573.537      18.7125
      4079.20      509.806      51.9869
      4080.60      535.546      1414.29
      4082.00      577.395      1414.30
      4083.40      576.189      1414.29
      4084.80      579.179      1414.29
      4086.20      573.001      1414.29
      4087.60      588.388      17.9715
      4089.00      560.107      17.7821
      4090.40      556.154      17.7336
      4091.80      541.824      17.8518
      4093.20      558.436      17.7966
      4094.60      521.295      17.1547
      4096.00      532.863      17.2527
      4097.40      520.335      17.0562
      4098.80      467.139      16.3341
      4100.20      445.031      15.9182
      4101.60      384.839      14.8711
      4103.00      329.936      13.8705
      4104.40      302.465      13.3203
      4105.80      377.735      14.6341
      4107.20      445.094      15.7801
      4108.60      477.501      16.3659
      4110.00      506.389      16.6424
      4111.40      496.364      16.5198
      4112.80      532.679      16.9665
      4114.20      532.720      17.0361
      4115.60      556.058      17.5858
      4117.00      538.101      17.7247
      4118.40      562.664      18.1499
      4119.80      542.816      17.3204
      4121.20      540.682      16.9465
      4122.60      541.808      16.9136
      4124.00      531.557      16.9515
      4125.40      558.414      17.3455
      4126.80      555.808      17.3705
      4128.20      560.861      17.6615
      4129.60      543.823      17.2668
      4131.00      541.793      17.2037
      4132.40      541.867      17.0432
      4133.80      533.246      17.0292
      4135.20      537.910      17.1745
      4136.60      537.404      17.1445
      4138.00      546.983      17.2342
      4139.40      563.143      17.2679
      4140.80      569.936      17.2612
      4142.20      596.249      17.6827
      4143.60      587.972      17.1335
      4145.00      555.103      16.4851
      4146.40      519.724      15.8246
      4147.80      542.217      16.0798
      4149.20      563.911      16.4499
      4150.60      561.943      16.4868
      4152.00      559.242      16.7798
      4153.40      569.886      17.2552
      4154.80      551.255      16.9453
      4156.20      560.157      16.6793
      4157.60      543.626      16.3574
      4159.00      561.788      16.7144
      4160.40      571.024      16.9587
      4161.80      566.218      17.0271
      4163.20      568.639      16.9458
      4164.60      556.181      16.7069
      4166.00      545.768      16.7218
      4167.40      567.840      17.1371
      4168.80      593.380      17.3730
      4170.20      551.127      16.3886
      4171.60      567.284      17.0503
      4173.00      543.808      16.0302
      4174.40      526.202      16.0574
      4175.80      526.970      16.3257
      4177.20      539.293      15.7670
      4178.60      541.095      15.6486
      4180.00      530.851      15.5108
      4181.40      523.571      15.4116
      4182.80      552.038      16.0375
      4184.20      534.365      16.0090
      4185.60      544.427      16.6010
      4187.00      545.873      16.5998
      4188.40      560.483      16.4660
      4189.80      555.604      16.0165
      4191.20      544.732      15.6126
      4192.60      567.694      15.8010
      4194.00      575.168      16.0493
      4195.40      584.253      16.5176
      4196.80      575.709      16.1168
      4198.20      553.639      15.7071
      4199.60      554.954      15.5554
      4201.00      522.241      15.2338
      4202.40      556.248      16.7921
      4203.80      537.497      16.3319
      4205.20      523.001      15.3621
      4206.60      571.781      15.9810
      4208.00      545.591      15.6784
      4209.40      522.153      15.5588
      4210.80      563.611      16.4407
      4212.20      563.657      16.2667
      4213.60      571.302      15.8612
      4215.00      565.470      15.5529
      4216.40      541.445      15.4585
      4217.80      532.291      15.1706
      4219.20      555.088      15.6112
      4220.60      540.216      15.5101
      4222.00      551.503      15.7263
      4223.40      555.387      15.7521
      4224.80      561.974      15.4895
      4226.20      540.898      14.9592
      4227.60      494.943      14.1566
      4229.00      491.533      14.1381
      4230.40      535.399      14.7336
      4231.80      540.043      15.1555
      4233.20      542.610      15.2508
      4234.60      545.662      15.0778
      4236.00      514.619      14.6513
      4237.40      524.521      14.9210
      4238.80      545.018      15.3381
      4240.20      529.129      14.8772
      4241.60      534.273      14.7835
      4243.00      539.354      14.8511
      4244.40      555.205      15.0789
      4245.80      556.624      15.2192
      4247.20      559.934      15.3924
      4248.60      509.782      14.6910
      4250.00      512.056      14.5789
      4251.40      531.363      14.8246
      4252.80      504.527      15.3971
      4254.20      547.027      15.9970
      4255.60      540.252      15.3997
      4257.00      520.144      14.5245
      4258.40      528.539      14.8541
      4259.80      542.502      14.7615
      4261.20      516.932      14.6548
      4262.60      528.894      14.7578
      4264.00      539.401      15.1063
      4265.40      562.141      15.4820
      4266.80      559.497      15.5328
      4268.20      550.117      15.2360
      4269.60      569.173      15.2317
      4271.00      557.119      14.7710
      4272.40      525.817      14.4563
      4273.80      494.870      14.2656
      4275.20      520.127      14.6879
      4276.60      517.540      14.6045
      4278.00      537.553      14.7707
      4279.40      534.171      14.8339
      4280.80      538.928      14.5763
      4282.20      533.981      14.5314
      4283.60      521.872      14.2621
      4285.00      516.481      14.0931
      4286.40      512.922      14.4134
      4287.80      526.165      14.4409
      4289.20      532.254      14.3349
      4290.60      519.779      14.0096
      4292.00      473.419      13.4841
      4293.40      496.614      14.0644
      4294.80      537.057      14.7324
      4296.20      512.621      14.3094
      4297.60      519.386      14.2822
      4299.00      522.862      14.6902
      4300.40      500.866      14.1579
      4301.80      466.379      13.6805
      4303.20      476.183      13.7426
      4304.60      489.069      13.7205
      4306.00      496.838      13.8403
      4307.40      518.436      13.8598
      4308.80      488.896      13.4408
      4310.20      498.120      13.9101
      4311.60      489.590      13.9919
      4313.00      511.998      14.3975
      4314.40      515.829      14.2078
      4315.80      471.123      13.7076
      4317.20      486.526      13.9558
      4318.60      505.261      14.1212
      4320.00      527.058      14.2072
      4321.40      494.884      13.6904
      4322.80      495.736      13.4979
      4324.20      487.529      13.4918
      4325.60      488.861      13.8405
      4327.00      497.291      14.0784
      4328.40      445.997      13.3467
      4329.80      498.061      13.6559
      4331.20      501.492      13.7258
      4332.60      495.293      13.9471
      4334.00      489.274      14.0474
      4335.40      443.591      13.5039
      4336.80      460.873      13.2541
      4338.20      438.412      12.6227
      4339.60      384.599      11.9195
      4341.00      324.999      11.3138
      4342.40      273.805      11.2001
      4343.80      277.426      11.6675
      4345.20      365.760      12.6967
      4346.60      427.158      13.0098
      4348.00      450.959      12.9514
      4349.40      473.789      13.4131
      4350.80      463.776      13.2628
      4352.20      478.352      13.1727
      4353.60      462.621      12.9231
      4355.00      478.494      13.3320
      4356.40      480.294      13.9010
      4357.80      484.565      16.7158
      4359.20      495.376      16.1997
      4360.60      489.504      15.7904
      4362.00      508.227      14.5363
      4363.40      512.110      14.0551
      4364.80      506.868      13.8059
      4366.20      524.922      14.0911
      4367.60      523.830      13.9212
      4369.00      524.939      14.0938
      4370.40      522.961      14.0753
      4371.80      525.023      13.8504
      4373.20      499.682      13.4758
      4374.60      519.820      13.8424
      4376.00      501.520      13.5682
      4377.40      482.226      13.4546
      4378.80      508.366      13.8910
      4380.20      522.147      14.1978
      4381.60      535.114      14.3154
      4383.00      519.110      13.7973
      4384.40      490.164      13.1548
      4385.80      479.019      13.0221
      4387.20      470.160      13.1746
      4388.60      508.022      13.9111
      4390.00      513.100      13.5150
      4391.40      529.010      13.6302
      4392.80      521.046      13.8164
      4394.20      499.603      13.5642
      4395.60      489.970      13.3053
      4397.00      482.166      13.5812
      4398.40      477.134      13.3021
      4399.80      512.813      13.5693
      4401.20      496.394      13.1470
      4402.60      478.588      13.6096
      4404.00      493.203      14.6815
      4405.40      516.332      14.5492
      4406.80      492.795      13.6511
      4408.20      509.021      13.4742
      4409.60      517.705      13.8215
      4411.00      514.015      13.8627
      4412.40      496.525      13.4259
      4413.80      525.315      13.6197
      4415.20      501.226      13.4627
      4416.60      496.466      13.5078
      4418.00      483.732      12.9673
      4419.40      474.455      12.7984
      4420.80      505.123      13.2633
      4422.20      523.488      13.7894
      4423.60      525.353      13.6652
      4425.00      506.766      13.0131
      4426.40      510.086      13.3100
      4427.80      521.120      13.5649
      4429.20      518.227      13.4154
      4430.60      518.085      13.3422
      4432.00      521.071      13.2098
      4433.40      533.640      13.4776
      4434.80      523.333      13.5262
      4436.20      502.110      13.4312
      4437.60      502.859      18.5909
      4439.00      533.143      14.0348
      4440.40      519.906      13.5232
      4441.80      530.846      13.4957
      4443.20      492.692      12.8469
      4444.60      465.373      12.6292
      4446.00      458.908      12.6683
      4447.40      478.601      12.8718
      4448.80      497.067      12.8835
      4450.20      512.951      13.2274
      4451.60      498.811      13.2021
      4453.00      474.099      12.8109
      4454.40      485.497      12.8863
      4455.80      507.256      12.9757
      4457.20      506.755      13.0495
      4458.60      495.247      13.1504
      4460.00      493.614      13.4906
      4461.40      502.693      13.7113
      4462.80      505.504      13.2800
      4464.20      497.738      12.7580
      4465.60      503.567      12.6363
      4467.00      478.629      12.3372
      4468.40      477.631      12.4102
      4469.80      478.190      12.4770
      4471.20      454.121      12.1182
      4472.60      481.796      12.4566
      4474.00      475.079      12.5589
      4475.40      481.709      12.9144
      4476.80      475.664      12.8366
      4478.20      494.869      13.1767
      4479.60      513.749      13.5765
      4481.00      496.917      13.2198
      4482.40      480.037      12.4203
      4483.80      470.319      12.1761
      4485.20      472.956      12.1787
      4486.60      493.324      12.7745
      4488.00      486.670      12.5546
      4489.40      487.096      12.5055
      4490.80      488.413      12.3812
      4492.20      489.684      12.4976
      4493.60      494.147      12.4948
      4495.00      486.067      12.7202
      4496.40      486.012      12.8920
      4497.80      489.977      12.8204
      4499.20      518.018      12.7863
      4500.60      516.271      12.6532
      4502.00      494.024      12.4750
      4503.40      490.979      16.7178
      4504.80      488.599      16.8920
      4506.20      506.437      14.0820
      4507.60      497.920      12.4354
      4509.00      493.970      12.4243
      4510.40      499.168      12.7953
      4511.80      493.179      12.7654
      4513.20      502.303      12.8319
      4514.60      524.483      13.0583
      4516.00      504.986      12.9047
      4517.40      487.912      12.6838
      4518.80      490.912      12.5513
      4520.20      493.872      12.5868
      4521.60      488.691      12.5056
      4523.00      480.761      12.6159
      4524.40      498.687      12.5478
      4525.80      477.787      12.1816
      4527.20      486.712      12.8049
      4528.60      484.030      12.9554
      4530.00      475.410      12.7129
      4531.40      462.128      11.9838
      4532.80      472.813      12.1786
      4534.20      481.300      12.4736
      4535.60      453.906      12.4059
      4537.00      454.709      12.3836
      4538.40      474.288      12.5885
      4539.80      488.462      12.7077
      4541.20      514.521      12.8364
      4542.60      526.686      12.9151
      4544.00      523.980      13.0135
      4545.40      515.606      12.9053
      4546.80      475.766      12.4752
      4548.20      511.325      13.0107
      4549.60      500.021      12.8836
      4551.00      473.993      12.1807
      4552.40      466.650      11.9134
      4553.80      471.961      12.0197
      4555.20      485.175      12.2272
      4556.60      470.524      11.8976
      4558.00      462.782      11.6820
      4559.40      480.949      12.7647
      4560.80      481.420      12.6068
      4562.20      486.499      12.5705
      4563.60      494.761      12.0532
      4565.00      485.549      11.8533
      4566.40      486.274      11.9191
      4567.80      494.356      12.1988
      4569.20      504.785      12.2530
      4570.60      503.470      12.1206
      4572.00      503.099      12.1952
      4573.40      479.396      11.9332
      4574.80      459.129      11.6616
      4576.20      479.755      11.7252
      4577.60      473.144      11.6433
      4579.00      494.231      12.1891
      4580.40      506.210      12.3490
      4581.80      486.225      12.0993
      4583.20      491.080      11.9891
      4584.60      483.169      11.7591
      4586.00      453.507      11.3686
      4587.40      473.143      11.6317
      4588.80      492.141      11.8790
      4590.20      481.953      11.7528
      4591.60      469.438      11.5443
      4593.00      493.309      11.9821
      4594.40      497.154      12.0643
      4595.80      491.333      11.8867
      4597.20      490.783      11.7743
      4598.60      516.269      12.1064
      4600.00      498.321      11.8243
      4601.40      490.078      11.7048
      4602.80      484.591      11.7212
      4604.20      492.992      11.8308
      4605.60      502.414      11.9345
      4607.00      504.859      13.3592
      4608.40      495.724      11.8811
      4609.80      503.068      12.1227
      4611.20      504.263      11.8969
      4612.60      498.855      11.7624
      4614.00      494.205      11.7122
      4615.40      503.967      11.8740
      4616.80      499.282      11.9554
      4618.20      488.901      11.7329
      4619.60      487.137      11.6774
      4621.00      483.628      11.6367
      4622.40      496.102      11.8891
      4623.80      477.112      11.8599
      4625.20      471.669      11.5839
      4626.60      481.902      11.4950
      4628.00      487.657      12.0101
      4629.40      479.185      11.6662
      4630.80      479.449      11.7781
      4632.20      490.173      11.7516
      4633.60      484.800      11.6077
      4635.00      503.811      11.9589
      4636.40      498.994      12.2031
      4637.80      485.431      12.3295
      4639.20      504.916      11.7805
      4640.60      484.194      11.4657
      4642.00      505.252      11.8744
      4643.40      491.160      11.7458
      4644.80      487.076      11.8055
      4646.20      472.737      11.3666
      4647.60      487.833      11.5750
      4649.00      477.575      11.5579
      4650.40      484.023      11.7218
      4651.80      493.338      11.9101
      4653.20      492.278      11.7125
      4654.60      489.613      11.6415
      4656.00      499.766      11.7472
      4657.40      496.370      11.7263
      4658.80      468.899      11.4885
      4660.20      492.212      12.0094
      4661.60      483.689      11.8576
      4663.00      481.078      11.7450
      4664.40      477.689      11.5819
      4665.80      487.846      11.6942
      4667.20      476.734      11.4653
      4668.60      471.525      11.3894
      4670.00      485.296      11.8219
      4671.40      476.874      13.8630
      4672.80      493.626      11.6953
      4674.20      497.102      12.0046
      4675.60      506.143      12.0614
      4677.00      500.444      11.7677
      4678.40      488.721      11.5095
      4679.80      487.521      11.5059
      4681.20      478.755      11.3525
      4682.60      493.764      11.6169
      4684.00      484.770      11.4042
      4685.40      493.790      11.5484
      4686.80      500.445      11.6950
      4688.20      474.447      11.3902
      4689.60      503.340      11.9386
      4691.00      487.958      11.8979
      4692.40      485.946      12.0398
      4693.80      483.706      11.8595
      4695.20      476.344      11.7250
      4696.60      484.223      11.8641
      4698.00      475.381      11.5369
      4699.40      489.965      11.6670
      4700.80      486.439      11.6178
      4702.20      479.557      11.5755
      4703.60      489.680      11.7588
      4705.00      472.609      11.7466
      4706.40      472.978      11.7461
      4707.80      472.022      11.6702
      4709.20      464.993      11.5429
      4710.60      475.941      11.5236
      4712.00      463.536      11.4596
      4713.40      469.712      11.6448
      4714.80      477.043      11.6246
      4716.20      480.455      11.6814
      4717.60      470.874      11.5751
      4719.00      494.251      11.8852
      4720.40      481.146      11.8161
      4721.80      482.356      11.7342
      4723.20      476.250      11.5794
      4724.60      470.108      11.5096
      4726.00      469.743      11.6204
      4727.40      482.588      11.6782
      4728.80      468.069      11.4211
      4730.20      472.815      11.5112
      4731.60      474.637      11.3481
      4733.00      489.564      11.5184
      4734.40      481.087      11.4687
      4735.80      471.777      11.1761
      4737.20      468.493      11.0843
      4738.60      462.931      11.1133
      4740.00      473.789      11.5097
      4741.40      489.363      11.5985
      4742.80      486.486      11.4489
      4744.20      461.024      10.9665
      4745.60      476.228      11.1069
      4747.00      485.677      11.3025
      4748.40      491.417      11.3646
      4749.80      467.470      10.8959
      4751.20      464.061      10.7841
      4752.60      486.680      11.0685
      4754.00      491.037      11.2236
      4755.40      469.816      11.0169
      4756.80      483.763      11.1650
      4758.20      482.188      11.2535
      4759.60      475.343      11.3053
      4761.00      485.597      11.3726
      4762.40      483.110      11.1848
      4763.80      472.366      11.0229
      4765.20      468.248      11.0314
      4766.60      461.606      11.1115
      4768.00      452.434      10.7888
      4769.40      456.644      10.6345
      4770.80      463.797      10.8271
      4772.20      473.399      11.0069
      4773.60      473.420      10.8256
      4775.00      470.004      10.8678
      4776.40      472.611      11.1045
      4777.80      465.975      10.9573
      4779.20      470.123      10.8763
      4780.60      470.735      11.0050
      4782.00      476.133      11.2433
      4783.40      477.938      11.3662
      4784.80      468.320      11.0910
      4786.20      477.170      11.0460
      4787.60      479.212      10.9363
      4789.00      478.547      10.8508
      4790.40      463.755      10.9059
      4791.80      471.277      11.1261
      4793.20      483.998      11.1532
      4794.60      469.330      10.8844
      4796.00      483.319      10.9589
      4797.40      497.513      11.1564
      4798.80      467.511      10.8500
      4800.20      464.471      10.7838
      4801.60      475.715      10.8282
      4803.00      482.622      10.9199
      4804.40      493.928      11.0324
      4805.80      480.910      10.8839
      4807.20      471.585      10.7846
      4808.60      469.757      10.7713
      4810.00      469.431      10.7749
      4811.40      462.722      10.7090
      4812.80      467.648      10.9087
      4814.20      486.088      11.2256
      4815.60      479.870      11.0620
      4817.00      462.426      10.8258
      4818.40      473.430      10.9830
      4819.80      462.665      10.7575
      4821.20      474.125      10.8229
      4822.60      474.959      10.9271
      4824.00      458.919      10.7467
      4825.40      463.157      10.7879
      4826.80      460.831      10.7078
      4828.20      465.843      10.8505
      4829.60      461.894      10.8910
      4831.00      470.022      11.1223
      4832.40      484.974      11.3216
      4833.80      465.901      10.9347
      4835.20      456.609      10.7264
      4836.60      479.016      10.8902
      4838.00      464.885      10.8468
      4839.40      461.242      10.9684
      4840.80      450.917      10.9678
      4842.20      459.271      11.2210
      4843.60      446.091      10.8599
      4845.00      440.666      10.7527
      4846.40      457.648      11.0051
      4847.80      458.829      10.9563
      4849.20      454.914      10.8549
      4850.60      461.263      12.9422
      4852.00      436.678      13.9167
      4853.40      432.820      10.5254
      4854.80      423.771      10.4290
      4856.20      422.680      10.3871
      4857.60      417.062      10.1664
      4859.00      386.441      10.0724
      4860.40      374.648      9.97585
      4861.80      326.770      9.51520
      4863.20      259.123      8.69482
      4864.60      254.413      8.43204
      4866.00      312.384      9.03582
      4867.40      374.641      9.77517
      4868.80      383.815      9.95490
      4870.20      401.611      10.2074
      4871.60      423.643      10.3098
      4873.00      424.270      10.1953
      4874.40      412.990      10.0651
      4875.80      420.993      10.1587
      4877.20      428.935      10.2327
      4878.60      436.032      10.3319
      4880.00      440.719      10.3134
      4881.40      433.517      10.2066
      4882.80      436.878      10.4497
      4884.20      431.297      10.3828
      4885.60      431.986      10.2055
      4887.00      437.133      10.1140
      4888.40      452.105      10.3560
      4889.80      455.318      10.4273
      4891.20      445.914      10.2473
      4892.60      436.520      10.2019
      4894.00      431.166      10.2597
      4895.40      442.432      10.4609
      4896.80      443.605      10.4393
      4898.20      456.089      10.4076
      4899.60      456.999      10.3362
      4901.00      460.134      10.3444
      4902.40      456.521      10.4760
      4903.80      441.756      10.4663
      4905.20      443.410      10.2137
      4906.60      460.081      10.3069
      4908.00      444.475      10.1009
      4909.40      454.730      10.3635
      4910.80      457.655      10.5202
      4912.20      457.642      10.6262
      4913.60      426.597      10.2335
      4915.00      469.136      10.6905
      4916.40      460.283      10.3556
      4917.80      453.777      10.2815
      4919.20      452.307      10.1844
      4920.60      448.508      10.1074
      4922.00      442.870      9.99603
      4923.40      428.264      9.90630
      4924.80      436.125      10.0984
      4926.20      428.094      9.98939
      4927.60      456.417      10.2509
      4929.00      442.363      10.1452
      4930.40      453.481      10.3932
      4931.80      449.213      10.4024
      4933.20      447.791      10.4318
      4934.60      451.310      10.4867
      4936.00      424.477      10.1039
      4937.40      430.409      9.98319
      4938.80      439.248      9.99023
      4940.20      438.192      10.0199
      4941.60      442.264      10.0346
      4943.00      431.415      9.81614
      4944.40      459.155      10.1841
      4945.80      458.744      10.2778
      4947.20      456.402      10.3194
      4948.60      456.254      10.4469
      4950.00      447.300      10.0697
      4951.40      455.078      10.1378
      4952.80      447.811      10.2875
      4954.20      444.084      13.7226
      4955.60      457.848      10.4917
      4957.00      453.315      10.1644
      4958.40      448.868      9.98295
      4959.80      438.712      9.88490
      4961.20      429.737      9.84358
      4962.60      446.978      10.1250
      4964.00      458.539      10.4506
      4965.40      443.598      10.2009
      4966.80      445.669      10.1584
      4968.20      440.845      10.2119
      4969.60      436.917      10.9876
      4971.00      440.781      11.5486
      4972.40      446.484      10.4356
      4973.80      452.675      10.4794
      4975.20      445.150      10.2721
      4976.60      446.191      10.2664
      4978.00      451.135      10.3997
      4979.40      439.761      10.4374
      4980.80      441.940      10.1399
      4982.20      434.182      10.0304
      4983.60      430.967      9.92635
      4985.00      428.691      9.90769
      4986.40      428.053      9.95896
      4987.80      422.234      10.1483
      4989.20      432.752      10.1374
      4990.60      429.758      9.77844
      4992.00      443.440      9.89979
      4993.40      446.114      10.4479
      4994.80      406.618      10.2738
      4996.20      422.229      10.1294
      4997.60      425.035      9.91300
      4999.00      431.468      9.84498
