      3900.00      73.9499      8.17580
      3901.40      78.6446      8.25638
      3902.80      78.1124      8.26053
      3904.20      71.9033      8.28186
      3905.60      74.8574      8.30463
      3907.00      92.4586      9.31198
      3908.40      85.9098      9.29036
      3909.80      84.8091      9.05245
      3911.20      88.2103      8.71219
      3912.60      92.7601      8.63867
      3914.00      70.4876      8.00162
      3915.40      86.6923      8.04976
      3916.80      99.8447      8.17885
      3918.20      84.0890      7.61458
      3919.60      81.6583      7.50896
      3921.00      84.6994      7.59369
      3922.40      81.1102      7.76086
      3923.80      82.5901      7.96565
      3925.20      83.3455      7.44180
      3926.60      76.8067      7.14321
      3928.00      74.7350      6.98966
      3929.40      59.8253      6.55254
      3930.80      55.9066      6.47682
      3932.20      26.6788      5.51542
      3933.60      21.2348      5.21556
      3935.00      81.3475      7.06410
      3936.40      77.9611      6.94476
      3937.80      86.9548      7.21240
      3939.20      85.6536      7.44810
      3940.60      80.1183      7.17830
      3942.00      87.4273      8.07856
      3943.40      87.6145      7.98677
      3944.80      94.5473      8.45211
      3946.20      86.3985      8.41044
      3947.60      92.9452      8.43135
      3949.00      91.1550      8.01804
      3950.40      65.6514      6.85238
      3951.80      78.6398      7.27214
      3953.20      90.4287      7.66524
      3954.60      67.1571      7.12342
      3956.00      76.1114      7.72061
      3957.40      91.4839      8.30113
      3958.80      81.3825      7.93412
      3960.20      68.7167      7.75472
      3961.60      66.8506      7.76306
      3963.00      67.3929      7.87739
      3964.40      59.9277      7.73746
      3965.80      47.1923      7.65437
      3967.20      28.6909      7.34573
      3968.60      32.2658      7.32044
      3970.00      52.1494      7.61648
      3971.40      49.8937      7.24990
      3972.80      77.1906      7.72585
      3974.20      71.9824      7.12198
      3975.60      79.4503      7.14098
      3977.00      73.5287      7.00430
      3978.40      84.2345      7.57708
      3979.80      83.7153      7.72903
      3981.20      82.5773      7.58356
      3982.60      76.7921      7.00790
      3984.00      90.6515      7.01159
      3985.40      89.0177      6.88150
      3986.80      81.8508      6.65008
      3988.20      83.1569      6.65410
      3989.60      87.0125      6.91777
      3991.00      87.1599      7.60352
      3992.40      93.5988      7.03522
      3993.80      88.4604      6.71005
      3995.20      89.5771      6.78711
      3996.60      88.8970      6.81691
      3998.00      99.2738      7.24868
      3999.40      95.5735      7.34804
      4000.80      89.7280      7.22218
      4002.20      96.3483      7.28867
      4003.60      101.653      7.39306
      4005.00      87.7828      7.05426
      4006.40      102.058      7.27178
      4007.80      88.7970      6.89075
      4009.20      96.2956      6.91872
      4010.60      89.5702      6.57084
      4012.00      94.0716      6.71387
      4013.40      87.3473      6.60414
      4014.80      78.6153      6.32038
      4016.20      98.2876      6.84208
      4017.60      112.438      7.11827
      4019.00      82.5084      6.33644
      4020.40      79.7862      6.41589
      4021.80      93.5715      6.77667
      4023.20      98.0442      6.97136
      4024.60      97.0008      7.19672
      4026.00      86.3696      7.12463
      4027.40      89.4031      7.06628
      4028.80      79.5830      6.53288
      4030.20      77.2596      6.26228
      4031.60      87.5359      7.37682
      4033.00      92.5537      6.94664
      4034.40      91.6778      6.57168
      4035.80      98.7505      6.84697
      4037.20      74.8695      6.31474
      4038.60      85.9587      6.59347
      4040.00      89.9116      6.70336
      4041.40      91.9841      6.73644
      4042.80      82.4232      6.82852
      4044.20      73.0996      6.77183
      4045.60      86.6740      7.82897
      4047.00      91.6814      8.45948
      4048.40      90.3013      7.66827
      4049.80      93.3072      7.14878
      4051.20      86.4830      7.26887
      4052.60      80.3236      7.10598
      4054.00      94.7035      7.24179
      4055.40      90.1296      6.92158
      4056.80      97.3595      6.91415
      4058.20      80.4319      6.52201
      4059.60      83.9767      6.73700
      4061.00      85.1519      6.79319
      4062.40      71.4014      6.33643
      4063.80      89.7998      6.70840
      4065.20      96.2596      6.82697
      4066.60      89.4682      6.89665
      4068.00      74.2325      6.55502
      4069.40      72.7333      6.56607
      4070.80      79.5941      6.43488
      4072.20      76.6774      6.65863
      4073.60      78.8979      6.17171
      4075.00      84.4641      6.66147
      4076.40      75.5923      6.62245
      4077.80      72.5943      6.21270
      4079.20      86.7465      6.34623
      4080.60      72.2355      5.89859
      4082.00      95.0896      6.51984
      4083.40      84.1117      6.17323
      4084.80      74.6013      5.86387
      4086.20      89.7453      6.44522
      4087.60      81.3337      6.65809
      4089.00      77.4636      5.91713
      4090.40      71.3478      5.70359
      4091.80      76.6480      5.81900
      4093.20      78.5061      5.85782
      4094.60      66.5970      5.60482
      4096.00      68.3756      5.85147
      4097.40      68.2697      5.49545
      4098.80      64.9872      5.42888
      4100.20      53.2533      4.96924
      4101.60      51.4807      4.85100
      4103.00      65.1822      5.32940
      4104.40      65.1549      5.77474
      4105.80      61.8802      5.36943
      4107.20      80.3760      5.82615
      4108.60      77.9885      5.76751
      4110.00      88.6874      6.07339
      4111.40      74.5671      5.70374
      4112.80      78.2386      6.18683
      4114.20      85.2017      6.14440
      4115.60      87.1418      6.10352
      4117.00      80.5652      5.82437
      4118.40      78.4883      5.83271
      4119.80      73.7299      5.64582
      4121.20      77.3263      5.69362
      4122.60      81.9647      5.79496
      4124.00      90.6762      6.07746
      4125.40      76.5258      5.65143
      4126.80      83.6915      5.85447
      4128.20      92.5895      6.14216
      4129.60      76.0377      6.17206
      4131.00      71.4115      6.22000
      4132.40      82.7309      6.16465
      4133.80      94.2618      6.08229
      4135.20      93.7435      5.99334
      4136.60      92.3055      6.17017
      4138.00      83.5732      6.09712
      4139.40      83.9628      5.87359
      4140.80      75.3236      5.46816
      4142.20      72.6876      5.40279
      4143.60      78.4690      5.55633
      4145.00      87.2483      5.93173
      4146.40      89.5740      5.80007
      4147.80      91.6516      5.83108
      4149.20      89.4905      5.81854
      4150.60      77.9009      5.56546
      4152.00      92.5814      5.92110
      4153.40      75.4216      5.51119
      4154.80      80.3144      5.81229
      4156.20      88.4667      6.44770
      4157.60      93.9962      6.55719
      4159.00      80.5595      5.69023
      4160.40      71.6831      5.27405
      4161.80      85.7676      5.63178
      4163.20      85.9686      5.80138
      4164.60      82.1027      5.87912
      4166.00      84.8231      6.00986
      4167.40      85.6803      5.77303
      4168.80      81.9724      5.69001
      4170.20      77.5587      5.27130
      4171.60      81.5810      5.48988
      4173.00      85.0714      5.57791
      4174.40      83.4905      5.40222
      4175.80      82.2008      5.42984
      4177.20      84.2449      5.69142
      4178.60      73.5330      5.50561
      4180.00      85.7045      5.71830
      4181.40      84.3082      5.57393
      4182.80      84.8338      5.67196
      4184.20      85.0227      5.44771
      4185.60      86.1166      5.66714
      4187.00      73.6389      6.00668
      4188.40      75.6664      6.19899
      4189.80      86.7875      5.80271
      4191.20      83.7118      5.43131
      4192.60      86.9014      5.50896
      4194.00      77.4227      5.45179
      4195.40      81.7993      5.71844
      4196.80      76.0604      5.53456
      4198.20      80.9533      5.60841
      4199.60      85.7065      5.59045
      4201.00      80.7292      5.33029
      4202.40      80.6162      5.53585
      4203.80      77.9876      5.26201
      4205.20      78.4833      5.31494
      4206.60      80.2458      5.41787
      4208.00      79.0812      5.62935
      4209.40      76.4259      5.31426
      4210.80      79.6181      5.28490
      4212.20      80.8201      5.21559
      4213.60      68.4196      4.85135
      4215.00      76.4599      5.03441
      4216.40      81.0275      5.21608
      4217.80      88.0114      5.56002
      4219.20      82.1737      5.31962
      4220.60      72.5088      4.99179
      4222.00      81.7505      5.16100
      4223.40      81.7797      5.35723
      4224.80      75.3408      5.21247
      4226.20      69.2500      4.73079
      4227.60      77.6071      4.93699
      4229.00      84.7526      5.10495
      4230.40      84.4052      5.35413
      4231.80      86.0592      5.61928
      4233.20      84.8088      5.48119
      4234.60      79.4591      5.22125
      4236.00      82.1849      5.28353
      4237.40      72.2904      4.94668
      4238.80      74.2378      4.97729
      4240.20      89.9338      5.30642
      4241.60      88.2478      5.26280
      4243.00      86.3586      5.19508
      4244.40      87.6415      5.27385
      4245.80      72.6040      4.87216
      4247.20      86.6990      5.40420
      4248.60      86.9664      5.21388
      4250.00      89.9389      5.26154
      4251.40      100.495      6.18877
      4252.80      97.6398      7.58633
      4254.20      101.090      6.83397
      4255.60      95.2702      5.43733
      4257.00      79.8708      5.11538
      4258.40      87.1947      5.23252
      4259.80      85.6041      5.16037
      4261.20      83.1543      5.04971
      4262.60      90.9982      5.27996
      4264.00      78.2738      5.06344
      4265.40      79.9027      4.97807
      4266.80      88.7844      5.17216
      4268.20      83.4642      5.05191
      4269.60      80.8257      4.95626
      4271.00      72.9400      4.74054
      4272.40      80.0918      5.10312
      4273.80      77.8809      5.04458
      4275.20      80.5767      5.04421
      4276.60      84.9602      5.15881
      4278.00      83.2304      5.32966
      4279.40      83.3235      5.13602
      4280.80      88.9835      5.23312
      4282.20      88.7158      5.16785
      4283.60      89.2789      5.25674
      4285.00      88.0324      5.16017
      4286.40      76.8972      4.81424
      4287.80      82.7513      5.09784
      4289.20      75.3170      5.02965
      4290.60      70.6360      4.95664
      4292.00      84.7068      5.21455
      4293.40      83.1243      5.02185
      4294.80      86.1233      5.03696
      4296.20      88.4147      5.08086
      4297.60      80.0814      4.85110
      4299.00      80.0573      4.87453
      4300.40      68.2226      4.56370
      4301.80      85.5257      5.00227
      4303.20      83.2655      4.97484
      4304.60      73.4422      4.73362
      4306.00      73.0840      4.67577
      4307.40      77.1567      4.76625
      4308.80      74.5032      4.62494
      4310.20      81.1572      4.79845
      4311.60      77.3991      4.72105
      4313.00      78.5482      4.88042
      4314.40      77.9465      5.33313
      4315.80      70.1110      5.50299
      4317.20      78.9033      5.52164
      4318.60      80.1868      5.12460
      4320.00      67.3733      4.51489
      4321.40      74.7767      4.68630
      4322.80      76.0201      4.71087
      4324.20      69.7736      4.50799
      4325.60      78.3029      4.77045
      4327.00      78.1084      4.85071
      4328.40      80.4360      4.80480
      4329.80      77.6440      4.70543
      4331.20      72.6985      4.55663
      4332.60      66.1059      4.52195
      4334.00      70.7367      5.02568
      4335.40      59.3136      4.91363
      4336.80      55.3141      4.51602
      4338.20      43.4340      3.79956
      4339.60      40.4980      3.67160
      4341.00      52.2553      4.17289
      4342.40      62.5184      4.46541
      4343.80      67.2690      4.44572
      4345.20      66.9794      4.57846
      4346.60      68.2735      4.49908
      4348.00      68.7176      4.53894
      4349.40      72.8198      4.77889
      4350.80      72.4909      4.53259
      4352.20      77.6029      4.62850
      4353.60      79.2642      4.71053
      4355.00      78.4367      4.84659
      4356.40      79.5952      4.89940
      4357.80      84.2052      5.59943
      4359.20      84.4815      5.91546
      4360.60      72.9299      5.39719
      4362.00      80.1174      5.35575
      4363.40      81.7269      5.20347
      4364.80      88.1241      5.00389
      4366.20      78.1117      4.74896
      4367.60      80.3756      4.88473
      4369.00      83.2566      5.31689
      4370.40      77.7986      5.08500
      4371.80      75.8481      4.70191
      4373.20      69.3150      4.69886
      4374.60      69.1517      4.92674
      4376.00      76.5796      5.04758
      4377.40      75.8596      4.87984
      4378.80      83.0942      4.95354
      4380.20      82.0701      4.97205
      4381.60      64.3008      4.47785
      4383.00      69.4362      4.42504
      4384.40      79.4325      4.63657
      4385.80      78.0540      4.78386
      4387.20      79.0489      5.17945
      4388.60      80.3722      5.35529
      4390.00      79.4977      5.12888
      4391.40      80.4536      4.88033
      4392.80      77.1736      4.64428
      4394.20      74.2220      4.51738
      4395.60      76.6315      4.69658
      4397.00      74.3105      4.71294
      4398.40      80.2879      4.76101
      4399.80      79.9444      4.65791
      4401.20      81.6829      4.68763
      4402.60      81.8219      4.79501
      4404.00      82.2238      4.95644
      4405.40      81.0195      4.86822
      4406.80      79.1141      4.80475
      4408.20      69.8007      4.68806
      4409.60      76.8852      4.80278
      4411.00      74.9105      4.60207
      4412.40      80.6474      4.66871
      4413.80      64.9518      4.32516
      4415.20      74.2665      4.72875
      4416.60      70.4969      4.63368
      4418.00      80.8342      4.74410
      4419.40      79.2739      4.56180
      4420.80      77.8597      4.52234
      4422.20      71.1258      4.45289
      4423.60      73.1936      4.77637
      4425.00      72.3592      4.71667
      4426.40      70.8643      4.51359
      4427.80      70.4230      4.35802
      4429.20      78.0550      4.52373
      4430.60      73.5214      4.39042
      4432.00      78.5419      4.50027
      4433.40      75.9159      4.43258
      4434.80      81.0299      4.57001
      4436.20      81.3361      4.63814
      4437.60      77.1499      4.45309
      4439.00      78.9696      4.53210
      4440.40      78.5178      4.50394
      4441.80      75.8249      4.56818
      4443.20      73.3867      4.41902
      4444.60      74.1319      4.28819
      4446.00      78.3640      4.46049
      4447.40      70.9591      4.29165
      4448.80      81.6633      4.50956
      4450.20      78.9723      4.46587
      4451.60      78.5338      4.43438
      4453.00      76.3458      4.36670
      4454.40      74.0212      4.30115
      4455.80      72.9141      4.25321
      4457.20      81.5102      4.45147
      4458.60      81.3453      4.51366
      4460.00      77.2627      4.52801
      4461.40      70.0120      4.36361
      4462.80      78.0678      4.46204
      4464.20      77.1922      4.41467
      4465.60      74.8498      4.32886
      4467.00      68.1301      4.08070
      4468.40      72.4242      4.24112
      4469.80      75.3100      4.39495
      4471.20      76.1786      4.43560
      4472.60      75.8508      4.40718
      4474.00      76.7970      4.34177
      4475.40      76.9714      4.51717
      4476.80      79.7638      4.43269
      4478.20      66.0943      4.10426
      4479.60      77.0759      4.34438
      4481.00      71.7469      4.17366
      4482.40      62.9402      3.95868
      4483.80      76.9522      4.26238
      4485.20      72.4623      4.19754
      4486.60      71.5842      4.15631
      4488.00      76.7411      4.26798
      4489.40      73.3319      4.16771
      4490.80      67.1112      4.00441
      4492.20      71.6360      4.31412
      4493.60      76.3231      4.65881
      4495.00      74.5245      4.65027
      4496.40      70.0894      4.25538
      4497.80      75.0895      4.18512
      4499.20      71.8770      4.12391
      4500.60      72.5231      4.10102
      4502.00      69.7797      4.05686
      4503.40      72.7681      4.16948
      4504.80      81.1609      4.31939
      4506.20      72.2623      4.13256
      4507.60      71.9436      4.09841
      4509.00      73.8597      4.16389
      4510.40      78.3727      4.25303
      4511.80      74.3916      4.16022
      4513.20      77.1376      5.34479
      4514.60      72.9379      9.96476
      4516.00      71.3353      4.08690
      4517.40      68.4649      4.10942
      4518.80      75.0552      4.38457
      4520.20      64.2131      4.07510
      4521.60      68.6487      4.05394
      4523.00      67.5851      4.03906
      4524.40      69.9157      4.38506
      4525.80      68.3620      4.08395
      4527.20      67.8359      4.11413
      4528.60      76.6281      4.37269
      4530.00      72.4893      4.41107
      4531.40      67.4096      4.22895
      4532.80      69.8372      4.13475
      4534.20      70.3868      4.11962
      4535.60      77.9150      4.33547
      4537.00      67.2115      4.38433
      4538.40      70.6980      4.47414
      4539.80      69.4330      4.32213
      4541.20      69.8543      4.29779
      4542.60      61.8244      4.07179
      4544.00      77.7818      4.36684
      4545.40      76.8647      4.27230
      4546.80      66.4545      4.08197
      4548.20      57.2819      3.99373
      4549.60      81.4837      4.49630
      4551.00      71.1908      4.11742
      4552.40      64.8254      3.93160
      4553.80      69.8901      4.06804
      4555.20      74.8058      4.22306
      4556.60      68.9857      4.24502
      4558.00      71.2343      4.31549
      4559.40      70.9866      4.33851
      4560.80      69.8075      4.00669
      4562.20      71.4311      3.99896
      4563.60      68.9879      3.88789
      4565.00      71.8591      3.99594
      4566.40      81.4097      4.26206
      4567.80      75.8368      4.12076
      4569.20      71.9327      3.99453
      4570.60      79.4484      4.14299
      4572.00      81.8095      4.17143
      4573.40      77.6297      4.08220
      4574.80      76.6369      4.13576
      4576.20      74.0768      4.13212
      4577.60      75.8345      4.17159
      4579.00      68.7166      3.93934
      4580.40      71.4180      3.93215
      4581.80      79.9915      4.16937
      4583.20      67.4504      4.11015
      4584.60      70.0331      4.19894
      4586.00      74.1021      4.04584
      4587.40      72.6073      3.91967
      4588.80      62.8966      3.68607
      4590.20      70.3113      3.86176
      4591.60      79.3382      4.09547
      4593.00      80.2852      4.11503
      4594.40      73.0257      3.90252
      4595.80      67.5531      3.79760
      4597.20      70.7973      3.83140
      4598.60      72.1048      3.87950
      4600.00      76.6239      3.97939
      4601.40      70.7288      3.79477
      4602.80      74.5542      3.93485
      4604.20      76.1957      4.14565
      4605.60      63.7263      3.89196
      4607.00      78.6478      4.05938
      4608.40      76.4767      3.98545
      4609.80      77.7448      3.98525
      4611.20      77.7749      3.97197
      4612.60      81.5878      4.05356
      4614.00      74.8830      3.88296
      4615.40      70.9830      3.86970
      4616.80      78.8251      4.20818
      4618.20      70.0080      3.87547
      4619.60      74.4451      3.90531
      4621.00      75.6596      3.93281
      4622.40      72.7465      4.05467
      4623.80      80.2593      4.24163
      4625.20      70.8951      3.88401
      4626.60      70.9181      3.83025
      4628.00      81.7572      4.08503
      4629.40      71.3914      3.82089
      4630.80      71.0996      3.81151
      4632.20      70.8320      3.79896
      4633.60      73.1945      3.93572
      4635.00      72.4349      4.10394
      4636.40      75.9502      4.15044
      4637.80      73.7577      4.01011
      4639.20      74.5178      3.93919
      4640.60      72.5735      3.83252
      4642.00      75.5389      3.93601
      4643.40      76.9965      3.94594
      4644.80      73.1613      3.92138
      4646.20      67.5146      3.88446
      4647.60      76.6017      4.06057
      4649.00      67.8064      3.76561
      4650.40      70.8884      3.81563
      4651.80      69.7482      3.78975
      4653.20      79.8124      4.09398
      4654.60      76.3333      4.19536
      4656.00      73.8377      4.19490
      4657.40      73.2481      3.95371
      4658.80      66.8225      3.71093
      4660.20      77.0509      4.05274
      4661.60      72.3797      4.26162
      4663.00      73.2158      4.12154
      4664.40      76.9597      3.93481
      4665.80      76.9028      3.92305
      4667.20      72.9762      3.91371
      4668.60      73.1698      3.87700
      4670.00      74.3243      3.98800
      4671.40      68.1026      3.74783
      4672.80      73.7046      3.90204
      4674.20      72.3242      3.89824
      4675.60      69.3138      3.75291
      4677.00      71.0249      3.76181
      4678.40      71.7639      3.79004
      4679.80      71.9163      3.98990
      4681.20      72.0252      4.18439
      4682.60      75.6686      4.14629
      4684.00      73.3597      3.77195
      4685.40      71.6096      3.73765
      4686.80      73.7456      3.78929
      4688.20      66.3593      3.57832
      4689.60      75.2147      3.81462
      4691.00      75.7815      3.87685
      4692.40      74.3763      3.89225
      4693.80      73.7193      4.05650
      4695.20      74.4330      3.90396
      4696.60      79.7763      4.00355
      4698.00      71.9024      3.82683
      4699.40      71.8379      3.81690
      4700.80      77.4269      3.95505
      4702.20      69.0817      3.79003
      4703.60      69.8895      3.88759
      4705.00      74.7047      4.04887
      4706.40      68.3596      3.75900
      4707.80      80.6365      4.07363
      4709.20      72.9989      3.92628
      4710.60      73.6756      3.96375
      4712.00      75.0777      3.95135
      4713.40      72.5810      3.87335
      4714.80      75.6764      3.90862
      4716.20      77.8116      3.95165
      4717.60      71.3565      3.99928
      4719.00      72.9381      4.06037
      4720.40      67.8396      3.93819
      4721.80      65.3338      3.70591
      4723.20      74.4186      3.88405
      4724.60      71.8122      3.92478
      4726.00      72.7598      4.20708
      4727.40      73.9216      4.17337
      4728.80      68.3847      3.80476
      4730.20      68.9840      3.71341
      4731.60      66.6456      3.69047
      4733.00      68.7596      3.68946
      4734.40      73.9846      3.80252
      4735.80      71.0898      3.69788
      4737.20      77.0084      3.86404
      4738.60      79.0950      3.91315
      4740.00      75.8985      3.79287
      4741.40      73.6682      3.71419
      4742.80      68.6006      3.62428
      4744.20      72.7033      3.76999
      4745.60      77.0395      3.87554
      4747.00      77.2963      3.81423
      4748.40      70.8986      3.68652
      4749.80      70.0975      3.74011
      4751.20      67.8824      3.86401
      4752.60      71.4636      3.99832
      4754.00      75.4658      4.03386
      4755.40      70.8714      3.82054
      4756.80      64.0839      3.52530
      4758.20      74.0804      3.68940
      4759.60      73.4686      3.65761
      4761.00      73.2234      3.66162
      4762.40      74.9089      3.69163
      4763.80      69.3685      3.56668
      4765.20      68.8137      3.55486
      4766.60      70.3342      3.94895
      4768.00      70.5150      9.37674
      4769.40      69.5912      4.85273
      4770.80      71.7799      3.74956
      4772.20      75.9949      3.70398
      4773.60      64.8342      3.43381
      4775.00      69.0265      3.54573
      4776.40      73.0501      3.63488
      4777.80      72.9331      3.75589
      4779.20      70.9747      3.83021
      4780.60      70.8926      3.75962
      4782.00      71.9656      3.70775
      4783.40      74.5376      3.77646
      4784.80      77.0098      3.81914
      4786.20      73.1616      6.78895
      4787.60      73.4181      4.31299
      4789.00      69.2528      3.60038
      4790.40      70.4434      3.73167
      4791.80      73.7830      3.73158
      4793.20      73.1174      3.63138
      4794.60      71.4951      3.58947
      4796.00      68.6575      3.51334
      4797.40      77.6265      3.70383
      4798.80      72.5687      3.71031
      4800.20      70.3860      3.65921
      4801.60      66.9740      3.49453
      4803.00      70.9949      3.57740
      4804.40      67.4094      3.48353
      4805.80      77.1473      3.70375
      4807.20      73.7168      3.70331
      4808.60      71.7855      3.75223
      4810.00      73.8826      3.69960
      4811.40      67.8122      3.48984
      4812.80      71.5480      3.56365
      4814.20      66.0027      3.44032
      4815.60      65.1510      3.46349
      4817.00      71.1356      3.61431
      4818.40      71.2332      3.64036
      4819.80      68.5520      3.60460
      4821.20      68.1535      3.52031
      4822.60      68.8591      3.52933
      4824.00      68.5720      3.52615
      4825.40      65.4337      3.52114
      4826.80      69.8390      3.63554
      4828.20      70.9971      3.67049
      4829.60      71.8531      3.88304
      4831.00      74.0633      4.08927
      4832.40      71.7366      3.98316
      4833.80      71.4705      3.78658
      4835.20      67.2661      3.57011
      4836.60      76.8432      3.76603
      4838.00      68.4939      3.57400
      4839.40      64.5895      3.46703
      4840.80      75.4243      3.73055
      4842.20      75.4206      3.76957
      4843.60      70.3213      3.64162
      4845.00      65.0525      3.48247
      4846.40      70.6852      3.62623
      4847.80      65.8786      3.53509
      4849.20      58.7268      3.35444
      4850.60      60.3132      3.38121
      4852.00      61.4135      3.42162
      4853.40      59.9817      3.52083
      4854.80      59.5603      3.46256
      4856.20      57.5014      3.46588
      4857.60      55.1269      3.40256
      4859.00      42.6078      3.00328
      4860.40      40.5880      2.88127
      4861.80      46.7322      3.05022
      4863.20      55.9010      3.27337
      4864.60      50.5825      3.19457
      4866.00      62.9676      3.53459
      4867.40      66.7868      3.73705
      4868.80      66.6858      3.66463
      4870.20      60.5415      3.35575
      4871.60      59.7565      3.29402
      4873.00      66.3326      3.44983
      4874.40      63.6339      3.75529
      4875.80      69.7083      4.03317
      4877.20      68.1162      3.46990
      4878.60      67.3379      3.50370
      4880.00      59.8225      3.32836
      4881.40      62.1043      3.32012
      4882.80      66.1858      3.41841
      4884.20      72.2767      3.56992
      4885.60      60.2017      3.36787
      4887.00      67.9639      3.55751
      4888.40      61.6358      3.42413
      4889.80      60.9973      3.38538
      4891.20      70.5128      3.51711
      4892.60      59.1988      3.20741
      4894.00      65.5945      3.57205
      4895.40      66.8767      3.40404
      4896.80      66.8428      3.39873
      4898.20      65.9076      3.35383
      4899.60      57.3222      3.12713
      4901.00      68.0936      3.39975
      4902.40      69.1674      3.46122
      4903.80      71.0884      3.50725
      4905.20      70.6989      3.55547
      4906.60      71.4260      3.52635
      4908.00      70.0595      3.44794
      4909.40      63.8674      3.28827
      4910.80      66.7503      3.48825
      4912.20      66.0061      3.37918
      4913.60      64.7915      3.27893
      4915.00      61.9430      3.28657
      4916.40      64.1871      3.44863
      4917.80      64.3029      3.50080
      4919.20      62.2966      3.32794
      4920.60      63.1716      3.23212
      4922.00      64.5176      3.30808
      4923.40      58.6542      3.18878
      4924.80      66.2138      3.36055
      4926.20      66.3955      3.42333
      4927.60      67.1162      3.61492
      4929.00      69.4514      3.83008
      4930.40      72.1857      3.53165
      4931.80      71.8246      3.45044
      4933.20      69.7151      3.51539
      4934.60      68.8103      3.60014
      4936.00      65.8335      3.51546
      4937.40      73.6409      3.56207
      4938.80      69.9439      3.38621
      4940.20      69.6579      3.38940
      4941.60      66.1120      3.33167
      4943.00      67.1139      3.54301
      4944.40      68.7744      3.65139
      4945.80      71.8749      3.64751
      4947.20      70.7473      3.46593
      4948.60      71.3108      3.39613
      4950.00      63.8610      3.22930
      4951.40      68.5633      3.34909
      4952.80      63.9359      3.27184
      4954.20      65.0411      3.28027
      4955.60      61.1951      3.20589
      4957.00      68.9980      3.39575
      4958.40      68.4044      3.33245
      4959.80      67.6751      3.36876
      4961.20      67.5307      3.36719
      4962.60      68.9170      3.45542
      4964.00      62.2214      3.33881
      4965.40      65.9811      3.29963
      4966.80      63.5786      3.36159
      4968.20      62.8376      3.37368
      4969.60      66.3135      3.45015
      4971.00      67.8128      3.40956
      4972.40      67.8148      3.41841
      4973.80      67.3029      3.35229
      4975.20      68.3879      3.38892
      4976.60      68.2432      3.38975
      4978.00      67.0692      3.45562
      4979.40      66.2070      3.78751
      4980.80      60.8795      5.52323
      4982.20      60.5368      3.74886
      4983.60      63.9229      3.41025
      4985.00      61.8329      3.30602
      4986.40      59.9487      3.27374
      4987.80      67.0330      3.49161
      4989.20      69.7746      3.61806
      4990.60      69.3563      3.59053
      4992.00      69.9123      3.58529
      4993.40      71.1733      3.47623
      4994.80      70.9883      3.40032
      4996.20      70.2878      3.36724
      4997.60      63.3747      3.20739
      4999.00      62.2659      3.15327
