      3900.00      1179.15      34.0598
      3901.40      1305.19      36.5411
      3902.80      1343.04      37.1049
      3904.20      1401.25      38.3153
      3905.60      1407.37      38.3871
      3907.00      1516.09      40.5755
      3908.40      1464.92      40.9322
      3909.80      1527.53      40.8470
      3911.20      1457.76      39.5192
      3912.60      1404.86      38.4161
      3914.00      1469.15      40.0731
      3915.40      1465.52      39.8798
      3916.80      1422.87      38.5401
      3918.20      1434.91      38.7255
      3919.60      1370.97      37.4080
      3921.00      1369.61      37.4940
      3922.40      1365.56      37.4385
      3923.80      1338.57      36.8778
      3925.20      1317.51      38.6274
      3926.60      1259.04      35.1939
      3928.00      1231.81      34.6192
      3929.40      1191.62      33.7988
      3930.80      965.067      28.6272
      3932.20      570.772      20.4977
      3933.60      680.780      22.4492
      3935.00      1036.26      30.4942
      3936.40      1206.20      34.3886
      3937.80      1202.25      35.1691
      3939.20      1201.99      35.8026
      3940.60      1188.40      34.6183
      3942.00      1115.02      33.2763
      3943.40      1115.42      33.6921
      3944.80      1106.99      34.6807
      3946.20      1091.88      33.9158
      3947.60      1054.79      33.4526
      3949.00      1023.18      33.1954
      3950.40      1011.39      33.3316
      3951.80      943.583      32.1313
      3953.20      975.129      33.0910
      3954.60      908.114      31.5090
      3956.00      893.438      30.9104
      3957.40      869.609      30.0225
      3958.80      911.258      30.3734
      3960.20      873.043      29.7173
      3961.60      856.641      27.8065
      3963.00      842.107      26.7315
      3964.40      761.933      24.2957
      3965.80      556.357      19.1031
      3967.20      332.664      13.9167
      3968.60      242.207      11.9342
      3970.00      443.300      16.2815
      3971.40      619.605      20.3214
      3972.80      738.322      22.9944
      3974.20      877.203      25.8144
      3975.60      995.985      28.4807
      3977.00      1055.86      29.6599
      3978.40      1101.17      30.6658
      3979.80      1109.42      30.6957
      3981.20      1166.72      31.9325
      3982.60      1218.87      33.0711
      3984.00      1227.98      33.2299
      3985.40      1225.09      33.0903
      3986.80      1219.51      32.9831
      3988.20      1257.14      33.8971
      3989.60      1244.19      33.7083
      3991.00      1262.68      34.2145
      3992.40      1288.90      34.7856
      3993.80      1311.54      35.2550
      3995.20      1309.66      35.1551
      3996.60      1277.36      34.4295
      3998.00      1281.51      34.5086
      3999.40      1285.23      35.4025
      4000.80      1282.61      34.5369
      4002.20      1290.39      34.7245
      4003.60      1284.36      34.6215
      4005.00      1250.56      33.8351
      4006.40      1295.23      34.7582
      4007.80      1282.93      35.3421
      4009.20      1254.62      33.9269
      4010.60      1267.20      34.1986
      4012.00      1213.16      32.9980
      4013.40      1273.65      34.2113
      4014.80      1267.51      34.0561
      4016.20      1279.04      34.4322
      4017.60      1224.08      33.5265
      4019.00      1278.75      34.8758
      4020.40      1282.77      34.9211
      4021.80      1276.37      35.1410
      4023.20      1282.87      40.9646
      4024.60      1257.29      34.2318
      4026.00      1230.86      33.4915
      4027.40      1216.05      33.2801
      4028.80      1235.83      33.9274
      4030.20      1210.49      33.6442
      4031.60      1212.04      35.0459
      4033.00      1210.04      33.6663
      4034.40      1198.06      33.3016
      4035.80      1160.27      32.5004
      4037.20      1255.06      34.5746
      4038.60      1244.71      34.4228
      4040.00      1225.77      34.0236
      4041.40      1194.48      33.4946
      4042.80      1182.13      33.2865
      4044.20      1145.84      32.4920
      4045.60      1169.79      33.1048
      4047.00      1219.88      34.3887
      4048.40      1261.83      35.1240
      4049.80      1181.23      33.1035
      4051.20      1186.18      33.0510
      4052.60      1160.85      32.3158
      4054.00      1167.49      32.4034
      4055.40      1219.66      33.5520
      4056.80      1231.98      33.7715
      4058.20      1239.57      33.8402
      4059.60      1198.21      32.8974
      4061.00      1205.30      32.8155
      4062.40      1145.38      31.4658
      4063.80      1196.47      32.4073
      4065.20      1206.04      32.5188
      4066.60      1145.57      31.2230
      4068.00      1179.28      32.7715
      4069.40      1184.57      32.2597
      4070.80      1145.86      31.4002
      4072.20      1147.68      31.6709
      4073.60      1133.42      31.6803
      4075.00      1120.30      30.7801
      4076.40      1091.51      30.2152
      4077.80      1065.89      29.7275
      4079.20      1110.31      30.6636
      4080.60      1111.67      30.6710
      4082.00      1092.92      30.2514
      4083.40      1071.93      29.7822
      4084.80      1084.86      30.0794
      4086.20      1026.06      28.8032
      4087.60      988.963      28.0971
      4089.00      975.757      27.8560
      4090.40      931.300      26.9126
      4091.80      912.386      26.6964
      4093.20      833.036      24.8829
      4094.60      790.899      24.0526
      4096.00      731.438      22.8578
      4097.40      593.508      19.9273
      4098.80      467.271      17.0541
      4100.20      342.712      14.3582
      4101.60      384.805      15.3435
      4103.00      518.579      18.6961
      4104.40      622.883      22.6485
      4105.80      630.986      35.2441
      4107.20      649.428      1414.21
      4108.60      667.948      1414.21
      4110.00      686.523      1414.21
      4111.40      705.184      1414.21
      4112.80      723.916      1414.21
      4114.20      742.752      1414.21
      4115.60      761.656      1414.21
      4117.00      780.611      1414.21
      4118.40      799.689      1414.21
      4119.80      818.792      1414.21
      4121.20      838.013      1414.21
      4122.60      857.300      1414.21
      4124.00      876.685      1414.21
      4125.40      896.093      1414.21
      4126.80      915.607      1414.21
      4128.20      935.213      1414.21
      4129.60      954.847      1414.21
      4131.00      974.643      1414.21
      4132.40      994.427      1414.21
      4133.80      1014.35      1414.21
      4135.20      1034.34      1414.21
      4136.60      1054.35      1414.21
      4138.00      1075.14      56.1828
      4139.40      1071.34      32.5574
      4140.80      1081.30      30.5245
      4142.20      1038.27      29.3014
      4143.60      1058.62      29.5832
      4145.00      1083.43      31.0444
      4146.40      1094.27      30.1481
      4147.80      1048.15      29.0049
      4149.20      1103.18      30.1333
      4150.60      1133.64      30.7132
      4152.00      1124.61      30.4928
      4153.40      1160.81      31.1859
      4154.80      1127.87      30.3661
      4156.20      1115.48      30.0701
      4157.60      1110.11      29.8720
      4159.00      1092.57      29.4548
      4160.40      1083.43      29.2304
      4161.80      1096.91      29.5554
      4163.20      1072.59      29.0070
      4164.60      1125.31      30.0581
      4166.00      1080.54      29.0664
      4167.40      1101.88      29.4968
      4168.80      1095.32      29.3073
      4170.20      1101.95      29.4711
      4171.60      1068.80      28.7571
      4173.00      1086.88      29.0993
      4174.40      1103.56      29.3919
      4175.80      1104.99      29.4202
      4177.20      1065.86      28.5716
      4178.60      1102.08      29.3442
      4180.00      1097.89      29.1977
      4181.40      1083.92      29.5116
      4182.80      1072.40      28.6668
      4184.20      1093.45      29.0557
      4185.60      1080.46      28.7749
      4187.00      1086.23      28.9013
      4188.40      1089.15      28.9111
      4189.80      1125.67      29.7019
      4191.20      1091.94      28.9469
      4192.60      1117.80      29.5004
      4194.00      1090.29      28.9578
      4195.40      1111.39      29.4718
      4196.80      1099.47      29.1465
      4198.20      1084.41      28.7230
      4199.60      1103.33      29.9174
      4201.00      1104.33      29.0442
      4202.40      1121.75      29.3637
      4203.80      1167.39      30.3098
      4205.20      1134.39      29.5749
      4206.60      1155.85      29.9973
      4208.00      1134.77      29.5020
      4209.40      1169.21      30.1930
      4210.80      1132.67      29.3702
      4212.20      1144.62      29.5961
      4213.60      1098.85      28.5672
      4215.00      1135.38      29.2930
      4216.40      1121.25      31.0012
      4217.80      1206.67      30.7775
      4219.20      1191.89      30.4499
      4220.60      1178.10      30.1744
      4222.00      1178.29      30.1610
      4223.40      1124.62      28.9402
      4224.80      1110.84      28.6189
      4226.20      1097.41      28.3393
      4227.60      1152.15      29.4985
      4229.00      1156.07      29.5835
      4230.40      1119.28      28.8008
      4231.80      1099.40      28.3991
      4233.20      1089.24      28.1503
      4234.60      1128.29      28.9731
      4236.00      1107.01      28.7672
      4237.40      1121.96      29.9413
      4238.80      1114.12      28.7789
      4240.20      1139.67      29.3181
      4241.60      1107.86      28.6082
      4243.00      1066.75      27.6883
      4244.40      1103.03      28.4642
      4245.80      1047.80      27.3643
      4247.20      1039.39      27.2916
      4248.60      1082.12      28.1547
      4250.00      1047.54      27.3677
      4251.40      1066.30      27.7903
      4252.80      1061.68      27.6891
      4254.20      1099.58      28.8372
      4255.60      1073.12      28.8469
      4257.00      1066.78      27.7880
      4258.40      1042.42      27.2193
      4259.80      1041.19      27.1405
      4261.20      1080.64      27.9990
      4262.60      1077.17      27.9155
      4264.00      1071.34      27.8118
      4265.40      1078.45      28.0173
      4266.80      1103.53      28.6322
      4268.20      1075.57      27.9744
      4269.60      1030.37      26.8607
      4271.00      1030.23      26.8175
      4272.40      1044.71      27.1264
      4273.80      1068.33      27.6209
      4275.20      1069.72      28.6129
      4276.60      1067.14      27.6407
      4278.00      1074.66      27.8511
      4279.40      1077.17      27.9075
      4280.80      1077.39      27.8111
      4282.20      1035.63      26.8427
      4283.60      1061.52      27.3499
      4285.00      1105.35      28.2461
      4286.40      1090.01      27.8622
      4287.80      1048.08      26.9442
      4289.20      1004.22      26.0029
      4290.60      1067.38      27.3689
      4292.00      1048.76      26.9724
      4293.40      1019.78      26.3535
      4294.80      1080.67      27.6457
      4296.20      1067.97      27.3266
      4297.60      1032.00      26.5350
      4299.00      1019.40      26.3075
      4300.40      995.753      25.7975
      4301.80      1011.95      26.1291
      4303.20      1018.97      27.0710
      4304.60      1017.19      27.2609
      4306.00      1008.98      26.0038
      4307.40      1016.67      26.1560
      4308.80      1022.15      26.3093
      4310.20      1007.10      27.0549
      4311.60      1002.06      25.8871
      4313.00      968.995      25.2102
      4314.40      990.656      25.6649
      4315.80      1022.10      26.3097
      4317.20      1024.39      26.3368
      4318.60      991.327      25.6682
      4320.00      952.047      24.8789
      4321.40      975.566      25.3192
      4322.80      958.719      24.9067
      4324.20      908.243      23.8247
      4325.60      917.057      24.0152
      4327.00      935.036      24.3639
      4328.40      851.417      22.6130
      4329.80      849.061      22.6585
      4331.20      832.843      22.2452
      4332.60      790.824      21.2652
      4334.00      720.892      19.7914
      4335.40      629.569      17.8341
      4336.80      532.028      15.7169
      4338.20      397.249      12.7489
      4339.60      354.449      11.8284
      4341.00      461.833      14.0993
      4342.40      569.362      16.4341
      4343.80      653.815      18.2168
      4345.20      760.511      20.6263
      4346.60      803.118      21.6413
      4348.00      812.499      21.8876
      4349.40      836.764      22.3580
      4350.80      851.591      22.6164
      4352.20      907.312      23.7757
      4353.60      934.774      24.4778
      4355.00      958.786      24.9464
      4356.40      973.365      25.3970
      4357.80      995.188      26.1903
      4359.20      979.996      25.9372
      4360.60      999.410      26.1197
      4362.00      1041.02      27.2854
      4363.40      1061.75      28.8993
      4364.80      1071.98      27.3648
      4366.20      990.227      25.5769
      4367.60      1050.47      26.8730
      4369.00      1054.54      26.9653
      4370.40      1062.71      27.1399
      4371.80      1045.63      26.7653
      4373.20      1034.31      26.5689
      4374.60      1059.71      27.1045
      4376.00      1066.03      27.2427
      4377.40      1063.30      27.6264
      4378.80      1067.07      27.2506
      4380.20      1052.61      26.9389
      4381.60      1012.57      26.0381
      4383.00      950.522      24.6779
      4384.40      1020.39      26.1723
      4385.80      1028.90      26.3687
      4387.20      1037.92      26.6860
      4388.60      1033.04      26.6765
      4390.00      1056.88      26.9746
      4391.40      1027.39      26.3257
      4392.80      984.215      25.4076
      4394.20      974.168      25.1954
      4395.60      1039.57      26.6202
      4397.00      1004.86      25.8605
      4398.40      982.488      25.3323
      4399.80      987.161      25.4109
      4401.20      1022.77      26.2488
      4402.60      1000.73      26.1996
      4404.00      1011.16      25.8881
      4405.40      1007.14      25.7895
      4406.80      1025.55      26.2063
      4408.20      1013.42      25.9307
      4409.60      1036.38      26.4397
      4411.00      1020.31      26.0758
      4412.40      1029.52      26.2569
      4413.80      972.004      25.0389
      4415.20      953.960      24.6378
      4416.60      941.621      24.3609
      4418.00      1002.92      25.7145
      4419.40      1033.46      26.3543
      4420.80      994.106      25.4815
      4422.20      1031.83      26.2757
      4423.60      1012.87      25.8885
      4425.00      989.990      25.4312
      4426.40      1018.40      25.9903
      4427.80      1006.94      25.7406
      4429.20      1030.38      26.3267
      4430.60      1006.42      25.9178
      4432.00      966.125      25.0092
      4433.40      972.898      25.0177
      4434.80      979.795      25.1279
      4436.20      986.064      25.2698
      4437.60      1002.46      25.6517
      4439.00      998.600      25.5263
      4440.40      977.627      25.0606
      4441.80      932.371      24.0822
      4443.20      919.746      23.8424
      4444.60      961.247      24.7309
      4446.00      974.015      25.0032
      4447.40      981.943      25.2220
      4448.80      978.311      25.3226
      4450.20      980.607      25.0193
      4451.60      1003.50      25.4736
      4453.00      972.552      24.8089
      4454.40      991.672      25.2010
      4455.80      1025.41      25.9328
      4457.20      978.914      24.9984
      4458.60      955.679      24.5220
      4460.00      965.905      24.6998
      4461.40      1009.96      25.6116
      4462.80      941.066      24.1046
      4464.20      978.495      24.9095
      4465.60      946.714      24.2060
      4467.00      917.759      23.5858
      4468.40      967.243      24.6226
      4469.80      959.741      24.4043
      4471.20      963.040      24.4731
      4472.60      967.184      25.2526
      4474.00      993.480      25.0936
      4475.40      963.072      24.4275
      4476.80      943.138      23.9653
      4478.20      981.105      24.7751
      4479.60      902.985      23.0733
      4481.00      900.776      23.0453
      4482.40      942.961      24.0335
      4483.80      944.393      24.7092
      4485.20      943.432      24.4114
      4486.60      948.567      24.1154
      4488.00      966.861      24.4880
      4489.40      938.611      23.9084
      4490.80      939.207      23.9058
      4492.20      961.354      24.3410
      4493.60      930.131      23.6585
      4495.00      953.426      24.1857
      4496.40      960.150      24.4029
      4497.80      927.843      23.7541
      4499.20      935.826      23.9444
      4500.60      903.192      23.1382
      4502.00      926.675      23.6158
      4503.40      919.760      23.5100
      4504.80      926.609      24.4641
      4506.20      931.033      23.7341
      4507.60      922.183      23.5399
      4509.00      918.930      23.5000
      4510.40      955.094      24.3367
      4511.80      935.847      23.9499
      4513.20      920.589      23.6443
      4514.60      884.017      22.8478
      4516.00      926.213      23.7130
      4517.40      915.707      23.4964
      4518.80      909.804      23.3545
      4520.20      902.877      23.2064
      4521.60      918.302      23.4945
      4523.00      943.988      24.0331
      4524.40      947.959      24.0904
      4525.80      979.843      24.7502
      4527.20      910.739      23.2491
      4528.60      952.944      24.1197
      4530.00      965.955      24.4043
      4531.40      935.871      23.7510
      4532.80      932.962      23.6420
      4534.20      975.298      24.5475
      4535.60      968.204      24.3602
      4537.00      1020.31      25.4620
      4538.40      982.971      24.6234
      4539.80      996.288      24.9043
      4541.20      1007.46      25.0968
      4542.60      1010.75      25.1200
      4544.00      987.777      24.5981
      4545.40      1021.31      25.3414
      4546.80      958.076      23.9429
      4548.20      914.149      22.9966
      4549.60      977.442      24.3318
      4551.00      1012.09      25.0885
      4552.40      1001.24      24.8682
      4553.80      926.782      23.2463
      4555.20      971.624      24.2192
      4556.60      959.844      23.9927
      4558.00      944.117      23.7111
      4559.40      961.690      24.1206
      4560.80      960.995      24.1335
      4562.20      916.395      23.1466
      4563.60      889.087      22.5967
      4565.00      940.972      23.7274
      4566.40      939.907      23.6639
      4567.80      946.555      23.7446
      4569.20      931.464      23.4020
      4570.60      866.327      22.0129
      4572.00      918.698      23.1790
      4573.40      956.402      24.0482
      4574.80      912.288      23.1107
      4576.20      929.197      23.4317
      4577.60      922.887      23.2787
      4579.00      922.066      23.7535
      4580.40      911.720      23.2646
      4581.80      861.117      22.0334
      4583.20      881.105      22.4150
      4584.60      921.659      23.2745
      4586.00      911.051      23.0794
      4587.40      938.840      23.6428
      4588.80      919.604      23.1738
      4590.20      925.864      23.2916
      4591.60      933.378      23.4416
      4593.00      926.365      23.3027
      4594.40      929.456      23.3864
      4595.80      947.740      23.8153
      4597.20      955.471      23.9958
      4598.60      902.970      22.8417
      4600.00      910.162      22.9684
      4601.40      927.077      23.3036
      4602.80      918.363      23.1078
      4604.20      892.236      22.5671
      4605.60      922.229      23.2499
      4607.00      916.934      23.1322
      4608.40      901.641      22.8212
      4609.80      932.692      23.4755
      4611.20      920.668      23.1980
      4612.60      916.177      23.0936
      4614.00      897.510      22.6651
      4615.40      901.241      23.9049
      4616.80      895.086      22.6508
      4618.20      898.749      22.7538
      4619.60      900.181      23.3755
      4621.00      912.886      23.1908
      4622.40      901.354      22.8496
      4623.80      895.462      22.6844
      4625.20      916.972      23.1346
      4626.60      914.274      23.0617
      4628.00      895.952      22.7126
      4629.40      905.432      22.9061
      4630.80      900.497      22.7626
      4632.20      901.948      23.2805
      4633.60      870.535      22.1042
      4635.00      918.024      23.1137
      4636.40      902.678      22.7646
      4637.80      909.211      22.9010
      4639.20      912.086      22.9493
      4640.60      914.194      22.9864
      4642.00      909.191      22.8759
      4643.40      902.532      22.7427
      4644.80      895.731      22.5801
      4646.20      913.581      22.9460
      4647.60      924.640      23.1595
      4649.00      912.929      22.9115
      4650.40      900.503      22.6408
      4651.80      906.948      22.7285
      4653.20      911.911      22.8046
      4654.60      927.934      23.1493
      4656.00      908.546      22.7274
      4657.40      946.006      23.5500
      4658.80      954.317      23.7239
      4660.20      950.261      23.6213
      4661.60      970.119      23.9839
      4663.00      960.210      23.7045
      4664.40      954.166      23.5209
      4665.80      920.439      22.8268
      4667.20      960.115      23.6829
      4668.60      939.118      23.2149
      4670.00      957.111      23.5836
      4671.40      962.028      23.6981
      4672.80      926.224      22.9548
      4674.20      959.411      23.6456
      4675.60      939.522      23.2267
      4677.00      943.812      23.3957
      4678.40      953.008      23.6259
      4679.80      987.426      24.3166
      4681.20      930.182      23.0696
      4682.60      955.862      23.6524
      4684.00      949.287      23.5184
      4685.40      945.174      23.4488
      4686.80      934.184      23.2551
      4688.20      903.463      22.6168
      4689.60      915.428      22.9120
      4691.00      930.289      23.2727
      4692.40      894.566      22.5276
      4693.80      892.498      22.5105
      4695.20      902.258      22.7540
      4696.60      882.438      22.3721
      4698.00      845.767      21.6308
      4699.40      860.017      21.9604
      4700.80      874.921      22.3257
      4702.20      846.435      21.7215
      4703.60      850.385      21.8117
      4705.00      865.596      22.1623
      4706.40      824.603      21.3493
      4707.80      848.030      21.8636
      4709.20      862.253      22.0961
      4710.60      853.026      21.8320
      4712.00      824.342      21.1386
      4713.40      867.043      22.0293
      4714.80      873.618      22.1170
      4716.20      880.315      22.1841
      4717.60      891.787      22.3590
      4719.00      897.891      22.4129
      4720.40      888.383      22.1544
      4721.80      881.155      21.9621
      4723.20      902.759      22.3938
      4724.60      887.275      22.0300
      4726.00      904.454      22.4059
      4727.40      901.600      22.3378
      4728.80      877.353      21.8059
      4730.20      892.823      22.1347
      4731.60      903.820      22.3870
      4733.00      901.671      22.3382
      4734.40      900.366      22.2992
      4735.80      889.919      22.0608
      4737.20      872.391      21.7043
      4738.60      897.622      22.2914
      4740.00      899.414      22.3007
      4741.40      889.019      22.0346
      4742.80      887.783      21.9891
      4744.20      898.856      22.4382
      4745.60      889.155      22.2703
      4747.00      891.975      22.0564
      4748.40      903.505      22.3241
      4749.80      882.416      22.0294
      4751.20      890.336      22.4120
      4752.60      891.137      22.0603
      4754.00      877.559      21.7560
      4755.40      899.537      22.2227
      4756.80      880.235      21.7640
      4758.20      881.021      21.7586
      4759.60      909.484      22.3696
      4761.00      892.519      22.0095
      4762.40      897.581      22.1129
      4763.80      872.485      21.6026
      4765.20      892.102      22.0378
      4766.60      905.042      22.3261
      4768.00      862.206      21.4233
      4769.40      889.818      22.0113
      4770.80      884.138      21.8724
      4772.20      897.815      22.1706
      4773.60      909.987      22.4236
      4775.00      911.698      22.4550
      4776.40      885.137      21.8922
      4777.80      890.809      21.9995
      4779.20      905.531      22.3244
      4780.60      889.887      21.9851
      4782.00      876.863      21.6767
      4783.40      901.549      22.2045
      4784.80      878.823      21.7040
      4786.20      896.360      22.0821
      4787.60      892.412      21.9998
      4789.00      872.107      21.5731
      4790.40      881.224      21.7823
      4791.80      886.630      21.8865
      4793.20      859.216      21.2996
      4794.60      871.112      21.5287
      4796.00      878.880      21.6864
      4797.40      878.959      21.6982
      4798.80      865.803      21.4171
      4800.20      848.082      21.0455
      4801.60      869.453      21.5115
      4803.00      857.474      21.2650
      4804.40      856.405      21.2579
      4805.80      885.086      21.9007
      4807.20      874.058      21.6671
      4808.60      874.600      21.6835
      4810.00      879.299      21.7728
      4811.40      872.215      21.6349
      4812.80      852.196      21.2580
      4814.20      855.702      21.8149
      4815.60      855.838      21.3023
      4817.00      847.280      21.1243
      4818.40      852.820      21.2623
      4819.80      847.364      21.1659
      4821.20      838.784      21.0619
      4822.60      838.006      21.4578
      4824.00      832.876      21.0132
      4825.40      847.537      21.1545
      4826.80      836.880      20.9410
      4828.20      823.802      20.6906
      4829.60      811.722      20.4750
      4831.00      821.322      20.7148
      4832.40      798.556      20.2499
      4833.80      804.197      20.4018
      4835.20      800.222      20.3433
      4836.60      794.652      20.2361
      4838.00      791.485      20.3138
      4839.40      778.824      19.9753
      4840.80      772.175      19.8888
      4842.20      761.794      19.6777
      4843.60      758.431      19.8113
      4845.00      733.389      19.0112
      4846.40      717.023      18.6390
      4847.80      692.467      18.1151
      4849.20      679.985      17.8332
      4850.60      647.800      17.1125
      4852.00      637.486      16.8997
      4853.40      600.613      16.0742
      4854.80      585.029      15.6940
      4856.20      531.528      14.4491
      4857.60      457.389      12.8141
      4859.00      349.275      10.4207
      4860.40      303.385      9.36441
      4861.80      399.721      11.4209
      4863.20      497.154      13.8078
      4864.60      585.628      15.5388
      4866.00      602.898      15.8522
      4867.40      621.204      16.2145
      4868.80      658.404      17.0918
      4870.20      667.810      17.2319
      4871.60      688.900      17.6142
      4873.00      739.609      18.7148
      4874.40      737.682      18.7095
      4875.80      743.071      18.8339
      4877.20      756.994      19.4208
      4878.60      759.068      19.1487
      4880.00      782.646      19.6582
      4881.40      789.085      20.0582
      4882.80      780.888      19.5044
      4884.20      797.359      19.8527
      4885.60      809.309      20.1315
      4887.00      808.376      20.1193
      4888.40      813.173      20.3617
      4889.80      801.455      20.1132
      4891.20      807.625      20.0808
      4892.60      810.577      20.1331
      4894.00      807.709      20.1985
      4895.40      815.773      20.7087
      4896.80      828.169      20.5079
      4898.20      808.662      20.0828
      4899.60      821.132      20.3593
      4901.00      831.916      20.5740
      4902.40      826.432      20.7737
      4903.80      818.003      20.5664
      4905.20      829.807      20.5151
      4906.60      799.699      19.8733
      4908.00      814.637      20.1988
      4909.40      820.623      20.3111
      4910.80      837.892      20.6834
      4912.20      835.301      20.6492
      4913.60      816.616      20.2798
      4915.00      830.483      21.1327
      4916.40      817.663      20.5131
      4917.80      799.056      19.8367
      4919.20      805.924      19.9619
      4920.60      811.690      20.0890
      4922.00      792.674      19.7027
      4923.40      786.418      19.5759
      4924.80      808.220      20.0291
      4926.20      814.189      20.1752
      4927.60      802.937      19.9535
      4929.00      805.316      19.9950
      4930.40      832.546      20.5845
      4931.80      822.270      20.3488
      4933.20      819.284      20.2708
      4934.60      819.926      20.2605
      4936.00      813.293      20.1320
      4937.40      810.764      20.0909
      4938.80      817.070      20.1991
      4940.20      835.286      20.5703
      4941.60      816.247      20.1704
      4943.00      811.999      20.1057
      4944.40      819.180      20.2625
      4945.80      817.200      20.7418
      4947.20      828.487      20.6019
      4948.60      813.155      20.0842
      4950.00      809.179      19.9831
      4951.40      807.766      19.9447
      4952.80      800.586      19.8114
      4954.20      798.419      19.7540
      4955.60      800.298      19.7742
      4957.00      784.043      19.4188
      4958.40      805.020      19.8845
      4959.80      807.483      19.9308
      4961.20      825.417      20.3240
      4962.60      803.155      19.8354
      4964.00      822.854      20.2620
      4965.40      800.995      19.7886
      4966.80      799.893      19.7653
      4968.20      805.526      19.8895
      4969.60      785.720      19.4741
      4971.00      796.018      19.6822
      4972.40      811.981      20.0030
      4973.80      800.633      19.7568
      4975.20      824.578      20.2702
      4976.60      806.403      19.9114
      4978.00      796.416      19.7086
      4979.40      814.703      20.0836
      4980.80      805.576      19.8970
      4982.20      800.320      19.7849
      4983.60      787.279      19.5030
      4985.00      799.635      19.7511
      4986.40      787.102      19.4738
      4987.80      795.521      19.9634
      4989.20      788.603      19.7008
      4990.60      790.588      19.5318
      4992.00      783.719      19.3857
      4993.40      793.528      19.6387
      4994.80      793.018      19.6495
      4996.20      786.289      19.5073
      4997.60      771.227      19.1164
      4999.00      778.752      19.2473
