      3900.00      1074.98      22.4709
      3901.40      1134.22      23.5031
      3902.80      1126.96      23.1578
      3904.20      1118.19      22.9481
      3905.60      1082.38      22.3615
      3907.00      1087.97      22.4117
      3908.40      1185.49      23.9079
      3909.80      1212.48      24.3747
      3911.20      1210.88      24.3025
      3912.60      1229.39      24.5665
      3914.00      1170.99      23.6798
      3915.40      1200.38      24.1526
      3916.80      1171.22      23.5898
      3918.20      1135.66      22.9723
      3919.60      1141.98      23.0468
      3921.00      1133.87      22.8437
      3922.40      1143.15      22.9205
      3923.80      1135.96      23.2391
      3925.20      1127.40      23.2157
      3926.60      1046.43      21.3524
      3928.00      921.173      19.4569
      3929.40      778.685      17.1661
      3930.80      582.405      13.9540
      3932.20      372.489      10.4638
      3933.60      213.353      7.89969
      3935.00      239.057      8.23207
      3936.40      470.714      11.9411
      3937.80      662.149      15.1404
      3939.20      882.987      18.5158
      3940.60      973.142      20.0951
      3942.00      1037.19      20.9638
      3943.40      1027.75      20.7824
      3944.80      1030.72      20.7996
      3946.20      1107.87      22.3752
      3947.60      1139.71      22.5566
      3949.00      1076.74      21.5704
      3950.40      1163.30      22.9442
      3951.80      1170.75      23.0264
      3953.20      1120.86      22.2227
      3954.60      1172.34      22.9674
      3956.00      1129.26      22.2285
      3957.40      1042.62      20.8855
      3958.80      1147.76      22.5174
      3960.20      1092.96      22.1883
      3961.60      1005.33      20.2654
      3963.00      902.371      18.6348
      3964.40      820.372      17.2371
      3965.80      675.182      14.9236
      3967.20      436.088      11.0086
      3968.60      266.133      8.43877
      3970.00      295.361      8.92855
      3971.40      501.077      12.1076
      3972.80      684.773      15.1542
      3974.20      806.860      17.0685
      3975.60      934.476      19.0635
      3977.00      994.869      20.0203
      3978.40      1074.42      21.1680
      3979.80      1146.92      22.4065
      3981.20      1151.73      22.9951
      3982.60      1131.68      22.0451
      3984.00      1125.60      21.9969
      3985.40      1170.02      22.6971
      3986.80      1145.80      22.2840
      3988.20      1195.06      22.9881
      3989.60      1204.33      23.0799
      3991.00      1207.51      23.1000
      3992.40      1216.10      23.6137
      3993.80      1245.95      23.7479
      3995.20      1221.09      23.3448
      3996.60      1160.45      22.4303
      3998.00      1148.58      22.2039
      3999.40      1224.73      23.3470
      4000.80      1288.12      24.2604
      4002.20      1286.71      24.1764
      4003.60      1291.21      24.1922
      4005.00      1170.06      22.2365
      4006.40      1115.17      21.4436
      4007.80      1226.12      23.1553
      4009.20      1246.87      23.4782
      4010.60      1256.07      23.9982
      4012.00      1262.23      23.8880
      4013.40      1264.98      23.8125
      4014.80      1259.61      23.6319
      4016.20      1299.00      24.2487
      4017.60      1249.11      23.5034
      4019.00      1285.91      24.0545
      4020.40      1302.28      24.6439
      4021.80      1296.34      24.3613
      4023.20      1301.96      24.3152
      4024.60      1264.81      23.7565
      4026.00      1267.51      23.7552
      4027.40      1312.71      24.3877
      4028.80      1273.98      24.1078
      4030.20      1220.65      22.9874
      4031.60      1200.39      23.1874
      4033.00      1213.32      24.1435
      4034.40      1204.01      22.6867
      4035.80      1240.92      23.2424
      4037.20      1302.13      24.6224
      4038.60      1319.66      25.1021
      4040.00      1307.52      24.2906
      4041.40      1302.64      24.1558
      4042.80      1314.67      24.3619
      4044.20      1242.91      23.2212
      4045.60      1054.75      20.3271
      4047.00      1137.64      21.6823
      4048.40      1274.12      23.8306
      4049.80      1273.93      23.6459
      4051.20      1281.54      24.0573
      4052.60      1249.93      23.2333
      4054.00      1220.51      22.7632
      4055.40      1221.04      22.7949
      4056.80      1201.53      22.4656
      4058.20      1171.43      21.9730
      4059.60      1244.13      23.0602
      4061.00      1269.16      23.5030
      4062.40      1223.12      22.7666
      4063.80      1122.33      21.2041
      4065.20      1193.80      22.2619
      4066.60      1220.65      22.6773
      4068.00      1202.57      22.3865
      4069.40      1282.13      23.8980
      4070.80      1235.90      22.9171
      4072.20      1157.17      21.6981
      4073.60      1241.86      23.0021
      4075.00      1215.66      22.6105
      4076.40      1159.72      21.7853
      4077.80      1063.74      20.3622
      4079.20      1104.75      20.9035
      4080.60      1213.97      22.5312
      4082.00      1238.91      22.9359
      4083.40      1185.91      22.1734
      4084.80      1125.03      21.2056
      4086.20      1147.94      21.4519
      4087.60      1216.38      22.4575
      4089.00      1255.00      23.0593
      4090.40      1239.51      22.8375
      4091.80      1175.06      21.8492
      4093.20      1163.25      21.6997
      4094.60      1146.17      21.8042
      4096.00      1091.31      20.5706
      4097.40      1022.48      19.4920
      4098.80      952.227      18.3743
      4100.20      833.259      16.4222
      4101.60      654.494      13.7051
      4103.00      675.103      13.9725
      4104.40      868.340      16.9546
      4105.80      1010.74      19.2167
      4107.20      1048.68      19.8099
      4108.60      1088.24      20.6050
      4110.00      1094.45      20.4605
      4111.40      1132.85      21.0288
      4112.80      1166.78      21.5743
      4114.20      1180.33      21.8020
      4115.60      1191.02      22.2452
      4117.00      1199.17      22.9316
      4118.40      1214.80      22.2948
      4119.80      1156.57      21.3485
      4121.20      1195.57      21.9401
      4122.60      1170.04      21.5855
      4124.00      1200.71      22.1807
      4125.40      1214.56      22.3523
      4126.80      1178.01      21.6977
      4128.20      1178.34      21.7051
      4129.60      1217.61      22.2804
      4131.00      1206.38      22.1076
      4132.40      1156.50      21.3757
      4133.80      1149.91      21.3116
      4135.20      1190.13      21.8480
      4136.60      1266.92      23.1476
      4138.00      1288.12      23.4489
      4139.40      1294.03      23.4060
      4140.80      1304.44      23.6117
      4142.20      1251.38      22.7587
      4143.60      1132.40      20.8919
      4145.00      1198.12      21.8661
      4146.40      1263.92      22.8710
      4147.80      1286.42      23.2129
      4149.20      1227.75      22.3075
      4150.60      1235.73      22.4281
      4152.00      1261.72      22.8294
      4153.40      1222.56      22.2121
      4154.80      1182.18      21.5967
      4156.20      1165.83      21.5239
      4157.60      1187.75      22.6786
      4159.00      1212.13      22.3006
      4160.40      1251.28      22.6767
      4161.80      1240.02      22.4673
      4163.20      1257.66      22.7186
      4164.60      1285.80      23.1471
      4166.00      1272.59      22.9845
      4167.40      1206.14      21.9937
      4168.80      1230.95      22.3059
      4170.20      1241.42      22.3892
      4171.60      1153.66      21.0385
      4173.00      1063.43      19.6767
      4174.40      1114.38      20.4179
      4175.80      1188.58      21.5848
      4177.20      1174.20      21.3837
      4178.60      1157.00      21.1036
      4180.00      1206.78      21.8162
      4181.40      1184.59      21.4666
      4182.80      1154.04      21.0085
      4184.20      1182.80      21.5069
      4185.60      1210.75      21.9578
      4187.00      1172.45      21.3316
      4188.40      1146.20      20.9365
      4189.80      1216.46      22.0200
      4191.20      1232.62      22.2578
      4192.60      1228.37      22.1738
      4194.00      1227.19      23.4286
      4195.40      1239.49      22.2796
      4196.80      1188.48      21.4957
      4198.20      1148.96      20.8634
      4199.60      1110.93      20.2847
      4201.00      1178.09      21.3079
      4202.40      1145.51      20.8097
      4203.80      1179.29      21.3299
      4205.20      1208.45      21.7772
      4206.60      1211.54      21.8180
      4208.00      1220.32      22.0085
      4209.40      1222.53      21.9822
      4210.80      1219.70      21.9361
      4212.20      1250.96      22.7274
      4213.60      1260.27      23.0525
      4215.00      1231.75      22.1198
      4216.40      1174.99      21.2287
      4217.80      1211.21      21.7747
      4219.20      1237.38      22.2332
      4220.60      1247.59      22.3798
      4222.00      1238.34      22.1774
      4223.40      1207.97      21.7175
      4224.80      1136.83      20.6254
      4226.20      1033.83      19.0345
      4227.60      985.024      18.2672
      4229.00      1182.31      21.2304
      4230.40      1263.15      22.5055
      4231.80      1260.00      22.4785
      4233.20      1181.09      21.2853
      4234.60      1168.01      21.1047
      4236.00      1161.73      20.9543
      4237.40      1148.47      20.7313
      4238.80      1163.02      20.9412
      4240.20      1154.95      20.8214
      4241.60      1195.68      21.7380
      4243.00      1203.09      21.6371
      4244.40      1216.80      21.7666
      4245.80      1226.63      21.9188
      4247.20      1170.15      21.0599
      4248.60      1146.39      20.7249
      4250.00      1170.74      21.0761
      4251.40      1177.51      21.1656
      4252.80      1233.02      22.0436
      4254.20      1230.91      21.9799
      4255.60      1197.94      21.4725
      4257.00      1260.36      22.4219
      4258.40      1213.08      21.7082
      4259.80      1139.29      20.5695
      4261.20      1095.21      19.8940
      4262.60      1214.86      21.7195
      4264.00      1257.02      22.3904
      4265.40      1251.72      22.3190
      4266.80      1267.87      22.5324
      4268.20      1219.16      21.7806
      4269.60      1208.16      21.5861
      4271.00      1122.96      20.2392
      4272.40      1079.40      19.5943
      4273.80      1142.00      20.5404
      4275.20      1133.91      20.4479
      4276.60      1199.99      21.6842
      4278.00      1223.63      22.8082
      4279.40      1232.77      22.1111
      4280.80      1206.30      21.5691
      4282.20      1210.68      21.7603
      4283.60      1190.64      21.4007
      4285.00      1192.96      21.3179
      4286.40      1172.89      20.9847
      4287.80      1150.57      20.6542
      4289.20      1094.65      19.8135
      4290.60      1025.75      18.7462
      4292.00      1129.90      20.3228
      4293.40      1189.09      21.2402
      4294.80      1148.85      20.6979
      4296.20      1136.99      20.5534
      4297.60      1117.19      20.1363
      4299.00      1048.01      19.1213
      4300.40      958.019      17.7452
      4301.80      984.452      18.1254
      4303.20      991.762      18.2091
      4304.60      1058.82      19.2414
      4306.00      1068.57      19.3822
      4307.40      1002.60      18.3332
      4308.80      958.697      17.6453
      4310.20      1011.30      18.4300
      4311.60      1092.71      19.6749
      4313.00      1108.37      19.9362
      4314.40      1088.95      19.6328
      4315.80      1140.81      20.4329
      4317.20      1201.95      21.9178
      4318.60      1197.33      22.0005
      4320.00      1181.31      21.4587
      4321.40      1162.53      20.7876
      4322.80      1166.94      20.8319
      4324.20      1128.79      20.2125
      4325.60      1018.20      18.5243
      4327.00      1046.49      18.9633
      4328.40      1168.88      20.8494
      4329.80      1172.75      20.9296
      4331.20      1146.00      20.5110
      4332.60      1143.35      20.4625
      4334.00      1135.26      20.3597
      4335.40      1097.11      19.7223
      4336.80      1011.57      18.3919
      4338.20      855.774      15.9848
      4339.60      717.100      13.8097
      4341.00      606.170      12.1956
      4342.40      752.370      14.3887
      4343.80      899.872      16.6744
      4345.20      997.610      18.1689
      4346.60      1079.83      19.4532
      4348.00      1110.59      20.1008
      4349.40      1132.25      20.7305
      4350.80      1115.32      19.9814
      4352.20      1014.55      18.4367
      4353.60      1077.77      19.3448
      4355.00      1157.54      20.6003
      4356.40      1181.61      20.9768
      4357.80      1203.28      21.4031
      4359.20      1187.01      21.3613
      4360.60      1191.85      21.4511
      4362.00      1249.78      22.1137
      4363.40      1236.76      21.8424
      4364.80      1247.20      22.1780
      4366.20      1254.55      22.0751
      4367.60      1191.42      21.1103
      4369.00      1191.59      21.1116
      4370.40      1216.90      21.4986
      4371.80      1219.81      21.5633
      4373.20      1214.71      21.4512
      4374.60      1158.22      20.5550
      4376.00      1122.75      20.1017
      4377.40      1203.74      21.2591
      4378.80      1248.91      21.9676
      4380.20      1252.74      22.0539
      4381.60      1252.71      22.0386
      4383.00      1138.86      20.2151
      4384.40      1035.40      18.6726
      4385.80      1081.00      19.3208
      4387.20      1162.56      20.5856
      4388.60      1187.87      20.9850
      4390.00      1208.13      21.3081
      4391.40      1185.11      20.9501
      4392.80      1225.60      21.5623
      4394.20      1199.26      21.1353
      4395.60      1127.72      20.0671
      4397.00      1200.27      21.1578
      4398.40      1239.53      21.7293
      4399.80      1166.19      20.5883
      4401.20      1134.44      20.1240
      4402.60      1195.50      21.0989
      4404.00      1186.30      20.9688
      4405.40      1159.10      20.5378
      4406.80      1179.89      20.8433
      4408.20      1181.83      20.8558
      4409.60      1195.93      21.0493
      4411.00      1212.50      21.3145
      4412.40      1249.42      21.8769
      4413.80      1256.33      21.9748
      4415.20      1152.75      20.3711
      4416.60      1137.89      20.1684
      4418.00      1149.61      20.3377
      4419.40      1206.67      21.2030
      4420.80      1269.02      22.1688
      4422.20      1217.59      21.3865
      4423.60      1183.14      20.8566
      4425.00      1206.92      21.2076
      4426.40      1190.67      20.9449
      4427.80      1194.03      20.9656
      4429.20      1214.75      21.2894
      4430.60      1197.38      21.0387
      4432.00      1198.49      21.2644
      4433.40      1201.31      21.1204
      4434.80      1160.74      20.6172
      4436.20      1152.15      20.3766
      4437.60      1214.68      21.2552
      4439.00      1264.51      22.0238
      4440.40      1241.03      21.6657
      4441.80      1205.69      21.1058
      4443.20      1130.39      19.9559
      4444.60      1135.37      20.0180
      4446.00      1228.06      21.4293
      4447.40      1214.94      21.2508
      4448.80      1199.18      21.0173
      4450.20      1207.90      21.1471
      4451.60      1187.13      20.8375
      4453.00      1215.35      21.2427
      4454.40      1151.86      20.2154
      4455.80      1094.94      19.3636
      4457.20      1148.68      20.1691
      4458.60      1149.94      20.1837
      4460.00      1156.64      20.3185
      4461.40      1147.41      20.1866
      4462.80      1142.54      20.0661
      4464.20      1177.12      20.6004
      4465.60      1172.97      20.5451
      4467.00      1176.00      20.8266
      4468.40      1151.04      20.2082
      4469.80      1147.71      20.1532
      4471.20      1186.33      20.7234
      4472.60      1199.57      20.9316
      4474.00      1228.93      21.4233
      4475.40      1250.95      21.7821
      4476.80      1219.49      21.2652
      4478.20      1259.56      21.8575
      4479.60      1228.07      21.3501
      4481.00      1122.11      19.7295
      4482.40      1110.61      19.5812
      4483.80      1178.40      20.6091
      4485.20      1205.78      21.0095
      4486.60      1234.79      21.4443
      4488.00      1228.74      21.3378
      4489.40      1149.92      20.1389
      4490.80      1159.48      20.2887
      4492.20      1214.92      21.1326
      4493.60      1223.67      21.2847
      4495.00      1194.13      20.8406
      4496.40      1198.59      20.9000
      4497.80      1218.11      21.1804
      4499.20      1243.30      21.5621
      4500.60      1216.82      21.1346
      4502.00      1172.19      20.4515
      4503.40      1228.45      21.3180
      4504.80      1270.80      21.9754
      4506.20      1276.44      22.1050
      4507.60      1272.40      21.9802
      4509.00      1217.33      21.1273
      4510.40      1241.59      21.4956
      4511.80      1247.90      21.6143
      4513.20      1235.02      21.4402
      4514.60      1220.80      21.2206
      4516.00      1206.30      20.9950
      4517.40      1225.48      21.3154
      4518.80      1200.79      21.0747
      4520.20      1202.17      20.8625
      4521.60      1195.69      20.7776
      4523.00      1182.44      20.5649
      4524.40      1183.82      20.5811
      4525.80      1159.28      20.1940
      4527.20      1142.25      19.9596
      4528.60      1140.99      19.9436
      4530.00      1140.18      19.9091
      4531.40      1146.51      19.9863
      4532.80      1160.46      20.2074
      4534.20      1101.34      19.3244
      4535.60      1100.84      19.3366
      4537.00      1180.93      20.5111
      4538.40      1246.96      21.5667
      4539.80      1221.82      21.2739
      4541.20      1208.89      20.9861
      4542.60      1220.32      21.2886
      4544.00      1213.61      21.2435
      4545.40      1199.51      20.8063
      4546.80      1205.10      20.8870
      4548.20      1178.71      20.4667
      4549.60      1100.54      19.2578
      4551.00      1112.52      19.4247
      4552.40      1180.83      20.4912
      4553.80      1175.44      20.4061
      4555.20      1140.63      19.8699
      4556.60      1131.73      19.7287
      4558.00      1191.42      20.6274
      4559.40      1216.93      21.0208
      4560.80      1233.80      21.2907
      4562.20      1242.48      21.4355
      4563.60      1185.49      20.5361
      4565.00      1180.43      20.4650
      4566.40      1191.83      20.6349
      4567.80      1232.63      21.3719
      4569.20      1239.12      21.4248
      4570.60      1218.38      21.0034
      4572.00      1165.44      20.2308
      4573.40      1190.25      20.6127
      4574.80      1224.11      21.2006
      4576.20      1212.87      21.1087
      4577.60      1212.05      21.1821
      4579.00      1210.57      20.9508
      4580.40      1197.08      20.7200
      4581.80      1174.61      20.3591
      4583.20      1166.92      20.2244
      4584.60      1147.98      19.9308
      4586.00      1158.64      20.0843
      4587.40      1182.13      20.5904
      4588.80      1189.03      20.5740
      4590.20      1194.20      20.6302
      4591.60      1182.18      20.4416
      4593.00      1176.40      20.3615
      4594.40      1205.73      20.8139
      4595.80      1215.02      20.9682
      4597.20      1205.01      20.8961
      4598.60      1189.76      20.9672
      4600.00      1197.52      20.7367
      4601.40      1177.65      20.3902
      4602.80      1181.53      20.4631
      4604.20      1211.26      20.9037
      4605.60      1207.52      20.8378
      4607.00      1199.95      20.6951
      4608.40      1217.98      21.1635
      4609.80      1238.20      21.3517
      4611.20      1225.16      21.0740
      4612.60      1210.75      20.8440
      4614.00      1228.07      21.1091
      4615.40      1240.67      21.2969
      4616.80      1211.30      20.8561
      4618.20      1182.69      20.4363
      4619.60      1171.95      20.2580
      4621.00      1216.88      20.9376
      4622.40      1232.61      21.1937
      4623.80      1236.45      21.4050
      4625.20      1227.38      21.2271
      4626.60      1223.17      21.0555
      4628.00      1230.61      21.2834
      4629.40      1214.20      20.9819
      4630.80      1213.50      20.8810
      4632.20      1226.18      21.1679
      4633.60      1224.09      21.0670
      4635.00      1221.94      21.0340
      4636.40      1210.75      20.8788
      4637.80      1203.75      20.7536
      4639.20      1202.97      20.7319
      4640.60      1229.05      21.2569
      4642.00      1235.62      21.2318
      4643.40      1224.86      21.4932
      4644.80      1231.34      21.5893
      4646.20      1200.16      20.7950
      4647.60      1176.15      20.2755
      4649.00      1191.29      20.5326
      4650.40      1209.90      20.8300
      4651.80      1228.03      21.1120
      4653.20      1229.81      21.1273
      4654.60      1221.45      20.9889
      4656.00      1183.78      20.4103
      4657.40      1200.14      20.6591
      4658.80      1235.20      21.1919
      4660.20      1242.94      21.4920
      4661.60      1247.49      21.4570
      4663.00      1223.09      21.0086
      4664.40      1207.00      20.7604
      4665.80      1206.83      20.7507
      4667.20      1151.65      19.9268
      4668.60      1135.36      19.6839
      4670.00      1180.39      20.3647
      4671.40      1194.70      20.5664
      4672.80      1208.29      20.7678
      4674.20      1228.39      21.0806
      4675.60      1241.91      21.2757
      4677.00      1244.47      21.3112
      4678.40      1211.03      20.7980
      4679.80      1188.35      20.4494
      4681.20      1213.43      20.8448
      4682.60      1215.71      20.8760
      4684.00      1221.72      20.9532
      4685.40      1231.65      21.0986
      4686.80      1232.20      21.0970
      4688.20      1223.12      20.9462
      4689.60      1212.98      20.7846
      4691.00      1210.55      20.7596
      4692.40      1214.37      20.8453
      4693.80      1239.66      21.2199
      4695.20      1243.62      21.2746
      4696.60      1227.97      21.3822
      4698.00      1243.13      21.2959
      4699.40      1203.65      20.6735
      4700.80      1186.65      20.3893
      4702.20      1186.69      20.3868
      4703.60      1172.73      20.1858
      4705.00      1179.98      20.3127
      4706.40      1187.06      20.4244
      4707.80      1186.89      20.3910
      4709.20      1133.22      19.5700
      4710.60      1189.32      20.4130
      4712.00      1233.19      21.0885
      4713.40      1227.18      20.9913
      4714.80      1181.49      20.2836
      4716.20      1175.60      20.1905
      4717.60      1221.44      20.8884
      4719.00      1215.35      20.7870
      4720.40      1250.74      21.3434
      4721.80      1209.92      20.7276
      4723.20      1216.70      20.8231
      4724.60      1244.90      21.2577
      4726.00      1242.30      21.3616
      4727.40      1218.52      20.8562
      4728.80      1163.09      19.9959
      4730.20      1188.97      20.4023
      4731.60      1195.13      20.4894
      4733.00      1216.68      20.8070
      4734.40      1214.97      20.8482
      4735.80      1224.91      21.2340
      4737.20      1203.65      21.4502
      4738.60      1204.37      20.7770
      4740.00      1214.55      20.7764
      4741.40      1192.24      20.4198
      4742.80      1209.75      20.7532
      4744.20      1214.01      20.8963
      4745.60      1211.15      20.7508
      4747.00      1213.54      20.7397
      4748.40      1219.83      20.8271
      4749.80      1214.53      20.7417
      4751.20      1218.51      20.8272
      4752.60      1227.02      20.9634
      4754.00      1187.34      20.3673
      4755.40      1190.17      20.4131
      4756.80      1177.39      20.1951
      4758.20      1188.44      20.3543
      4759.60      1205.44      20.8580
      4761.00      1185.56      20.3017
      4762.40      1160.96      19.9304
      4763.80      1150.54      19.7704
      4765.20      1149.77      19.7587
      4766.60      1161.81      19.9175
      4768.00      1191.94      20.3781
      4769.40      1197.45      20.6994
      4770.80      1207.03      20.7581
      4772.20      1195.25      20.4526
      4773.60      1212.57      20.7024
      4775.00      1231.93      20.9866
      4776.40      1222.80      20.8336
      4777.80      1229.63      20.9512
      4779.20      1229.04      20.9487
      4780.60      1229.78      20.9590
      4782.00      1206.63      20.6215
      4783.40      1175.66      20.1591
      4784.80      1167.95      20.0570
      4786.20      1203.62      20.5722
      4787.60      1178.58      20.1778
      4789.00      1174.88      20.1103
      4790.40      1185.55      20.2706
      4791.80      1182.98      20.2166
      4793.20      1175.35      20.0927
      4794.60      1218.39      20.7546
      4796.00      1237.40      21.0485
      4797.40      1218.22      20.8505
      4798.80      1190.55      20.3335
      4800.20      1190.98      20.3346
      4801.60      1192.98      20.3676
      4803.00      1215.05      20.7092
      4804.40      1209.12      20.7259
      4805.80      1171.45      20.0283
      4807.20      1183.77      20.2183
      4808.60      1190.13      20.4216
      4810.00      1181.27      20.2191
      4811.40      1177.91      20.3615
      4812.80      1192.72      20.3502
      4814.20      1206.59      20.5501
      4815.60      1203.11      20.5029
      4817.00      1199.04      20.4616
      4818.40      1216.33      20.7378
      4819.80      1215.29      20.7287
      4821.20      1206.65      20.6658
      4822.60      1204.63      20.7929
      4824.00      1170.89      20.0135
      4825.40      1172.84      20.0432
      4826.80      1190.37      20.3013
      4828.20      1204.68      20.5159
      4829.60      1184.35      20.2057
      4831.00      1174.81      20.0720
      4832.40      1177.49      20.1079
      4833.80      1178.98      20.1335
      4835.20      1182.17      20.1990
      4836.60      1173.47      20.1471
      4838.00      1163.47      20.0552
      4839.40      1163.86      19.8993
      4840.80      1151.12      19.7087
      4842.20      1156.52      19.7967
      4843.60      1161.28      19.8591
      4845.00      1152.73      19.7263
      4846.40      1137.09      19.7924
      4847.80      1131.19      19.4287
      4849.20      1097.72      18.9070
      4850.60      1118.56      19.2075
      4852.00      1106.63      19.5380
      4853.40      1077.85      18.8496
      4854.80      1032.47      17.8742
      4856.20      996.326      17.3332
      4857.60      964.199      16.8483
      4859.00      922.318      16.1861
      4860.40      751.896      13.4820
      4861.80      601.590      11.3376
      4863.20      693.934      12.6532
      4864.60      855.994      15.1629
      4866.00      960.457      16.7897
      4867.40      1021.25      17.7757
      4868.80      1051.83      18.2833
      4870.20      1054.83      18.3411
      4871.60      1019.71      17.7380
      4873.00      1019.73      17.7419
      4874.40      1077.37      18.6446
      4875.80      1106.05      19.1333
      4877.20      1110.98      19.1858
      4878.60      1092.87      18.8966
      4880.00      1127.31      19.4691
      4881.40      1154.00      19.9912
      4882.80      1145.16      19.8622
      4884.20      1148.91      19.7935
      4885.60      1127.29      19.4688
      4887.00      1125.05      19.4384
      4888.40      1130.23      19.5270
      4889.80      1120.90      19.3857
      4891.20      1085.82      18.8487
      4892.60      1098.43      19.0450
      4894.00      1179.29      20.2811
      4895.40      1200.50      20.6046
      4896.80      1188.10      20.4179
      4898.20      1185.28      20.3843
      4899.60      1178.19      20.5354
      4901.00      1164.45      20.0642
      4902.40      1158.95      19.9969
      4903.80      1151.21      19.8812
      4905.20      1170.79      20.1416
      4906.60      1201.63      20.6139
      4908.00      1188.17      20.3914
      4909.40      1159.40      19.9246
      4910.80      1128.08      19.4425
      4912.20      1147.81      19.7228
      4913.60      1174.51      20.1326
      4915.00      1188.12      20.3367
      4916.40      1189.21      20.3426
      4917.80      1168.69      20.0173
      4919.20      1121.86      19.2994
      4920.60      1088.61      18.7910
      4922.00      1117.44      19.2239
      4923.40      1147.78      19.6848
      4924.80      1124.16      19.3266
      4926.20      1174.62      20.0616
      4927.60      1183.17      20.1874
      4929.00      1175.97      20.1526
      4930.40      1193.63      20.4311
      4931.80      1182.43      20.1928
      4933.20      1160.25      19.8320
      4934.60      1097.20      18.8630
      4936.00      1154.49      19.7496
      4937.40      1143.74      19.5758
      4938.80      1115.16      19.1263
      4940.20      1119.65      19.1840
      4941.60      1175.13      20.0181
      4943.00      1205.24      20.4817
      4944.40      1200.32      20.4165
      4945.80      1197.27      20.4184
      4947.20      1181.97      20.1289
      4948.60      1209.24      20.5445
      4950.00      1188.00      20.2133
      4951.40      1209.14      20.5499
      4952.80      1199.10      20.4065
      4954.20      1185.26      20.1416
      4955.60      1170.25      19.9097
      4957.00      1122.37      19.1766
      4958.40      1067.39      18.3336
      4959.80      1160.50      19.7248
      4961.20      1207.44      20.4864
      4962.60      1196.28      20.3189
      4964.00      1203.13      20.4264
      4965.40      1164.33      19.8176
      4966.80      1156.23      19.6861
      4968.20      1148.01      19.6887
      4969.60      1161.33      19.7650
      4971.00      1148.92      19.5940
      4972.40      1180.37      20.0660
      4973.80      1177.41      20.0160
      4975.20      1190.26      20.2238
      4976.60      1187.34      20.2718
      4978.00      1181.69      20.3006
      4979.40      1156.86      19.7056
      4980.80      1138.40      19.4320
      4982.20      1103.90      18.9085
      4983.60      1069.20      18.3826
      4985.00      1065.29      18.3067
      4986.40      1121.81      19.1589
      4987.80      1170.64      19.9129
      4989.20      1154.93      19.7855
      4990.60      1147.33      19.5492
      4992.00      1138.91      19.3993
      4993.40      1159.67      19.7136
      4994.80      1141.21      19.4351
      4996.20      1166.87      19.8163
      4997.60      1172.91      20.1795
      4999.00      1157.51      19.8761
