      3900.00      315.096      17.4856
      3901.40      387.436      19.2972
      3902.80      398.683      19.6065
      3904.20      390.770      19.3576
      3905.60      370.420      18.9472
      3907.00      425.567      20.1095
      3908.40      448.305      20.0852
      3909.80      439.351      19.6033
      3911.20      422.286      19.0040
      3912.60      418.086      19.3012
      3914.00      401.525      19.7451
      3915.40      449.825      20.7061
      3916.80      413.451      19.0451
      3918.20      447.695      19.1810
      3919.60      443.200      18.8778
      3921.00      437.637      18.5817
      3922.40      423.618      18.1138
      3923.80      441.742      18.7436
      3925.20      412.173      18.1685
      3926.60      401.659      18.0271
      3928.00      397.645      17.8315
      3929.40      373.096      17.9433
      3930.80      362.214      16.8287
      3932.20      238.785      13.3395
      3933.60      236.829      13.2803
      3935.00      335.395      15.9043
      3936.40      423.110      17.6718
      3937.80      434.238      17.9379
      3939.20      417.399      17.8645
      3940.60      417.374      18.4005
      3942.00      415.060      19.2413
      3943.40      413.045      18.2199
      3944.80      404.665      17.9763
      3946.20      419.345      17.6605
      3947.60      439.557      17.9482
      3949.00      438.289      17.9122
      3950.40      432.121      17.7725
      3951.80      418.478      17.5182
      3953.20      393.842      16.9706
      3954.60      396.018      16.9660
      3956.00      377.308      16.4860
      3957.40      374.762      16.6703
      3958.80      358.203      16.5835
      3960.20      351.218      16.1261
      3961.60      317.668      15.7271
      3963.00      295.140      15.5460
      3964.40      259.365      15.1566
      3965.80      219.327      14.2439
      3967.20      150.373      12.5740
      3968.60      101.839      11.1930
      3970.00      125.476      12.1904
      3971.40      208.353      14.4588
      3972.80      241.478      15.2901
      3974.20      268.485      15.7070
      3975.60      317.092      16.8479
      3977.00      328.306      16.2778
      3978.40      317.997      15.3634
      3979.80      343.683      15.5372
      3981.20      355.904      16.0923
      3982.60      400.798      16.8649
      3984.00      367.403      16.0021
      3985.40      374.996      16.0072
      3986.80      376.711      15.8260
      3988.20      391.171      16.0963
      3989.60      396.225      16.1428
      3991.00      395.386      16.5150
      3992.40      394.925      16.0682
      3993.80      407.047      16.1982
      3995.20      407.638      16.0900
      3996.60      384.965      15.6023
      3998.00      433.100      16.7886
      3999.40      439.836      17.1020
      4000.80      439.180      17.1202
      4002.20      424.894      16.7035
      4003.60      407.704      16.2068
      4005.00      390.245      15.6015
      4006.40      380.748      15.3322
      4007.80      412.346      16.0149
      4009.20      424.334      16.3926
      4010.60      407.479      16.1336
      4012.00      385.469      15.6548
      4013.40      416.719      16.5197
      4014.80      402.090      16.0664
      4016.20      376.621      15.2895
      4017.60      413.899      15.9809
      4019.00      402.603      15.7332
      4020.40      429.121      16.4860
      4021.80      425.568      16.5319
      4023.20      415.815      16.4140
      4024.60      404.042      15.9441
      4026.00      397.255      15.5936
      4027.40      421.562      16.0763
      4028.80      426.932      16.2222
      4030.20      420.439      16.2396
      4031.60      422.314      16.7005
      4033.00      432.549      16.9631
      4034.40      438.319      16.9730
      4035.80      413.255      16.2690
      4037.20      407.748      15.9941
      4038.60      404.020      15.7562
      4040.00      429.484      16.4389
      4041.40      418.416      16.1502
      4042.80      393.049      15.5955
      4044.20      398.143      16.2263
      4045.60      395.642      16.5985
      4047.00      375.415      16.1828
      4048.40      409.275      16.8004
      4049.80      404.037      16.3090
      4051.20      409.474      16.4141
      4052.60      408.283      16.2737
      4054.00      400.372      16.1473
      4055.40      396.044      16.1276
      4056.80      419.138      16.7640
      4058.20      404.675      17.1306
      4059.60      412.127      16.9739
      4061.00      423.382      17.2265
      4062.40      386.052      16.2748
      4063.80      396.561      16.1540
      4065.20      366.894      15.3085
      4066.60      392.398      15.7575
      4068.00      376.845      15.4165
      4069.40      383.534      15.5681
      4070.80      381.642      15.6414
      4072.20      407.078      16.2932
      4073.60      394.029      15.8103
      4075.00      394.831      15.4758
      4076.40      340.589      14.1708
      4077.80      357.416      14.5503
      4079.20      379.116      15.0081
      4080.60      386.527      15.2353
      4082.00      370.642      15.0507
      4083.40      364.232      15.0386
      4084.80      348.736      14.6583
      4086.20      351.370      14.7844
      4087.60      360.734      15.4835
      4089.00      377.342      15.3337
      4090.40      359.059      14.7588
      4091.80      344.085      14.1280
      4093.20      296.420      12.7035
      4094.60      307.920      12.9401
      4096.00      297.429      12.6456
      4097.40      238.826      11.3842
      4098.80      205.771      10.4347
      4100.20      136.248      8.68977
      4101.60      135.827      8.70216
      4103.00      190.745      10.0186
      4104.40      250.100      11.7577
      4105.80      260.521      12.0440
      4107.20      271.620      12.1762
      4108.60      283.403      13.3711
      4110.00      292.627      12.5197
      4111.40      333.553      13.4434
      4112.80      343.418      13.6573
      4114.20      340.156      13.9439
      4115.60      349.459      14.3238
      4117.00      354.556      14.3679
      4118.40      352.317      14.1112
      4119.80      367.810      14.3531
      4121.20      373.728      14.4099
      4122.60      360.777      14.2716
      4124.00      378.541      14.7699
      4125.40      368.597      15.0232
      4126.80      352.410      14.0112
      4128.20      366.986      14.2061
      4129.60      376.904      14.3297
      4131.00      359.077      13.9396
      4132.40      380.148      14.4249
      4133.80      334.002      13.4876
      4135.20      387.839      14.7117
      4136.60      384.426      14.5331
      4138.00      365.070      13.9867
      4139.40      386.827      14.4042
      4140.80      372.641      14.1188
      4142.20      365.001      13.8488
      4143.60      367.893      13.8881
      4145.00      373.945      13.9713
      4146.40      374.745      13.9924
      4147.80      372.341      13.8715
      4149.20      361.495      13.5765
      4150.60      357.314      13.4388
      4152.00      372.233      13.7481
      4153.40      380.095      13.8713
      4154.80      397.897      14.2061
      4156.20      377.724      13.8426
      4157.60      373.111      13.7966
      4159.00      396.993      14.3331
      4160.40      377.980      13.8822
      4161.80      355.653      13.3269
      4163.20      386.670      13.9523
      4164.60      370.655      13.6015
      4166.00      362.782      13.4619
      4167.40      371.051      13.4627
      4168.80      392.823      13.9099
      4170.20      375.525      13.5046
      4171.60      377.448      13.6580
      4173.00      356.573      13.1928
      4174.40      367.471      13.3968
      4175.80      369.664      13.4127
      4177.20      355.942      13.0616
      4178.60      342.060      12.7360
      4180.00      364.860      13.1998
      4181.40      368.186      13.2472
      4182.80      379.760      13.5147
      4184.20      391.779      13.7083
      4185.60      363.224      13.2073
      4187.00      356.652      13.1734
      4188.40      380.911      13.4569
      4189.80      382.967      13.5153
      4191.20      343.674      12.6885
      4192.60      355.370      12.8908
      4194.00      395.496      13.8151
      4195.40      369.707      13.3053
      4196.80      342.055      12.7053
      4198.20      349.878      12.8500
      4199.60      372.977      13.3567
      4201.00      334.252      12.4616
      4202.40      354.073      12.7832
      4203.80      368.226      13.0274
      4205.20      367.711      13.0440
      4206.60      363.428      13.0914
      4208.00      380.846      13.4933
      4209.40      359.445      12.9277
      4210.80      367.309      13.1462
      4212.20      352.279      13.4713
      4213.60      346.772      12.7147
      4215.00      353.480      12.8331
      4216.40      349.682      12.7495
      4217.80      371.274      13.2224
      4219.20      351.555      12.7976
      4220.60      366.102      13.1656
      4222.00      363.904      13.0387
      4223.40      356.454      12.7584
      4224.80      333.665      12.1798
      4226.20      329.535      12.0948
      4227.60      346.222      12.5224
      4229.00      376.670      13.2812
      4230.40      347.864      12.7007
      4231.80      355.103      12.8259
      4233.20      368.105      13.0254
      4234.60      360.023      12.7383
      4236.00      350.308      12.5153
      4237.40      367.189      12.9862
      4238.80      365.683      13.0409
      4240.20      354.514      12.7670
      4241.60      362.296      12.9806
      4243.00      373.145      13.2968
      4244.40      362.744      13.1806
      4245.80      330.073      12.4865
      4247.20      347.271      12.6617
      4248.60      345.559      12.3964
      4250.00      330.025      12.0437
      4251.40      377.734      13.2104
      4252.80      342.128      12.5764
      4254.20      363.798      12.9755
      4255.60      359.838      12.8541
      4257.00      370.328      12.9519
      4258.40      340.615      12.2360
      4259.80      338.753      12.3674
      4261.20      318.846      12.1827
      4262.60      366.425      13.1403
      4264.00      363.906      12.8382
      4265.40      379.200      13.1938
      4266.80      354.457      12.7080
      4268.20      358.393      13.0888
      4269.60      330.107      12.5887
      4271.00      360.198      13.0737
      4272.40      335.913      12.3608
      4273.80      336.293      12.0819
      4275.20      369.248      12.7637
      4276.60      354.808      12.4933
      4278.00      359.152      12.6226
      4279.40      344.183      12.3428
      4280.80      338.434      12.1429
      4282.20      347.608      12.2694
      4283.60      345.136      12.2468
      4285.00      358.678      12.5011
      4286.40      363.108      12.6358
      4287.80      321.125      11.9200
      4289.20      319.221      12.0301
      4290.60      341.731      12.4587
      4292.00      345.277      12.4321
      4293.40      349.434      12.3157
      4294.80      361.658      12.5087
      4296.20      342.807      12.0995
      4297.60      346.974      12.3205
      4299.00      295.227      11.3297
      4300.40      334.535      12.1573
      4301.80      331.082      11.8637
      4303.20      351.276      12.2944
      4304.60      324.589      12.4770
      4306.00      324.481      11.6056
      4307.40      317.279      11.4938
      4308.80      323.533      11.6419
      4310.20      345.298      12.1984
      4311.60      349.666      12.4550
      4313.00      326.311      12.0844
      4314.40      304.114      11.5935
      4315.80      331.635      12.0087
      4317.20      331.088      11.8921
      4318.60      331.377      11.9456
      4320.00      333.389      12.0626
      4321.40      327.508      11.6779
      4322.80      337.861      11.8697
      4324.20      315.544      11.3494
      4325.60      308.064      11.2312
      4327.00      302.431      11.1294
      4328.40      318.100      11.3370
      4329.80      298.838      10.8972
      4331.20      271.397      10.3125
      4332.60      297.998      10.8684
      4334.00      255.570      9.83468
      4335.40      248.338      9.64999
      4336.80      194.479      8.45003
      4338.20      133.990      7.00336
      4339.60      120.503      6.70834
      4341.00      135.574      7.07439
      4342.40      193.787      8.44187
      4343.80      231.209      9.31583
      4345.20      257.991      9.91483
      4346.60      273.646      10.6068
      4348.00      277.535      10.7929
      4349.40      280.790      10.4534
      4350.80      283.007      10.4843
      4352.20      289.411      10.5753
      4353.60      330.493      11.5619
      4355.00      319.612      11.3726
      4356.40      322.942      11.4490
      4357.80      331.017      12.2269
      4359.20      329.712      12.7502
      4360.60      324.118      12.2304
      4362.00      343.364      12.0805
      4363.40      332.489      11.5915
      4364.80      331.549      11.5754
      4366.20      333.615      11.6755
      4367.60      345.192      11.8874
      4369.00      358.954      12.0953
      4370.40      347.668      11.7790
      4371.80      307.645      10.9078
      4373.20      320.148      11.2647
      4374.60      329.655      11.6085
      4376.00      329.921      11.7085
      4377.40      333.783      11.7236
      4378.80      331.610      11.7843
      4380.20      336.508      11.7478
      4381.60      331.952      11.6313
      4383.00      309.762      11.2361
      4384.40      315.336      11.4856
      4385.80      339.421      12.0759
      4387.20      345.478      12.1207
      4388.60      345.298      12.0466
      4390.00      348.810      12.0943
      4391.40      316.082      11.5314
      4392.80      336.569      20.6815
      4394.20      312.422      13.9148
      4395.60      311.966      11.2575
      4397.00      313.024      11.2747
      4398.40      311.839      11.3573
      4399.80      313.356      11.0326
      4401.20      314.971      11.6547
      4402.60      319.585      11.1612
      4404.00      313.547      11.0133
      4405.40      302.307      10.7705
      4406.80      330.627      11.4419
      4408.20      333.628      11.4979
      4409.60      337.506      11.5400
      4411.00      326.673      11.3756
      4412.40      335.736      11.8786
      4413.80      321.487      11.7399
      4415.20      323.418      11.5986
      4416.60      300.384      10.8222
      4418.00      324.568      11.1728
      4419.40      330.877      11.2664
      4420.80      328.083      11.1987
      4422.20      335.811      11.3648
      4423.60      329.112      11.1866
      4425.00      327.483      11.1638
      4426.40      316.919      10.9797
      4427.80      319.717      11.3560
      4429.20      318.486      11.6112
      4430.60      316.097      11.2092
      4432.00      341.972      11.7123
      4433.40      334.104      11.4752
      4434.80      328.848      11.2449
      4436.20      312.985      10.8237
      4437.60      327.188      11.0987
      4439.00      331.367      11.2010
      4440.40      331.598      11.2392
      4441.80      304.437      10.6747
      4443.20      303.711      10.6228
      4444.60      308.995      10.7128
      4446.00      316.730      10.8780
      4447.40      310.974      10.7314
      4448.80      302.416      10.5359
      4450.20      315.575      10.9946
      4451.60      312.605      10.8957
      4453.00      330.548      11.1681
      4454.40      323.464      10.9526
      4455.80      315.404      10.7753
      4457.20      327.972      11.0580
      4458.60      324.345      10.9838
      4460.00      323.134      11.1931
      4461.40      328.455      11.0863
      4462.80      315.192      10.8274
      4464.20      323.713      11.1419
      4465.60      327.513      11.2874
      4467.00      300.503      10.7297
      4468.40      284.471      10.2612
      4469.80      314.461      10.7719
      4471.20      313.976      10.7017
      4472.60      331.979      11.1329
      4474.00      328.786      11.4571
      4475.40      335.881      11.2316
      4476.80      330.010      11.0921
      4478.20      326.488      11.0062
      4479.60      316.329      10.9516
      4481.00      306.912      10.7967
      4482.40      313.080      10.9146
      4483.80      315.317      11.4962
      4485.20      315.960      10.8185
      4486.60      325.763      11.0097
      4488.00      323.076      10.9387
      4489.40      319.946      11.1642
      4490.80      303.601      10.4659
      4492.20      319.867      10.7985
      4493.60      318.270      10.7784
      4495.00      305.494      10.4803
      4496.40      313.691      11.3976
      4497.80      312.338      10.9148
      4499.20      312.581      10.9581
      4500.60      309.102      10.8575
      4502.00      320.056      10.8124
      4503.40      316.097      10.6736
      4504.80      325.765      11.0193
      4506.20      312.563      10.8821
      4507.60      303.725      10.6790
      4509.00      320.602      10.9427
      4510.40      315.964      10.6849
      4511.80      324.013      10.7692
      4513.20      332.484      11.0112
      4514.60      313.814      10.6032
      4516.00      320.607      10.6708
      4517.40      327.201      10.8126
      4518.80      321.342      10.6926
      4520.20      310.688      10.7120
      4521.60      309.657      10.5729
      4523.00      299.492      10.3090
      4524.40      309.677      10.4876
      4525.80      306.517      10.3902
      4527.20      307.907      10.4369
      4528.60      312.402      11.0581
      4530.00      318.485      10.7110
      4531.40      314.546      10.7131
      4532.80      308.510      10.4874
      4534.20      301.427      10.2933
      4535.60      324.409      10.8114
      4537.00      319.481      10.7153
      4538.40      319.893      10.7477
      4539.80      326.102      10.8631
      4541.20      314.912      10.6135
      4542.60      308.779      10.5122
      4544.00      299.801      10.3171
      4545.40      303.531      10.9753
      4546.80      296.964      10.7642
      4548.20      295.099      10.2803
      4549.60      290.792      10.0622
      4551.00      298.234      10.2018
      4552.40      296.001      10.1379
      4553.80      302.069      10.3780
      4555.20      305.712      10.8258
      4556.60      315.789      10.9860
      4558.00      298.981      10.2741
      4559.40      294.535      10.0442
      4560.80      311.921      10.4236
      4562.20      292.528      9.97616
      4563.60      299.799      10.0937
      4565.00      298.638      10.0250
      4566.40      309.938      10.3090
      4567.80      292.931      9.90788
      4569.20      315.444      10.3842
      4570.60      302.703      10.1102
      4572.00      289.277      9.84760
      4573.40      304.720      10.2627
      4574.80      310.603      10.3119
      4576.20      309.756      10.2056
      4577.60      305.841      10.0912
      4579.00      294.941      9.96130
      4580.40      306.044      10.3069
      4581.80      295.216      10.0090
      4583.20      288.264      9.77989
      4584.60      314.161      10.3199
      4586.00      273.219      9.38580
      4587.40      289.805      9.74978
      4588.80      291.799      9.77671
      4590.20      299.821      9.94779
      4591.60      299.641      9.99761
      4593.00      300.512      10.1445
      4594.40      297.056      9.93892
      4595.80      303.009      10.0602
      4597.20      305.093      10.0955
      4598.60      307.872      10.3464
      4600.00      291.653      9.96367
      4601.40      284.250      9.66466
      4602.80      316.236      10.4258
      4604.20      304.707      10.3913
      4605.60      299.285      10.3481
      4607.00      309.496      10.3059
      4608.40      299.635      10.0328
      4609.80      294.353      9.85880
      4611.20      299.441      9.92828
      4612.60      302.426      9.98739
      4614.00      302.198      9.96909
      4615.40      309.381      10.1256
      4616.80      301.093      9.95064
      4618.20      281.912      9.52089
      4619.60      305.259      10.0858
      4621.00      309.136      10.2034
      4622.40      306.594      10.0708
      4623.80      320.797      10.3668
      4625.20      308.373      10.1058
      4626.60      283.281      9.58568
      4628.00      289.764      9.77010
      4629.40      280.860      9.62174
      4630.80      295.534      9.90875
      4632.20      298.511      9.87279
      4633.60      288.188      9.62975
      4635.00      284.605      9.67449
      4636.40      289.542      9.93159
      4637.80      304.875      10.1562
      4639.20      302.155      9.95009
      4640.60      291.583      9.73087
      4642.00      287.094      9.61340
      4643.40      302.700      9.92732
      4644.80      312.569      10.1754
      4646.20      323.227      10.3894
      4647.60      320.629      10.3739
      4649.00      297.344      9.97574
      4650.40      302.673      10.0337
      4651.80      288.729      9.87763
      4653.20      285.585      9.77123
      4654.60      291.005      9.66714
      4656.00      282.059      9.51701
      4657.40      287.008      9.65135
      4658.80      288.141      9.70845
      4660.20      297.965      9.87428
      4661.60      310.871      10.1258
      4663.00      301.192      9.92724
      4664.40      298.833      9.93821
      4665.80      298.720      10.1340
      4667.20      301.843      10.2431
      4668.60      293.772      9.89151
      4670.00      292.934      9.88571
      4671.40      275.154      9.31346
      4672.80      289.434      9.64997
      4674.20      317.806      10.3668
      4675.60      300.966      9.99464
      4677.00      289.596      9.61735
      4678.40      287.940      9.55308
      4679.80      300.055      9.83431
      4681.20      289.231      9.57615
      4682.60      289.745      9.59859
      4684.00      298.570      9.76176
      4685.40      301.358      9.81660
      4686.80      306.175      9.93951
      4688.20      314.397      10.1159
      4689.60      303.354      9.89935
      4691.00      295.110      9.73915
      4692.40      299.000      9.79098
      4693.80      311.577      9.99196
      4695.20      298.598      9.68573
      4696.60      298.947      10.0880
      4698.00      317.158      10.1555
      4699.40      300.037      9.84762
      4700.80      295.195      9.81997
      4702.20      309.971      10.1101
      4703.60      290.135      9.63569
      4705.00      280.266      9.43463
      4706.40      293.777      9.79606
      4707.80      296.845      10.0877
      4709.20      302.289      10.2176
      4710.60      288.098      9.68259
      4712.00      300.914      9.92194
      4713.40      289.581      9.68197
      4714.80      287.294      9.62328
      4716.20      291.812      10.1432
      4717.60      292.561      9.74323
      4719.00      298.577      9.90715
      4720.40      291.964      9.81970
      4721.80      297.237      9.89353
      4723.20      284.711      9.58164
      4724.60      278.862      9.45472
      4726.00      280.949      9.56964
      4727.40      283.485      9.67654
      4728.80      290.328      9.74382
      4730.20      292.365      9.79137
      4731.60      292.873      9.84916
      4733.00      290.339      9.75832
      4734.40      286.599      9.54867
      4735.80      292.567      9.65556
      4737.20      282.728      9.38465
      4738.60      287.353      9.51641
      4740.00      283.015      9.40242
      4741.40      282.301      9.35240
      4742.80      293.413      9.59292
      4744.20      281.620      9.52503
      4745.60      272.962      9.06462
      4747.00      276.771      9.14275
      4748.40      292.550      9.49550
      4749.80      291.607      9.43571
      4751.20      289.898      9.40042
      4752.60      292.684      9.48045
      4754.00      271.325      9.00967
      4755.40      277.616      9.16275
      4756.80      296.001      9.57802
      4758.20      286.527      9.31432
      4759.60      283.614      9.23923
      4761.00      292.384      9.49139
      4762.40      274.655      9.12887
      4763.80      286.203      9.33790
      4765.20      287.771      9.31290
      4766.60      292.166      9.39494
      4768.00      282.491      9.28853
      4769.40      290.743      9.48202
      4770.80      291.976      9.48019
      4772.20      289.501      9.38120
      4773.60      285.511      9.23715
      4775.00      271.831      8.93799
      4776.40      273.698      9.01920
      4777.80      275.639      9.13305
      4779.20      286.549      9.37249
      4780.60      283.714      9.21026
      4782.00      279.717      9.12828
      4783.40      282.091      9.21433
      4784.80      290.101      9.43003
      4786.20      284.938      9.36562
      4787.60      271.342      9.03754
      4789.00      279.801      9.13117
      4790.40      285.420      9.19610
      4791.80      280.085      9.08708
      4793.20      301.118      9.64720
      4794.60      269.754      9.01983
      4796.00      281.767      9.31113
      4797.40      286.768      9.35085
      4798.80      285.594      9.20921
      4800.20      285.608      9.19134
      4801.60      276.885      9.37206
      4803.00      275.241      9.07541
      4804.40      276.675      9.04565
      4805.80      267.034      8.78659
      4807.20      282.084      9.10233
      4808.60      271.696      8.88616
      4810.00      278.082      9.04157
      4811.40      277.096      9.02870
      4812.80      274.096      9.29799
      4814.20      272.514      8.98028
      4815.60      271.401      8.91972
      4817.00      278.001      9.04528
      4818.40      276.345      8.98897
      4819.80      278.337      9.00497
      4821.20      273.252      8.89302
      4822.60      262.849      8.68828
      4824.00      261.264      8.67091
      4825.40      280.742      9.14325
      4826.80      281.204      9.26621
      4828.20      270.936      9.13136
      4829.60      280.836      9.38676
      4831.00      286.416      9.49116
      4832.40      283.274      9.36472
      4833.80      270.235      9.04774
      4835.20      274.747      9.09320
      4836.60      270.496      9.00211
      4838.00      270.323      9.31781
      4839.40      274.596      9.15108
      4840.80      266.765      8.84773
      4842.20      256.868      8.62850
      4843.60      257.651      8.68299
      4845.00      254.464      8.67729
      4846.40      253.805      8.65591
      4847.80      227.857      8.01844
      4849.20      244.705      8.43390
      4850.60      241.589      8.43960
      4852.00      235.450      8.19047
      4853.40      213.183      7.66127
      4854.80      201.552      7.42769
      4856.20      201.700      7.44549
      4857.60      189.916      7.21573
      4859.00      135.254      5.90806
      4860.40      116.197      5.49230
      4861.80      126.848      5.79451
      4863.20      162.729      6.68555
      4864.60      189.618      7.29803
      4866.00      192.532      7.42841
      4867.40      217.152      8.03099
      4868.80      220.662      8.19096
      4870.20      230.572      8.38645
      4871.60      232.809      8.44866
      4873.00      234.678      8.22809
      4874.40      241.871      8.33896
      4875.80      236.925      8.42876
      4877.20      249.539      8.79086
      4878.60      244.932      8.50817
      4880.00      253.444      8.73242
      4881.40      254.638      8.53295
      4882.80      258.336      8.60852
      4884.20      259.087      8.68092
      4885.60      255.828      8.56337
      4887.00      263.210      8.63462
      4888.40      268.307      8.73841
      4889.80      246.590      8.29515
      4891.20      253.993      8.61326
      4892.60      260.690      8.78471
      4894.00      274.016      9.05763
      4895.40      261.657      8.69795
      4896.80      261.219      8.55137
      4898.20      263.483      8.68012
      4899.60      260.826      8.61206
      4901.00      261.879      8.50883
      4902.40      262.062      8.53772
      4903.80      246.624      8.16808
      4905.20      271.430      8.75071
      4906.60      270.150      8.76203
      4908.00      263.671      8.55035
      4909.40      255.342      8.31304
      4910.80      255.214      8.36345
      4912.20      256.984      8.48718
      4913.60      257.016      8.44050
      4915.00      255.489      8.45752
      4916.40      257.804      8.89971
      4917.80      250.302      8.27213
      4919.20      260.671      8.46863
      4920.60      263.790      8.53349
      4922.00      257.316      8.40446
      4923.40      227.583      7.75801
      4924.80      255.707      8.33276
      4926.20      254.119      8.28678
      4927.60      259.394      8.72622
      4929.00      269.016      8.72472
      4930.40      256.823      8.34579
      4931.80      258.064      8.36802
      4933.20      248.331      8.17987
      4934.60      260.621      8.43604
      4936.00      266.955      8.57681
      4937.40      268.087      8.61534
      4938.80      260.843      8.43064
      4940.20      256.799      8.31044
      4941.60      272.172      8.67087
      4943.00      253.874      8.30131
      4944.40      264.991      8.57515
      4945.80      263.081      8.50841
      4947.20      280.775      8.84188
      4948.60      271.967      8.63814
      4950.00      259.825      8.54760
      4951.40      259.707      8.73703
      4952.80      266.171      8.80593
      4954.20      259.118      8.47833
      4955.60      266.291      8.60172
      4957.00      249.689      8.25501
      4958.40      264.367      8.53398
      4959.80      267.291      8.54760
      4961.20      260.963      8.37265
      4962.60      250.856      8.18499
      4964.00      252.625      8.25148
      4965.40      254.715      8.32233
      4966.80      255.678      8.37896
      4968.20      252.928      8.58549
      4969.60      249.329      8.22247
      4971.00      262.360      8.44307
      4972.40      256.377      8.30842
      4973.80      246.115      8.09493
      4975.20      267.806      8.54185
      4976.60      252.137      8.22848
      4978.00      253.735      8.37336
      4979.40      259.355      8.61202
      4980.80      245.535      8.31942
      4982.20      234.471      8.02886
      4983.60      253.420      8.41907
      4985.00      263.190      8.56976
      4986.40      264.748      8.57684
      4987.80      265.126      8.55831
      4989.20      260.217      8.46721
      4990.60      259.574      8.54532
      4992.00      256.807      8.33548
      4993.40      248.061      8.11439
      4994.80      254.672      8.21827
      4996.20      248.553      8.06735
      4997.60      255.836      8.23290
      4999.00      268.562      8.50749
