      3900.00      246.053      8.87890
      3901.40      224.928      8.50018
      3902.80      235.659      8.43895
      3904.20      251.286      8.57875
      3905.60      248.636      8.56514
      3907.00      249.418      8.72573
      3908.40      257.038      8.91516
      3909.80      268.499      9.12121
      3911.20      289.605      9.18399
      3912.60      282.526      9.01857
      3914.00      281.452      9.04064
      3915.40      258.091      8.63419
      3916.80      280.185      8.96094
      3918.20      283.790      9.00434
      3919.60      283.756      10.1047
      3921.00      273.659      32.1265
      3922.40      282.320      8.83040
      3923.80      277.113      8.67857
      3925.20      276.048      8.65860
      3926.60      281.172      8.82717
      3928.00      281.452      8.79641
      3929.40      269.382      8.51974
      3930.80      259.724      8.36359
      3932.20      266.147      8.57251
      3933.60      211.515      7.57399
      3935.00      153.807      6.67943
      3936.40      169.080      6.94203
      3937.80      253.435      8.19901
      3939.20      267.525      8.46199
      3940.60      277.514      8.79964
      3942.00      280.198      8.69958
      3943.40      272.761      8.46142
      3944.80      269.636      8.40098
      3946.20      254.813      8.25801
      3947.60      260.072      8.28244
      3949.00      271.761      8.42416
      3950.40      259.913      8.17561
      3951.80      268.027      8.20024
      3953.20      268.118      8.30859
      3954.60      270.949      8.26688
      3956.00      270.016      8.30511
      3957.40      268.609      8.20939
      3958.80      244.391      7.78073
      3960.20      253.099      7.89063
      3961.60      248.492      7.81098
      3963.00      246.076      7.84497
      3964.40      218.437      7.42240
      3965.80      216.628      7.37776
      3967.20      196.823      7.10796
      3968.60      164.141      6.64308
      3970.00      105.807      5.78811
      3971.40      85.0826      5.43289
      3972.80      124.257      5.98947
      3974.20      164.559      6.56137
      3975.60      189.559      6.87720
      3977.00      212.594      7.24396
      3978.40      206.380      7.09284
      3979.80      218.177      7.21180
      3981.20      230.035      7.35354
      3982.60      245.836      7.70844
      3984.00      246.511      7.67652
      3985.40      248.009      7.74112
      3986.80      248.914      7.90478
      3988.20      255.879      7.92082
      3989.60      277.090      8.60382
      3991.00      281.235      8.43786
      3992.40      266.157      8.22734
      3993.80      272.165      8.27488
      3995.20      267.505      8.06292
      3996.60      274.659      7.99391
      3998.00      270.013      7.90734
      3999.40      276.482      7.92952
      4000.80      280.801      7.95725
      4002.20      282.233      8.07878
      4003.60      282.639      8.04121
      4005.00      275.076      7.90336
      4006.40      267.681      7.73808
      4007.80      277.600      7.89267
      4009.20      281.685      7.95678
      4010.60      278.554      7.93593
      4012.00      284.684      8.01839
      4013.40      270.375      7.88975
      4014.80      271.021      7.89253
      4016.20      276.068      7.76657
      4017.60      273.518      7.70817
      4019.00      273.808      7.71674
      4020.40      274.815      7.87336
      4021.80      271.453      7.88200
      4023.20      269.047      7.96830
      4024.60      269.819      7.71549
      4026.00      277.692      7.84110
      4027.40      273.349      7.78641
      4028.80      278.593      7.79270
      4030.20      277.990      7.77443
      4031.60      274.303      7.67534
      4033.00      271.453      7.69829
      4034.40      275.402      7.72604
      4035.80      277.811      7.76434
      4037.20      291.555      7.98854
      4038.60      272.940      7.70852
      4040.00      270.713      7.65032
      4041.40      282.548      7.79085
      4042.80      264.916      7.58525
      4044.20      285.605      7.88513
      4045.60      291.462      8.09908
      4047.00      272.991      8.21533
      4048.40      272.294      8.24465
      4049.80      273.202      7.80207
      4051.20      274.355      7.66459
      4052.60      268.998      7.63128
      4054.00      269.698      7.66116
      4055.40      253.044      7.28081
      4056.80      270.095      7.42253
      4058.20      262.118      7.29462
      4059.60      267.492      7.48945
      4061.00      253.910      7.29408
      4062.40      269.268      7.40896
      4063.80      282.031      7.59060
      4065.20      270.282      7.47549
      4066.60      257.521      7.39389
      4068.00      267.129      7.47439
      4069.40      276.926      7.58517
      4070.80      273.870      7.47474
      4072.20      270.973      7.39528
      4073.60      256.873      7.15821
      4075.00      260.419      7.20609
      4076.40      274.908      7.49637
      4077.80      268.685      7.50430
      4079.20      258.552      7.43170
      4080.60      256.257      7.45066
      4082.00      264.253      7.58816
      4083.40      257.151      7.37756
      4084.80      260.432      7.28525
      4086.20      269.442      7.43083
      4087.60      251.843      7.17462
      4089.00      247.471      7.07506
      4090.40      244.242      6.95295
      4091.80      241.702      6.94750
      4093.20      232.100      6.73517
      4094.60      225.307      6.61051
      4096.00      225.606      6.65418
      4097.40      220.894      6.61122
      4098.80      210.159      6.48748
      4100.20      192.172      6.13639
      4101.60      170.472      5.70774
      4103.00      127.438      5.04298
      4104.40      121.096      4.97091
      4105.80      157.118      5.52307
      4107.20      196.699      6.09346
      4108.60      208.567      6.31850
      4110.00      226.085      6.69758
      4111.40      229.540      6.68868
      4112.80      231.808      6.74479
      4114.20      240.965      6.93700
      4115.60      245.244      7.08498
      4117.00      241.599      6.95544
      4118.40      246.807      6.84403
      4119.80      254.004      6.87624
      4121.20      247.819      6.86474
      4122.60      259.853      7.13337
      4124.00      264.618      7.14793
      4125.40      267.181      7.21337
      4126.80      262.210      7.11179
      4128.20      253.442      7.00117
      4129.60      248.526      6.83764
      4131.00      260.720      6.95302
      4132.40      260.128      6.90703
      4133.80      261.357      7.02503
      4135.20      258.494      7.09049
      4136.60      250.481      6.93517
      4138.00      255.383      6.86280
      4139.40      256.842      6.92249
      4140.80      260.594      6.91881
      4142.20      260.815      7.06839
      4143.60      257.614      6.84822
      4145.00      257.482      6.77829
      4146.40      247.461      6.64516
      4147.80      264.631      6.88504
      4149.20      268.025      6.94681
      4150.60      267.979      6.96466
      4152.00      269.552      7.01198
      4153.40      271.907      7.03420
      4154.80      261.748      6.91702
      4156.20      259.252      6.93451
      4157.60      265.148      7.07840
      4159.00      260.181      6.90470
      4160.40      269.887      6.98648
      4161.80      259.358      6.84731
      4163.20      261.365      6.87815
      4164.60      254.376      6.73097
      4166.00      261.705      6.88490
      4167.40      267.789      6.97507
      4168.80      269.758      7.06203
      4170.20      268.824      7.13818
      4171.60      258.097      6.80553
      4173.00      260.689      6.86768
      4174.40      247.793      6.59598
      4175.80      258.876      6.78541
      4177.20      255.207      6.83127
      4178.60      258.803      6.92208
      4180.00      260.148      6.88467
      4181.40      264.332      6.80203
      4182.80      254.866      6.60985
      4184.20      265.625      6.81209
      4185.60      256.284      6.66685
      4187.00      262.987      6.75329
      4188.40      251.033      6.55354
      4189.80      269.721      6.81319
      4191.20      263.464      6.76130
      4192.60      270.148      6.84552
      4194.00      264.916      6.71717
      4195.40      263.110      6.70698
      4196.80      262.290      6.75912
      4198.20      268.085      6.88642
      4199.60      270.393      6.87772
      4201.00      257.828      6.60079
      4202.40      253.466      6.51498
      4203.80      254.772      6.52189
      4205.20      263.164      6.79853
      4206.60      256.571      6.54820
      4208.00      265.704      6.67500
      4209.40      270.818      6.75193
      4210.80      265.885      6.64070
      4212.20      261.524      6.65620
      4213.60      258.090      6.60501
      4215.00      260.148      6.76043
      4216.40      256.542      6.55310
      4217.80      252.679      6.48385
      4219.20      257.865      6.53333
      4220.60      258.905      6.70548
      4222.00      263.559      6.63100
      4223.40      258.292      6.55532
      4224.80      260.301      6.54388
      4226.20      260.011      6.57948
      4227.60      259.242      6.43730
      4229.00      249.801      6.32501
      4230.40      246.874      6.38901
      4231.80      255.761      6.64199
      4233.20      256.518      6.61762
      4234.60      258.396      6.56795
      4236.00      255.079      6.45218
      4237.40      258.767      6.52097
      4238.80      266.363      6.63973
      4240.20      264.531      6.64109
      4241.60      268.538      6.69283
      4243.00      265.514      7.35857
      4244.40      258.199      6.78081
      4245.80      252.161      6.42613
      4247.20      265.859      6.69968
      4248.60      257.245      6.63243
      4250.00      260.996      6.63398
      4251.40      255.850      6.64234
      4252.80      253.180      6.50583
      4254.20      264.254      6.57896
      4255.60      259.661      6.46378
      4257.00      257.437      6.41582
      4258.40      255.509      6.49619
      4259.80      264.833      6.64068
      4261.20      257.998      6.63303
      4262.60      253.529      6.38529
      4264.00      255.444      6.41864
      4265.40      263.711      6.55478
      4266.80      261.413      6.46912
      4268.20      267.786      6.55177
      4269.60      265.072      6.64670
      4271.00      255.832      6.45496
      4272.40      243.952      6.26377
      4273.80      257.237      6.43079
      4275.20      255.872      6.40671
      4276.60      271.459      6.61614
      4278.00      263.730      6.62485
      4279.40      262.200      6.56633
      4280.80      263.232      6.51385
      4282.20      273.126      6.59539
      4283.60      264.977      6.53530
      4285.00      269.013      6.58288
      4286.40      265.254      6.48351
      4287.80      258.434      6.42247
      4289.20      259.236      6.49521
      4290.60      256.228      6.33406
      4292.00      248.390      6.18785
      4293.40      248.880      6.21012
      4294.80      250.600      6.30160
      4296.20      254.167      6.34755
      4297.60      260.803      6.43559
      4299.00      259.414      6.37530
      4300.40      256.010      6.28196
      4301.80      252.922      6.26376
      4303.20      237.654      6.06828
      4304.60      246.435      6.14831
      4306.00      246.934      6.14120
      4307.40      255.694      6.28800
      4308.80      250.771      6.29821
      4310.20      250.143      6.24457
      4311.60      249.451      6.19470
      4313.00      243.138      6.06452
      4314.40      248.555      6.18977
      4315.80      249.806      6.34550
      4317.20      242.298      6.27300
      4318.60      260.022      6.45417
      4320.00      259.397      6.43331
      4321.40      245.853      6.24366
      4322.80      240.768      6.14813
      4324.20      246.795      6.20889
      4325.60      250.147      6.22455
      4327.00      238.189      6.28890
      4328.40      229.911      5.95023
      4329.80      237.725      6.01182
      4331.20      235.503      5.98324
      4332.60      224.011      5.83159
      4334.00      225.988      5.89669
      4335.40      215.879      5.81742
      4336.80      209.055      5.61647
      4338.20      198.354      5.43204
      4339.60      179.640      5.18683
      4341.00      155.286      4.85091
      4342.40      114.754      4.29180
      4343.80      129.602      4.48786
      4345.20      169.308      5.07815
      4346.60      191.437      5.42732
      4348.00      199.561      5.58319
      4349.40      207.670      5.63415
      4350.80      216.393      5.74803
      4352.20      226.762      5.89144
      4353.60      231.947      5.98241
      4355.00      231.484      5.99689
      4356.40      239.959      6.13093
      4357.80      244.102      6.63094
      4359.20      246.464      7.02162
      4360.60      262.061      6.91336
      4362.00      255.568      6.36333
      4363.40      264.532      6.39727
      4364.80      254.765      6.28940
      4366.20      257.107      6.39179
      4367.60      250.591      6.18371
      4369.00      246.980      6.21389
      4370.40      248.750      6.22802
      4371.80      255.265      6.44463
      4373.20      256.035      6.24957
      4374.60      255.952      6.17041
      4376.00      244.432      6.01520
      4377.40      256.248      6.21106
      4378.80      258.624      6.25288
      4380.20      256.312      6.19878
      4381.60      248.128      6.06605
      4383.00      253.384      6.27595
      4384.40      245.368      5.99804
      4385.80      246.181      5.97031
      4387.20      242.804      5.96303
      4388.60      253.018      6.20597
      4390.00      250.586      6.21305
      4391.40      258.334      6.34932
      4392.80      252.765      6.16578
      4394.20      250.385      6.17316
      4395.60      254.558      6.16148
      4397.00      246.306      6.03734
      4398.40      244.093      5.96882
      4399.80      254.450      6.11759
      4401.20      248.305      6.04534
      4402.60      249.541      6.05533
      4404.00      251.729      6.12093
      4405.40      258.690      6.13941
      4406.80      240.606      5.98747
      4408.20      250.546      6.14539
      4409.60      247.109      6.12284
      4411.00      259.121      6.30950
      4412.40      260.522      6.29368
      4413.80      257.047      6.15884
      4415.20      251.940      6.01930
      4416.60      250.232      6.06993
      4418.00      235.868      5.84545
      4419.40      242.163      5.95362
      4420.80      251.296      6.05481
      4422.20      257.117      6.08334
      4423.60      250.293      5.97162
      4425.00      247.317      5.95931
      4426.40      257.260      6.17680
      4427.80      254.254      6.09442
      4429.20      249.207      6.00624
      4430.60      257.399      6.07206
      4432.00      253.767      5.99465
      4433.40      245.387      5.88139
      4434.80      259.625      6.06460
      4436.20      254.839      6.02496
      4437.60      249.966      5.97055
      4439.00      250.442      5.95760
      4440.40      261.165      6.13975
      4441.80      245.147      5.97783
      4443.20      247.177      5.91251
      4444.60      246.934      5.90882
      4446.00      237.386      5.78781
      4447.40      246.710      5.93497
      4448.80      246.352      5.96641
      4450.20      245.324      5.96262
      4451.60      249.220      6.07300
      4453.00      249.422      6.02746
      4454.40      248.863      5.91199
      4455.80      246.345      5.84025
      4457.20      246.333      5.83363
      4458.60      242.109      5.83949
      4460.00      248.469      5.86334
      4461.40      251.903      5.94640
      4462.80      247.926      5.84423
      4464.20      249.335      5.87845
      4465.60      251.380      5.91963
      4467.00      248.369      5.83439
      4468.40      245.974      5.77398
      4469.80      239.524      5.67679
      4471.20      237.982      5.71520
      4472.60      242.948      5.81619
      4474.00      245.305      5.79344
      4475.40      247.811      5.79576
      4476.80      249.924      5.84729
      4478.20      245.440      5.79928
      4479.60      247.453      5.85677
      4481.00      244.930      5.81100
      4482.40      244.621      5.77655
      4483.80      246.019      5.79707
      4485.20      245.747      5.79712
      4486.60      248.608      5.85403
      4488.00      248.675      5.82443
      4489.40      240.377      5.72020
      4490.80      245.474      5.72348
      4492.20      247.295      5.74218
      4493.60      245.012      5.75344
      4495.00      242.618      5.92944
      4496.40      250.140      5.83084
      4497.80      248.239      5.77037
      4499.20      248.943      5.78932
      4500.60      248.042      5.86851
      4502.00      243.915      5.74732
      4503.40      235.074      5.67905
      4504.80      236.923      5.72728
      4506.20      249.127      5.89725
      4507.60      246.459      5.86234
      4509.00      250.747      5.88996
      4510.40      247.553      5.81782
      4511.80      243.764      5.71874
      4513.20      246.258      5.74612
      4514.60      249.005      5.81041
      4516.00      256.057      5.93698
      4517.40      250.805      5.80125
      4518.80      241.815      5.68718
      4520.20      250.859      5.91944
      4521.60      237.822      5.72934
      4523.00      246.641      5.77803
      4524.40      239.905      5.65644
      4525.80      241.601      5.71028
      4527.20      244.780      5.73153
      4528.60      236.219      5.62924
      4530.00      246.507      5.73571
      4531.40      238.499      5.61030
      4532.80      240.253      5.62584
      4534.20      241.462      5.64905
      4535.60      240.735      5.62790
      4537.00      236.612      5.57382
      4538.40      243.877      5.65070
      4539.80      245.183      5.68194
      4541.20      255.579      5.88875
      4542.60      249.996      5.88265
      4544.00      246.621      5.86101
      4545.40      235.614      5.65413
      4546.80      244.643      5.72378
      4548.20      247.922      5.77082
      4549.60      246.047      5.74902
      4551.00      235.703      5.64704
      4552.40      239.343      5.66239
      4553.80      244.268      5.64728
      4555.20      242.609      5.59203
      4556.60      229.730      5.47287
      4558.00      238.423      5.61061
      4559.40      237.005      5.59427
      4560.80      239.115      5.69955
      4562.20      237.959      5.57133
      4563.60      244.389      5.68473
      4565.00      244.704      5.71088
      4566.40      236.284      5.62591
      4567.80      243.952      5.65373
      4569.20      242.779      5.59241
      4570.60      239.543      5.55998
      4572.00      243.753      5.69273
      4573.40      241.301      5.58509
      4574.80      243.679      5.65917
      4576.20      242.928      5.65266
      4577.60      245.486      5.67730
      4579.00      243.735      5.59871
      4580.40      243.174      5.59086
      4581.80      239.190      5.53718
      4583.20      240.405      5.52787
      4584.60      243.754      5.57886
      4586.00      241.321      5.57406
      4587.40      241.993      5.60919
      4588.80      247.253      5.67417
      4590.20      243.111      5.71615
      4591.60      239.197      5.65560
      4593.00      242.599      5.63565
      4594.40      244.741      5.62644
      4595.80      244.857      5.63228
      4597.20      243.472      5.63355
      4598.60      239.854      5.67044
      4600.00      241.577      5.72272
      4601.40      238.521      5.50045
      4602.80      238.132      5.48743
      4604.20      232.803      5.45683
      4605.60      239.016      5.52185
      4607.00      244.313      5.58378
      4608.40      243.535      5.99473
      4609.80      239.357      5.54497
      4611.20      239.493      5.47203
      4612.60      232.841      5.37525
      4614.00      249.656      5.60263
      4615.40      248.379      6.00890
      4616.80      240.337      5.48716
      4618.20      245.142      5.53478
      4619.60      235.244      5.40316
      4621.00      239.083      5.50812
      4622.40      242.842      5.53121
      4623.80      243.235      5.55526
      4625.20      243.656      5.60428
      4626.60      244.133      5.61666
      4628.00      248.686      5.64938
      4629.40      245.017      5.51970
      4630.80      235.200      5.38167
      4632.20      233.324      5.41706
      4633.60      239.392      5.55700
      4635.00      237.516      5.53591
      4636.40      248.592      5.55815
      4637.80      248.816      5.62006
      4639.20      240.112      5.44433
      4640.60      241.029      5.49330
      4642.00      240.997      5.51222
      4643.40      238.892      5.47967
      4644.80      238.144      5.52447
      4646.20      242.453      5.51675
      4647.60      239.374      5.56262
      4649.00      244.285      5.62302
      4650.40      236.390      5.39211
      4651.80      235.473      5.37767
      4653.20      241.414      5.47127
      4654.60      247.855      5.55970
      4656.00      240.326      5.46985
      4657.40      244.234      5.63281
      4658.80      240.654      5.51192
      4660.20      242.487      5.48404
      4661.60      243.328      5.50179
      4663.00      241.587      5.47101
      4664.40      242.774      5.48706
      4665.80      244.459      5.48989
      4667.20      232.334      5.34979
      4668.60      239.226      5.45231
      4670.00      240.550      5.46933
      4671.40      235.077      5.40402
      4672.80      232.671      5.32792
      4674.20      237.023      5.45254
      4675.60      238.288      5.45725
      4677.00      239.723      5.42836
      4678.40      242.865      5.50064
      4679.80      249.438      5.64755
      4681.20      241.051      5.54750
      4682.60      237.098      5.55347
      4684.00      241.082      5.63613
      4685.40      254.157      5.62143
      4686.80      239.855      5.39529
      4688.20      243.726      5.50115
      4689.60      245.573      5.57594
      4691.00      246.402      5.53067
      4692.40      248.785      5.52430
      4693.80      244.646      5.44846
      4695.20      240.260      5.38661
      4696.60      247.536      5.49413
      4698.00      244.868      5.49864
      4699.40      243.874      5.53480
      4700.80      238.372      5.48573
      4702.20      246.933      5.60153
      4703.60      239.762      5.41002
      4705.00      236.124      5.33426
      4706.40      240.141      5.36549
      4707.80      244.075      5.44629
      4709.20      240.478      5.38722
      4710.60      240.054      5.43605
      4712.00      242.949      5.54753
      4713.40      238.881      5.49372
      4714.80      238.267      5.46421
      4716.20      234.144      5.34619
      4717.60      234.299      5.30015
      4719.00      241.103      5.50408
      4720.40      235.737      5.36172
      4721.80      239.688      5.36891
      4723.20      242.135      5.43673
      4724.60      236.931      5.37808
      4726.00      236.920      5.32344
      4727.40      227.549      5.18364
      4728.80      237.350      5.28339
      4730.20      238.508      5.30010
      4731.60      234.905      5.26296
      4733.00      236.592      5.32990
      4734.40      241.080      5.57081
      4735.80      243.602      5.53060
      4737.20      240.712      5.34736
      4738.60      245.964      5.44022
      4740.00      241.155      5.43184
      4741.40      241.957      5.41699
      4742.80      235.375      5.36498
      4744.20      232.823      5.35570
      4745.60      240.849      5.38031
      4747.00      240.214      5.35613
      4748.40      230.268      5.26999
      4749.80      236.351      5.37135
      4751.20      232.739      5.30233
      4752.60      234.876      5.38724
      4754.00      236.180      5.36569
      4755.40      237.613      5.33562
      4756.80      235.047      5.26967
      4758.20      236.220      5.27322
      4759.60      237.374      5.36692
      4761.00      239.326      5.30551
      4762.40      234.333      5.23507
      4763.80      233.536      5.21011
      4765.20      234.429      5.21953
      4766.60      229.350      5.15552
      4768.00      235.169      5.22045
      4769.40      232.547      5.24001
      4770.80      237.377      5.34194
      4772.20      235.856      5.30451
      4773.60      230.106      5.21832
      4775.00      229.431      5.21624
      4776.40      234.909      5.32727
      4777.80      231.546      5.19104
      4779.20      233.885      5.28565
      4780.60      233.161      5.17952
      4782.00      234.201      5.24436
      4783.40      238.758      5.32754
      4784.80      236.136      5.31568
      4786.20      233.105      5.19916
      4787.60      234.431      5.16494
      4789.00      234.494      5.21520
      4790.40      231.654      6.33019
      4791.80      239.066      5.39852
      4793.20      233.832      5.23558
      4794.60      237.067      5.29438
      4796.00      231.723      5.21722
      4797.40      240.150      5.33360
      4798.80      233.071      5.18386
      4800.20      233.415      5.20180
      4801.60      230.685      5.16727
      4803.00      228.756      5.22559
      4804.40      227.305      5.16365
      4805.80      230.637      5.18062
      4807.20      230.892      5.22850
      4808.60      235.867      5.20447
      4810.00      233.202      5.17656
      4811.40      233.419      5.19461
      4812.80      234.557      5.20198
      4814.20      232.038      5.15499
      4815.60      241.575      5.35327
      4817.00      239.271      5.36296
      4818.40      234.523      5.25375
      4819.80      240.362      5.26902
      4821.20      232.185      5.29868
      4822.60      242.592      5.85329
      4824.00      244.223      10.2136
      4825.40      241.962      1414.22
      4826.80      236.030      9.93885
      4828.20      235.747      5.71985
      4829.60      233.875      5.36119
      4831.00      226.375      5.09516
      4832.40      227.276      5.08388
      4833.80      225.587      5.06076
      4835.20      225.666      5.10771
      4836.60      226.337      5.06484
      4838.00      225.625      5.05832
      4839.40      222.150      5.03210
      4840.80      222.182      5.11682
      4842.20      227.467      5.10313
      4843.60      219.871      4.96787
      4845.00      217.685      4.95037
      4846.40      219.904      4.98458
      4847.80      216.096      4.91389
      4849.20      215.158      4.99628
      4850.60      215.370      4.90720
      4852.00      220.816      4.97615
      4853.40      213.393      4.93603
      4854.80      204.261      4.75878
      4856.20      203.719      4.71794
      4857.60      190.573      4.49968
      4859.00      189.591      4.50027
      4860.40      173.558      4.25895
      4861.80      150.511      3.91144
      4863.20      120.242      3.48229
      4864.60      114.940      3.40994
      4866.00      148.509      3.91966
      4867.40      170.048      4.28354
      4868.80      189.367      4.56011
      4870.20      191.462      4.57657
      4871.60      200.920      4.74925
      4873.00      203.311      4.73968
      4874.40      205.428      4.83245
      4875.80      213.323      5.00661
      4877.20      216.212      5.03086
      4878.60      211.960      4.96579
      4880.00      213.085      4.88415
      4881.40      215.591      4.92281
      4882.80      224.387      5.09351
      4884.20      221.941      5.14811
      4885.60      219.793      5.14778
      4887.00      221.415      5.16419
      4888.40      226.568      5.19595
      4889.80      224.819      5.09294
      4891.20      219.927      4.99165
      4892.60      223.475      5.02632
      4894.00      223.279      5.02459
      4895.40      220.868      5.00031
      4896.80      228.757      5.14446
      4898.20      219.657      5.10447
      4899.60      224.026      5.10984
      4901.00      232.274      5.22403
      4902.40      221.394      5.08069
      4903.80      229.472      5.16750
      4905.20      224.779      5.13257
      4906.60      222.252      5.15667
      4908.00      221.775      5.13495
      4909.40      225.167      5.11547
      4910.80      223.866      5.08764
      4912.20      227.107      5.14814
      4913.60      219.947      5.04363
      4915.00      225.259      5.09840
      4916.40      220.349      5.06976
      4917.80      221.009      5.04191
      4919.20      222.576      5.06984
      4920.60      223.286      5.10515
      4922.00      213.870      4.91931
      4923.40      219.492      5.01095
      4924.80      221.338      5.00812
      4926.20      215.922      4.92952
      4927.60      217.374      4.93169
      4929.00      221.452      4.95979
      4930.40      224.628      5.08116
      4931.80      218.923      4.99209
      4933.20      221.203      5.10284
      4934.60      222.614      5.05210
      4936.00      224.903      4.98871
      4937.40      226.617      4.99901
      4938.80      219.871      4.88832
      4940.20      222.964      4.93790
      4941.60      223.706      5.01569
      4943.00      224.897      5.03348
      4944.40      224.445      4.99717
      4945.80      226.410      4.98815
      4947.20      224.593      4.94759
      4948.60      227.713      5.01898
      4950.00      228.953      5.09427
      4951.40      222.349      5.03579
      4952.80      221.111      5.00554
      4954.20      226.012      5.06845
      4955.60      224.698      5.05674
      4957.00      224.145      4.98855
      4958.40      223.893      4.91978
      4959.80      220.544      4.85702
      4961.20      216.323      4.80929
      4962.60      225.466      4.98568
      4964.00      222.588      5.00907
      4965.40      223.720      5.03585
      4966.80      225.879      5.05891
      4968.20      223.774      4.96192
      4969.60      223.283      4.96489
      4971.00      223.382      4.95943
      4972.40      217.702      4.85535
      4973.80      221.317      4.89781
      4975.20      223.303      4.93259
      4976.60      219.569      4.87229
      4978.00      222.472      4.91327
      4979.40      218.026      5.16732
      4980.80      219.257      4.96283
      4982.20      220.338      4.94144
      4983.60      221.905      4.94103
      4985.00      219.883      4.94210
      4986.40      222.054      4.97131
      4987.80      221.353      5.02367
      4989.20      216.955      4.94937
      4990.60      221.160      5.00070
      4992.00      220.365      4.91538
      4993.40      222.501      4.92693
      4994.80      212.125      4.78136
      4996.20      216.291      4.83803
      4997.60      222.760      4.93468
      4999.00      219.792      4.90298
