      3900.00      414.704      20.7970
      3901.40      432.544      21.3265
      3902.80      459.099      21.9783
      3904.20      456.397      22.0955
      3905.60      475.409      22.3352
      3907.00      482.991      22.1193
      3908.40      444.640      21.6114
      3909.80      476.466      22.2554
      3911.20      473.330      22.3491
      3912.60      474.528      22.7581
      3914.00      465.007      22.4334
      3915.40      451.214      21.9926
      3916.80      462.355      20.7428
      3918.20      445.797      20.2210
      3919.60      452.681      20.4449
      3921.00      449.750      20.5682
      3922.40      438.057      20.2623
      3923.80      485.071      20.4923
      3925.20      446.983      19.4353
      3926.60      435.943      19.2482
      3928.00      400.017      18.6106
      3929.40      273.815      16.5408
      3930.80      302.910      16.9284
      3932.20      413.101      18.7675
      3933.60      435.094      19.0558
      3935.00      370.594      17.7188
      3936.40      464.377      19.4845
      3937.80      439.942      19.7229
      3939.20      416.650      18.9805
      3940.60      434.526      19.7253
      3942.00      446.292      20.8138
      3943.40      449.081      20.1280
      3944.80      456.871      20.1394
      3946.20      404.864      19.3695
      3947.60      458.896      20.1830
      3949.00      391.493      19.6748
      3950.40      409.375      20.2934
      3951.80      410.723      20.6692
      3953.20      403.376      21.6287
      3954.60      447.499      23.1193
      3956.00      411.506      22.6605
      3957.40      390.217      22.0195
      3958.80      404.167      23.7799
      3960.20      367.141      21.2640
      3961.60      320.044      19.6029
      3963.00      259.761      17.9871
      3964.40      205.775      16.6601
      3965.80      149.478      15.1477
      3967.20      170.107      14.9451
      3968.60      233.258      15.0405
      3970.00      271.249      15.4413
      3971.40      307.842      16.0857
      3972.80      357.671      16.8281
      3974.20      362.256      17.2328
      3975.60      393.100      17.3483
      3977.00      386.508      17.0689
      3978.40      395.361      17.7899
      3979.80      427.485      18.2293
      3981.20      409.937      17.9168
      3982.60      428.601      18.2408
      3984.00      438.455      17.8988
      3985.40      440.945      17.8787
      3986.80      462.221      18.1868
      3988.20      435.001      17.7486
      3989.60      464.318      18.3317
      3991.00      481.151      18.7577
      3992.40      428.759      17.5674
      3993.80      457.061      17.7745
      3995.20      466.222      18.5763
      3996.60      452.175      20.4686
      3998.00      466.488      18.7452
      3999.40      461.430      19.5879
      4000.80      434.379      18.5347
      4002.20      441.230      17.3560
      4003.60      454.316      17.2465
      4005.00      457.129      17.2524
      4006.40      452.533      17.3132
      4007.80      464.849      17.9522
      4009.20      479.390      18.3947
      4010.60      487.884      18.2303
      4012.00      469.050      17.7273
      4013.40      474.079      17.9826
      4014.80      476.862      18.5353
      4016.20      462.692      18.6713
      4017.60      501.924      18.8517
      4019.00      449.491      17.7791
      4020.40      502.688      18.3637
      4021.80      479.871      17.9235
      4023.20      460.769      18.0324
      4024.60      486.296      18.3498
      4026.00      480.491      17.9199
      4027.40      467.942      17.1167
      4028.80      449.823      16.8963
      4030.20      458.117      17.1343
      4031.60      478.512      17.6471
      4033.00      481.918      17.7370
      4034.40      463.430      17.5286
      4035.80      464.307      18.0259
      4037.20      477.034      18.2890
      4038.60      494.614      18.1931
      4040.00      450.387      17.6713
      4041.40      445.144      18.3396
      4042.80      420.006      18.1211
      4044.20      494.884      18.9546
      4045.60      502.950      19.4218
      4047.00      472.331      20.5933
      4048.40      499.582      20.7735
      4049.80      445.824      18.4883
      4051.20      475.320      18.4278
      4052.60      486.561      18.4313
      4054.00      447.885      17.9945
      4055.40      461.001      18.0397
      4056.80      487.194      18.0824
      4058.20      435.457      16.9213
      4059.60      450.709      17.4299
      4061.00      457.629      17.7934
      4062.40      459.147      17.5596
      4063.80      468.060      17.5510
      4065.20      463.267      17.2655
      4066.60      461.659      17.1033
      4068.00      436.439      16.9346
      4069.40      453.446      17.2611
      4070.80      420.339      16.6405
      4072.20      429.604      16.4221
      4073.60      410.467      16.0188
      4075.00      417.347      16.2340
      4076.40      419.407      16.8067
      4077.80      439.897      17.0932
      4079.20      406.368      16.1997
      4080.60      409.969      16.1977
      4082.00      398.318      16.6925
      4083.40      399.591      17.1559
      4084.80      388.712      15.9703
      4086.20      379.693      15.4296
      4087.60      361.676      15.1589
      4089.00      366.825      15.4620
      4090.40      324.080      14.4913
      4091.80      312.239      14.1249
      4093.20      291.862      13.9586
      4094.60      271.001      12.9988
      4096.00      216.954      12.1373
      4097.40      151.823      10.9373
      4098.80      172.352      11.3489
      4100.20      230.577      12.5361
      4101.60      286.471      13.5435
      4103.00      301.497      13.7586
      4104.40      324.750      14.3962
      4105.80      321.793      14.3356
      4107.20      341.950      14.7945
      4108.60      368.309      15.5394
      4110.00      380.981      16.1575
      4111.40      388.581      15.7598
      4112.80      403.939      15.7788
      4114.20      423.948      15.8488
      4115.60      424.309      15.8420
      4117.00      414.520      15.6769
      4118.40      438.893      15.9796
      4119.80      455.677      16.1266
      4121.20      431.432      15.6341
      4122.60      488.081      16.4492
      4124.00      454.290      16.0933
      4125.40      459.557      16.3139
      4126.80      424.194      15.5427
      4128.20      416.201      15.3255
      4129.60      447.472      15.6515
      4131.00      470.421      15.7282
      4132.40      454.193      15.5070
      4133.80      447.405      15.5901
      4135.20      461.089      16.5751
      4136.60      469.142      17.1095
      4138.00      442.719      16.1234
      4139.40      447.187      15.2816
      4140.80      444.094      15.2904
      4142.20      451.659      15.2233
      4143.60      436.281      15.1701
      4145.00      431.960      15.1677
      4146.40      444.333      15.2337
      4147.80      471.830      15.4329
      4149.20      470.200      15.4812
      4150.60      462.440      15.5358
      4152.00      432.823      15.1263
      4153.40      424.906      15.0925
      4154.80      454.310      15.5819
      4156.20      464.789      15.6413
      4157.60      457.552      15.5364
      4159.00      444.489      15.2122
      4160.40      421.431      14.8415
      4161.80      435.886      15.2343
      4163.20      432.216      14.7116
      4164.60      439.663      14.8378
      4166.00      444.511      14.6226
      4167.40      444.268      14.4626
      4168.80      420.936      14.1280
      4170.20      456.194      14.8269
      4171.60      433.117      14.5845
      4173.00      415.789      14.4647
      4174.40      414.311      14.5718
      4175.80      457.960      15.3344
      4177.20      445.698      15.0940
      4178.60      416.594      14.6204
      4180.00      449.087      15.3479
      4181.40      442.348      14.7528
      4182.80      448.172      15.0268
      4184.20      417.806      14.4296
      4185.60      432.476      14.2948
      4187.00      450.523      14.4781
      4188.40      443.954      14.2275
      4189.80      460.843      14.5485
      4191.20      458.916      14.5719
      4192.60      445.176      14.6098
      4194.00      451.846      14.7441
      4195.40      446.828      14.6127
      4196.80      448.746      14.5634
      4198.20      442.086      14.5087
      4199.60      448.551      14.9794
      4201.00      461.931      15.7443
      4202.40      452.977      15.4268
      4203.80      439.011      14.5980
      4205.20      450.382      14.2446
      4206.60      441.239      14.5423
      4208.00      432.964      14.6374
      4209.40      451.471      14.7222
      4210.80      420.221      14.0291
      4212.20      421.879      14.0886
      4213.60      443.046      14.1920
      4215.00      437.206      14.0446
      4216.40      444.198      14.0699
      4217.80      421.869      13.6471
      4219.20      454.270      14.2237
      4220.60      422.472      13.6590
      4222.00      422.872      13.5981
      4223.40      400.990      13.2970
      4224.80      431.863      13.7621
      4226.20      455.824      14.0121
      4227.60      430.941      13.5233
      4229.00      435.604      13.5143
      4230.40      431.474      13.4520
      4231.80      423.645      13.3045
      4233.20      426.998      13.7445
      4234.60      434.223      13.6616
      4236.00      439.615      13.5299
      4237.40      450.410      13.5916
      4238.80      433.041      13.4357
      4240.20      454.919      13.7302
      4241.60      455.569      13.7829
      4243.00      433.428      13.4415
      4244.40      443.022      13.6900
      4245.80      423.177      13.4184
      4247.20      428.438      13.6266
      4248.60      439.731      14.0796
      4250.00      447.582      14.1460
      4251.40      442.891      13.7954
      4252.80      445.041      13.7145
      4254.20      430.800      13.5445
      4255.60      437.609      13.9276
      4257.00      454.075      14.5441
      4258.40      445.215      14.1646
      4259.80      443.635      13.7559
      4261.20      438.779      13.3215
      4262.60      461.013      13.6186
      4264.00      437.704      13.3253
      4265.40      452.292      13.8495
      4266.80      396.257      13.2536
      4268.20      419.283      13.4999
      4269.60      421.698      13.8101
      4271.00      429.716      13.7106
      4272.40      421.173      13.6656
      4273.80      428.175      13.6598
      4275.20      433.195      13.4584
      4276.60      431.348      13.5868
      4278.00      431.005      13.8929
      4279.40      440.772      13.8301
      4280.80      436.060      13.4174
      4282.20      439.198      13.4693
      4283.60      430.149      13.6256
      4285.00      432.923      13.1958
      4286.40      420.127      13.0090
      4287.80      426.080      13.0764
      4289.20      432.399      13.0573
      4290.60      426.981      12.9198
      4292.00      411.145      12.7452
      4293.40      407.920      13.2907
      4294.80      401.158      13.1594
      4296.20      407.492      13.0261
      4297.60      403.785      12.8026
      4299.00      387.658      13.0460
      4300.40      397.849      13.2322
      4301.80      412.322      13.1448
      4303.20      400.231      12.6983
      4304.60      423.923      12.9101
      4306.00      433.617      13.1351
      4307.40      408.684      12.6398
      4308.80      402.583      12.6366
      4310.20      389.930      12.4516
      4311.60      378.028      12.3581
      4313.00      410.193      12.9792
      4314.40      403.132      13.2501
      4315.80      396.992      13.4816
      4317.20      398.414      13.0357
      4318.60      393.945      12.6767
      4320.00      380.555      12.2910
      4321.40      376.888      12.3273
      4322.80      367.034      12.1710
      4324.20      385.575      12.5214
      4325.60      398.873      12.6125
      4327.00      362.792      12.1127
      4328.40      345.669      11.7235
      4329.80      327.862      11.3843
      4331.20      287.130      10.7624
      4332.60      275.877      10.6054
      4334.00      239.138      10.3345
      4335.40      163.377      9.27577
      4336.80      162.873      9.19060
      4338.20      213.681      9.73537
      4339.60      266.425      10.3837
      4341.00      295.859      10.9016
      4342.40      317.179      11.3452
      4343.80      320.266      11.4527
      4345.20      345.523      12.0544
      4346.60      348.725      11.9862
      4348.00      316.410      11.3534
      4349.40      366.743      11.9178
      4350.80      380.356      12.0633
      4352.20      393.170      12.5546
      4353.60      398.998      12.3158
      4355.00      392.503      12.4481
      4356.40      396.125      13.2171
      4357.80      385.738      13.7767
      4359.20      409.167      14.6593
      4360.60      397.785      14.3345
      4362.00      389.244      13.3979
      4363.40      417.659      13.3985
      4364.80      407.470      12.6947
      4366.20      411.281      12.5626
      4367.60      405.323      12.7304
      4369.00      413.263      12.7722
      4370.40      400.703      12.7223
      4371.80      407.788      12.9687
      4373.20      398.729      12.7459
      4374.60      413.501      12.7992
      4376.00      413.541      13.0269
      4377.40      437.558      12.9227
      4378.80      414.827      12.5145
      4380.20      396.091      12.3436
      4381.60      401.703      12.2930
      4383.00      394.087      12.2525
      4384.40      409.716      12.4962
      4385.80      404.804      12.4549
      4387.20      421.985      13.2696
      4388.60      421.995      13.1288
      4390.00      395.554      12.4278
      4391.40      414.125      12.8996
      4392.80      409.129      12.3728
      4394.20      430.705      12.5607
      4395.60      416.755      12.2883
      4397.00      399.011      12.2456
      4398.40      421.660      12.7841
      4399.80      394.878      12.4086
      4401.20      400.052      12.5031
      4402.60      407.058      12.6160
      4404.00      423.184      12.7762
      4405.40      427.047      12.5564
      4406.80      419.407      12.4577
      4408.20      413.580      12.2105
      4409.60      433.683      12.4596
      4411.00      420.589      12.3404
      4412.40      394.512      11.9604
      4413.80      381.227      11.7970
      4415.20      415.332      12.3523
      4416.60      427.535      12.4956
      4418.00      413.298      12.3036
      4419.40      404.403      12.5995
      4420.80      431.766      13.3357
      4422.20      407.309      13.0042
      4423.60      395.289      12.5580
      4425.00      429.567      12.6135
      4426.40      416.434      12.2779
      4427.80      431.276      12.6482
      4429.20      430.140      12.5738
      4430.60      428.802      13.8670
      4432.00      430.249      13.5852
      4433.40      430.167      12.5925
      4434.80      426.907      12.4597
      4436.20      405.091      12.0915
      4437.60      393.616      11.9226
      4439.00      393.603      11.9418
      4440.40      386.712      11.9475
      4441.80      405.399      12.2390
      4443.20      402.419      12.3637
      4444.60      411.302      12.9339
      4446.00      400.121      12.8971
      4447.40      385.567      11.9097
      4448.80      401.677      11.6813
      4450.20      397.683      11.6296
      4451.60      429.008      12.4639
      4453.00      410.388      14.5164
      4454.40      405.118      11.5265
      4455.80      402.596      11.5181
      4457.20      408.008      11.7210
      4458.60      403.046      11.7117
      4460.00      412.446      11.9488
      4461.40      411.142      12.0287
      4462.80      390.145      11.7374
      4464.20      378.248      11.3134
      4465.60      391.407      11.3359
      4467.00      404.443      11.6092
      4468.40      426.000      12.0045
      4469.80      411.275      11.8411
      4471.20      422.172      12.4253
      4472.60      415.232      14.4103
      4474.00      414.701      11.8034
      4475.40      396.943      11.5230
      4476.80      388.202      11.3163
      4478.20      377.851      11.2400
      4479.60      389.382      11.6702
      4481.00      387.180      11.7846
      4482.40      404.531      11.6522
      4483.80      391.860      11.2641
      4485.20      390.739      11.2654
      4486.60      403.102      11.6664
      4488.00      405.569      11.7282
      4489.40      406.313      11.6854
      4490.80      412.296      11.7074
      4492.20      420.444      12.2757
      4493.60      406.643      12.1765
      4495.00      402.281      11.6944
      4496.40      403.444      11.5282
      4497.80      409.409      11.6984
      4499.20      405.398      11.7170
      4500.60      393.004      11.4102
      4502.00      393.857      11.5683
      4503.40      388.339      11.3962
      4504.80      414.155      11.8079
      4506.20      397.379      11.6991
      4507.60      401.007      11.7622
      4509.00      395.478      11.4933
      4510.40      389.311      11.3822
      4511.80      404.894      11.6406
      4513.20      392.274      11.6542
      4514.60      385.103      11.6138
      4516.00      402.156      11.8025
      4517.40      378.765      11.5049
      4518.80      384.973      11.6644
      4520.20      382.543      11.6937
      4521.60      392.518      11.7075
      4523.00      392.387      11.6309
      4524.40      400.970      11.9642
      4525.80      398.344      12.1846
      4527.20      394.001      11.6833
      4528.60      388.323      11.4266
      4530.00      376.166      11.1506
      4531.40      387.856      11.5288
      4532.80      402.516      12.3580
      4534.20      392.338      12.5043
      4535.60      385.420      11.8799
      4537.00      391.838      11.6124
      4538.40      383.668      11.4446
      4539.80      388.444      11.4861
      4541.20      384.325      11.4093
      4542.60      371.312      10.9515
      4544.00      370.103      11.0456
      4545.40      343.567      10.6635
      4546.80      388.008      11.1997
      4548.20      384.797      11.0977
      4549.60      377.520      11.2894
      4551.00      381.469      12.2292
      4552.40      391.493      11.9459
      4553.80      390.911      11.2974
      4555.20      384.127      10.9224
      4556.60      396.978      11.2545
      4558.00      412.178      11.3631
      4559.40      402.900      11.2318
      4560.80      376.336      10.7884
      4562.20      396.843      11.1323
      4563.60      398.917      11.3217
      4565.00      387.576      10.9921
      4566.40      399.073      11.0813
      4567.80      373.981      10.8384
      4569.20      388.152      11.2088
      4570.60      406.637      11.5397
      4572.00      385.997      11.1814
      4573.40      391.003      11.2506
      4574.80      390.486      11.0624
      4576.20      381.645      10.8195
      4577.60      405.299      11.1118
      4579.00      378.523      10.9404
      4580.40      380.847      11.0939
      4581.80      386.731      11.4881
      4583.20      383.079      15.5855
      4584.60      396.557      11.1954
      4586.00      389.088      11.0999
      4587.40      382.301      11.0013
      4588.80      373.171      10.6985
      4590.20      401.345      11.2834
      4591.60      386.730      11.1429
      4593.00      366.451      10.8059
      4594.40      409.702      11.2321
      4595.80      390.826      10.8471
      4597.20      396.145      10.9205
      4598.60      392.629      11.0134
      4600.00      379.492      10.7116
      4601.40      395.767      10.8026
      4602.80      407.881      10.9080
      4604.20      405.242      11.1455
      4605.60      391.089      11.2238
      4607.00      384.584      11.0631
      4608.40      392.130      11.0266
      4609.80      386.587      10.7994
      4611.20      404.475      10.9822
      4612.60      395.074      10.8045
      4614.00      397.988      10.9154
      4615.40      377.776      10.6269
      4616.80      379.194      10.7193
      4618.20      389.203      10.8697
      4619.60      384.633      10.8153
      4621.00      388.639      11.0039
      4622.40      382.460      10.9915
      4623.80      382.771      10.9024
      4625.20      385.090      10.9404
      4626.60      377.273      11.1058
      4628.00      387.180      10.8320
      4629.40      381.397      10.7222
      4630.80      380.013      10.6879
      4632.20      386.100      10.9425
      4633.60      385.187      11.2107
      4635.00      382.891      11.3041
      4636.40      376.022      10.8076
      4637.80      376.077      10.5227
      4639.20      382.976      10.6226
      4640.60      389.553      10.8556
      4642.00      383.141      10.7461
      4643.40      374.993      10.6415
      4644.80      392.269      10.8924
      4646.20      397.284      11.1050
      4647.60      379.253      10.7360
      4649.00      383.293      10.7982
      4650.40      395.311      10.9319
      4651.80      378.458      10.5478
      4653.20      395.895      10.8115
      4654.60      385.696      10.6413
      4656.00      375.026      10.4472
      4657.40      374.834      10.9001
      4658.80      368.756      11.1492
      4660.20      385.204      11.2739
      4661.60      386.096      10.8539
      4663.00      378.828      10.5182
      4664.40      384.414      10.6322
      4665.80      371.506      10.5211
      4667.20      383.868      10.6270
      4668.60      379.699      10.5720
      4670.00      390.530      10.9419
      4671.40      374.763      10.5914
      4672.80      382.250      10.7773
      4674.20      374.222      10.8927
      4675.60      380.214      11.1232
      4677.00      374.096      10.7873
      4678.40      373.011      10.6746
      4679.80      370.894      10.6217
      4681.20      366.108      10.8254
      4682.60      387.566      11.1495
      4684.00      400.393      11.2581
      4685.40      402.639      11.3413
      4686.80      377.808      10.8448
      4688.20      389.435      10.9769
      4689.60      378.229      10.7896
      4691.00      385.086      10.8778
      4692.40      392.115      10.8936
      4693.80      398.708      11.0731
      4695.20      392.275      11.4244
      4696.60      382.322      11.2176
      4698.00      374.042      10.6551
      4699.40      381.539      10.5726
      4700.80      393.038      10.8071
      4702.20      397.334      11.0078
      4703.60      382.209      10.7537
      4705.00      389.537      11.0723
      4706.40      382.713      11.0221
      4707.80      384.051      10.8306
      4709.20      376.409      10.5877
      4710.60      377.920      10.6488
      4712.00      376.794      10.8680
      4713.40      380.710      10.8941
      4714.80      391.358      11.0522
      4716.20      372.119      10.8331
      4717.60      377.968      10.7167
      4719.00      383.362      10.5725
      4720.40      378.235      10.4351
      4721.80      378.397      10.3950
      4723.20      386.519      10.4570
      4724.60      372.343      10.5266
      4726.00      374.702      10.6440
      4727.40      373.839      10.3461
      4728.80      380.016      10.4824
      4730.20      390.056      10.8391
      4731.60      378.580      10.5782
      4733.00      399.709      10.4183
      4734.40      373.081      10.2673
      4735.80      374.261      10.2549
      4737.20      365.497      10.5679
      4738.60      380.973      10.4863
      4740.00      361.743      10.0587
      4741.40      373.254      10.1033
      4742.80      373.362      10.0424
      4744.20      367.691      10.0072
      4745.60      360.355      10.3598
      4747.00      372.794      10.1478
      4748.40      368.286      10.0325
      4749.80      360.193      9.89886
      4751.20      369.860      10.1484
      4752.60      367.366      10.0994
      4754.00      361.393      10.0445
      4755.40      372.827      10.3076
      4756.80      368.043      10.3448
      4758.20      358.896      10.2260
      4759.60      370.421      10.0163
      4761.00      373.111      10.1256
      4762.40      383.238      10.1984
      4763.80      379.819      10.3125
      4765.20      387.188      10.4891
      4766.60      376.690      10.2453
      4768.00      362.398      9.90166
      4769.40      361.504      9.74697
      4770.80      372.010      9.99622
      4772.20      375.055      10.4995
      4773.60      371.294      10.2038
      4775.00      379.682      10.0249
      4776.40      354.485      9.61012
      4777.80      382.223      10.2474
      4779.20      377.014      10.2980
      4780.60      362.612      9.90654
      4782.00      368.303      9.88765
      4783.40      379.082      10.0510
      4784.80      375.016      10.0884
      4786.20      367.995      10.0190
      4787.60      380.073      10.1978
      4789.00      361.444      9.98754
      4790.40      368.570      10.1276
      4791.80      368.636      10.1747
      4793.20      358.922      10.0385
      4794.60      369.488      10.2830
      4796.00      340.518      9.57155
      4797.40      360.574      10.0723
      4798.80      356.895      10.1462
      4800.20      358.003      10.1349
      4801.60      340.943      9.69418
      4803.00      366.123      9.90928
      4804.40      357.397      10.0730
      4805.80      355.283      10.0958
      4807.20      366.753      10.1375
      4808.60      361.033      9.73661
      4810.00      364.030      9.82048
      4811.40      359.752      9.82944
      4812.80      348.315      9.73286
      4814.20      366.130      10.0544
      4815.60      350.295      9.85789
      4817.00      360.070      10.0405
      4818.40      344.999      9.84483
      4819.80      360.823      10.0995
      4821.20      361.342      10.0580
      4822.60      360.998      10.1152
      4824.00      357.008      10.0596
      4825.40      354.011      9.95159
      4826.80      347.986      9.81975
      4828.20      362.143      10.1743
      4829.60      344.055      10.0229
      4831.00      334.926      9.79256
      4832.40      330.392      9.62321
      4833.80      329.676      9.72052
      4835.20      332.605      9.87557
      4836.60      334.202      9.90077
      4838.00      327.277      9.56813
      4839.40      327.503      9.64777
      4840.80      315.451      9.72105
      4842.20      319.658      10.1348
      4843.60      310.859      10.2914
      4845.00      309.977      9.87230
      4846.40      312.306      9.57452
      4847.80      296.338      9.30339
      4849.20      285.639      9.13751
      4850.60      280.123      8.91132
      4852.00      260.317      8.47243
      4853.40      252.267      8.60711
      4854.80      214.803      7.93409
      4856.20      166.442      7.12671
      4857.60      164.260      7.05832
      4859.00      212.730      7.86879
      4860.40      219.380      8.05404
      4861.80      258.026      8.50851
      4863.20      273.708      8.86312
      4864.60      290.258      8.97018
      4866.00      301.995      8.97378
      4867.40      297.817      8.98337
      4868.80      305.905      9.17190
      4870.20      311.622      9.24647
      4871.60      310.483      9.04355
      4873.00      324.744      9.36139
      4874.40      321.855      9.49535
      4875.80      317.904      9.18766
      4877.20      336.600      9.22111
      4878.60      326.567      9.12147
      4880.00      309.408      8.93583
      4881.40      326.284      9.25475
      4882.80      337.194      9.45404
      4884.20      340.933      9.46913
      4885.60      327.022      9.17004
      4887.00      326.782      9.14736
      4888.40      325.969      9.52144
      4889.80      337.835      9.59597
      4891.20      343.971      9.35594
      4892.60      341.824      9.68647
      4894.00      326.113      9.42781
      4895.40      338.967      9.49412
      4896.80      330.863      9.19093
      4898.20      343.335      9.27307
      4899.60      342.742      9.56559
      4901.00      344.420      9.46581
      4902.40      336.391      9.22982
      4903.80      342.596      9.28085
      4905.20      338.288      9.35897
      4906.60      348.378      9.69598
      4908.00      349.247      9.51586
      4909.40      354.046      9.45261
      4910.80      348.472      9.39594
      4912.20      355.223      9.50552
      4913.60      339.935      9.36346
      4915.00      331.186      9.31509
      4916.40      335.092      9.21033
      4917.80      325.590      9.00103
      4919.20      331.497      9.04694
      4920.60      332.474      9.28477
      4922.00      346.671      9.44846
      4923.40      343.786      9.43844
      4924.80      343.329      9.55076
      4926.20      352.153      9.73945
      4927.60      341.227      9.54908
      4929.00      345.778      9.34710
      4930.40      347.712      12.1763
      4931.80      347.404      9.63369
      4933.20      355.695      9.67214
      4934.60      344.327      9.31561
      4936.00      343.537      9.24776
      4937.40      340.262      9.17359
      4938.80      338.135      9.34828
      4940.20      342.890      9.31788
      4941.60      347.666      9.20763
      4943.00      341.297      9.09300
      4944.40      341.833      9.15501
      4945.80      329.684      9.00696
      4947.20      336.258      9.33429
      4948.60      344.090      9.36290
      4950.00      334.184      9.15611
      4951.40      318.003      8.85313
      4952.80      315.456      8.96858
      4954.20      337.658      9.40136
      4955.60      344.065      9.51652
      4957.00      332.327      9.35174
      4958.40      338.935      9.36435
      4959.80      335.237      9.34333
      4961.20      344.539      9.38691
      4962.60      325.716      8.92391
      4964.00      338.043      8.99543
      4965.40      349.790      9.34905
      4966.80      339.389      9.79603
      4968.20      350.263      9.52269
      4969.60      344.192      9.27779
      4971.00      348.551      9.34927
      4972.40      333.329      9.27321
      4973.80      331.397      9.34666
      4975.20      332.832      9.25957
      4976.60      327.586      9.22614
      4978.00      329.522      9.48787
      4979.40      327.602      9.89424
      4980.80      342.759      9.58746
      4982.20      340.519      9.39345
      4983.60      326.586      9.28159
      4985.00      332.283      9.48730
      4986.40      321.463      9.27823
      4987.80      345.242      9.35010
      4989.20      342.836      9.46405
      4990.60      341.538      9.43840
      4992.00      337.980      9.32501
      4993.40      335.132      9.21672
      4994.80      346.676      9.26647
      4996.20      342.707      9.29997
      4997.60      340.480      9.22262
      4999.00      338.562      9.23744
