      3900.00      133.859      10.0366
      3901.40      137.184      10.8439
      3902.80      132.824      9.87845
      3904.20      123.592      9.64588
      3905.60      123.907      9.14229
      3907.00      147.619      9.64014
      3908.40      137.983      9.80735
      3909.80      146.001      10.0369
      3911.20      139.326      9.37973
      3912.60      134.579      9.32436
      3914.00      153.365      9.65738
      3915.40      151.428      9.58024
      3916.80      161.025      9.58951
      3918.20      129.412      8.86478
      3919.60      144.534      9.24834
      3921.00      125.287      8.62221
      3922.40      136.956      8.77210
      3923.80      142.101      8.86332
      3925.20      137.017      9.01327
      3926.60      131.179      9.23091
      3928.00      112.802      8.33973
      3929.40      118.059      8.31437
      3930.80      101.460      7.95684
      3932.20      74.9576      7.34840
      3933.60      89.5468      7.63174
      3935.00      133.112      8.49270
      3936.40      133.895      8.50333
      3937.80      160.523      9.07222
      3939.20      147.566      8.77104
      3940.60      155.652      9.03210
      3942.00      142.303      8.76064
      3943.40      132.566      8.46877
      3944.80      139.190      8.67829
      3946.20      151.617      8.79134
      3947.60      142.015      8.55366
      3949.00      141.339      8.66458
      3950.40      147.125      8.85054
      3951.80      129.062      8.18211
      3953.20      130.739      8.50165
      3954.60      128.862      8.13380
      3956.00      123.536      8.23659
      3957.40      119.993      8.23564
      3958.80      140.274      8.59501
      3960.20      129.720      8.13694
      3961.60      130.530      8.19487
      3963.00      120.878      8.17807
      3964.40      98.7040      7.47974
      3965.80      82.3371      7.03425
      3967.20      44.6531      6.14721
      3968.60      61.4546      6.38210
      3970.00      92.0992      6.98395
      3971.40      116.275      7.56942
      3972.80      109.155      7.57945
      3974.20      128.125      7.97536
      3975.60      132.128      8.15855
      3977.00      127.572      7.98169
      3978.40      149.464      8.38270
      3979.80      139.641      8.11330
      3981.20      143.825      8.18324
      3982.60      140.058      8.19882
      3984.00      141.720      8.74949
      3985.40      136.501      8.79891
      3986.80      139.111      8.77311
      3988.20      139.084      8.61864
      3989.60      143.167      8.69401
      3991.00      129.044      8.05779
      3992.40      151.357      8.27228
      3993.80      154.270      8.35311
      3995.20      134.703      7.96266
      3996.60      150.655      8.23228
      3998.00      150.417      8.23053
      3999.40      159.056      8.72919
      4000.80      147.117      8.51030
      4002.20      142.493      8.32489
      4003.60      138.485      8.05442
      4005.00      137.768      7.87335
      4006.40      140.970      7.89493
      4007.80      143.404      8.06909
      4009.20      134.268      7.87630
      4010.60      134.017      8.11315
      4012.00      135.932      8.17436
      4013.40      146.926      8.35274
      4014.80      143.211      8.13489
      4016.20      141.076      8.09068
      4017.60      143.772      8.00713
      4019.00      149.007      8.07268
      4020.40      144.886      8.34375
      4021.80      140.078      8.04816
      4023.20      156.145      8.17831
      4024.60      154.835      8.12813
      4026.00      157.454      8.27081
      4027.40      149.191      8.09327
      4028.80      131.763      7.97589
      4030.20      168.443      8.58563
      4031.60      149.100      7.91215
      4033.00      143.564      7.80102
      4034.40      149.661      7.81310
      4035.80      139.517      7.79803
      4037.20      143.782      8.14279
      4038.60      141.353      8.01539
      4040.00      147.713      8.04143
      4041.40      143.406      7.88476
      4042.80      138.618      7.79505
      4044.20      140.460      7.89383
      4045.60      125.669      8.15377
      4047.00      148.366      9.09665
      4048.40      140.127      8.71291
      4049.80      136.408      7.93591
      4051.20      141.054      8.24503
      4052.60      144.991      7.87475
      4054.00      142.913      7.62666
      4055.40      141.190      7.56913
      4056.80      138.303      7.71090
      4058.20      138.703      7.70441
      4059.60      136.032      7.55523
      4061.00      118.088      7.13387
      4062.40      125.686      7.28060
      4063.80      131.704      7.86656
      4065.20      144.854      8.48434
      4066.60      137.984      8.42756
      4068.00      122.688      8.03875
      4069.40      141.840      8.03056
      4070.80      129.409      7.40069
      4072.20      145.182      7.48691
      4073.60      139.197      7.33702
      4075.00      142.501      7.45984
      4076.40      137.292      7.49578
      4077.80      119.545      7.25949
      4079.20      137.210      7.63874
      4080.60      147.112      7.67865
      4082.00      143.668      7.55667
      4083.40      133.816      7.36813
      4084.80      141.637      7.56950
      4086.20      139.263      7.72439
      4087.60      136.554      7.91133
      4089.00      112.038      8.17758
      4090.40      128.464      8.00702
      4091.80      128.514      7.64282
      4093.20      128.700      7.43724
      4094.60      114.897      7.14035
      4096.00      123.133      7.11292
      4097.40      107.089      6.63466
      4098.80      87.6478      6.28513
      4100.20      77.9883      6.15184
      4101.60      79.5045      6.16318
      4103.00      112.601      6.89356
      4104.40      115.014      7.06885
      4105.80      120.642      7.10183
      4107.20      136.162      7.06968
      4108.60      122.979      6.82017
      4110.00      119.362      6.75667
      4111.40      127.362      6.89093
      4112.80      137.971      7.06346
      4114.20      127.053      6.89637
      4115.60      144.219      7.41958
      4117.00      149.424      7.70653
      4118.40      142.147      7.43748
      4119.80      137.635      7.45215
      4121.20      134.958      7.63624
      4122.60      138.079      7.62860
      4124.00      144.894      7.44315
      4125.40      142.534      7.19072
      4126.80      146.127      7.24775
      4128.20      132.860      6.97485
      4129.60      132.745      7.06790
      4131.00      134.830      7.25632
      4132.40      135.760      7.36939
      4133.80      137.811      7.39340
      4135.20      126.900      6.81823
      4136.60      141.110      7.08261
      4138.00      149.653      7.28260
      4139.40      147.804      7.21932
      4140.80      146.918      7.19641
      4142.20      123.039      6.72501
      4143.60      133.452      6.90581
      4145.00      143.149      7.45579
      4146.40      154.493      7.80687
      4147.80      136.764      7.12160
      4149.20      137.321      6.81013
      4150.60      143.825      7.05721
      4152.00      131.572      6.99010
      4153.40      134.739      7.53817
      4154.80      130.626      7.23089
      4156.20      132.803      6.89792
      4157.60      133.220      6.82795
      4159.00      134.764      6.94681
      4160.40      125.891      6.62136
      4161.80      142.405      6.94090
      4163.20      145.844      7.10258
      4164.60      138.756      7.16305
      4166.00      127.905      7.02068
      4167.40      128.187      6.81699
      4168.80      135.501      6.99713
      4170.20      131.986      6.96144
      4171.60      133.830      6.81412
      4173.00      130.023      6.92965
      4174.40      138.429      7.12416
      4175.80      127.336      6.88438
      4177.20      145.809      7.17982
      4178.60      136.121      6.84032
      4180.00      134.624      6.69989
      4181.40      143.943      6.80998
      4182.80      138.623      6.82418
      4184.20      141.152      7.08369
      4185.60      127.496      7.13873
      4187.00      129.210      7.36529
      4188.40      128.801      6.79115
      4189.80      128.216      6.50890
      4191.20      132.967      6.81579
      4192.60      133.455      7.02168
      4194.00      127.522      6.68385
      4195.40      130.931      6.53189
      4196.80      118.233      6.29891
      4198.20      141.335      6.64986
      4199.60      140.087      6.89476
      4201.00      126.314      6.79549
      4202.40      135.760      6.85372
      4203.80      142.946      6.81411
      4205.20      139.409      6.59502
      4206.60      130.586      6.44946
      4208.00      130.683      6.55715
      4209.40      131.315      6.61040
      4210.80      137.899      6.79973
      4212.20      136.675      6.70437
      4213.60      135.412      6.53763
      4215.00      137.568      6.71864
      4216.40      142.865      6.79141
      4217.80      139.711      6.74286
      4219.20      141.959      6.87954
      4220.60      152.407      7.19990
      4222.00      145.823      6.89773
      4223.40      133.551      6.45738
      4224.80      135.253      6.52532
      4226.20      127.406      6.40896
      4227.60      140.192      6.66163
      4229.00      128.240      6.57046
      4230.40      135.695      6.58957
      4231.80      130.162      6.31903
      4233.20      128.814      6.32678
      4234.60      130.675      6.41431
      4236.00      120.761      6.18251
      4237.40      132.152      6.36652
      4238.80      125.943      6.27758
      4240.20      143.007      6.68352
      4241.60      143.434      6.90686
      4243.00      154.838      7.17439
      4244.40      131.181      6.43971
      4245.80      132.665      6.35345
      4247.20      127.820      6.35288
      4248.60      135.439      6.52548
      4250.00      133.009      6.42472
      4251.40      136.960      6.70989
      4252.80      136.708      7.04495
      4254.20      129.230      6.42999
      4255.60      129.954      6.43605
      4257.00      136.896      6.65724
      4258.40      125.838      6.69711
      4259.80      126.357      6.71561
      4261.20      139.121      6.84272
      4262.60      138.489      6.65388
      4264.00      139.010      6.63892
      4265.40      136.847      6.86644
      4266.80      134.651      7.21445
      4268.20      124.806      7.41596
      4269.60      121.631      6.32829
      4271.00      120.786      6.12201
      4272.40      126.090      6.17508
      4273.80      127.708      6.21120
      4275.20      134.672      6.62968
      4276.60      130.610      6.49825
      4278.00      131.892      6.56509
      4279.40      134.494      6.61456
      4280.80      124.113      6.42086
      4282.20      132.476      6.47128
      4283.60      135.730      6.44504
      4285.00      126.919      6.29071
      4286.40      139.810      6.55039
      4287.80      132.752      6.32932
      4289.20      136.728      6.37188
      4290.60      130.292      6.26482
      4292.00      139.443      6.61185
      4293.40      132.652      6.54132
      4294.80      126.427      6.14399
      4296.20      138.103      6.28048
      4297.60      126.476      6.05849
      4299.00      126.054      6.07080
      4300.40      136.539      6.33251
      4301.80      132.152      6.61373
      4303.20      119.497      6.76762
      4304.60      135.917      7.10860
      4306.00      118.169      6.43219
      4307.40      125.990      6.16796
      4308.80      137.247      6.34019
      4310.20      136.301      6.32717
      4311.60      136.670      6.33987
      4313.00      118.193      5.96703
      4314.40      142.146      6.46898
      4315.80      132.541      6.46407
      4317.20      139.455      6.82168
      4318.60      139.744      6.88538
      4320.00      134.893      6.86964
      4321.40      136.749      6.88868
      4322.80      124.494      6.20956
      4324.20      128.824      6.10349
      4325.60      132.373      6.20183
      4327.00      120.404      6.12952
      4328.40      131.977      6.52319
      4329.80      130.060      6.04302
      4331.20      125.597      6.02510
      4332.60      118.369      5.90195
      4334.00      115.708      6.12676
      4335.40      115.411      6.05588
      4336.80      91.6443      5.32283
      4338.20      70.1774      4.83442
      4339.60      66.1395      4.74030
      4341.00      99.0432      5.40774
      4342.40      107.412      5.62990
      4343.80      106.428      5.65513
      4345.20      126.158      6.11593
      4346.60      119.149      5.87636
      4348.00      125.014      6.14271
      4349.40      121.213      6.00615
      4350.80      137.793      6.28122
      4352.20      124.427      5.93555
      4353.60      133.719      6.33857
      4355.00      126.142      6.41201
      4356.40      132.510      6.66899
      4357.80      124.200      7.28631
      4359.20      135.090      8.40297
      4360.60      130.531      7.76903
      4362.00      131.748      6.58727
      4363.40      124.148      6.05394
      4364.80      131.015      6.19692
      4366.20      134.357      6.26757
      4367.60      129.600      6.48423
      4369.00      127.985      6.53420
      4370.40      135.915      6.63315
      4371.80      128.268      6.16673
      4373.20      133.090      6.05785
      4374.60      133.245      6.08008
      4376.00      129.337      5.94710
      4377.40      138.270      6.32027
      4378.80      136.895      6.40071
      4380.20      131.894      6.27689
      4381.60      134.797      6.25106
      4383.00      132.123      6.10245
      4384.40      119.517      5.82672
      4385.80      132.020      6.05100
      4387.20      139.655      6.16940
      4388.60      132.725      5.96325
      4390.00      131.361      5.88337
      4391.40      134.801      5.96826
      4392.80      127.139      5.85841
      4394.20      121.793      5.73513
      4395.60      140.805      6.22402
      4397.00      120.367      6.23902
      4398.40      136.914      6.59097
      4399.80      133.826      6.34029
      4401.20      133.379      6.15759
      4402.60      127.729      6.13525
      4404.00      137.394      6.43607
      4405.40      131.848      6.17319
      4406.80      142.709      6.14809
      4408.20      136.658      6.10400
      4409.60      125.310      6.16759
      4411.00      130.104      6.44001
      4412.40      129.157      6.18206
      4413.80      123.427      5.73955
      4415.20      126.443      5.78916
      4416.60      138.168      6.06893
      4418.00      121.559      5.75107
      4419.40      124.285      5.72403
      4420.80      127.691      5.79103
      4422.20      130.703      5.89730
      4423.60      129.668      5.82956
      4425.00      128.796      6.09088
      4426.40      134.102      6.18221
      4427.80      133.466      5.94753
      4429.20      135.778      5.91141
      4430.60      136.379      5.90608
      4432.00      127.569      5.97767
      4433.40      130.801      5.81199
      4434.80      133.094      5.81888
      4436.20      127.625      5.67253
      4437.60      124.069      5.69286
      4439.00      134.818      6.04262
      4440.40      134.874      6.13461
      4441.80      123.805      5.82226
      4443.20      120.873      5.63435
      4444.60      124.382      5.69121
      4446.00      121.002      5.56115
      4447.40      122.711      5.59577
      4448.80      122.363      5.61955
      4450.20      120.030      5.86927
      4451.60      124.834      5.99617
      4453.00      114.632      5.70868
      4454.40      114.008      5.65379
      4455.80      128.904      5.97716
      4457.20      126.191      6.01540
      4458.60      133.288      6.07706
      4460.00      124.999      5.64931
      4461.40      128.217      5.69405
      4462.80      130.027      5.84662
      4464.20      141.109      5.99156
      4465.60      117.302      5.41932
      4467.00      126.935      5.60873
      4468.40      138.258      5.85783
      4469.80      132.026      5.76124
      4471.20      132.855      5.83090
      4472.60      134.167      5.81528
      4474.00      122.176      5.60191
      4475.40      128.661      5.78974
      4476.80      128.901      5.86011
      4478.20      128.209      5.74895
      4479.60      126.328      5.63081
      4481.00      123.946      5.59826
      4482.40      127.284      5.54691
      4483.80      122.334      5.44214
      4485.20      137.594      5.77749
      4486.60      131.400      5.65583
      4488.00      127.926      5.75978
      4489.40      120.460      5.88165
      4490.80      127.353      5.90134
      4492.20      112.010      5.42252
      4493.60      126.607      5.83108
      4495.00      132.822      6.48160
      4496.40      118.639      6.20975
      4497.80      134.473      5.86542
      4499.20      126.019      5.52063
      4500.60      120.972      5.50344
      4502.00      129.749      6.05922
      4503.40      124.619      5.90225
      4504.80      124.219      5.55204
      4506.20      123.949      5.48636
      4507.60      121.713      5.39744
      4509.00      125.079      5.44613
      4510.40      135.650      5.86512
      4511.80      134.061      5.96772
      4513.20      126.988      5.59542
      4514.60      123.159      5.45940
      4516.00      122.575      5.41416
      4517.40      118.489      5.45392
      4518.80      124.245      5.77500
      4520.20      124.212      5.61125
      4521.60      125.449      5.52909
      4523.00      136.176      5.74265
      4524.40      118.938      5.35011
      4525.80      130.367      5.55287
      4527.20      132.508      5.69159
      4528.60      134.248      5.73356
      4530.00      121.390      5.53167
      4531.40      119.934      5.56984
      4532.80      117.060      5.54247
      4534.20      129.139      5.67691
      4535.60      139.894      5.77862
      4537.00      139.020      5.73296
      4538.40      135.130      5.84107
      4539.80      126.158      5.66503
      4541.20      127.416      5.51240
      4542.60      131.819      5.57493
      4544.00      116.989      5.28484
      4545.40      116.710      5.28867
      4546.80      122.973      5.40439
      4548.20      116.502      5.29337
      4549.60      122.111      5.33963
      4551.00      128.296      5.46328
      4552.40      123.215      5.46285
      4553.80      123.742      5.49864
      4555.20      116.489      5.26414
      4556.60      124.289      5.32665
      4558.00      128.354      5.43919
      4559.40      128.730      5.45621
      4560.80      131.722      5.54776
      4562.20      131.184      5.75493
      4563.60      133.221      5.56790
      4565.00      126.403      5.44027
      4566.40      133.247      5.58195
      4567.80      136.411      5.74802
      4569.20      130.935      7.21505
      4570.60      119.915      5.98196
      4572.00      122.765      5.62636
      4573.40      136.737      5.74842
      4574.80      122.719      5.38686
      4576.20      124.762      5.30728
      4577.60      127.392      5.34154
      4579.00      125.788      5.33911
      4580.40      121.704      5.24136
      4581.80      117.796      5.17488
      4583.20      123.058      5.31111
      4584.60      130.035      5.43623
      4586.00      125.032      5.30218
      4587.40      130.861      5.42801
      4588.80      125.829      5.43176
      4590.20      124.815      5.43038
      4591.60      126.867      5.51713
      4593.00      120.336      5.30100
      4594.40      127.637      5.66366
      4595.80      126.805      5.65043
      4597.20      116.079      5.13171
      4598.60      117.806      5.13831
      4600.00      127.746      5.34336
      4601.40      123.409      5.26506
      4602.80      128.471      5.46219
      4604.20      120.310      5.42963
      4605.60      130.211      5.49981
      4607.00      127.582      5.30505
      4608.40      133.909      5.42018
      4609.80      121.420      5.21927
      4611.20      126.608      5.43120
      4612.60      125.729      5.51452
      4614.00      112.375      5.19584
      4615.40      131.629      5.40163
      4616.80      131.719      5.36764
      4618.20      121.334      5.18366
      4619.60      119.033      5.08856
      4621.00      125.485      5.56609
      4622.40      118.427      5.17445
      4623.80      130.107      5.37997
      4625.20      116.844      5.08966
      4626.60      126.175      5.61158
      4628.00      123.648      5.55257
      4629.40      122.513      5.21750
      4630.80      122.032      5.16088
      4632.20      124.660      5.23809
      4633.60      125.510      5.30077
      4635.00      124.207      5.29533
      4636.40      119.607      5.09672
      4637.80      129.999      5.29755
      4639.20      125.326      5.23583
      4640.60      129.253      5.36125
      4642.00      129.131      5.63359
      4643.40      123.674      5.68281
      4644.80      125.008      5.53167
      4646.20      124.939      5.18190
      4647.60      127.756      5.18255
      4649.00      121.848      5.12372
      4650.40      117.270      5.07442
      4651.80      119.022      5.43261
      4653.20      117.633      5.42031
      4654.60      116.873      5.12423
      4656.00      131.747      5.34999
      4657.40      126.704      5.31550
      4658.80      121.748      5.18624
      4660.20      133.677      5.37657
      4661.60      129.103      5.32232
      4663.00      121.813      5.17322
      4664.40      121.945      5.20810
      4665.80      125.315      5.42344
      4667.20      129.600      5.54904
      4668.60      128.278      5.40612
      4670.00      124.304      5.19880
      4671.40      127.785      5.28060
      4672.80      124.836      5.19634
      4674.20      128.916      5.33894
      4675.60      116.321      5.14019
      4677.00      125.701      5.24522
      4678.40      126.192      5.24078
      4679.80      132.875      13.0925
      4681.20      128.989      5.81362
      4682.60      129.417      5.72585
      4684.00      134.388      5.53397
      4685.40      113.525      4.93790
      4686.80      119.946      5.25622
      4688.20      126.077      5.80508
      4689.60      117.446      5.59516
      4691.00      112.772      4.93546
      4692.40      121.712      5.05894
      4693.80      123.909      5.12719
      4695.20      122.602      5.33781
      4696.60      122.986      5.53488
      4698.00      121.331      5.50182
      4699.40      123.461      5.36304
      4700.80      126.960      5.22002
      4702.20      130.907      5.24394
      4703.60      132.351      5.27310
      4705.00      126.418      5.14529
      4706.40      124.320      5.44515
      4707.80      119.903      5.65084
      4709.20      124.365      5.46592
      4710.60      113.490      5.01411
      4712.00      124.431      5.17698
      4713.40      122.444      5.05608
      4714.80      110.708      4.83527
      4716.20      125.061      5.10280
      4717.60      127.202      5.21805
      4719.00      118.277      5.00062
      4720.40      119.762      5.01469
      4721.80      121.094      5.01874
      4723.20      123.892      5.18881
      4724.60      126.657      5.21982
      4726.00      121.713      5.19084
      4727.40      122.303      5.14817
      4728.80      119.782      4.95417
      4730.20      115.395      4.91916
      4731.60      119.367      5.05464
      4733.00      118.682      5.02673
      4734.40      114.452      5.12143
      4735.80      119.417      4.99510
      4737.20      123.893      5.19039
      4738.60      124.994      5.38759
      4740.00      123.668      5.28499
      4741.40      132.595      5.27457
      4742.80      114.838      4.91513
      4744.20      130.961      5.25999
      4745.60      123.908      5.07631
      4747.00      119.956      4.97398
      4748.40      114.112      4.83568
      4749.80      122.091      5.10989
      4751.20      127.976      5.43942
      4752.60      130.133      5.71009
      4754.00      118.303      5.47343
      4755.40      124.670      5.26072
      4756.80      113.557      4.87258
      4758.20      125.014      5.07618
      4759.60      118.260      5.00209
      4761.00      119.188      5.08759
      4762.40      124.625      5.15753
      4763.80      122.791      5.04564
      4765.20      120.202      4.93636
      4766.60      119.196      4.96092
      4768.00      107.264      4.73285
      4769.40      115.148      4.98082
      4770.80      123.494      5.23394
      4772.20      122.872      5.17297
      4773.60      124.927      5.19871
      4775.00      124.148      5.01917
      4776.40      121.115      4.96315
      4777.80      121.774      4.95415
      4779.20      114.425      4.82800
      4780.60      124.842      5.10408
      4782.00      119.521      5.18361
      4783.40      117.037      5.03907
      4784.80      119.172      4.90485
      4786.20      121.289      4.92780
      4787.60      116.040      4.82255
      4789.00      117.711      4.84688
      4790.40      126.450      5.03608
      4791.80      123.313      5.03632
      4793.20      122.952      4.93325
      4794.60      126.668      5.06366
      4796.00      122.935      5.13817
      4797.40      119.696      5.13640
      4798.80      120.285      5.03590
      4800.20      117.938      4.78254
      4801.60      117.935      4.82256
      4803.00      121.627      4.91205
      4804.40      119.271      4.90920
      4805.80      121.670      4.91806
      4807.20      118.631      4.85214
      4808.60      124.970      5.02127
      4810.00      123.392      5.00288
      4811.40      126.044      5.06029
      4812.80      116.593      4.92453
      4814.20      120.968      5.00455
      4815.60      117.366      4.88641
      4817.00      124.955      5.02298
      4818.40      118.377      4.89913
      4819.80      127.260      5.05286
      4821.20      113.305      4.79137
      4822.60      114.711      4.79363
      4824.00      114.205      4.74923
      4825.40      116.520      4.79697
      4826.80      120.791      5.06119
      4828.20      115.669      5.28373
      4829.60      115.036      5.22624
      4831.00      115.897      4.98709
      4832.40      122.387      4.93603
      4833.80      127.002      5.03879
      4835.20      116.187      4.83284
      4836.60      123.154      4.90456
      4838.00      118.935      4.81626
      4839.40      121.492      4.87367
      4840.80      117.440      4.81444
      4842.20      114.592      4.73890
      4843.60      121.333      4.88023
      4845.00      118.117      4.81334
      4846.40      118.883      4.78767
      4847.80      113.349      4.72583
      4849.20      120.900      5.04923
      4850.60      116.204      4.94748
      4852.00      109.255      4.77981
      4853.40      108.523      10.9718
      4854.80      104.013      6.92886
      4856.20      93.8124      4.32113
      4857.60      91.0667      4.36470
      4859.00      72.4459      3.99701
      4860.40      71.0901      3.83978
      4861.80      87.4792      4.21900
      4863.20      97.4750      4.45197
      4864.60      100.594      4.48271
      4866.00      105.747      4.76234
      4867.40      106.258      4.52823
      4868.80      106.914      4.51798
      4870.20      110.246      4.60362
      4871.60      107.670      4.57570
      4873.00      108.963      4.63725
      4874.40      117.294      4.74627
      4875.80      119.697      4.74731
      4877.20      119.672      4.79773
      4878.60      119.136      4.83617
      4880.00      115.023      4.76893
      4881.40      115.417      4.76466
      4882.80      119.586      4.90028
      4884.20      122.159      4.97128
      4885.60      124.861      4.95264
      4887.00      117.856      4.81382
      4888.40      121.420      5.13814
      4889.80      112.260      4.95328
      4891.20      112.107      4.79947
      4892.60      113.683      4.72322
      4894.00      116.944      4.87525
      4895.40      107.405      4.75638
      4896.80      120.993      5.06514
      4898.20      117.409      5.01367
      4899.60      118.322      4.88481
      4901.00      118.200      4.89729
      4902.40      109.094      4.72108
      4903.80      116.915      4.88281
      4905.20      114.317      4.85420
      4906.60      117.293      5.01435
      4908.00      116.125      4.92740
      4909.40      114.988      4.84808
      4910.80      115.057      5.18123
      4912.20      117.136      5.27144
      4913.60      119.400      5.04499
      4915.00      112.920      4.89950
      4916.40      113.551      4.92813
      4917.80      105.721      4.72592
      4919.20      111.693      4.91712
      4920.60      108.920      5.12134
      4922.00      102.289      4.88489
      4923.40      116.854      4.98170
      4924.80      107.647      4.70751
      4926.20      107.743      4.73519
      4927.60      111.274      5.10186
      4929.00      118.731      5.39294
      4930.40      120.979      4.97965
      4931.80      117.144      4.98891
      4933.20      117.067      5.05906
      4934.60      116.258      4.83968
      4936.00      117.539      4.84015
      4937.40      119.601      4.94712
      4938.80      113.630      4.85371
      4940.20      115.227      4.94227
      4941.60      118.553      4.86303
      4943.00      115.348      4.76840
      4944.40      113.612      4.82228
      4945.80      115.111      5.09459
      4947.20      118.710      5.01593
      4948.60      111.581      4.84337
      4950.00      114.452      4.86951
      4951.40      121.791      5.05068
      4952.80      108.663      4.80801
      4954.20      118.330      4.99973
      4955.60      114.928      4.79772
      4957.00      109.062      4.56364
      4958.40      117.788      4.70949
      4959.80      121.142      5.06959
      4961.20      109.168      5.20611
      4962.60      110.955      5.23263
      4964.00      121.272      5.20806
      4965.40      118.241      5.10981
      4966.80      116.769      4.95477
      4968.20      121.248      4.83904
      4969.60      110.153      4.54626
      4971.00      117.356      4.67511
      4972.40      122.376      4.83428
      4973.80      119.380      4.87917
      4975.20      122.974      4.88832
      4976.60      115.484      4.75986
      4978.00      110.278      4.97444
      4979.40      113.852      5.18914
      4980.80      110.670      4.82691
      4982.20      115.217      4.82199
      4983.60      121.022      4.93482
      4985.00      123.093      4.96661
      4986.40      113.559      4.73405
      4987.80      118.148      4.81226
      4989.20      117.764      4.81176
      4990.60      115.909      4.75899
      4992.00      111.098      4.59718
      4993.40      115.989      4.68385
      4994.80      120.828      4.76643
      4996.20      113.178      4.65037
      4997.60      117.114      4.77423
      4999.00      118.036      4.78648
