      3900.00      211.939      12.3307
      3901.40      239.282      12.9097
      3902.80      256.617      12.7600
      3904.20      249.332      12.4028
      3905.60      239.013      12.5236
      3907.00      241.902      12.5321
      3908.40      276.854      13.2558
      3909.80      258.775      13.3998
      3911.20      273.585      13.6199
      3912.60      248.713      12.6996
      3914.00      242.972      12.5510
      3915.40      261.889      12.6895
      3916.80      253.659      12.4414
      3918.20      250.858      12.4570
      3919.60      255.778      12.5482
      3921.00      266.383      12.7796
      3922.40      269.088      12.7518
      3923.80      280.494      12.9630
      3925.20      275.758      12.6467
      3926.60      230.000      11.6270
      3928.00      212.755      11.3626
      3929.40      212.134      11.2497
      3930.80      173.167      10.3373
      3932.20      109.708      9.23492
      3933.60      60.6902      8.40066
      3935.00      91.3678      9.07175
      3936.40      191.471      11.1387
      3937.80      209.839      12.2872
      3939.20      230.370      11.3809
      3940.60      245.249      11.9214
      3942.00      250.351      11.7377
      3943.40      260.279      11.7528
      3944.80      269.150      12.1522
      3946.20      249.514      11.9546
      3947.60      260.547      11.9086
      3949.00      223.399      11.3572
      3950.40      233.204      11.3441
      3951.80      246.067      11.6179
      3953.20      271.652      12.0437
      3954.60      252.880      11.7238
      3956.00      247.175      11.3966
      3957.40      239.209      11.2629
      3958.80      247.860      11.5296
      3960.20      240.965      11.4340
      3961.60      226.671      11.1127
      3963.00      206.489      10.5119
      3964.40      218.244      10.6294
      3965.80      170.741      9.86592
      3967.20      111.482      8.82377
      3968.60      55.9671      7.82076
      3970.00      99.3966      8.61362
      3971.40      130.966      9.21798
      3972.80      176.678      10.0706
      3974.20      208.851      10.6631
      3975.60      211.604      10.7019
      3977.00      234.988      11.0786
      3978.40      233.578      10.8618
      3979.80      256.277      11.3080
      3981.20      249.927      10.9465
      3982.60      249.774      10.9033
      3984.00      237.119      10.7482
      3985.40      245.667      10.9882
      3986.80      251.419      11.1590
      3988.20      252.823      11.0617
      3989.60      269.823      11.4521
      3991.00      258.447      11.3498
      3992.40      279.455      11.4862
      3993.80      280.956      11.4304
      3995.20      279.230      11.2225
      3996.60      254.779      10.8352
      3998.00      242.472      10.6402
      3999.40      280.451      11.3676
      4000.80      285.732      11.7743
      4002.20      262.742      11.3168
      4003.60      279.051      11.1446
      4005.00      263.004      10.7667
      4006.40      257.852      10.6813
      4007.80      253.867      10.8079
      4009.20      260.345      11.2977
      4010.60      269.013      11.3196
      4012.00      251.223      11.0826
      4013.40      259.549      10.6206
      4014.80      271.197      10.7294
      4016.20      262.608      10.7342
      4017.60      278.568      11.0181
      4019.00      276.437      11.3906
      4020.40      244.623      10.8258
      4021.80      270.830      11.0945
      4023.20      286.375      11.3371
      4024.60      287.659      11.3466
      4026.00      264.441      10.9790
      4027.40      263.711      10.7966
      4028.80      243.794      10.4012
      4030.20      257.881      10.6955
      4031.60      245.697      10.4913
      4033.00      241.018      10.3439
      4034.40      262.554      10.6833
      4035.80      253.491      10.4344
      4037.20      258.553      10.6013
      4038.60      260.954      10.7042
      4040.00      285.555      10.8937
      4041.40      263.021      10.4521
      4042.80      271.803      10.7839
      4044.20      248.325      10.3630
      4045.60      246.096      10.4709
      4047.00      260.670      11.2726
      4048.40      269.092      11.6074
      4049.80      269.194      10.9095
      4051.20      255.094      10.3378
      4052.60      263.980      10.3357
      4054.00      274.396      10.6727
      4055.40      259.596      10.6401
      4056.80      260.678      10.5601
      4058.20      272.179      10.6805
      4059.60      271.863      10.6373
      4061.00      270.525      10.6892
      4062.40      245.908      10.5134
      4063.80      244.142      10.3466
      4065.20      255.773      10.5179
      4066.60      264.654      10.8780
      4068.00      266.168      11.1091
      4069.40      235.297      28.7195
      4070.80      267.708      11.3170
      4072.20      266.943      10.4160
      4073.60      258.788      10.2105
      4075.00      248.072      10.2609
      4076.40      255.024      10.3333
      4077.80      228.725      9.80893
      4079.20      257.482      10.2257
      4080.60      261.187      10.4252
      4082.00      246.169      10.3019
      4083.40      259.577      10.4238
      4084.80      261.193      10.2183
      4086.20      237.315      9.68183
      4087.60      256.709      9.93481
      4089.00      256.755      9.90112
      4090.40      249.270      9.88081
      4091.80      236.962      9.76395
      4093.20      247.355      9.75339
      4094.60      250.028      9.97506
      4096.00      229.540      9.45298
      4097.40      217.272      9.16727
      4098.80      220.988      9.19010
      4100.20      195.380      8.81865
      4101.60      141.458      7.96255
      4103.00      155.835      8.12247
      4104.40      203.864      8.92897
      4105.80      212.990      9.00015
      4107.20      223.134      9.17318
      4108.60      228.593      9.28187
      4110.00      243.997      9.50617
      4111.40      236.515      9.34744
      4112.80      252.516      9.70150
      4114.20      242.067      9.47496
      4115.60      243.917      9.65170
      4117.00      258.235      9.98507
      4118.40      239.546      9.61255
      4119.80      267.472      9.85361
      4121.20      264.607      9.73278
      4122.60      224.149      8.99620
      4124.00      244.746      9.60596
      4125.40      261.439      10.1509
      4126.80      239.916      9.99524
      4128.20      242.708      10.0046
      4129.60      247.741      9.74646
      4131.00      232.054      9.31656
      4132.40      247.906      9.51931
      4133.80      231.602      9.28708
      4135.20      258.363      9.68244
      4136.60      238.003      9.42677
      4138.00      241.441      9.54242
      4139.40      257.412      9.74420
      4140.80      255.310      9.61208
      4142.20      250.044      9.43818
      4143.60      231.646      9.12367
      4145.00      251.891      9.48651
      4146.40      263.847      9.79909
      4147.80      260.757      9.96748
      4149.20      247.638      9.54097
      4150.60      255.501      9.41634
      4152.00      244.507      9.09993
      4153.40      246.914      9.16418
      4154.80      248.148      9.24228
      4156.20      251.421      9.28052
      4157.60      248.020      9.31995
      4159.00      259.100      9.60467
      4160.40      260.317      9.59202
      4161.80      240.931      9.23462
      4163.20      257.258      9.35247
      4164.60      245.681      9.52860
      4166.00      254.057      9.76383
      4167.40      248.185      9.47373
      4168.80      264.272      9.40182
      4170.20      246.240      9.22227
      4171.60      251.409      9.36116
      4173.00      235.694      9.22146
      4174.40      250.066      9.44163
      4175.80      255.039      9.49770
      4177.20      243.169      9.24692
      4178.60      234.708      8.91383
      4180.00      237.420      8.92087
      4181.40      235.671      9.03958
      4182.80      237.958      9.60782
      4184.20      244.543      12.0170
      4185.60      251.659      9.12551
      4187.00      232.537      8.84282
      4188.40      243.400      8.99708
      4189.80      264.665      9.39545
      4191.20      254.736      9.25081
      4192.60      256.876      9.15691
      4194.00      262.183      9.25707
      4195.40      249.857      9.02399
      4196.80      253.388      9.20455
      4198.20      246.128      8.96667
      4199.60      238.117      8.85413
      4201.00      223.506      8.56897
      4202.40      244.513      8.84415
      4203.80      242.297      8.75331
      4205.20      250.448      8.86598
      4206.60      250.966      9.15810
      4208.00      255.064      9.25202
      4209.40      248.698      9.15547
      4210.80      252.381      9.09187
      4212.20      261.857      9.33331
      4213.60      254.294      9.07621
      4215.00      242.970      8.91099
      4216.40      240.980      8.81961
      4217.80      249.216      9.01887
      4219.20      255.127      9.02270
      4220.60      244.590      8.77101
      4222.00      256.604      8.90266
      4223.40      261.355      8.89005
      4224.80      233.687      8.50565
      4226.20      211.093      8.11523
      4227.60      238.479      8.59000
      4229.00      248.246      8.80654
      4230.40      255.174      8.82886
      4231.80      262.771      8.93535
      4233.20      243.923      8.60892
      4234.60      237.939      8.56231
      4236.00      242.860      8.76346
      4237.40      248.972      8.84309
      4238.80      246.076      8.78889
      4240.20      244.063      8.58388
      4241.60      248.952      8.58860
      4243.00      252.861      8.78948
      4244.40      244.569      9.08748
      4245.80      240.557      8.64169
      4247.20      225.935      8.40425
      4248.60      235.032      8.45727
      4250.00      226.011      8.22360
      4251.40      242.329      8.52518
      4252.80      242.594      8.89389
      4254.20      249.127      8.70121
      4255.60      248.565      8.94100
      4257.00      260.965      9.14706
      4258.40      256.284      9.06101
      4259.80      240.466      8.73338
      4261.20      247.184      8.61870
      4262.60      259.634      8.77626
      4264.00      268.475      9.11203
      4265.40      265.402      9.19637
      4266.80      263.244      9.18591
      4268.20      264.505      9.11249
      4269.60      264.291      8.85576
      4271.00      221.303      8.21552
      4272.40      228.130      8.34917
      4273.80      233.036      8.40216
      4275.20      249.090      8.53778
      4276.60      249.586      8.58130
      4278.00      234.864      8.49756
      4279.40      254.738      8.71050
      4280.80      234.573      8.42612
      4282.20      237.004      8.42966
      4283.60      245.018      8.49492
      4285.00      237.629      8.35446
      4286.40      239.535      8.48248
      4287.80      246.879      8.60342
      4289.20      220.431      8.09875
      4290.60      222.488      8.04877
      4292.00      252.590      8.54775
      4293.40      236.530      8.51557
      4294.80      229.373      8.44514
      4296.20      242.048      8.80147
      4297.60      236.489      8.65075
      4299.00      212.629      8.20677
      4300.40      223.569      8.28320
      4301.80      215.090      8.06964
      4303.20      228.673      8.25556
      4304.60      241.532      8.51650
      4306.00      229.859      8.24836
      4307.40      211.630      7.82297
      4308.80      223.966      7.98248
      4310.20      248.601      8.34262
      4311.60      233.440      8.12950
      4313.00      228.628      8.13252
      4314.40      219.927      8.03289
      4315.80      221.289      8.35536
      4317.20      237.826      8.57851
      4318.60      224.773      8.41816
      4320.00      241.227      8.54373
      4321.40      227.687      8.46351
      4322.80      245.000      8.28848
      4324.20      236.410      8.09842
      4325.60      214.322      7.91748
      4327.00      225.956      8.44504
      4328.40      231.059      8.20278
      4329.80      231.154      8.15162
      4331.20      225.517      8.06397
      4332.60      238.783      8.33737
      4334.00      228.377      8.18513
      4335.40      224.117      8.04528
      4336.80      188.567      7.50271
      4338.20      176.803      7.23181
      4339.60      143.184      6.72831
      4341.00      134.376      6.59529
      4342.40      182.322      7.34975
      4343.80      206.594      7.71503
      4345.20      204.064      7.61888
      4346.60      213.567      7.82918
      4348.00      219.553      8.17097
      4349.40      224.215      8.25938
      4350.80      226.632      8.12380
      4352.20      218.279      7.84848
      4353.60      239.909      8.16560
      4355.00      240.418      8.24913
      4356.40      245.400      8.75350
      4357.80      252.599      9.41753
      4359.20      233.609      9.69524
      4360.60      247.091      9.38096
      4362.00      261.512      8.91747
      4363.40      248.549      8.46627
      4364.80      254.603      8.54633
      4366.20      247.581      8.39484
      4367.60      234.865      8.21603
      4369.00      236.463      8.47661
      4370.40      246.720      8.92895
      4371.80      240.537      8.22003
      4373.20      242.294      8.14436
      4374.60      223.272      7.85200
      4376.00      233.731      8.02877
      4377.40      235.367      8.23530
      4378.80      239.947      8.61065
      4380.20      245.803      8.49943
      4381.60      238.415      8.33584
      4383.00      225.661      8.15697
      4384.40      237.941      8.37830
      4385.80      238.555      8.26049
      4387.20      238.543      8.06263
      4388.60      246.677      8.23890
      4390.00      244.907      8.40837
      4391.40      242.628      8.45140
      4392.80      238.701      8.15899
      4394.20      222.172      7.70570
      4395.60      219.679      7.66313
      4397.00      235.393      8.23337
      4398.40      252.827      8.42602
      4399.80      238.729      8.10576
      4401.20      243.763      8.21111
      4402.60      251.002      8.37281
      4404.00      235.873      8.22688
      4405.40      242.638      8.14630
      4406.80      250.641      8.25739
      4408.20      241.386      8.07868
      4409.60      239.462      8.12301
      4411.00      238.350      8.13758
      4412.40      233.032      8.10651
      4413.80      231.751      7.86299
      4415.20      223.307      7.71766
      4416.60      218.473      7.59103
      4418.00      219.070      7.56988
      4419.40      244.897      8.03238
      4420.80      244.832      8.00897
      4422.20      238.262      8.00262
      4423.60      240.643      8.13861
      4425.00      249.140      8.26271
      4426.40      247.342      8.22850
      4427.80      233.848      7.85105
      4429.20      245.109      7.90683
      4430.60      231.591      7.65214
      4432.00      235.739      7.95050
      4433.40      245.630      8.19968
      4434.80      227.493      7.84162
      4436.20      233.175      7.71405
      4437.60      248.337      8.01360
      4439.00      253.507      8.39393
      4440.40      246.957      8.39156
      4441.80      221.807      7.86413
      4443.20      206.468      7.44893
      4444.60      226.848      7.72512
      4446.00      231.957      7.87458
      4447.40      240.928      7.91661
      4448.80      243.774      7.96355
      4450.20      231.203      7.79743
      4451.60      245.146      8.14414
      4453.00      239.021      7.95319
      4454.40      226.913      7.60338
      4455.80      220.056      7.44673
      4457.20      223.327      7.51620
      4458.60      225.675      7.60794
      4460.00      231.822      7.78948
      4461.40      228.804      7.74804
      4462.80      230.554      7.71676
      4464.20      226.035      7.56441
      4465.60      232.726      7.59396
      4467.00      225.786      7.65547
      4468.40      212.262      7.38136
      4469.80      224.241      7.46451
      4471.20      231.660      7.54437
      4472.60      244.279      7.75040
      4474.00      243.424      7.78746
      4475.40      230.533      7.61445
      4476.80      237.069      7.68076
      4478.20      247.734      7.77921
      4479.60      248.760      7.76393
      4481.00      230.482      7.64797
      4482.40      208.183      7.43066
      4483.80      233.600      7.72643
      4485.20      236.115      7.63001
      4486.60      238.110      7.75560
      4488.00      229.397      7.66669
      4489.40      217.562      7.44695
      4490.80      225.719      7.61816
      4492.20      230.253      7.86553
      4493.60      230.791      7.92878
      4495.00      236.794      7.63224
      4496.40      233.830      7.48620
      4497.80      230.179      7.41697
      4499.20      237.613      7.81906
      4500.60      236.865      7.86643
      4502.00      238.018      7.72644
      4503.40      240.516      7.65101
      4504.80      247.283      7.75752
      4506.20      238.505      7.57128
      4507.60      226.740      7.45264
      4509.00      217.084      7.26014
      4510.40      242.182      7.55919
      4511.80      234.607      7.47087
      4513.20      235.373      7.57752
      4514.60      230.356      7.62478
      4516.00      228.021      7.38388
      4517.40      233.643      7.50086
      4518.80      229.695      7.49561
      4520.20      224.605      7.41134
      4521.60      240.047      7.58822
      4523.00      223.730      7.33976
      4524.40      233.264      7.57005
      4525.80      236.396      7.59041
      4527.20      229.001      7.45124
      4528.60      218.810      7.34560
      4530.00      225.652      7.45732
      4531.40      232.728      7.64109
      4532.80      223.477      7.36325
      4534.20      215.463      7.26638
      4535.60      225.387      7.62290
      4537.00      226.778      7.79947
      4538.40      232.847      7.80084
      4539.80      234.348      7.70076
      4541.20      227.853      7.71200
      4542.60      240.165      7.62425
      4544.00      225.869      7.27144
      4545.40      231.979      7.38710
      4546.80      229.125      7.41592
      4548.20      227.910      7.52934
      4549.60      223.458      7.38995
      4551.00      217.592      7.23939
      4552.40      224.917      7.39610
      4553.80      204.506      7.01408
      4555.20      215.183      7.18818
      4556.60      223.545      7.24848
      4558.00      238.760      7.48178
      4559.40      239.468      7.50244
      4560.80      246.601      7.57833
      4562.20      230.450      7.59450
      4563.60      212.258      7.39822
      4565.00      226.217      7.33349
      4566.40      228.231      7.24286
      4567.80      235.533      7.44426
      4569.20      234.792      7.42407
      4570.60      227.968      7.23487
      4572.00      222.384      7.21523
      4573.40      228.908      7.38362
      4574.80      227.679      7.39605
      4576.20      225.040      7.29437
      4577.60      237.033      7.60975
      4579.00      239.591      7.54047
      4580.40      236.697      7.47526
      4581.80      217.984      7.16631
      4583.20      219.105      7.14885
      4584.60      228.077      7.26023
      4586.00      225.208      7.31695
      4587.40      226.705      7.38837
      4588.80      229.144      7.38430
      4590.20      224.543      7.24621
      4591.60      230.488      7.20673
      4593.00      235.538      7.29497
      4594.40      238.410      7.59029
      4595.80      227.389      7.53835
      4597.20      236.491      7.53663
      4598.60      231.322      7.22533
      4600.00      232.500      7.19151
      4601.40      224.525      7.09368
      4602.80      230.190      7.36560
      4604.20      236.042      7.32273
      4605.60      237.188      7.33506
      4607.00      235.062      7.30807
      4608.40      234.932      7.46143
      4609.80      231.477      7.18935
      4611.20      230.273      7.13816
      4612.60      234.752      7.20603
      4614.00      228.677      7.20450
      4615.40      229.077      7.17599
      4616.80      228.825      7.41739
      4618.20      225.685      7.40302
      4619.60      230.227      7.51160
      4621.00      232.911      7.45684
      4622.40      223.640      7.41250
      4623.80      234.128      7.44772
      4625.20      229.948      7.25283
      4626.60      229.505      7.27734
      4628.00      224.413      7.27574
      4629.40      224.193      7.17966
      4630.80      222.013      7.15347
      4632.20      238.360      7.44527
      4633.60      241.051      7.46220
      4635.00      231.601      7.26564
      4636.40      240.357      7.36011
      4637.80      223.913      7.11600
      4639.20      238.865      7.26974
      4640.60      242.748      9.07933
      4642.00      236.169      7.56662
      4643.40      237.692      7.50349
      4644.80      234.282      7.27269
      4646.20      233.342      7.15077
      4647.60      234.662      7.15922
      4649.00      229.240      7.13608
      4650.40      232.669      7.18947
      4651.80      238.639      7.23734
      4653.20      237.970      7.40771
      4654.60      245.155      7.55885
      4656.00      230.482      7.21850
      4657.40      238.912      7.31569
      4658.80      233.176      7.18700
      4660.20      236.036      7.34199
      4661.60      235.320      7.40694
      4663.00      239.730      7.29510
      4664.40      231.124      7.16381
      4665.80      227.027      7.15851
      4667.20      221.988      7.05285
      4668.60      231.047      7.18420
      4670.00      224.839      7.12352
      4671.40      222.478      7.35686
      4672.80      232.911      7.53451
      4674.20      236.391      7.41721
      4675.60      234.824      7.23475
      4677.00      240.048      7.34603
      4678.40      232.951      7.26566
      4679.80      232.774      7.32640
      4681.20      235.573      7.27188
      4682.60      235.745      7.28101
      4684.00      241.381      7.19671
      4685.40      232.053      7.05527
      4686.80      229.736      7.10536
      4688.20      231.868      7.17825
      4689.60      226.948      7.19259
      4691.00      230.760      7.23733
      4692.40      230.654      7.14101
      4693.80      232.587      7.07565
      4695.20      232.683      7.06851
      4696.60      233.395      7.22024
      4698.00      227.359      7.23043
      4699.40      232.919      7.22388
      4700.80      226.784      7.01752
      4702.20      221.277      6.94802
      4703.60      229.966      7.10589
      4705.00      235.130      7.31486
      4706.40      224.673      7.06615
      4707.80      220.770      6.93373
      4709.20      215.076      6.74539
      4710.60      222.385      6.85264
      4712.00      232.918      6.97419
      4713.40      228.721      6.96685
      4714.80      228.743      7.05482
      4716.20      228.683      7.11520
      4717.60      231.531      7.20383
      4719.00      225.111      6.96320
      4720.40      228.097      6.98480
      4721.80      232.903      7.20182
      4723.20      225.443      7.08217
      4724.60      230.547      7.00290
      4726.00      226.613      6.99294
      4727.40      221.268      6.86914
      4728.80      215.897      6.88343
      4730.20      229.682      6.91938
      4731.60      224.490      6.84358
      4733.00      227.587      7.04644
      4734.40      225.239      7.01259
      4735.80      225.970      7.14843
      4737.20      224.313      7.05811
      4738.60      232.757      7.01156
      4740.00      231.240      7.03668
      4741.40      228.471      7.12759
      4742.80      219.300      7.24540
      4744.20      237.324      7.51741
      4745.60      226.028      7.22543
      4747.00      215.863      6.92425
      4748.40      217.543      6.90332
      4749.80      230.345      6.92732
      4751.20      228.378      6.90614
      4752.60      231.123      7.02855
      4754.00      222.341      6.92198
      4755.40      219.350      7.00149
      4756.80      222.257      6.85394
      4758.20      228.732      7.05470
      4759.60      226.257      6.90504
      4761.00      230.121      7.02112
      4762.40      231.188      6.96799
      4763.80      218.643      6.68645
      4765.20      218.993      6.65252
      4766.60      227.597      6.76466
      4768.00      227.035      6.77809
      4769.40      217.228      6.77470
      4770.80      230.456      6.97782
      4772.20      231.506      6.92321
      4773.60      226.253      6.79429
      4775.00      221.565      6.82188
      4776.40      231.236      6.98209
      4777.80      237.231      7.00750
      4779.20      227.100      6.86816
      4780.60      232.043      7.06421
      4782.00      223.886      7.04662
      4783.40      225.228      7.01942
      4784.80      222.541      6.87355
      4786.20      219.733      6.70534
      4787.60      224.740      6.78114
      4789.00      236.021      6.94802
      4790.40      229.291      6.99589
      4791.80      227.303      7.28133
      4793.20      223.848      6.87373
      4794.60      231.010      6.97832
      4796.00      227.685      6.79455
      4797.40      222.898      6.68242
      4798.80      224.836      6.81503
      4800.20      224.519      6.91412
      4801.60      213.332      6.64949
      4803.00      218.247      6.66872
      4804.40      221.291      6.66362
      4805.80      228.228      6.83600
      4807.20      221.915      6.77139
      4808.60      211.426      6.65873
      4810.00      225.946      6.94335
      4811.40      219.755      6.70911
      4812.80      224.556      6.75962
      4814.20      215.004      6.57740
      4815.60      214.653      6.73518
      4817.00      224.066      6.71055
      4818.40      222.210      6.67369
      4819.80      229.436      6.79883
      4821.20      233.253      6.85298
      4822.60      215.652      6.63414
      4824.00      230.358      6.80464
      4825.40      223.513      6.70935
      4826.80      224.463      6.74122
      4828.20      220.662      6.70438
      4829.60      216.590      6.63147
      4831.00      229.250      6.76434
      4832.40      225.662      6.70503
      4833.80      218.859      6.78417
      4835.20      219.328      6.98861
      4836.60      216.905      6.78459
      4838.00      221.238      6.76873
      4839.40      227.653      7.11331
      4840.80      222.067      7.35743
      4842.20      210.515      6.97238
      4843.60      216.332      6.73212
      4845.00      207.505      6.53575
      4846.40      211.267      6.63725
      4847.80      207.179      6.53419
      4849.20      212.477      6.56757
      4850.60      213.829      6.53570
      4852.00      203.386      6.49251
      4853.40      203.026      6.47282
      4854.80      199.296      6.49109
      4856.20      204.770      6.62245
      4857.60      191.393      6.43271
      4859.00      162.335      5.83611
      4860.40      133.336      5.75929
      4861.80      135.753      5.98799
      4863.20      161.502      5.81346
      4864.60      184.965      6.20194
      4866.00      188.679      6.30914
      4867.40      204.628      6.57145
      4868.80      205.201      6.52944
      4870.20      209.140      6.64134
      4871.60      203.507      6.67431
      4873.00      209.129      6.75572
      4874.40      209.082      6.76036
      4875.80      221.118      7.17724
      4877.20      213.860      7.21627
      4878.60      208.826      6.95198
      4880.00      212.044      6.93338
      4881.40      206.773      6.83383
      4882.80      210.434      6.95315
      4884.20      218.724      7.14843
      4885.60      225.286      7.03340
      4887.00      222.140      6.92327
      4888.40      221.289      6.99640
      4889.80      210.371      6.88603
      4891.20      199.278      6.66627
      4892.60      218.602      6.79456
      4894.00      228.293      6.96632
      4895.40      223.799      6.88202
      4896.80      212.538      6.72465
      4898.20      216.317      6.79858
      4899.60      214.475      6.81067
      4901.00      215.784      7.16412
      4902.40      219.304      7.30492
      4903.80      220.126      7.03033
      4905.20      225.415      6.83351
      4906.60      211.946      6.82714
      4908.00      223.544      7.14233
      4909.40      215.341      6.88522
      4910.80      216.833      6.71508
      4912.20      217.112      6.79092
      4913.60      215.377      6.82887
      4915.00      217.931      7.12976
      4916.40      220.675      7.04807
      4917.80      216.982      6.69655
      4919.20      198.626      6.32423
      4920.60      195.885      6.23714
      4922.00      202.657      6.43061
      4923.40      203.319      6.46798
      4924.80      214.904      6.62909
      4926.20      212.471      6.64108
      4927.60      210.409      6.42523
      4929.00      211.397      6.44833
      4930.40      212.035      6.50522
      4931.80      208.358      6.50642
      4933.20      200.152      6.31573
      4934.60      205.200      6.31476
      4936.00      201.568      6.49646
      4937.40      214.579      6.59176
      4938.80      221.083      6.71745
      4940.20      218.162      6.59466
      4941.60      216.609      6.58209
      4943.00      226.852      6.73035
      4944.40      222.422      6.66707
      4945.80      215.051      6.55266
      4947.20      216.567      6.57906
      4948.60      215.596      6.66202
      4950.00      220.671      6.86683
      4951.40      223.549      6.88738
      4952.80      211.062      6.49025
      4954.20      219.240      6.64511
      4955.60      216.366      6.69456
      4957.00      203.937      6.28911
      4958.40      202.798      6.22690
      4959.80      217.930      6.46196
      4961.20      219.663      6.53801
      4962.60      218.551      6.67800
      4964.00      218.663      6.61204
      4965.40      221.102      6.64720
      4966.80      220.463      6.59267
      4968.20      220.747      6.59424
      4969.60      213.842      6.55023
      4971.00      216.945      6.70958
      4972.40      222.382      6.86709
      4973.80      218.648      6.54290
      4975.20      219.122      6.51932
      4976.60      217.049      6.62056
      4978.00      217.162      6.74960
      4979.40      216.443      6.68256
      4980.80      210.060      6.43483
      4982.20      214.897      6.50255
      4983.60      204.406      6.36447
      4985.00      207.985      6.45951
      4986.40      212.652      6.49947
      4987.80      209.434      6.41818
      4989.20      221.087      6.67827
      4990.60      213.283      6.54488
      4992.00      204.645      6.40188
      4993.40      203.992      6.36687
      4994.80      215.692      6.53489
      4996.20      211.363      6.45055
      4997.60      211.264      6.39187
      4999.00      219.837      6.44150
