      3900.00      56.1533      3.90358
      3901.40      68.6266      4.24090
      3902.80      57.8612      4.04194
      3904.20      58.1753      4.06968
      3905.60      67.7370      4.12838
      3907.00      68.5597      4.13479
      3908.40      70.1802      4.34426
      3909.80      72.2955      4.25173
      3911.20      71.0742      4.26062
      3912.60      67.6348      4.26530
      3914.00      71.7438      4.41891
      3915.40      71.4097      4.46055
      3916.80      76.7994      4.62940
      3918.20      71.0784      4.21536
      3919.60      72.1663      4.12780
      3921.00      73.6386      4.11167
      3922.40      70.6464      4.01625
      3923.80      73.9279      4.14278
      3925.20      70.1615      4.36095
      3926.60      72.6060      4.24899
      3928.00      67.3425      3.99975
      3929.40      70.2520      3.95519
      3930.80      68.2514      3.87222
      3932.20      50.6209      3.45002
      3933.60      48.6787      3.46215
      3935.00      58.5054      3.66947
      3936.40      69.9756      3.94508
      3937.80      71.2174      3.93736
      3939.20      70.6371      3.94489
      3940.60      74.4348      4.09019
      3942.00      75.8795      4.20118
      3943.40      72.5743      4.12879
      3944.80      77.4238      4.13836
      3946.20      73.3226      3.98359
      3947.60      72.5753      4.10372
      3949.00      68.9872      3.86095
      3950.40      67.4743      3.85315
      3951.80      68.4471      3.85702
      3953.20      70.4140      3.88980
      3954.60      70.6611      3.89253
      3956.00      63.0626      3.69450
      3957.40      67.0610      3.85091
      3958.80      62.5240      3.87299
      3960.20      58.7235      3.71929
      3961.60      56.0779      3.66352
      3963.00      53.6766      3.62255
      3964.40      46.6435      3.46518
      3965.80      41.7439      3.30645
      3967.20      29.2761      2.96019
      3968.60      21.1655      2.63864
      3970.00      17.9665      2.46057
      3971.40      33.6227      2.82837
      3972.80      36.0325      2.91535
      3974.20      46.4711      3.24246
      3975.60      52.1981      3.31787
      3977.00      62.6807      3.61261
      3978.40      57.5903      3.53843
      3979.80      57.4526      3.50377
      3981.20      59.7713      3.56039
      3982.60      67.8736      3.70378
      3984.00      67.2856      3.66044
      3985.40      69.1698      3.72790
      3986.80      68.8491      3.73717
      3988.20      70.4284      3.76602
      3989.60      67.1808      3.80727
      3991.00      71.2251      3.97035
      3992.40      75.2927      4.07456
      3993.80      72.1365      3.94709
      3995.20      74.1002      3.90471
      3996.60      71.6655      3.73794
      3998.00      72.2307      3.81076
      3999.40      72.5362      3.80349
      4000.80      70.7804      3.79551
      4002.20      73.5349      3.86788
      4003.60      73.4859      3.82102
      4005.00      68.9506      3.74578
      4006.40      68.0008      3.75084
      4007.80      76.4718      3.98316
      4009.20      75.0215      3.94983
      4010.60      84.6293      4.12855
      4012.00      67.3240      3.71014
      4013.40      74.2136      3.85617
      4014.80      70.4750      3.73377
      4016.20      80.7053      3.92512
      4017.60      79.5879      3.86046
      4019.00      70.9060      3.67211
      4020.40      72.0260      3.72235
      4021.80      81.2875      3.92937
      4023.20      68.3153      3.64373
      4024.60      74.4108      3.82181
      4026.00      80.2790      3.98254
      4027.40      74.8785      3.84460
      4028.80      74.8642      3.74671
      4030.20      77.3311      3.78904
      4031.60      75.8414      3.74890
      4033.00      76.8390      3.76954
      4034.40      72.0696      3.67684
      4035.80      65.5334      3.49226
      4037.20      73.2884      3.68813
      4038.60      78.0924      3.80349
      4040.00      78.7605      3.81855
      4041.40      78.3358      3.81274
      4042.80      76.8046      3.77207
      4044.20      71.3827      3.63914
      4045.60      71.0632      3.72907
      4047.00      79.3267      4.16488
      4048.40      75.1918      3.93809
      4049.80      75.1344      3.78222
      4051.20      80.6816      3.87269
      4052.60      71.3428      3.65080
      4054.00      73.2953      3.70996
      4055.40      73.8174      3.68096
      4056.80      71.9827      3.69083
      4058.20      74.5317      3.66465
      4059.60      75.4787      3.71120
      4061.00      70.5930      3.76574
      4062.40      64.6785      3.71798
      4063.80      71.4623      3.71300
      4065.20      73.1744      3.65042
      4066.60      78.0518      3.77898
      4068.00      80.5943      3.81038
      4069.40      74.5038      3.66523
      4070.80      63.6661      3.43069
      4072.20      71.3962      3.61534
      4073.60      72.4342      3.66951
      4075.00      72.9588      3.72094
      4076.40      69.1133      3.65112
      4077.80      68.5883      3.59589
      4079.20      69.7990      3.54049
      4080.60      68.6462      3.49534
      4082.00      68.3120      3.63916
      4083.40      69.3234      3.51823
      4084.80      69.8149      3.50285
      4086.20      63.7339      3.38009
      4087.60      63.2847      3.34872
      4089.00      69.0965      3.46781
      4090.40      67.5702      3.46966
      4091.80      56.2437      3.35880
      4093.20      60.7764      3.47539
      4094.60      54.8476      3.22277
      4096.00      55.3633      3.13228
      4097.40      45.7006      2.83031
      4098.80      33.6406      2.57080
      4100.20      28.0483      2.44897
      4101.60      32.9090      2.61447
      4103.00      32.6117      2.61011
      4104.40      40.0695      2.69907
      4105.80      48.4241      2.86665
      4107.20      51.0503      2.97679
      4108.60      60.3479      3.20279
      4110.00      60.3496      3.41455
      4111.40      64.1052      3.34292
      4112.80      61.4185      3.22065
      4114.20      63.4697      3.25999
      4115.60      69.2204      3.39491
      4117.00      70.0360      3.50465
      4118.40      70.6974      3.50918
      4119.80      70.7210      3.41797
      4121.20      69.1082      3.38912
      4122.60      68.4504      3.43766
      4124.00      69.5188      3.73487
      4125.40      67.7496      3.41244
      4126.80      69.3208      3.50546
      4128.20      69.6519      3.38231
      4129.60      69.6357      3.38076
      4131.00      74.7436      3.49506
      4132.40      73.4169      3.63896
      4133.80      73.2833      3.43758
      4135.20      72.1090      3.40939
      4136.60      77.8299      3.54792
      4138.00      73.1317      3.56080
      4139.40      72.2242      3.47566
      4140.80      71.4048      3.51782
      4142.20      70.9059      3.45687
      4143.60      74.3779      3.47783
      4145.00      70.4368      3.36194
      4146.40      74.1776      3.44723
      4147.80      66.5582      3.25891
      4149.20      72.8072      3.41232
      4150.60      68.6662      3.32071
      4152.00      71.6934      3.39014
      4153.40      70.0244      3.36200
      4154.80      71.8706      3.51387
      4156.20      75.4537      3.47934
      4157.60      79.1561      3.56247
      4159.00      78.1382      3.54695
      4160.40      72.9047      3.45004
      4161.80      78.9785      3.54068
      4163.20      75.7072      3.45940
      4164.60      72.3340      3.40261
      4166.00      77.7180      3.53688
      4167.40      74.6556      3.45935
      4168.80      75.9005      3.52427
      4170.20      75.4159      3.62950
      4171.60      72.5477      3.41545
      4173.00      76.6311      3.49918
      4174.40      75.8147      3.50304
      4175.80      76.3671      3.54096
      4177.20      71.9084      3.47139
      4178.60      69.0109      3.41272
      4180.00      71.5633      3.37366
      4181.40      75.8046      3.45055
      4182.80      74.4733      3.47147
      4184.20      78.9425      3.63485
      4185.60      76.2972      3.58137
      4187.00      77.3155      3.57003
      4188.40      74.0519      3.40342
      4189.80      70.9934      3.28833
      4191.20      75.2127      3.38217
      4192.60      78.9750      3.46834
      4194.00      70.1007      3.30644
      4195.40      68.1779      3.23113
      4196.80      79.2789      3.46039
      4198.20      67.5971      3.18941
      4199.60      77.2666      3.49591
      4201.00      77.9078      3.60386
      4202.40      73.6648      3.55152
      4203.80      75.2252      3.56004
      4205.20      75.4611      3.49718
      4206.60      74.6672      3.37749
      4208.00      77.4394      3.42486
      4209.40      72.1164      3.29548
      4210.80      77.6302      3.41926
      4212.20      76.7547      3.41419
      4213.60      73.9637      3.38141
      4215.00      76.0647      3.42569
      4216.40      73.3564      3.34814
      4217.80      73.4543      3.33243
      4219.20      65.1546      3.10827
      4220.60      73.4142      3.28895
      4222.00      68.4236      3.18277
      4223.40      75.5215      3.38978
      4224.80      74.8668      3.38921
      4226.20      68.5664      3.18776
      4227.60      74.1625      3.28173
      4229.00      74.0105      3.27719
      4230.40      73.6875      3.29673
      4231.80      73.2151      3.28376
      4233.20      70.8971      3.26854
      4234.60      70.9350      3.33881
      4236.00      68.4075      3.24366
      4237.40      74.9779      3.34026
      4238.80      74.7447      3.31295
      4240.20      74.1497      3.32003
      4241.60      69.9728      3.24358
      4243.00      71.1155      3.27567
      4244.40      70.8912      3.23567
      4245.80      70.6630      3.22874
      4247.20      71.0878      3.29745
      4248.60      71.0786      3.43209
      4250.00      68.0959      3.23145
      4251.40      73.4268      3.34558
      4252.80      70.7829      3.26120
      4254.20      69.2123      3.19075
      4255.60      74.8623      3.31060
      4257.00      70.2228      3.20412
      4258.40      71.6619      3.24247
      4259.80      67.7192      3.15608
      4261.20      76.9565      4.55709
      4262.60      77.2538      4.35061
      4264.00      78.9566      3.48158
      4265.40      83.7295      3.56164
      4266.80      68.2939      3.14259
      4268.20      73.5331      3.27302
      4269.60      75.3297      3.31498
      4271.00      69.6793      3.17904
      4272.40      72.8113      3.30652
      4273.80      74.3893      3.41352
      4275.20      73.7741      3.37147
      4276.60      70.5750      3.23629
      4278.00      70.5616      3.48390
      4279.40      69.7032      3.31989
      4280.80      75.2191      3.48384
      4282.20      68.1967      3.25309
      4283.60      68.2905      3.15548
      4285.00      69.1832      3.32887
      4286.40      70.2543      3.23665
      4287.80      68.1507      3.23462
      4289.20      68.0079      3.23939
      4290.60      74.9153      3.37243
      4292.00      78.9248      3.42967
      4293.40      77.9232      3.35076
      4294.80      69.5574      3.17182
      4296.20      68.8527      3.15823
      4297.60      76.3023      3.30660
      4299.00      72.0915      3.20687
      4300.40      74.8275      3.28309
      4301.80      73.4609      3.23135
      4303.20      65.8719      3.09326
      4304.60      72.6944      3.30432
      4306.00      71.6687      3.23188
      4307.40      73.0820      3.24196
      4308.80      70.4141      3.20315
      4310.20      73.3281      3.38100
      4311.60      74.4809      3.38815
      4313.00      66.9472      3.08495
      4314.40      70.3925      3.19368
      4315.80      68.2583      3.20891
      4317.20      74.2257      3.42297
      4318.60      70.5089      3.25468
      4320.00      65.7449      3.06599
      4321.40      66.6268      3.28059
      4322.80      67.4596      3.24626
      4324.20      62.6723      3.12125
      4325.60      63.0444      3.07244
      4327.00      60.1689      2.97191
      4328.40      66.2897      3.08612
      4329.80      63.3305      3.04189
      4331.20      59.9301      3.02963
      4332.60      61.4142      3.10177
      4334.00      54.2236      2.84885
      4335.40      52.1163      2.69939
      4336.80      40.8396      2.43807
      4338.20      34.2397      2.39024
      4339.60      28.2850      2.41938
      4341.00      29.4083      2.36323
      4342.40      40.6850      2.49152
      4343.80      47.1270      2.63905
      4345.20      49.8965      2.69047
      4346.60      60.0938      2.91664
      4348.00      63.7538      3.01209
      4349.40      62.6128      2.99633
      4350.80      63.0992      3.03009
      4352.20      62.6345      3.00778
      4353.60      67.2015      3.06911
      4355.00      65.0156      3.01476
      4356.40      58.8058      2.90978
      4357.80      65.0711      3.34472
      4359.20      70.5885      3.84213
      4360.60      67.4105      3.41022
      4362.00      72.0530      3.26432
      4363.40      69.3499      3.14929
      4364.80      67.9942      3.09662
      4366.20      65.8340      3.04039
      4367.60      73.1648      3.19920
      4369.00      74.6113      3.22386
      4370.40      72.6937      3.17508
      4371.80      72.8826      3.19764
      4373.20      73.6246      3.19585
      4374.60      75.0251      3.30836
      4376.00      75.5176      3.38265
      4377.40      72.4635      3.29179
      4378.80      77.0238      3.35598
      4380.20      77.5694      3.33791
      4381.60      65.2791      3.01694
      4383.00      69.4257      3.07888
      4384.40      77.6895      3.25850
      4385.80      73.6887      3.15082
      4387.20      77.6280      3.29817
      4388.60      73.1665      3.20408
      4390.00      72.6269      3.14103
      4391.40      71.2905      3.10353
      4392.80      74.3414      3.20623
      4394.20      66.6833      3.12399
      4395.60      68.9391      3.35203
      4397.00      72.9876      3.22672
      4398.40      71.8055      3.14921
      4399.80      67.3798      3.02457
      4401.20      72.7536      3.15282
      4402.60      74.9438      3.20478
      4404.00      72.2534      3.13003
      4405.40      71.1687      3.12733
      4406.80      69.7715      3.08449
      4408.20      67.5201      3.04693
      4409.60      68.7779      3.13394
      4411.00      72.7117      3.24744
      4412.40      68.7313      3.25859
      4413.80      70.1194      3.29390
      4415.20      68.6472      3.22938
      4416.60      66.4891      3.21201
      4418.00      75.2278      3.35853
      4419.40      75.0045      3.33764
      4420.80      74.5855      3.44317
      4422.20      75.3449      3.29236
      4423.60      71.7101      3.16269
      4425.00      71.4316      3.11618
      4426.40      70.6403      3.07632
      4427.80      67.7461      3.02231
      4429.20      72.2804      3.10039
      4430.60      72.9819      3.11754
      4432.00      73.0704      3.12056
      4433.40      74.4991      3.16888
      4434.80      72.2190      3.10149
      4436.20      73.0781      3.14998
      4437.60      68.1056      3.12390
      4439.00      70.4221      3.16202
      4440.40      71.6188      3.07846
      4441.80      66.1271      2.96206
      4443.20      71.6807      3.22474
      4444.60      71.6928      3.31869
      4446.00      71.4081      3.25083
      4447.40      68.5188      3.11562
      4448.80      72.0574      3.19304
      4450.20      71.6444      3.17352
      4451.60      76.2445      3.20562
      4453.00      76.5655      3.16752
      4454.40      67.9962      2.95864
      4455.80      69.7134      3.01203
      4457.20      71.5032      3.07358
      4458.60      69.2677      3.00339
      4460.00      74.5147      3.11549
      4461.40      73.5242      3.16821
      4462.80      75.5334      3.28916
      4464.20      71.8713      3.19488
      4465.60      69.6181      3.05838
      4467.00      68.7732      2.97313
      4468.40      69.7741      3.00095
      4469.80      75.3193      3.12741
      4471.20      72.4264      3.12592
      4472.60      74.1778      3.22823
      4474.00      74.6914      3.22529
      4475.40      64.6575      2.93487
      4476.80      72.0670      3.07929
      4478.20      70.7117      3.05038
      4479.60      67.3019      2.94719
      4481.00      69.5705      2.99514
      4482.40      70.0705      2.99610
      4483.80      72.1310      3.04419
      4485.20      72.0132      3.04135
      4486.60      65.9759      2.91073
      4488.00      71.6384      3.03561
      4489.40      74.1141      3.09413
      4490.80      76.6292      3.15998
      4492.20      70.5013      2.99371
      4493.60      74.4338      3.10161
      4495.00      74.2475      3.09656
      4496.40      75.6029      3.12710
      4497.80      70.0250      2.99817
      4499.20      72.0935      3.09422
      4500.60      67.9220      2.98308
      4502.00      66.3321      2.91624
      4503.40      71.5517      3.03734
      4504.80      72.7607      3.08739
      4506.20      69.0384      3.02548
      4507.60      70.8936      3.02421
      4509.00      71.1277      3.02174
      4510.40      71.9832      3.03478
      4511.80      71.3470      3.01838
      4513.20      70.9799      3.08804
      4514.60      67.0288      2.91996
      4516.00      71.2358      3.00009
      4517.40      74.8620      3.09599
      4518.80      73.1554      3.08701
      4520.20      67.9419      2.99680
      4521.60      67.6458      3.05584
      4523.00      71.3693      3.24291
      4524.40      70.8302      3.21753
      4525.80      71.7862      3.11625
      4527.20      72.7800      3.05128
      4528.60      69.6270      2.97847
      4530.00      71.0763      3.18662
      4531.40      68.6155      2.96970
      4532.80      71.7103      3.03839
      4534.20      72.2633      3.05023
      4535.60      73.0919      3.19408
      4537.00      74.3043      3.09039
      4538.40      71.3479      3.06978
      4539.80      77.5261      3.22591
      4541.20      74.6014      3.15641
      4542.60      74.9993      3.16089
      4544.00      79.7686      3.25861
      4545.40      78.4787      3.18043
      4546.80      72.7754      3.04713
      4548.20      76.1722      3.12927
      4549.60      67.8587      2.92762
      4551.00      70.4894      3.03455
      4552.40      73.8553      3.12512
      4553.80      73.4853      3.10996
      4555.20      72.8033      3.04237
      4556.60      69.3166      2.94783
      4558.00      63.9660      2.84571
      4559.40      71.1562      3.05523
      4560.80      69.7455      3.01989
      4562.20      68.6662      3.01922
      4563.60      70.7818      3.19637
      4565.00      72.4316      3.30486
      4566.40      73.1709      3.22022
      4567.80      73.7245      3.03386
      4569.20      71.6181      2.99199
      4570.60      72.6050      3.01455
      4572.00      67.2905      2.93896
      4573.40      75.0981      3.14139
      4574.80      71.9637      3.06181
      4576.20      69.5436      2.97213
      4577.60      70.6120      2.97598
      4579.00      74.1608      3.08153
      4580.40      74.3494      3.11309
      4581.80      67.7079      2.99861
      4583.20      73.2855      3.47986
      4584.60      71.7454      4.57703
      4586.00      71.9009      3.07286
      4587.40      70.1386      2.94236
      4588.80      70.1305      2.97099
      4590.20      71.1359      3.02144
      4591.60      72.8848      3.09506
      4593.00      70.6230      3.04223
      4594.40      71.4380      3.02050
      4595.80      70.5044      2.99347
      4597.20      78.7925      3.19257
      4598.60      78.8589      3.20154
      4600.00      76.6369      3.08035
      4601.40      71.3801      2.95905
      4602.80      70.9061      2.95551
      4604.20      70.4577      3.00912
      4605.60      71.1056      3.06243
      4607.00      78.3812      3.18424
      4608.40      69.0828      2.92650
      4609.80      67.2353      2.86590
      4611.20      74.4907      3.02217
      4612.60      73.6950      3.00345
      4614.00      70.3465      2.93862
      4615.40      71.7273      2.96941
      4616.80      69.6628      2.90615
      4618.20      71.5998      2.98040
      4619.60      71.6025      3.02571
      4621.00      73.9558      3.09768
      4622.40      74.1174      3.04140
      4623.80      68.3677      2.87571
      4625.20      69.2242      2.90538
      4626.60      69.1100      2.99275
      4628.00      71.5881      2.97178
      4629.40      69.4371      2.93854
      4630.80      67.9579      2.94605
      4632.20      70.3254      2.98795
      4633.60      74.5297      3.02480
      4635.00      76.6234      3.04560
      4636.40      73.2641      2.97739
      4637.80      72.8570      2.97751
      4639.20      75.6966      3.04272
      4640.60      72.8802      2.99439
      4642.00      65.8012      2.87370
      4643.40      71.0448      3.02377
      4644.80      68.3190      2.97709
      4646.20      67.8186      2.96750
      4647.60      74.5811      3.08625
      4649.00      72.5330      3.04581
      4650.40      74.7446      3.07882
      4651.80      73.1239      3.01161
      4653.20      67.6436      2.87536
      4654.60      73.4087      3.01452
      4656.00      70.7077      2.98366
      4657.40      74.5988      3.07423
      4658.80      69.4818      2.94850
      4660.20      73.2908      2.99887
      4661.60      74.2538      3.20679
      4663.00      65.6071      3.37381
      4664.40      70.9839      3.53123
      4665.80      57.2839      5.66101
      4667.20      67.7399      6.04918
      4668.60      66.1662      4.19682
      4670.00      72.0918      3.57169
      4671.40      72.4278      3.13804
      4672.80      70.0926      3.10101
      4674.20      71.8033      3.05170
      4675.60      67.8410      2.96512
      4677.00      70.1411      2.99708
      4678.40      70.4893      2.98925
      4679.80      68.7913      2.91056
      4681.20      72.9296      2.97358
      4682.60      72.9149      2.96543
      4684.00      73.9357      2.99499
      4685.40      69.1416      2.90587
      4686.80      71.3951      2.96628
      4688.20      72.7291      3.05843
      4689.60      75.5354      3.13399
      4691.00      75.5289      3.14457
      4692.40      72.0149      3.03536
      4693.80      72.8963      2.99857
      4695.20      73.2534      2.97330
      4696.60      74.3439      2.98606
      4698.00      70.9422      2.93576
      4699.40      69.7632      2.97888
      4700.80      72.5615      3.05720
      4702.20      71.3840      2.98544
      4703.60      74.2960      3.01145
      4705.00      73.0859      2.96784
      4706.40      72.3317      2.96109
      4707.80      74.5920      2.99586
      4709.20      68.2872      2.85807
      4710.60      72.5341      2.96061
      4712.00      73.2620      2.97232
      4713.40      70.8028      2.91804
      4714.80      63.1080      2.72302
      4716.20      72.8072      2.96452
      4717.60      61.5264      2.78688
      4719.00      68.8895      3.00362
      4720.40      68.6637      2.92957
      4721.80      72.7041      2.94106
      4723.20      72.7400      2.94702
      4724.60      70.2333      2.92377
      4726.00      71.0470      2.91864
      4727.40      69.1089      2.83203
      4728.80      72.2966      2.91158
      4730.20      68.9717      2.84184
      4731.60      67.4669      2.83647
      4733.00      71.4071      2.99354
      4734.40      63.9320      2.83122
      4735.80      70.1110      2.88043
      4737.20      71.5840      2.90648
      4738.60      70.5688      2.88664
      4740.00      65.6506      2.78300
      4741.40      65.5047      2.80881
      4742.80      72.8985      2.97130
      4744.20      71.5673      2.91911
      4745.60      66.8435      2.79677
      4747.00      70.2055      2.85696
      4748.40      68.5934      2.81603
      4749.80      70.7224      2.87095
      4751.20      74.8442      2.95968
      4752.60      71.7715      2.90282
      4754.00      71.4491      2.90922
      4755.40      69.4551      2.85480
      4756.80      70.4603      2.86720
      4758.20      70.9478      2.87301
      4759.60      76.9139      3.00357
      4761.00      66.8229      2.77323
      4762.40      74.1571      2.93905
      4763.80      71.9043      2.90165
      4765.20      69.4438      2.82295
      4766.60      69.6491      2.82588
      4768.00      69.8296      2.82939
      4769.40      69.0849      2.80821
      4770.80      73.4642      2.92795
      4772.20      71.7032      2.93851
      4773.60      66.2915      2.80383
      4775.00      72.9117      2.93317
      4776.40      72.4893      2.95107
      4777.80      72.0467      2.88751
      4779.20      70.2996      2.84415
      4780.60      72.6820      2.90216
      4782.00      71.1455      2.87174
      4783.40      66.5985      2.76320
      4784.80      65.8991      2.77988
      4786.20      71.9111      2.90435
      4787.60      72.0327      2.89003
      4789.00      67.9664      2.77921
      4790.40      69.4267      2.80919
      4791.80      69.9280      3.05437
      4793.20      67.9419      2.79185
      4794.60      67.6558      2.79147
      4796.00      68.0974      2.80028
      4797.40      67.0649      2.78534
      4798.80      66.8462      2.76890
      4800.20      69.9974      2.84775
      4801.60      70.3738      2.87136
      4803.00      66.6346      2.83936
      4804.40      65.0684      2.79395
      4805.80      67.7225      2.79217
      4807.20      73.7688      2.94151
      4808.60      69.8972      2.93147
      4810.00      68.3765      2.94164
      4811.40      64.2999      2.78883
      4812.80      66.9054      2.76538
      4814.20      68.4874      2.85263
      4815.60      68.6333      2.81149
      4817.00      69.0769      2.82150
      4818.40      69.8512      2.83724
      4819.80      68.9865      2.83177
      4821.20      68.3501      2.81449
      4822.60      65.4843      2.73883
      4824.00      63.8237      2.70852
      4825.40      65.3392      2.74035
      4826.80      73.4907      2.91108
      4828.20      72.3030      2.90119
      4829.60      72.2988      2.90470
      4831.00      69.0975      2.84837
      4832.40      70.6821      2.88860
      4833.80      67.4967      2.81217
      4835.20      64.5002      2.72412
      4836.60      62.6741      2.66984
      4838.00      64.2099      2.70907
      4839.40      70.1118      2.85043
      4840.80      61.2015      2.66067
      4842.20      63.6156      2.77307
      4843.60      61.2687      2.73126
      4845.00      61.6077      2.66428
      4846.40      61.5821      2.66054
      4847.80      63.0164      2.70781
      4849.20      60.5653      2.64325
      4850.60      60.4161      2.66585
      4852.00      60.1363      2.71159
      4853.40      56.2810      2.56896
      4854.80      54.4575      2.50430
      4856.20      50.8333      2.40704
      4857.60      41.5399      2.20769
      4859.00      34.3786      2.10139
      4860.40      24.2820      1.92239
      4861.80      35.9845      2.13598
      4863.20      42.5544      2.27975
      4864.60      47.4330      2.40861
      4866.00      54.5928      2.61429
      4867.40      56.3271      2.66600
      4868.80      56.9921      2.65112
      4870.20      60.8741      2.81649
      4871.60      60.8822      2.87063
      4873.00      61.6122      2.89263
      4874.40      63.0515      2.84122
      4875.80      61.9974      2.80323
      4877.20      60.4956      2.77066
      4878.60      63.3020      2.96632
      4880.00      65.8007      2.89890
      4881.40      70.1342      2.94236
      4882.80      72.1301      2.99926
      4884.20      62.6125      2.82521
      4885.60      62.2296      2.84072
      4887.00      67.5716      2.92606
      4888.40      68.8214      2.91227
      4889.80      64.5958      2.81289
      4891.20      59.1278      2.70079
      4892.60      64.8136      2.80970
      4894.00      67.7932      2.87819
      4895.40      67.8908      2.88374
      4896.80      71.1639      2.96286
      4898.20      68.8320      2.89890
      4899.60      69.3499      2.89142
      4901.00      66.5471      2.81519
      4902.40      65.7416      2.79655
      4903.80      67.4440      2.82933
      4905.20      70.5017      2.95261
      4906.60      66.2069      2.89317
      4908.00      68.6087      2.95587
      4909.40      63.6968      2.74624
      4910.80      69.7154      2.86881
      4912.20      70.0973      2.90586
      4913.60      70.5037      2.93082
      4915.00      71.0547      2.88829
      4916.40      71.0685      2.89929
      4917.80      65.9154      2.79753
      4919.20      67.4770      2.83072
      4920.60      65.4017      2.74912
      4922.00      64.2609      2.69670
      4923.40      67.3928      2.79795
      4924.80      68.0773      2.85388
      4926.20      66.6872      2.80402
      4927.60      67.3370      2.76859
      4929.00      67.2189      2.76774
      4930.40      70.6595      2.86128
      4931.80      68.5245      2.95286
      4933.20      68.8107      2.91277
      4934.60      68.6760      2.86746
      4936.00      69.1707      2.84186
      4937.40      70.3303      2.83613
      4938.80      70.1506      2.83104
      4940.20      73.5062      2.90538
      4941.60      68.1641      2.77078
      4943.00      69.5687      2.81211
      4944.40      69.3740      2.80116
      4945.80      71.3702      2.84710
      4947.20      63.7768      2.67507
      4948.60      69.3378      2.80535
      4950.00      70.8474      2.84132
      4951.40      65.4631      2.73671
      4952.80      64.9301      2.81209
      4954.20      69.4593      2.85574
      4955.60      67.0881      2.75764
      4957.00      65.9550      2.82560
      4958.40      68.9531      3.10598
      4959.80      71.4379      3.15014
      4961.20      70.1136      2.98118
      4962.60      69.7064      2.83064
      4964.00      73.2207      3.02634
      4965.40      69.9079      2.98373
      4966.80      71.7841      2.88528
      4968.20      65.5323      2.72221
      4969.60      66.7639      2.75906
      4971.00      66.1232      2.74176
      4972.40      68.9954      2.81169
      4973.80      68.0932      2.82976
      4975.20      72.6003      2.99742
      4976.60      65.2011      2.77732
      4978.00      67.2156      2.80736
      4979.40      70.1191      2.87997
      4980.80      73.1814      2.96950
      4982.20      70.3821      2.90291
      4983.60      68.0891      2.85072
      4985.00      69.6348      2.87912
      4986.40      65.2356      2.77667
      4987.80      66.2882      2.77810
      4989.20      59.2178      2.61223
      4990.60      66.3569      2.75699
      4992.00      68.6851      2.80945
      4993.40      71.2395      2.86287
      4994.80      70.3920      2.83208
      4996.20      64.2414      2.75759
      4997.60      71.6895      2.99585
      4999.00      63.1238      2.66352
