      3900.00      1240.62      34.8292
      3901.40      1348.46      36.7906
      3902.80      1318.68      36.3322
      3904.20      1360.40      37.0642
      3905.60      1414.27      37.8822
      3907.00      1443.97      38.5274
      3908.40      1578.01      41.0378
      3909.80      1532.53      42.0115
      3911.20      1549.72      40.7158
      3912.60      1573.15      41.0511
      3914.00      1540.62      40.4278
      3915.40      1579.88      41.1411
      3916.80      1593.31      41.3741
      3918.20      1633.38      42.0906
      3919.60      1644.22      41.8726
      3921.00      1611.30      41.3943
      3922.40      1635.37      41.5256
      3923.80      1627.12      40.4576
      3925.20      1638.02      40.8757
      3926.60      1593.13      40.5223
      3928.00      1513.91      38.0288
      3929.40      1495.73      37.7943
      3930.80      1459.67      36.9417
      3932.20      1187.34      31.7410
      3933.60      819.219      25.0695
      3935.00      848.456      24.9982
      3936.40      1271.26      32.6803
      3937.80      1538.33      37.7021
      3939.20      1628.87      39.3754
      3940.60      1576.14      38.5230
      3942.00      1643.51      39.8170
      3943.40      1631.67      39.6017
      3944.80      1566.38      38.3817
      3946.20      1512.76      37.3944
      3947.60      1577.00      38.4350
      3949.00      1524.67      37.3790
      3950.40      1451.00      35.9727
      3951.80      1464.60      36.3078
      3953.20      1434.90      35.7309
      3954.60      1495.02      36.6959
      3956.00      1456.54      36.1060
      3957.40      1379.75      34.4289
      3958.80      1270.96      32.6047
      3960.20      1264.03      33.1106
      3961.60      1183.02      31.1320
      3963.00      1177.50      31.1340
      3964.40      1106.64      29.5752
      3965.80      981.008      27.2064
      3967.20      770.565      23.0118
      3968.60      491.619      17.8923
      3970.00      395.112      16.5764
      3971.40      487.031      18.3702
      3972.80      740.560      23.3051
      3974.20      918.597      26.8727
      3975.60      1013.64      29.3239
      3977.00      1114.36      31.2464
      3978.40      1167.96      32.3911
      3979.80      1216.05      34.1687
      3981.20      1233.21      35.5522
      3982.60      1270.79      41.6169
      3984.00      1375.38      37.4418
      3985.40      1429.91      37.9073
      3986.80      1418.58      37.0181
      3988.20      1487.57      37.5486
      3989.60      1519.53      37.5872
      3991.00      1556.80      37.8979
      3992.40      1560.56      37.6974
      3993.80      1599.18      38.2393
      3995.20      1519.10      36.8490
      3996.60      1496.59      36.4019
      3998.00      1590.46      37.9249
      3999.40      1601.60      37.8765
      4000.80      1564.98      37.3946
      4002.20      1644.34      38.8078
      4003.60      1603.01      40.0963
      4005.00      1569.03      37.0469
      4006.40      1530.57      36.1477
      4007.80      1588.63      37.0274
      4009.20      1595.68      37.2320
      4010.60      1608.08      37.3961
      4012.00      1571.46      36.6598
      4013.40      1561.91      36.4786
      4014.80      1613.32      37.4343
      4016.20      1645.91      37.8054
      4017.60      1602.68      37.3504
      4019.00      1620.43      38.2296
      4020.40      1596.21      36.6335
      4021.80      1634.48      37.4312
      4023.20      1625.50      37.1705
      4024.60      1541.03      35.7092
      4026.00      1612.28      37.0075
      4027.40      1612.58      37.0867
      4028.80      1584.63      36.3947
      4030.20      1598.56      36.6489
      4031.60      1590.95      36.4174
      4033.00      1586.28      36.4041
      4034.40      1568.70      36.1195
      4035.80      1602.12      36.8157
      4037.20      1619.76      37.1175
      4038.60      1625.57      37.1147
      4040.00      1621.41      37.0447
      4041.40      1643.12      37.4426
      4042.80      1587.22      36.4255
      4044.20      1623.98      37.0210
      4045.60      1558.04      35.8706
      4047.00      1489.00      34.7599
      4048.40      1592.84      36.6863
      4049.80      1610.54      36.9066
      4051.20      1577.56      36.8664
      4052.60      1576.00      36.1142
      4054.00      1537.33      35.4634
      4055.40      1561.93      36.0131
      4056.80      1617.31      37.1437
      4058.20      1534.81      35.6915
      4059.60      1596.88      36.7760
      4061.00      1583.41      36.4104
      4062.40      1533.62      35.5336
      4063.80      1417.32      33.4195
      4065.20      1519.05      35.2253
      4066.60      1516.58      35.3640
      4068.00      1540.41      36.6217
      4069.40      1509.53      35.5375
      4070.80      1531.81      36.0569
      4072.20      1510.99      35.6936
      4073.60      1442.05      34.4184
      4075.00      1475.89      34.9166
      4076.40      1455.12      34.5267
      4077.80      1352.92      32.6789
      4079.20      1389.65      33.2761
      4080.60      1455.83      34.5096
      4082.00      1438.42      34.2411
      4083.40      1447.22      34.3176
      4084.80      1380.41      33.0102
      4086.20      1410.95      33.4314
      4087.60      1368.03      32.6489
      4089.00      1337.27      32.1243
      4090.40      1330.55      31.9842
      4091.80      1298.43      31.6046
      4093.20      1215.96      30.2329
      4094.60      1161.83      29.0607
      4096.00      1107.19      27.6247
      4097.40      986.489      25.4246
      4098.80      898.217      23.8464
      4100.20      708.846      20.5982
      4101.60      545.367      17.9083
      4103.00      519.367      17.5634
      4104.40      721.487      20.6506
      4105.80      900.112      23.5306
      4107.20      968.175      24.6931
      4108.60      1062.00      26.3462
      4110.00      1102.49      27.1328
      4111.40      1143.21      27.8345
      4112.80      1201.86      28.8174
      4114.20      1266.91      29.9735
      4115.60      1295.74      30.7398
      4117.00      1306.52      31.7455
      4118.40      1314.46      30.9169
      4119.80      1325.38      31.0624
      4121.20      1354.24      31.5351
      4122.60      1381.29      31.9626
      4124.00      1403.38      32.4184
      4125.40      1432.42      32.9670
      4126.80      1446.33      36.6538
      4128.20      1489.06      33.7895
      4129.60      1406.15      32.2802
      4131.00      1399.98      32.2081
      4132.40      1414.93      32.5314
      4133.80      1477.88      33.5663
      4135.20      1467.35      33.4726
      4136.60      1462.02      33.3806
      4138.00      1515.01      34.2518
      4139.40      1504.76      34.1100
      4140.80      1492.10      33.7551
      4142.20      1476.84      33.4113
      4143.60      1401.90      32.0531
      4145.00      1417.97      32.2383
      4146.40      1456.68      33.0118
      4147.80      1482.39      33.4824
      4149.20      1469.41      33.1785
      4150.60      1437.11      32.5999
      4152.00      1461.18      33.9971
      4153.40      1452.97      32.8758
      4154.80      1451.54      32.7874
      4156.20      1462.98      32.9097
      4157.60      1471.65      33.1018
      4159.00      1476.79      33.1800
      4160.40      1474.03      33.8461
      4161.80      1476.80      33.5228
      4163.20      1460.85      32.9413
      4164.60      1449.20      32.7473
      4166.00      1433.73      32.5174
      4167.40      1462.89      32.8434
      4168.80      1451.27      32.7167
      4170.20      1423.26      31.9312
      4171.60      1421.14      31.9283
      4173.00      1414.37      31.7837
      4174.40      1349.02      30.5377
      4175.80      1438.13      32.1566
      4177.20      1440.65      32.1721
      4178.60      1365.02      30.7185
      4180.00      1386.05      31.0193
      4181.40      1454.44      32.2403
      4182.80      1431.84      32.0198
      4184.20      1465.81      32.6136
      4185.60      1477.13      32.7446
      4187.00      1382.56      30.9608
      4188.40      1438.74      31.7975
      4189.80      1397.49      31.1284
      4191.20      1438.25      32.3834
      4192.60      1431.52      31.8705
      4194.00      1474.29      32.4612
      4195.40      1450.95      32.3928
      4196.80      1451.93      32.0852
      4198.20      1429.48      31.5384
      4199.60      1405.16      31.1549
      4201.00      1376.93      30.7341
      4202.40      1407.45      31.2112
      4203.80      1394.32      30.9411
      4205.20      1427.22      31.4694
      4206.60      1472.93      32.2467
      4208.00      1427.20      31.4684
      4209.40      1423.72      31.4246
      4210.80      1423.46      31.4426
      4212.20      1405.34      32.3149
      4213.60      1395.35      31.0828
      4215.00      1382.21      30.6909
      4216.40      1359.59      30.2605
      4217.80      1413.30      31.1974
      4219.20      1420.26      31.5149
      4220.60      1418.64      31.6794
      4222.00      1416.53      31.5859
      4223.40      1415.03      31.3973
      4224.80      1434.23      31.6066
      4226.20      1318.25      29.4862
      4227.60      1334.38      29.7198
      4229.00      1393.89      30.8172
      4230.40      1472.73      32.3557
      4231.80      1395.86      30.9410
      4233.20      1361.26      30.2826
      4234.60      1352.77      30.0969
      4236.00      1407.58      30.9987
      4237.40      1403.54      30.8496
      4238.80      1394.20      30.6544
      4240.20      1380.64      30.4402
      4241.60      1405.70      30.9558
      4243.00      1431.14      31.3043
      4244.40      1445.81      31.5279
      4245.80      1419.11      31.0244
      4247.20      1347.39      29.7941
      4248.60      1348.19      29.7524
      4250.00      1399.75      30.6734
      4251.40      1364.81      30.0947
      4252.80      1348.36      29.8277
      4254.20      1392.86      30.6534
      4255.60      1416.83      31.0392
      4257.00      1389.37      30.5918
      4258.40      1429.03      31.3031
      4259.80      1396.54      30.6995
      4261.20      1342.61      29.6746
      4262.60      1384.65      30.3755
      4264.00      1397.64      30.5960
      4265.40      1401.63      30.9969
      4266.80      1381.63      30.2924
      4268.20      1365.26      30.1501
      4269.60      1405.81      30.7028
      4271.00      1369.93      30.0148
      4272.40      1330.67      29.3662
      4273.80      1372.40      30.1152
      4275.20      1361.03      29.9089
      4276.60      1387.79      30.3607
      4278.00      1422.37      31.0816
      4279.40      1373.86      30.3030
      4280.80      1411.21      30.9010
      4282.20      1406.61      30.7332
      4283.60      1386.40      30.3440
      4285.00      1397.83      30.5271
      4286.40      1384.30      30.2632
      4287.80      1357.76      29.7701
      4289.20      1342.11      29.9028
      4290.60      1307.48      28.8797
      4292.00      1354.08      29.6875
      4293.40      1349.17      29.5908
      4294.80      1323.85      29.1975
      4296.20      1320.28      29.1795
      4297.60      1330.42      29.3245
      4299.00      1287.31      28.4055
      4300.40      1230.73      27.3598
      4301.80      1235.83      27.4116
      4303.20      1265.40      27.9426
      4304.60      1315.21      28.7806
      4306.00      1308.70      28.6388
      4307.40      1247.18      27.5345
      4308.80      1257.36      27.7248
      4310.20      1239.07      27.3914
      4311.60      1292.67      28.3013
      4313.00      1271.82      28.0464
      4314.40      1198.66      26.8767
      4315.80      1185.83      26.7596
      4317.20      1264.39      28.1662
      4318.60      1271.46      28.2704
      4320.00      1225.08      27.3588
      4321.40      1208.78      26.9754
      4322.80      1221.58      27.1649
      4324.20      1199.68      26.6990
      4325.60      1157.88      26.1113
      4327.00      1119.01      25.2202
      4328.40      1131.86      25.5041
      4329.80      1136.56      25.6539
      4331.20      1053.50      24.1215
      4332.60      1026.68      23.6220
      4334.00      981.830      22.7614
      4335.40      957.241      22.3722
      4336.80      889.820      21.1366
      4338.20      726.923      18.2139
      4339.60      579.163      15.6179
      4341.00      499.092      14.2176
      4342.40      560.318      15.2256
      4343.80      710.954      17.8724
      4345.20      847.699      20.3150
      4346.60      914.480      21.4747
      4348.00      981.040      22.9248
      4349.40      1005.66      23.3963
      4350.80      1051.18      24.6006
      4352.20      1049.30      23.8559
      4353.60      1091.31      24.5468
      4355.00      1155.02      25.7332
      4356.40      1181.21      26.4187
      4357.80      1191.08      26.5742
      4359.20      1218.65      27.1923
      4360.60      1231.70      27.6244
      4362.00      1236.54      27.5478
      4363.40      1246.79      27.4871
      4364.80      1238.86      27.4126
      4366.20      1260.32      27.9986
      4367.60      1264.93      27.7910
      4369.00      1291.35      28.1989
      4370.40      1271.14      27.7864
      4371.80      1276.56      27.8616
      4373.20      1286.03      27.9942
      4374.60      1290.39      28.0261
      4376.00      1243.57      27.1548
      4377.40      1300.76      28.2321
      4378.80      1303.71      28.3082
      4380.20      1316.39      28.5345
      4381.60      1275.12      27.8735
      4383.00      1238.03      27.1422
      4384.40      1202.03      26.5234
      4385.80      1196.55      26.4701
      4387.20      1264.49      27.6992
      4388.60      1326.11      28.7037
      4390.00      1285.78      27.9303
      4391.40      1307.18      28.3064
      4392.80      1290.11      28.0069
      4394.20      1302.00      28.2124
      4395.60      1255.87      27.4267
      4397.00      1264.56      27.5740
      4398.40      1279.50      28.4828
      4399.80      1267.12      27.6480
      4401.20      1260.62      27.4860
      4402.60      1296.83      28.1040
      4404.00      1292.47      28.0091
      4405.40      1272.78      27.6367
      4406.80      1272.74      27.7883
      4408.20      1316.95      28.5976
      4409.60      1278.97      27.7959
      4411.00      1296.47      28.0850
      4412.40      1308.70      28.3136
      4413.80      1303.44      28.2304
      4415.20      1249.00      27.2306
      4416.60      1219.74      26.6895
      4418.00      1213.39      26.6309
      4419.40      1216.82      26.7037
      4420.80      1288.99      28.1520
      4422.20      1293.19      28.0007
      4423.60      1268.40      27.4351
      4425.00      1300.08      27.9839
      4426.40      1291.22      27.8371
      4427.80      1266.97      27.3586
      4429.20      1288.33      27.6998
      4430.60      1284.65      27.6666
      4432.00      1290.18      27.8542
      4433.40      1287.16      27.7381
      4434.80      1280.25      27.5128
      4436.20      1269.86      27.3299
      4437.60      1276.91      27.4884
      4439.00      1271.40      27.3725
      4440.40      1300.11      27.8300
      4441.80      1262.23      27.1069
      4443.20      1212.65      26.1901
      4444.60      1188.79      25.7447
      4446.00      1228.92      26.4649
      4447.40      1266.48      27.3507
      4448.80      1309.54      28.8975
      4450.20      1245.02      26.8463
      4451.60      1224.57      26.4397
      4453.00      1253.69      26.9367
      4454.40      1249.72      27.2627
      4455.80      1242.33      26.6916
      4457.20      1240.37      26.6537
      4458.60      1245.18      26.7013
      4460.00      1252.99      27.1792
      4461.40      1242.32      26.6513
      4462.80      1237.79      26.5584
      4464.20      1244.35      27.0470
      4465.60      1236.22      26.5552
      4467.00      1251.40      26.8842
      4468.40      1227.09      26.5623
      4469.80      1202.62      26.1182
      4471.20      1216.01      26.2967
      4472.60      1227.58      26.5410
      4474.00      1255.97      27.3560
      4475.40      1233.93      27.3589
      4476.80      1236.06      26.5371
      4478.20      1246.71      26.9151
      4479.60      1224.14      26.3320
      4481.00      1168.13      25.2996
      4482.40      1138.61      24.7890
      4483.80      1187.72      25.6531
      4485.20      1246.10      26.7376
      4486.60      1234.76      27.0880
      4488.00      1227.01      26.8502
      4489.40      1200.34      26.0590
      4490.80      1215.36      26.2648
      4492.20      1216.21      26.2041
      4493.60      1203.57      25.9765
      4495.00      1221.48      26.2801
      4496.40      1249.09      26.7464
      4497.80      1200.16      25.9270
      4499.20      1243.98      26.6886
      4500.60      1206.48      25.9403
      4502.00      1150.76      24.9380
      4503.40      1187.99      25.6080
      4504.80      1203.52      25.9592
      4506.20      1216.16      26.1961
      4507.60      1226.93      26.3639
      4509.00      1213.77      26.0213
      4510.40      1230.28      26.2998
      4511.80      1240.83      26.4594
      4513.20      1244.94      26.5454
      4514.60      1241.48      26.4587
      4516.00      1201.67      25.7267
      4517.40      1212.25      25.9072
      4518.80      1220.59      26.1018
      4520.20      1213.77      26.0232
      4521.60      1196.32      25.6527
      4523.00      1186.23      25.4381
      4524.40      1192.42      25.5626
      4525.80      1175.70      25.2891
      4527.20      1202.87      26.0138
      4528.60      1208.76      26.0833
      4530.00      1189.67      26.5948
      4531.40      1200.02      26.0773
      4532.80      1200.98      25.7850
      4534.20      1112.09      24.1216
      4535.60      1147.40      24.7153
      4537.00      1194.04      25.5334
      4538.40      1244.14      26.5035
      4539.80      1198.10      25.7468
      4541.20      1214.10      26.0878
      4542.60      1203.82      25.7236
      4544.00      1225.11      26.1334
      4545.40      1221.87      26.0476
      4546.80      1233.19      26.2317
      4548.20      1188.58      25.4384
      4549.60      1127.89      24.4754
      4551.00      1124.45      24.4436
      4552.40      1173.84      25.5212
      4553.80      1176.25      25.4725
      4555.20      1128.46      24.4393
      4556.60      1154.04      24.8785
      4558.00      1173.24      25.2351
      4559.40      1191.48      25.5810
      4560.80      1210.55      26.3208
      4562.20      1238.56      26.5935
      4563.60      1179.55      25.3948
      4565.00      1172.95      25.2509
      4566.40      1222.82      26.1916
      4567.80      1226.87      26.1998
      4569.20      1223.18      26.1013
      4570.60      1237.04      26.3003
      4572.00      1171.38      25.2048
      4573.40      1160.27      24.9840
      4574.80      1227.13      26.0653
      4576.20      1215.17      25.8285
      4577.60      1210.16      25.6956
      4579.00      1219.00      25.8727
      4580.40      1205.41      25.6818
      4581.80      1201.75      25.6552
      4583.20      1179.12      25.2379
      4584.60      1134.39      24.3340
      4586.00      1168.55      24.8263
      4587.40      1233.64      26.0013
      4588.80      1153.26      24.6658
      4590.20      1185.91      25.2910
      4591.60      1209.72      26.1191
      4593.00      1191.53      26.0060
      4594.40      1201.54      26.0097
      4595.80      1212.12      25.6172
      4597.20      1189.45      25.4037
      4598.60      1206.76      25.6343
      4600.00      1204.67      25.4335
      4601.40      1201.46      25.3807
      4602.80      1193.16      25.2656
      4604.20      1198.41      25.3959
      4605.60      1199.18      25.4053
      4607.00      1218.70      25.6760
      4608.40      1206.24      25.4148
      4609.80      1215.60      25.5771
      4611.20      1217.47      26.0906
      4612.60      1228.72      27.0452
      4614.00      1216.23      25.6665
      4615.40      1201.75      25.4956
      4616.80      1177.09      25.1068
      4618.20      1199.07      25.4396
      4619.60      1156.42      24.5954
      4621.00      1188.87      25.0433
      4622.40      1190.06      25.0737
      4623.80      1196.55      25.7314
      4625.20      1183.36      25.0095
      4626.60      1186.79      25.1708
      4628.00      1203.41      25.5155
      4629.40      1168.76      24.7611
      4630.80      1172.95      24.7992
      4632.20      1195.41      25.1629
      4633.60      1180.79      24.8915
      4635.00      1165.79      24.6397
      4636.40      1185.50      25.2505
      4637.80      1176.70      24.7586
      4639.20      1160.27      24.5077
      4640.60      1198.67      25.2115
      4642.00      1186.82      25.0099
      4643.40      1183.84      24.9860
      4644.80      1159.41      24.6005
      4646.20      1178.04      24.9418
      4647.60      1176.67      24.9586
      4649.00      1171.40      24.9926
      4650.40      1186.48      25.5886
      4651.80      1185.85      25.0322
      4653.20      1185.82      24.9721
      4654.60      1185.84      25.0600
      4656.00      1170.03      24.8968
      4657.40      1167.75      24.6711
      4658.80      1136.59      24.1147
      4660.20      1181.87      24.9218
      4661.60      1160.65      24.5840
      4663.00      1159.40      24.6118
      4664.40      1180.49      25.1495
      4665.80      1172.27      24.7057
      4667.20      1139.24      24.1510
      4668.60      1162.00      24.5098
      4670.00      1179.17      24.8144
      4671.40      1143.39      24.2177
      4672.80      1168.61      24.6388
      4674.20      1162.69      26.0234
      4675.60      1166.73      24.6608
      4677.00      1171.46      24.6367
      4678.40      1159.99      24.4249
      4679.80      1177.26      24.7715
      4681.20      1182.49      24.8515
      4682.60      1186.69      24.9397
      4684.00      1158.89      24.5043
      4685.40      1166.29      24.5762
      4686.80      1158.32      24.3046
      4688.20      1187.85      24.8184
      4689.60      1170.75      24.6464
      4691.00      1169.86      24.6930
      4692.40      1168.25      24.4950
      4693.80      1174.11      24.6301
      4695.20      1163.68      24.4495
      4696.60      1173.72      24.6631
      4698.00      1153.84      24.4964
      4699.40      1146.96      24.9428
      4700.80      1126.94      23.8125
      4702.20      1146.43      24.0878
      4703.60      1143.70      24.0333
      4705.00      1130.40      23.7984
      4706.40      1147.60      25.1996
      4707.80      1173.22      24.6255
      4709.20      1159.04      24.3409
      4710.60      1145.26      24.2433
      4712.00      1194.65      24.9538
      4713.40      1147.45      24.1377
      4714.80      1152.30      24.1997
      4716.20      1152.71      24.2117
      4717.60      1160.37      24.3729
      4719.00      1153.13      24.5009
      4720.40      1156.02      24.6074
      4721.80      1163.63      24.7825
      4723.20      1154.69      24.4020
      4724.60      1173.71      24.7540
      4726.00      1134.42      24.1194
      4727.40      1125.44      24.1287
      4728.80      1162.07      24.6674
      4730.20      1152.09      24.4715
      4731.60      1086.41      23.4050
      4733.00      1138.07      24.2754
      4734.40      1119.38      23.9907
      4735.80      1124.85      24.2703
      4737.20      1135.52      24.1680
      4738.60      1120.74      23.9375
      4740.00      1144.43      24.4972
      4741.40      1140.40      27.8160
      4742.80      1146.72      29.1051
      4744.20      1135.10      25.5864
      4745.60      1143.56      25.1312
      4747.00      1138.82      24.3571
      4748.40      1157.38      24.5013
      4749.80      1154.42      24.2742
      4751.20      1126.62      24.0398
      4752.60      1151.09      24.2396
      4754.00      1159.45      24.2457
      4755.40      1155.19      24.1560
      4756.80      1149.98      24.3975
      4758.20      1144.81      23.9361
      4759.60      1146.94      23.9735
      4761.00      1156.37      24.1084
      4762.40      1111.58      23.3452
      4763.80      1125.37      23.5815
      4765.20      1153.41      24.0531
      4766.60      1171.18      24.4489
      4768.00      1125.36      23.7000
      4769.40      1119.36      23.5952
      4770.80      1119.04      23.9789
      4772.20      1152.99      24.1937
      4773.60      1159.40      24.1480
      4775.00      1127.96      23.6478
      4776.40      1125.46      23.7781
      4777.80      1129.14      23.5732
      4779.20      1129.92      23.5967
      4780.60      1098.32      23.0340
      4782.00      1108.50      23.3528
      4783.40      1104.28      23.4404
      4784.80      1120.91      23.5219
      4786.20      1124.89      23.4936
      4787.60      1106.68      23.1454
      4789.00      1108.17      23.1789
      4790.40      1096.99      22.9775
      4791.80      1092.78      22.9124
      4793.20      1115.06      23.3037
      4794.60      1115.04      23.2697
      4796.00      1102.31      23.0542
      4797.40      1117.93      23.3269
      4798.80      1111.49      23.2072
      4800.20      1119.17      23.3200
      4801.60      1087.03      22.7689
      4803.00      1101.68      23.1152
      4804.40      1087.68      22.9246
      4805.80      1101.69      23.1702
      4807.20      1087.63      22.8829
      4808.60      1115.35      23.3108
      4810.00      1117.25      23.3021
      4811.40      1087.80      22.7680
      4812.80      1072.11      22.5089
      4814.20      1109.33      23.3257
      4815.60      1102.97      23.1524
      4817.00      1111.54      23.1776
      4818.40      1087.10      22.7170
      4819.80      1105.62      23.0486
      4821.20      1076.50      22.6174
      4822.60      1096.13      23.0240
      4824.00      1070.42      22.4963
      4825.40      1061.46      22.3046
      4826.80      1082.42      22.6121
      4828.20      1067.58      22.3349
      4829.60      1041.69      21.8986
      4831.00      1082.03      22.6456
      4832.40      1069.65      22.4474
      4833.80      1053.64      22.1009
      4835.20      1036.60      21.9970
      4836.60      1034.91      21.9239
      4838.00      999.790      21.1896
      4839.40      1015.96      21.5342
      4840.80      1004.03      21.4368
      4842.20      998.376      21.1626
      4843.60      991.991      21.1125
      4845.00      991.917      21.0466
      4846.40      981.123      20.8165
      4847.80      973.586      20.7391
      4849.20      936.988      20.0757
      4850.60      910.203      19.9181
      4852.00      900.018      19.4344
      4853.40      891.178      19.2923
      4854.80      853.551      18.6130
      4856.20      787.616      17.4182
      4857.60      748.031      16.7780
      4859.00      655.864      15.1747
      4860.40      557.451      13.3098
      4861.80      451.002      11.5449
      4863.20      495.742      12.2991
      4864.60      636.859      14.8731
      4866.00      717.264      16.3955
      4867.40      767.337      17.2237
      4868.80      802.909      17.7782
      4870.20      839.214      18.6280
      4871.60      865.847      19.0930
      4873.00      894.674      19.3761
      4874.40      901.068      19.5215
      4875.80      928.731      20.0402
      4877.20      950.500      20.4472
      4878.60      957.409      20.6118
      4880.00      958.377      20.8178
      4881.40      973.090      21.1749
      4882.80      983.890      21.0568
      4884.20      982.225      21.0060
      4885.60      1020.51      21.8050
      4887.00      1014.55      21.6670
      4888.40      1000.42      21.4335
      4889.80      1003.53      21.3852
      4891.20      991.022      21.0887
      4892.60      988.006      21.0390
      4894.00      1031.91      21.8777
      4895.40      1042.47      22.1961
      4896.80      1044.79      22.1232
      4898.20      1050.51      22.2416
      4899.60      1054.83      22.1315
      4901.00      1049.19      22.0183
      4902.40      1051.91      22.0988
      4903.80      1052.99      22.1147
      4905.20      1042.45      21.8382
      4906.60      1058.84      22.1681
      4908.00      1053.39      22.3306
      4909.40      1056.53      22.2810
      4910.80      1049.60      21.9178
      4912.20      1047.11      21.8414
      4913.60      1049.57      21.9341
      4915.00      1052.38      22.1163
      4916.40      1052.00      22.3131
      4917.80      1042.49      21.9004
      4919.20      1021.27      21.3869
      4920.60      1005.38      21.0587
      4922.00      1023.89      21.3587
      4923.40      1016.25      21.2417
      4924.80      999.659      20.9427
      4926.20      1029.75      21.4627
      4927.60      1057.69      21.9775
      4929.00      1055.60      21.9398
      4930.40      1054.45      21.8718
      4931.80      1042.47      21.6550
      4933.20      1051.91      21.8258
      4934.60      1000.97      20.9263
      4936.00      1010.25      21.0857
      4937.40      1045.11      21.8671
      4938.80      1043.82      21.8045
      4940.20      1019.74      21.3759
      4941.60      1032.50      21.6061
      4943.00      1050.70      21.9282
      4944.40      1053.32      21.9275
      4945.80      1053.01      21.8785
      4947.20      1010.28      21.0830
      4948.60      1044.85      21.6848
      4950.00      1053.91      21.8684
      4951.40      1042.18      21.7235
      4952.80      1048.48      21.9099
      4954.20      1026.39      21.5454
      4955.60      1018.66      21.2972
      4957.00      1015.37      21.1270
      4958.40      977.762      20.4493
      4959.80      996.509      20.8031
      4961.20      1024.36      21.3455
      4962.60      1051.82      21.7965
      4964.00      1028.44      21.3686
      4965.40      1045.42      21.6654
      4966.80      1021.96      21.2421
      4968.20      1036.36      21.5033
      4969.60      1037.97      21.5359
      4971.00      1011.62      21.0583
      4972.40      1034.47      21.4564
      4973.80      1026.87      21.3085
      4975.20      1019.93      21.1771
      4976.60      1030.02      21.3565
      4978.00      1029.52      21.4250
      4979.40      1034.31      21.5349
      4980.80      1027.85      21.5264
      4982.20      992.801      20.7043
      4983.60      999.594      20.8047
      4985.00      991.401      20.6742
      4986.40      1013.75      21.0968
      4987.80      995.480      20.7872
      4989.20      1027.75      21.3447
      4990.60      1020.62      21.1885
      4992.00      1014.92      21.0720
      4993.40      1019.35      21.1558
      4994.80      1021.05      21.1714
      4996.20      1019.61      21.1361
      4997.60      1023.67      21.2527
      4999.00      1011.14      21.0335
