      3900.00      286.411      11.7246
      3901.40      288.850      12.4993
      3902.80      303.846      12.0956
      3904.20      291.351      11.8297
      3905.60      271.170      11.6054
      3907.00      286.025      12.1088
      3908.40      319.127      12.8666
      3909.80      331.574      13.0266
      3911.20      336.735      12.8354
      3912.60      328.481      12.6029
      3914.00      290.966      11.8127
      3915.40      323.279      12.3487
      3916.80      315.498      12.1514
      3918.20      308.060      11.9563
      3919.60      289.775      11.6689
      3921.00      307.163      11.9225
      3922.40      309.548      11.9176
      3923.80      338.431      12.4698
      3925.20      306.549      12.0071
      3926.60      288.001      11.5831
      3928.00      274.199      11.3176
      3929.40      254.397      10.9018
      3930.80      216.084      10.0431
      3932.20      149.234      8.63496
      3933.60      77.8417      7.04352
      3935.00      110.202      7.56886
      3936.40      192.864      9.09529
      3937.80      252.361      10.3174
      3939.20      279.113      11.1301
      3940.60      294.679      11.8319
      3942.00      308.663      11.8369
      3943.40      298.818      11.5023
      3944.80      298.740      11.2955
      3946.20      317.512      11.9473
      3947.60      315.934      11.5860
      3949.00      297.563      11.2110
      3950.40      307.574      11.4631
      3951.80      303.959      11.4059
      3953.20      296.080      11.4794
      3954.60      307.593      11.6384
      3956.00      301.152      11.2380
      3957.40      277.727      10.7663
      3958.80      298.261      11.0540
      3960.20      286.706      11.0243
      3961.60      279.951      10.9248
      3963.00      258.839      10.6535
      3964.40      247.143      10.2826
      3965.80      214.028      9.45444
      3967.20      162.419      8.25658
      3968.60      75.9430      6.34772
      3970.00      77.5880      6.37071
      3971.40      139.714      7.79237
      3972.80      202.646      9.13467
      3974.20      226.093      9.55142
      3975.60      256.441      10.2003
      3977.00      264.659      10.3825
      3978.40      273.670      10.6112
      3979.80      298.005      11.0521
      3981.20      293.680      10.8186
      3982.60      282.942      10.6095
      3984.00      282.205      10.5485
      3985.40      302.108      10.9295
      3986.80      297.578      10.8664
      3988.20      325.733      11.3071
      3989.60      322.130      11.2544
      3991.00      319.150      11.1029
      3992.40      307.641      10.9486
      3993.80      337.371      11.3432
      3995.20      323.589      11.2118
      3996.60      287.226      10.5930
      3998.00      286.938      10.5962
      3999.40      306.592      10.8495
      4000.80      320.931      11.0671
      4002.20      307.794      10.8996
      4003.60      306.755      11.0647
      4005.00      307.557      11.1892
      4006.40      300.595      10.9019
      4007.80      332.398      11.1709
      4009.20      330.085      11.1032
      4010.60      331.143      11.1635
      4012.00      331.649      11.3414
      4013.40      328.934      11.3932
      4014.80      321.573      11.3381
      4016.20      325.391      11.2856
      4017.60      324.205      11.0548
      4019.00      330.610      11.0793
      4020.40      336.031      11.1312
      4021.80      314.411      11.0623
      4023.20      309.525      10.6889
      4024.60      308.704      10.8110
      4026.00      309.524      10.8904
      4027.40      312.698      10.9298
      4028.80      327.596      11.0078
      4030.20      308.238      10.5650
      4031.60      286.798      10.0868
      4033.00      307.536      10.4746
      4034.40      299.064      10.4923
      4035.80      324.435      11.0299
      4037.20      335.942      11.2483
      4038.60      328.601      11.2228
      4040.00      328.146      11.4305
      4041.40      323.109      11.1782
      4042.80      331.926      11.0152
      4044.20      310.919      10.4398
      4045.60      299.734      10.2689
      4047.00      292.389      10.2853
      4048.40      323.804      11.0359
      4049.80      321.197      10.8464
      4051.20      328.115      10.8206
      4052.60      330.817      10.7078
      4054.00      326.586      10.6074
      4055.40      311.913      10.3901
      4056.80      313.978      10.6183
      4058.20      312.913      10.6302
      4059.60      307.750      10.5484
      4061.00      311.351      10.8995
      4062.40      321.146      10.7816
      4063.80      281.889      10.0375
      4065.20      308.875      10.3839
      4066.60      303.189      10.2229
      4068.00      297.153      10.0864
      4069.40      315.860      10.5991
      4070.80      313.589      10.4246
      4072.20      310.373      10.2334
      4073.60      306.036      10.0845
      4075.00      298.858      9.95641
      4076.40      281.892      9.69512
      4077.80      281.950      9.76056
      4079.20      283.778      9.92373
      4080.60      322.973      10.5915
      4082.00      314.123      10.4172
      4083.40      313.847      10.4049
      4084.80      293.218      9.97647
      4086.20      294.202      9.78756
      4087.60      310.616      10.1978
      4089.00      310.612      10.0165
      4090.40      306.423      10.1350
      4091.80      294.861      10.0674
      4093.20      293.647      10.0150
      4094.60      272.725      9.37244
      4096.00      276.037      9.41786
      4097.40      250.129      9.17009
      4098.80      234.035      9.03892
      4100.20      194.666      8.10169
      4101.60      149.970      7.33075
      4103.00      175.634      7.62431
      4104.40      222.726      8.53128
      4105.80      254.999      9.03464
      4107.20      264.697      9.36785
      4108.60      261.356      9.20288
      4110.00      276.164      9.55187
      4111.40      286.698      9.85738
      4112.80      296.370      9.90795
      4114.20      297.113      9.81149
      4115.60      287.326      9.66059
      4117.00      301.116      9.96665
      4118.40      302.395      9.98327
      4119.80      299.737      10.1206
      4121.20      298.485      10.1803
      4122.60      299.296      10.0599
      4124.00      294.698      9.81883
      4125.40      298.520      9.98642
      4126.80      299.730      9.92776
      4128.20      304.718      10.0462
      4129.60      306.772      10.0431
      4131.00      289.712      9.76147
      4132.40      288.055      9.54802
      4133.80      283.207      9.38170
      4135.20      302.178      9.66916
      4136.60      309.768      9.97651
      4138.00      310.511      10.1985
      4139.40      329.372      10.1981
      4140.80      325.785      10.1435
      4142.20      310.958      9.83409
      4143.60      291.170      9.54191
      4145.00      302.745      9.77594
      4146.40      326.439      10.0350
      4147.80      328.516      9.99801
      4149.20      302.528      9.52630
      4150.60      310.256      9.64819
      4152.00      305.230      9.56593
      4153.40      307.978      9.69758
      4154.80      302.542      9.69339
      4156.20      301.129      9.71354
      4157.60      292.671      12.1455
      4159.00      309.698      11.3000
      4160.40      302.071      9.68789
      4161.80      310.612      9.85754
      4163.20      298.327      9.58613
      4164.60      320.430      9.92937
      4166.00      315.201      9.82244
      4167.40      322.449      9.97116
      4168.80      317.297      9.87420
      4170.20      312.337      10.1156
      4171.60      292.484      9.37913
      4173.00      279.483      9.07416
      4174.40      273.716      8.94546
      4175.80      296.639      9.45324
      4177.20      295.360      9.60509
      4178.60      292.938      9.48696
      4180.00      294.438      9.29484
      4181.40      299.051      9.43740
      4182.80      299.034      9.50284
      4184.20      311.007      9.69285
      4185.60      304.749      9.65711
      4187.00      304.949      9.66977
      4188.40      296.571      9.44902
      4189.80      316.992      9.76295
      4191.20      320.932      9.81571
      4192.60      311.884      9.68311
      4194.00      311.863      9.77151
      4195.40      299.528      9.45700
      4196.80      308.022      9.36551
      4198.20      280.531      8.93288
      4199.60      275.059      8.79417
      4201.00      290.043      9.27090
      4202.40      295.817      9.50124
      4203.80      286.463      9.33258
      4205.20      315.981      9.72787
      4206.60      316.702      9.63365
      4208.00      315.958      9.53814
      4209.40      306.507      9.38147
      4210.80      296.375      9.25033
      4212.20      305.444      9.33850
      4213.60      319.652      9.48504
      4215.00      285.353      8.92064
      4216.40      290.767      9.06239
      4217.80      310.220      9.38017
      4219.20      309.948      9.37137
      4220.60      310.294      9.36463
      4222.00      306.167      9.31147
      4223.40      293.955      9.06535
      4224.80      305.422      9.20324
      4226.20      267.651      8.56758
      4227.60      278.651      8.69387
      4229.00      298.265      9.07091
      4230.40      305.177      9.42099
      4231.80      310.119      10.2936
      4233.20      292.860      9.33359
      4234.60      293.585      9.11780
      4236.00      280.903      8.84542
      4237.40      288.235      8.87489
      4238.80      291.998      8.92999
      4240.20      318.366      9.42830
      4241.60      306.564      9.49896
      4243.00      308.306      9.57600
      4244.40      304.295      9.43109
      4245.80      289.834      9.07833
      4247.20      278.581      8.78140
      4248.60      285.182      8.78712
      4250.00      289.714      8.80414
      4251.40      278.609      8.82871
      4252.80      298.788      9.19183
      4254.20      306.278      9.33757
      4255.60      300.967      9.27909
      4257.00      307.481      9.20541
      4258.40      288.870      8.87724
      4259.80      297.297      8.99836
      4261.20      290.975      8.92885
      4262.60      296.376      9.04812
      4264.00      304.093      9.11436
      4265.40      309.876      9.15620
      4266.80      319.385      9.32694
      4268.20      301.753      9.04736
      4269.60      306.489      9.11788
      4271.00      306.774      9.15157
      4272.40      284.651      8.74356
      4273.80      290.083      8.86078
      4275.20      305.303      9.19222
      4276.60      286.847      8.86324
      4278.00      301.826      9.04549
      4279.40      296.778      9.03118
      4280.80      292.500      8.85710
      4282.20      283.124      8.71019
      4283.60      282.662      8.65919
      4285.00      303.937      9.01689
      4286.40      307.484      9.08357
      4287.80      299.509      8.94739
      4289.20      263.864      8.30291
      4290.60      265.867      8.29585
      4292.00      282.491      8.79006
      4293.40      281.810      9.08216
      4294.80      280.519      8.82212
      4296.20      276.708      8.57340
      4297.60      280.003      8.73716
      4299.00      272.730      8.56199
      4300.40      250.626      8.04669
      4301.80      258.889      8.29859
      4303.20      265.373      8.43716
      4304.60      280.000      8.76148
      4306.00      288.282      8.73776
      4307.40      271.745      8.36970
      4308.80      282.525      8.51766
      4310.20      281.569      8.53313
      4311.60      284.449      8.76304
      4313.00      276.759      8.57448
      4314.40      252.203      8.23384
      4315.80      274.636      8.64687
      4317.20      293.513      8.85984
      4318.60      286.403      8.60616
      4320.00      275.763      8.42179
      4321.40      268.027      8.31421
      4322.80      282.811      8.59173
      4324.20      287.471      8.57712
      4325.60      262.840      8.14893
      4327.00      261.665      8.11711
      4328.40      301.691      9.84644
      4329.80      304.978      8.89166
      4331.20      273.403      8.38878
      4332.60      275.333      8.41396
      4334.00      269.497      8.30774
      4335.40      252.075      7.99776
      4336.80      240.196      7.76130
      4338.20      194.781      6.97878
      4339.60      169.764      6.57194
      4341.00      137.976      6.15702
      4342.40      180.697      7.02354
      4343.80      215.646      7.72841
      4345.20      242.286      8.11399
      4346.60      252.564      8.33276
      4348.00      251.611      8.74732
      4349.40      262.929      8.68562
      4350.80      251.310      8.33140
      4352.20      254.079      8.33408
      4353.60      278.317      8.63202
      4355.00      285.900      8.50609
      4356.40      301.301      8.87568
      4357.80      287.618      9.01103
      4359.20      290.865      9.60349
      4360.60      290.963      9.51243
      4362.00      289.847      8.82439
      4363.40      296.985      8.79861
      4364.80      292.611      8.67846
      4366.20      291.083      8.62891
      4367.60      286.438      8.59069
      4369.00      289.024      8.66757
      4370.40      278.486      8.42170
      4371.80      287.574      8.55353
      4373.20      290.322      8.53728
      4374.60      278.405      8.33018
      4376.00      273.603      8.22213
      4377.40      289.672      8.47425
      4378.80      295.192      8.60038
      4380.20      298.424      8.59960
      4381.60      302.413      8.66595
      4383.00      278.815      8.28005
      4384.40      268.945      8.07056
      4385.80      281.226      8.26925
      4387.20      280.178      8.24975
      4388.60      287.483      8.36790
      4390.00      283.558      8.50874
      4391.40      288.535      8.58874
      4392.80      281.767      8.62443
      4394.20      278.414      8.45989
      4395.60      270.703      8.25871
      4397.00      276.958      8.36849
      4398.40      282.949      8.57156
      4399.80      273.553      8.24670
      4401.20      283.651      8.38706
      4402.60      289.415      8.49383
      4404.00      282.541      8.41304
      4405.40      280.318      8.36382
      4406.80      292.642      8.57717
      4408.20      291.605      8.56535
      4409.60      287.213      8.49273
      4411.00      291.408      8.54541
      4412.40      290.211      8.44723
      4413.80      292.405      8.54872
      4415.20      273.185      8.12953
      4416.60      272.902      8.15444
      4418.00      262.257      8.01741
      4419.40      276.699      8.26576
      4420.80      285.345      8.40590
      4422.20      281.498      8.28949
      4423.60      288.889      8.34689
      4425.00      285.802      8.41506
      4426.40      276.523      8.18123
      4427.80      289.861      8.40221
      4429.20      297.950      8.48135
      4430.60      285.914      8.37867
      4432.00      293.947      8.36358
      4433.40      287.989      8.23778
      4434.80      278.287      8.08562
      4436.20      272.689      7.96876
      4437.60      291.601      8.32748
      4439.00      306.946      8.58102
      4440.40      294.935      8.39729
      4441.80      269.820      8.04856
      4443.20      251.183      7.83726
      4444.60      273.909      8.19986
      4446.00      279.386      8.38721
      4447.40      281.434      8.32725
      4448.80      289.577      8.47217
      4450.20      293.848      8.50978
      4451.60      287.374      8.28648
      4453.00      292.448      8.32084
      4454.40      281.648      8.12541
      4455.80      275.732      8.06682
      4457.20      274.514      8.00020
      4458.60      272.545      7.86473
      4460.00      275.436      7.89337
      4461.40      277.064      8.02463
      4462.80      273.855      8.19362
      4464.20      276.644      7.96216
      4465.60      277.011      8.00300
      4467.00      281.411      8.06760
      4468.40      272.483      7.90283
      4469.80      270.012      7.82356
      4471.20      284.771      8.10401
      4472.60      292.896      8.24813
      4474.00      278.638      19.7036
      4475.40      285.499      8.41752
      4476.80      279.988      8.07584
      4478.20      288.010      8.31154
      4479.60      275.305      8.05639
      4481.00      271.940      7.91038
      4482.40      260.079      7.66545
      4483.80      284.914      8.04387
      4485.20      284.015      8.03366
      4486.60      289.093      8.18351
      4488.00      292.488      8.31172
      4489.40      261.117      7.68403
      4490.80      279.619      7.92151
      4492.20      290.306      8.13237
      4493.60      284.166      8.07258
      4495.00      279.416      7.98330
      4496.40      277.520      7.91953
      4497.80      292.349      8.13403
      4499.20      302.566      8.40051
      4500.60      281.502      8.05968
      4502.00      278.021      7.97521
      4503.40      293.881      8.23615
      4504.80      284.832      8.02577
      4506.20      280.678      7.94609
      4507.60      277.185      7.93306
      4509.00      282.042      8.11179
      4510.40      280.116      8.12138
      4511.80      285.301      8.19308
      4513.20      299.795      8.29377
      4514.60      273.796      7.83839
      4516.00      273.464      7.82998
      4517.40      281.279      7.98637
      4518.80      286.589      8.07046
      4520.20      277.713      7.88677
      4521.60      281.746      8.05786
      4523.00      282.296      7.96727
      4524.40      283.715      7.99858
      4525.80      277.176      7.85521
      4527.20      276.787      7.92955
      4528.60      263.320      7.63996
      4530.00      262.715      7.58570
      4531.40      270.674      7.92722
      4532.80      261.852      7.58250
      4534.20      259.726      7.51429
      4535.60      254.995      7.44088
      4537.00      287.700      8.02020
      4538.40      287.713      8.21907
      4539.80      286.003      8.34468
      4541.20      280.244      8.04041
      4542.60      277.730      7.80301
      4544.00      287.692      7.97170
      4545.40      289.245      8.11071
      4546.80      276.704      8.07542
      4548.20      275.478      7.93364
      4549.60      252.143      7.48357
      4551.00      254.783      7.37995
      4552.40      276.574      7.74566
      4553.80      273.041      7.70859
      4555.20      265.943      7.76983
      4556.60      266.868      7.68853
      4558.00      268.724      7.63592
      4559.40      267.672      7.63627
      4560.80      277.197      7.84083
      4562.20      273.831      7.80611
      4563.60      262.839      7.58729
      4565.00      272.976      7.70592
      4566.40      277.093      7.80581
      4567.80      276.585      7.78601
      4569.20      277.961      7.74091
      4570.60      272.963      7.64952
      4572.00      264.559      7.53579
      4573.40      272.819      7.75908
      4574.80      289.662      8.04881
      4576.20      281.988      7.97797
      4577.60      269.381      7.68865
      4579.00      294.969      8.01704
      4580.40      280.596      7.75262
      4581.80      276.450      7.67007
      4583.20      270.855      7.59777
      4584.60      265.495      7.51678
      4586.00      271.012      7.60297
      4587.40      273.154      7.63353
      4588.80      278.518      7.74145
      4590.20      274.862      7.71393
      4591.60      272.675      7.68852
      4593.00      283.259      7.79133
      4594.40      286.803      7.85347
      4595.80      287.326      7.89459
      4597.20      278.299      7.75045
      4598.60      280.984      7.84079
      4600.00      272.159      7.56792
      4601.40      262.831      7.39092
      4602.80      274.174      7.57282
      4604.20      280.647      7.71114
      4605.60      284.890      7.87444
      4607.00      287.353      7.85991
      4608.40      289.360      7.96745
      4609.80      290.006      7.84935
      4611.20      289.152      8.13687
      4612.60      283.728      7.97265
      4614.00      285.876      8.04489
      4615.40      290.647      7.96915
      4616.80      272.257      7.63143
      4618.20      263.352      7.49291
      4619.60      284.254      7.85917
      4621.00      285.591      7.91401
      4622.40      286.534      7.88916
      4623.80      286.536      7.95286
      4625.20      277.729      7.89811
      4626.60      288.319      7.91206
      4628.00      286.332      7.74375
      4629.40      276.385      7.60903
      4630.80      273.903      7.61606
      4632.20      281.177      7.84714
      4633.60      278.528      7.74276
      4635.00      265.211      7.49057
      4636.40      279.044      7.64823
      4637.80      267.055      7.44361
      4639.20      272.649      7.50616
      4640.60      278.787      7.65734
      4642.00      283.705      7.69089
      4643.40      282.150      7.73977
      4644.80      273.530      7.64520
      4646.20      276.960      7.61487
      4647.60      277.204      7.53613
      4649.00      277.016      7.63630
      4650.40      272.944      7.75035
      4651.80      280.670      7.83726
      4653.20      279.859      7.63263
      4654.60      272.911      7.52045
      4656.00      270.324      7.60082
      4657.40      278.780      7.77118
      4658.80      276.701      7.69346
      4660.20      275.648      7.57782
      4661.60      271.352      7.56681
      4663.00      277.327      7.55731
      4664.40      272.577      7.48186
      4665.80      277.646      7.58762
      4667.20      278.265      7.64410
      4668.60      273.925      7.60664
      4670.00      271.793      7.45559
      4671.40      269.895      7.40676
      4672.80      287.570      7.81801
      4674.20      287.428      7.83114
      4675.60      282.740      7.71824
      4677.00      285.901      7.71743
      4678.40      287.168      7.76650
      4679.80      278.920      7.60915
      4681.20      275.547      7.51635
      4682.60      280.144      7.56766
      4684.00      284.378      7.65047
      4685.40      272.551      7.42988
      4686.80      278.984      7.53641
      4688.20      285.033      7.68534
      4689.60      282.789      7.70852
      4691.00      270.160      7.46809
      4692.40      278.118      7.53548
      4693.80      275.343      7.45725
      4695.20      268.207      7.33615
      4696.60      272.853      7.42489
      4698.00      280.694      7.64585
      4699.40      273.205      7.48394
      4700.80      275.951      7.55268
      4702.20      258.110      7.21018
      4703.60      260.057      7.17940
      4705.00      273.244      7.41398
      4706.40      276.402      7.49892
      4707.80      273.215      7.47492
      4709.20      276.576      7.49242
      4710.60      282.374      7.56223
      4712.00      284.087      7.59504
      4713.40      275.399      7.43224
      4714.80      272.928      7.39036
      4716.20      276.245      7.62939
      4717.60      271.581      7.33500
      4719.00      276.290      7.41851
      4720.40      260.018      7.17696
      4721.80      277.606      7.51417
      4723.20      276.642      7.55310
      4724.60      279.352      7.59804
      4726.00      281.944      7.55819
      4727.40      281.482      7.53209
      4728.80      269.543      7.34309
      4730.20      276.552      7.53999
      4731.60      270.304      7.40257
      4733.00      278.010      7.48629
      4734.40      264.906      7.29062
      4735.80      259.589      7.22964
      4737.20      266.692      7.37537
      4738.60      275.164      7.57956
      4740.00      276.594      7.47471
      4741.40      273.418      7.41697
      4742.80      272.834      7.40666
      4744.20      275.388      7.46913
      4745.60      276.701      7.48584
      4747.00      266.620      7.27302
      4748.40      287.646      7.55402
      4749.80      273.506      7.36462
      4751.20      277.689      7.62161
      4752.60      276.524      7.48948
      4754.00      268.235      7.30603
      4755.40      275.040      7.52692
      4756.80      264.407      7.74410
      4758.20      284.664      7.53776
      4759.60      286.819      7.60011
      4761.00      282.543      7.50769
      4762.40      271.378      7.31750
      4763.80      255.143      7.05740
      4765.20      262.754      7.16671
      4766.60      277.007      7.38725
      4768.00      257.949      7.09918
      4769.40      263.524      7.19222
      4770.80      275.741      7.39919
      4772.20      270.203      7.28266
      4773.60      277.202      7.33582
      4775.00      271.522      7.32592
      4776.40      274.343      7.35615
      4777.80      270.098      7.36997
      4779.20      271.501      7.40450
      4780.60      264.951      7.34199
      4782.00      267.930      7.17530
      4783.40      269.346      7.20567
      4784.80      257.664      7.08847
      4786.20      270.882      7.43742
      4787.60      267.632      7.28103
      4789.00      272.244      7.27230
      4790.40      271.007      7.25345
      4791.80      261.602      7.08495
      4793.20      275.631      7.33382
      4794.60      278.099      7.45193
      4796.00      278.350      7.57452
      4797.40      271.779      7.28679
      4798.80      262.416      7.09377
      4800.20      267.534      7.17443
      4801.60      274.283      7.34952
      4803.00      267.625      7.27200
      4804.40      268.462      7.25023
      4805.80      258.417      7.05382
      4807.20      266.884      7.17241
      4808.60      268.089      7.16791
      4810.00      268.087      7.47107
      4811.40      268.093      7.31643
      4812.80      266.152      7.34609
      4814.20      265.816      7.11376
      4815.60      264.605      7.18068
      4817.00      264.885      7.19516
      4818.40      266.951      7.20415
      4819.80      276.196      7.30886
      4821.20      260.913      7.09528
      4822.60      265.258      7.23022
      4824.00      250.790      6.98641
      4825.40      259.235      7.10730
      4826.80      269.205      7.31147
      4828.20      260.403      7.27286
      4829.60      265.914      7.30701
      4831.00      266.798      7.24311
      4832.40      266.790      7.13964
      4833.80      269.317      7.28262
      4835.20      263.745      7.31690
      4836.60      252.434      7.17998
      4838.00      255.602      7.20114
      4839.40      265.943      7.14488
      4840.80      256.576      7.08032
      4842.20      258.508      7.07677
      4843.60      257.821      7.04840
      4845.00      255.256      7.00673
      4846.40      255.848      7.17665
      4847.80      258.719      7.08881
      4849.20      252.651      6.93224
      4850.60      247.292      6.79502
      4852.00      242.341      6.85741
      4853.40      247.188      6.98195
      4854.80      229.417      6.56463
      4856.20      215.379      6.28840
      4857.60      218.647      6.35508
      4859.00      204.074      6.10325
      4860.40      148.955      5.26321
      4861.80      126.025      4.85448
      4863.20      156.807      5.29346
      4864.60      201.548      5.98699
      4866.00      224.341      6.39744
      4867.40      235.259      6.64125
      4868.80      228.828      6.58709
      4870.20      236.281      6.56224
      4871.60      230.456      6.42575
      4873.00      237.049      6.53200
      4874.40      238.303      6.57132
      4875.80      248.598      6.74394
      4877.20      257.877      6.89076
      4878.60      235.622      6.53523
      4880.00      259.990      6.98303
      4881.40      260.043      7.07805
      4882.80      250.704      6.96499
      4884.20      254.963      6.94313
      4885.60      262.409      7.01490
      4887.00      248.963      6.76474
      4888.40      261.743      6.99540
      4889.80      253.396      6.86054
      4891.20      244.004      6.68203
      4892.60      237.632      6.55892
      4894.00      261.296      7.00766
      4895.40      259.235      7.03272
      4896.80      264.365      7.08425
      4898.20      266.746      7.10142
      4899.60      255.874      6.91049
      4901.00      256.920      6.88713
      4902.40      247.470      6.83738
      4903.80      264.836      6.98465
      4905.20      257.924      6.88930
      4906.60      261.386      6.96987
      4908.00      263.504      7.00560
      4909.40      265.374      7.01306
      4910.80      247.361      6.71662
      4912.20      253.335      6.84123
      4913.60      251.966      6.86494
      4915.00      250.565      6.96963
      4916.40      257.003      7.07384
      4917.80      252.715      7.22961
      4919.20      241.261      6.82901
      4920.60      237.547      6.69095
      4922.00      241.539      6.72527
      4923.40      239.896      6.74952
      4924.80      241.945      6.82855
      4926.20      256.414      7.00057
      4927.60      270.108      7.14270
      4929.00      265.682      7.17085
      4930.40      266.352      7.28727
      4931.80      263.624      7.26190
      4933.20      243.196      6.73743
      4934.60      245.089      6.74532
      4936.00      251.351      6.85556
      4937.40      260.546      7.01404
      4938.80      252.362      6.98517
      4940.20      252.101      7.03266
      4941.60      263.285      7.16624
      4943.00      258.730      7.09648
      4944.40      257.507      7.06977
      4945.80      260.246      7.04360
      4947.20      258.268      6.96451
      4948.60      261.769      7.00959
      4950.00      260.835      7.03729
      4951.40      258.186      7.04241
      4952.80      261.370      7.17511
      4954.20      257.798      6.95550
      4955.60      269.211      7.18480
      4957.00      244.428      6.72202
      4958.40      233.625      6.48971
      4959.80      251.157      6.77147
      4961.20      260.075      6.98965
      4962.60      268.780      7.14793
      4964.00      260.666      6.98279
      4965.40      260.703      6.94236
      4966.80      259.837      6.95884
      4968.20      253.999      6.85279
      4969.60      254.377      6.87208
      4971.00      247.076      6.69085
      4972.40      253.421      6.76912
      4973.80      249.573      6.73676
      4975.20      256.533      6.89158
      4976.60      260.129      6.97165
      4978.00      253.164      6.86959
      4979.40      252.524      6.85992
      4980.80      255.984      6.90219
      4982.20      237.683      6.64756
      4983.60      238.128      6.68232
      4985.00      239.358      6.81092
      4986.40      238.818      6.63023
      4987.80      243.705      6.72436
      4989.20      246.371      6.64903
      4990.60      249.222      6.76125
      4992.00      247.736      6.78656
      4993.40      256.854      6.86026
      4994.80      253.159      6.78916
      4996.20      248.914      6.71078
      4997.60      255.073      6.81131
      4999.00      250.356      6.79906
