      3900.00      72.2094      7.40469
      3901.40      74.7869      7.27867
      3902.80      87.2834      7.68948
      3904.20      80.3430      7.65287
      3905.60      81.8587      7.83640
      3907.00      84.2655      7.80246
      3908.40      83.0864      7.67097
      3909.80      102.067      7.91525
      3911.20      77.7269      7.27105
      3912.60      85.7742      7.55494
      3914.00      82.0368      7.82363
      3915.40      94.3496      8.36271
      3916.80      86.0217      8.06672
      3918.20      88.0006      7.73104
      3919.60      82.5593      7.27087
      3921.00      76.5957      7.10834
      3922.40      79.2075      7.03075
      3923.80      84.0321      6.85783
      3925.20      80.5210      7.12918
      3926.60      79.9061      6.87682
      3928.00      71.5301      6.86224
      3929.40      64.9447      6.63573
      3930.80      64.1100      6.39921
      3932.20      35.9734      5.62497
      3933.60      25.2978      5.12859
      3935.00      58.5141      5.63286
      3936.40      74.4000      5.89593
      3937.80      88.4378      6.37326
      3939.20      59.3087      5.77577
      3940.60      85.7996      6.44532
      3942.00      77.8547      6.57513
      3943.40      85.5427      6.89775
      3944.80      74.2068      6.60194
      3946.20      95.4406      6.80005
      3947.60      90.4284      6.72473
      3949.00      79.9468      6.35626
      3950.40      78.1269      6.52192
      3951.80      81.6514      6.78102
      3953.20      81.8377      6.98676
      3954.60      74.5620      6.80476
      3956.00      73.2099      6.43440
      3957.40      86.1571      6.56745
      3958.80      79.5467      6.49792
      3960.20      67.3721      6.75445
      3961.60      63.3910      6.53021
      3963.00      62.1814      6.73103
      3964.40      59.9378      6.91470
      3965.80      53.0994      6.60078
      3967.20      50.3187      6.48817
      3968.60      43.5640      6.31128
      3970.00      28.1133      5.90104
      3971.40      51.2107      6.30054
      3972.80      55.8993      6.40518
      3974.20      65.4834      6.70831
      3975.60      63.7834      6.67815
      3977.00      73.0121      7.07014
      3978.40      90.1286      7.35684
      3979.80      97.9388      7.45629
      3981.20      94.3353      7.21878
      3982.60      80.1868      6.61721
      3984.00      83.9847      6.53352
      3985.40      89.7576      7.09420
      3986.80      81.7506      7.18628
      3988.20      79.0460      7.45623
      3989.60      84.7464      7.36973
      3991.00      87.0352      6.72145
      3992.40      98.3140      6.37472
      3993.80      82.1955      6.01659
      3995.20      87.4337      6.10704
      3996.60      96.5097      6.33612
      3998.00      96.7592      6.60869
      3999.40      93.4998      6.50919
      4000.80      78.6920      5.89285
      4002.20      82.2477      6.03836
      4003.60      65.1722      5.70516
      4005.00      89.7559      6.21792
      4006.40      80.6859      6.23806
      4007.80      83.1580      6.70069
      4009.20      91.8160      6.83423
      4010.60      98.0745      6.64459
      4012.00      90.2071      5.93887
      4013.40      80.1304      5.74496
      4014.80      85.1098      5.93566
      4016.20      95.4605      6.65369
      4017.60      77.4352      6.44802
      4019.00      81.8652      6.48875
      4020.40      78.8466      6.05029
      4021.80      71.7738      6.01710
      4023.20      83.8309      6.46886
      4024.60      81.7771      6.65231
      4026.00      83.4658      5.91252
      4027.40      89.3542      5.70432
      4028.80      75.2079      5.66063
      4030.20      75.8431      6.21311
      4031.60      77.6037      6.29015
      4033.00      83.1207      5.94547
      4034.40      78.3494      5.50690
      4035.80      83.2716      5.57171
      4037.20      83.5722      5.99204
      4038.60      76.1335      6.41695
      4040.00      75.7289      6.44941
      4041.40      83.9555      6.20669
      4042.80      76.7992      5.79192
      4044.20      82.5366      5.54473
      4045.60      86.6626      5.80170
      4047.00      77.9199      6.17064
      4048.40      96.3841      6.62449
      4049.80      80.6329      6.04528
      4051.20      78.9668      6.04791
      4052.60      86.4810      6.32503
      4054.00      84.8346      6.07607
      4055.40      82.6075      5.81087
      4056.80      82.3142      5.79747
      4058.20      84.8327      5.78526
      4059.60      89.5152      6.10458
      4061.00      86.7194      6.29370
      4062.40      86.3414      6.34764
      4063.80      78.9671      5.98827
      4065.20      85.1650      5.88995
      4066.60      89.5968      5.98193
      4068.00      86.7607      5.92446
      4069.40      89.0293      5.98644
      4070.80      84.9575      5.81743
      4072.20      83.5347      5.93803
      4073.60      87.1045      6.20342
      4075.00      93.5025      6.12295
      4076.40      94.7626      6.12461
      4077.80      81.3988      5.72419
      4079.20      92.4687      5.86347
      4080.60      97.3096      5.94324
      4082.00      90.5402      5.96951
      4083.40      94.7099      6.15428
      4084.80      89.6032      6.06733
      4086.20      95.6849      5.97763
      4087.60      93.1662      5.81979
      4089.00      90.3939      5.61488
      4090.40      84.5459      5.49228
      4091.80      83.1705      5.38469
      4093.20      88.0353      5.52582
      4094.60      75.4382      5.38581
      4096.00      84.2282      5.66135
      4097.40      71.4003      5.15767
      4098.80      69.2748      5.36387
      4100.20      59.0178      4.99479
      4101.60      43.9344      5.07141
      4103.00      58.6935      5.42800
      4104.40      69.8405      5.36629
      4105.80      82.5430      5.30761
      4107.20      70.7679      5.06214
      4108.60      78.5410      5.24759
      4110.00      73.0350      5.36981
      4111.40      87.8839      5.89043
      4112.80      84.2975      5.71426
      4114.20      86.5172      5.48111
      4115.60      106.255      5.82768
      4117.00      91.3124      5.76744
      4118.40      86.5505      5.75274
      4119.80      80.1334      5.54025
      4121.20      83.1281      5.66276
      4122.60      87.5989      5.53730
      4124.00      81.6375      5.41355
      4125.40      76.6477      5.23507
      4126.80      82.4396      5.52731
      4128.20      89.6619      5.73519
      4129.60      78.7712      5.49335
      4131.00      85.2739      5.84002
      4132.40      78.1884      5.29507
      4133.80      89.1363      5.50515
      4135.20      95.9907      5.58232
      4136.60      81.0702      5.21289
      4138.00      86.4231      5.40565
      4139.40      90.3488      5.62081
      4140.80      90.8236      5.71916
      4142.20      91.1978      5.66774
      4143.60      76.7915      5.21066
      4145.00      91.0606      5.38433
      4146.40      86.4843      5.24420
      4147.80      85.4428      5.13047
      4149.20      88.4277      5.26778
      4150.60      91.7752      5.31384
      4152.00      94.3579      5.43217
      4153.40      96.4874      5.43110
      4154.80      94.7214      5.38091
      4156.20      94.2868      5.25664
      4157.60      91.6859      5.16962
      4159.00      94.6581      5.23130
      4160.40      90.7501      5.18171
      4161.80      99.6405      5.47118
      4163.20      94.2576      5.42581
      4164.60      73.0739      7.61507
      4166.00      80.4652      7.96333
      4167.40      101.132      8.62238
      4168.80      86.9064      8.87537
      4170.20      91.2362      6.46773
      4171.60      85.4585      4.94635
      4173.00      84.3256      4.84065
      4174.40      72.5264      4.88804
      4175.80      80.0915      5.46704
      4177.20      82.2276      5.69114
      4178.60      82.1655      5.60466
      4180.00      80.2280      5.27633
      4181.40      68.3566      4.65007
      4182.80      76.5397      4.67978
      4184.20      79.4411      4.85361
      4185.60      86.4267      5.25030
      4187.00      73.3627      5.09968
      4188.40      76.5269      5.24574
      4189.80      83.7045      4.99833
      4191.20      75.6290      4.70438
      4192.60      75.1700      4.69645
      4194.00      85.4418      5.00028
      4195.40      86.5245      5.12483
      4196.80      80.8150      4.93599
      4198.20      79.6769      4.94747
      4199.60      85.3306      5.09768
      4201.00      87.2077      5.08502
      4202.40      72.6982      4.76172
      4203.80      73.0558      4.66451
      4205.20      91.0750      4.91361
      4206.60      80.9957      4.66832
      4208.00      86.0105      4.74950
      4209.40      79.9211      4.77094
      4210.80      81.7909      4.96242
      4212.20      80.5668      4.85743
      4213.60      72.4948      4.74396
      4215.00      78.8688      5.28245
      4216.40      83.0405      5.69505
      4217.80      84.0465      5.70450
      4219.20      78.3353      5.08865
      4220.60      80.6170      4.93296
      4222.00      82.3532      5.16470
      4223.40      74.5018      5.11908
      4224.80      69.9261      5.00962
      4226.20      69.4245      4.86775
      4227.60      80.7088      4.88875
      4229.00      82.2554      4.81301
      4230.40      80.8889      4.77430
      4231.80      82.9411      4.56758
      4233.20      80.8711      4.55244
      4234.60      82.7476      4.70384
      4236.00      81.7139      4.73768
      4237.40      76.8837      4.90845
      4238.80      72.0333      4.51546
      4240.20      80.1325      4.46512
      4241.60      77.3799      4.43720
      4243.00      75.9709      4.47155
      4244.40      80.1293      4.83014
      4245.80      78.7465      4.82481
      4247.20      81.5996      5.03049
      4248.60      81.4790      4.93072
      4250.00      77.1402      4.92986
      4251.40      81.4575      4.97076
      4252.80      76.5231      4.71788
      4254.20      87.6103      4.78671
      4255.60      82.1546      4.70275
      4257.00      81.7351      4.84760
      4258.40      86.2798      4.94482
      4259.80      83.2579      5.05355
      4261.20      80.1618      4.89365
      4262.60      71.0432      4.75036
      4264.00      78.7869      4.78370
      4265.40      81.0467      4.75896
      4266.80      82.8379      4.91480
      4268.20      86.3370      5.12573
      4269.60      83.6634      5.22452
      4271.00      83.0177      5.03111
      4272.40      81.2955      4.76785
      4273.80      82.9765      4.69385
      4275.20      70.2839      4.46469
      4276.60      81.8594      4.53610
      4278.00      88.2284      4.47902
      4279.40      79.8328      4.36122
      4280.80      85.6252      4.48911
      4282.20      87.6990      4.47468
      4283.60      74.3167      4.27536
      4285.00      72.6281      4.39820
      4286.40      82.5583      4.65122
      4287.80      81.8258      4.34879
      4289.20      72.2711      4.23167
      4290.60      78.1131      4.35843
      4292.00      79.5308      4.35832
      4293.40      85.4945      4.40950
      4294.80      80.8396      4.49125
      4296.20      73.0083      4.59179
      4297.60      83.7782      4.54688
      4299.00      82.1033      4.27630
      4300.40      75.7502      4.29307
      4301.80      79.5569      4.67458
      4303.20      63.4452      4.84115
      4304.60      82.8644      5.01463
      4306.00      80.2445      4.55482
      4307.40      78.7064      4.27125
      4308.80      83.0731      4.54491
      4310.20      84.8164      4.34226
      4311.60      80.8859      4.21276
      4313.00      78.6389      4.23423
      4314.40      71.3937      4.08679
      4315.80      74.1096      4.17997
      4317.20      70.8468      4.21617
      4318.60      69.5249      4.34338
      4320.00      81.8458      4.58512
      4321.40      76.0162      4.40824
      4322.80      78.7987      4.32314
      4324.20      74.5630      4.12691
      4325.60      68.6143      4.00893
      4327.00      78.6002      4.29941
      4328.40      77.4066      4.32920
      4329.80      81.4929      4.39482
      4331.20      73.3080      4.28657
      4332.60      74.5827      4.30892
      4334.00      76.1394      4.46870
      4335.40      72.2840      4.48439
      4336.80      69.4591      4.56974
      4338.20      67.0300      4.42463
      4339.60      47.8901      3.96610
      4341.00      43.4182      3.56688
      4342.40      60.4784      3.89992
      4343.80      72.6322      4.14134
      4345.20      69.2581      4.01092
      4346.60      74.1119      4.31687
      4348.00      79.7842      4.75862
      4349.40      76.3521      4.55028
      4350.80      76.9349      4.15429
      4352.20      69.7450      3.98961
      4353.60      84.2445      4.35780
      4355.00      76.7679      4.26829
      4356.40      91.4723      4.48057
      4357.80      82.2819      4.78655
      4359.20      66.1211      4.95495
      4360.60      68.4644      4.85516
      4362.00      82.3077      4.72055
      4363.40      88.5796      4.56792
      4364.80      83.3640      4.40417
      4366.20      80.7793      4.35890
      4367.60      87.1250      4.42902
      4369.00      82.9758      4.62597
      4370.40      84.3331      4.65981
      4371.80      83.1327      4.35100
      4373.20      73.3874      4.14195
      4374.60      72.4730      4.25823
      4376.00      77.7908      4.64433
      4377.40      74.3524      4.58623
      4378.80      80.4732      4.56974
      4380.20      79.5056      4.39465
      4381.60      79.9674      4.17639
      4383.00      78.4881      4.05734
      4384.40      73.0603      3.94468
      4385.80      76.6842      4.21338
      4387.20      76.6581      4.38917
      4388.60      84.4197      4.64406
      4390.00      86.0807      4.39851
      4391.40      86.7018      4.31300
      4392.80      82.3633      4.40392
      4394.20      81.9225      4.59639
      4395.60      76.6469      4.59534
      4397.00      84.2345      4.60434
      4398.40      89.3747      4.46390
      4399.80      81.0919      4.18838
      4401.20      85.8832      4.25242
      4402.60      84.0898      4.30017
      4404.00      76.7627      4.57744
      4405.40      78.7096      4.65712
      4406.80      82.4585      4.34226
      4408.20      84.1450      4.17755
      4409.60      83.5684      4.35398
      4411.00      86.0406      4.47228
      4412.40      86.8849      4.35661
      4413.80      82.7353      4.14827
      4415.20      79.4236      4.45589
      4416.60      70.2423      4.74948
      4418.00      82.7335      5.03912
      4419.40      74.2234      4.75938
      4420.80      84.4338      4.70087
      4422.20      85.3095      4.45450
      4423.60      82.4431      4.21986
      4425.00      79.4856      4.04238
      4426.40      81.0778      4.01323
      4427.80      79.4196      3.97187
      4429.20      84.3694      4.25340
      4430.60      86.5273      4.27824
      4432.00      85.4616      4.20667
      4433.40      78.5015      4.01371
      4434.80      83.5722      4.13513
      4436.20      77.5871      4.49170
      4437.60      80.4860      4.78539
      4439.00      80.3853      4.25228
      4440.40      79.3361      4.08941
      4441.80      83.9130      4.23131
      4443.20      73.4188      4.05482
      4444.60      75.3111      4.02356
      4446.00      80.2587      3.96771
      4447.40      74.4324      3.98508
      4448.80      76.9432      3.94725
      4450.20      81.1064      4.09002
      4451.60      67.1155      3.94890
      4453.00      69.0089      3.94733
      4454.40      77.0281      4.00451
      4455.80      84.3377      4.08673
      4457.20      71.8804      4.06892
      4458.60      74.8822      4.19966
      4460.00      76.0874      4.07178
      4461.40      77.6712      4.08641
      4462.80      71.1226      4.16136
      4464.20      75.9318      4.42055
      4465.60      76.8761      4.34698
      4467.00      73.6399      3.90529
      4468.40      77.8526      4.01291
      4469.80      77.2474      3.85074
      4471.20      78.6010      3.85043
      4472.60      86.8276      4.04826
      4474.00      81.9454      4.06984
      4475.40      89.0145      4.20056
      4476.80      84.7881      5.45906
      4478.20      80.7959      4.94219
      4479.60      84.0543      4.74382
      4481.00      78.2854      4.28005
      4482.40      77.3537      3.86484
      4483.80      87.2096      4.17351
      4485.20      82.3103      4.26737
      4486.60      80.1240      4.20740
      4488.00      84.9098      4.32938
      4489.40      74.2692      4.09473
      4490.80      78.4998      4.11556
      4492.20      76.5940      4.04377
      4493.60      74.6451      3.84046
      4495.00      79.4919      3.87071
      4496.40      80.3586      3.95828
      4497.80      77.9920      4.18526
      4499.20      82.2151      4.49275
      4500.60      81.6518      4.34720
      4502.00      81.4944      3.96811
      4503.40      79.9924      3.86476
      4504.80      82.6168      3.91273
      4506.20      78.1583      3.88150
      4507.60      72.1424      4.00969
      4509.00      74.3184      4.11527
      4510.40      81.7365      4.05023
      4511.80      77.7281      3.85067
      4513.20      82.9494      3.97187
      4514.60      72.9447      4.04848
      4516.00      83.9830      4.34956
      4517.40      82.7988      4.35313
      4518.80      82.0971      4.30007
      4520.20      67.1631      4.29952
      4521.60      68.7805      4.30990
      4523.00      77.5007      4.15727
      4524.40      81.9746      4.01137
      4525.80      72.5498      3.92933
      4527.20      76.5671      4.10853
      4528.60      74.8755      4.20806
      4530.00      68.8652      3.92427
      4531.40      76.8545      3.94670
      4532.80      73.5371      3.77680
      4534.20      71.4580      3.78369
      4535.60      77.9057      3.91445
      4537.00      72.9418      3.88114
      4538.40      75.7851      4.10618
      4539.80      81.4786      4.32424
      4541.20      78.4501      4.24466
      4542.60      73.5110      4.03603
      4544.00      78.2353      4.03742
      4545.40      73.7834      3.92868
      4546.80      74.9677      3.91002
      4548.20      77.8343      3.92000
      4549.60      73.8872      4.04978
      4551.00      76.8142      3.96742
      4552.40      76.6583      3.78348
      4553.80      76.8881      3.92029
      4555.20      79.9511      4.13112
      4556.60      75.4807      4.18524
      4558.00      89.7289      4.49369
      4559.40      83.8590      4.24790
      4560.80      79.4482      3.93838
      4562.20      76.9481      3.90055
      4563.60      82.8113      4.18857
      4565.00      82.4277      4.39551
      4566.40      90.3799      4.50493
      4567.80      79.2246      3.98224
      4569.20      75.8639      3.71934
      4570.60      82.6659      3.81522
      4572.00      82.1807      3.77029
      4573.40      86.0195      3.84576
      4574.80      79.9986      3.88673
      4576.20      75.8922      3.87747
      4577.60      83.7068      4.00830
      4579.00      81.7706      3.89854
      4580.40      74.4760      3.68474
      4581.80      72.2310      3.67583
      4583.20      78.7336      3.76902
      4584.60      75.4320      3.62611
      4586.00      75.3995      3.64749
      4587.40      83.2174      3.85331
      4588.80      75.8847      4.08808
      4590.20      72.4025      4.11049
      4591.60      80.0783      4.00882
      4593.00      78.3008      3.85936
      4594.40      81.8382      3.92555
      4595.80      76.9255      3.70704
      4597.20      79.0238      3.87751
      4598.60      79.7725      4.05464
      4600.00      79.5384      4.28014
      4601.40      75.3373      4.20282
      4602.80      77.8530      3.93522
      4604.20      77.1221      3.77850
      4605.60      75.8580      3.79976
      4607.00      78.2740      4.15279
      4608.40      81.5574      4.35318
      4609.80      79.0216      4.15699
      4611.20      78.9700      3.90605
      4612.60      86.7199      3.85301
      4614.00      81.0019      3.71370
      4615.40      80.0474      3.73832
      4616.80      72.0802      3.70977
      4618.20      72.6218      3.82582
      4619.60      80.8452      3.96537
      4621.00      76.2517      3.94874
      4622.40      80.4915      4.15078
      4623.80      84.3920      4.19760
      4625.20      77.2987      3.92571
      4626.60      76.3077      3.96603
      4628.00      78.3910      4.24620
      4629.40      78.3413      4.36030
      4630.80      80.3253      4.15882
      4632.20      76.5298      3.91778
      4633.60      76.1088      3.80326
      4635.00      77.1189      3.77688
      4636.40      79.9465      3.71984
      4637.80      81.4631      3.69500
      4639.20      77.0761      3.88280
      4640.60      84.0315      4.37121
      4642.00      80.5049      4.23264
      4643.40      80.4149      4.06411
      4644.80      78.1020      3.87163
      4646.20      80.9521      3.89223
      4647.60      77.6089      3.90122
      4649.00      74.1909      3.88677
      4650.40      76.6851      3.89478
      4651.80      70.2129      3.85459
      4653.20      80.8605      4.06223
      4654.60      77.9135      4.07056
      4656.00      83.1142      4.11163
      4657.40      75.5784      3.77126
      4658.80      70.9426      3.61933
      4660.20      81.0960      3.82900
      4661.60      81.2238      3.87503
      4663.00      81.5649      3.65770
      4664.40      78.2512      3.65523
      4665.80      78.6924      3.90555
      4667.20      78.5790      4.33566
      4668.60      80.1470      4.27300
      4670.00      80.3019      4.04197
      4671.40      84.8148      4.10764
      4672.80      89.0693      4.25186
      4674.20      84.1451      3.89314
      4675.60      84.6512      3.91333
      4677.00      76.5443      3.72770
      4678.40      85.3744      4.05143
      4679.80      74.9549      4.01174
      4681.20      77.4837      4.01167
      4682.60      80.6568      3.90357
      4684.00      78.9826      3.77031
      4685.40      77.6075      3.70568
      4686.80      78.7233      3.94796
      4688.20      78.6429      4.03875
      4689.60      79.2439      4.08894
      4691.00      82.4496      4.10218
      4692.40      78.5966      3.95027
      4693.80      78.1694      3.89679
      4695.20      78.8753      3.99090
      4696.60      79.0251      3.83267
      4698.00      73.8756      3.48940
      4699.40      73.3765      3.52605
      4700.80      75.2164      3.61965
      4702.20      72.7653      3.79071
      4703.60      72.5253      3.82737
      4705.00      71.3449      3.66088
      4706.40      78.5212      3.68313
      4707.80      75.7561      3.58502
      4709.20      82.2978      3.77982
      4710.60      80.8692      3.85755
      4712.00      73.1132      3.72569
      4713.40      71.8623      3.62546
      4714.80      68.0123      3.81870
      4716.20      75.6168      4.36054
      4717.60      76.6057      4.33985
      4719.00      74.6972      4.03539
      4720.40      75.4251      3.91226
      4721.80      75.4315      3.98122
      4723.20      74.5926      3.87894
      4724.60      75.1669      3.71646
      4726.00      74.9445      3.73383
      4727.40      72.8936      3.87150
      4728.80      72.3885      3.87888
      4730.20      79.3809      3.83219
      4731.60      80.9745      3.59354
      4733.00      78.3703      3.62647
      4734.40      75.4644      3.68849
      4735.80      75.4093      3.59769
      4737.20      86.4188      3.88492
      4738.60      90.2260      4.10829
      4740.00      76.0822      4.02049
      4741.40      76.9877      4.04204
      4742.80      84.7892      4.14603
      4744.20      80.3354      4.09334
      4745.60      81.3504      3.95517
      4747.00      75.2817      3.62789
      4748.40      72.1240      3.69911
      4749.80      77.5865      3.88048
      4751.20      80.4802      3.80565
      4752.60      77.6129      3.47870
      4754.00      71.4689      3.37594
      4755.40      73.4645      3.47214
      4756.80      77.5356      3.54959
      4758.20      70.7965      3.31991
      4759.60      73.8271      3.36907
      4761.00      75.9243      3.58172
      4762.40      78.9525      3.91770
      4763.80      74.6044      3.75854
      4765.20      83.1569      3.81969
      4766.60      77.2115      3.58731
      4768.00      73.8833      3.49484
      4769.40      73.2950      3.42508
      4770.80      80.0113      3.52433
      4772.20      73.3564      3.48866
      4773.60      78.0033      3.58942
      4775.00      76.7704      3.53107
      4776.40      72.3449      3.38885
      4777.80      81.5175      3.61604
      4779.20      73.1048      3.70379
      4780.60      73.5730      3.77499
      4782.00      74.2938      3.68988
      4783.40      79.8690      3.67191
      4784.80      76.3246      3.55036
      4786.20      77.1660      3.55191
      4787.60      72.5328      3.73736
      4789.00      78.6669      3.90360
      4790.40      73.2676      3.66624
      4791.80      77.3720      3.64763
      4793.20      77.6869      3.47720
      4794.60      75.8577      3.36369
      4796.00      72.8161      3.39614
      4797.40      72.1401      3.66842
      4798.80      78.5952      3.93627
      4800.20      78.9071      3.80979
      4801.60      80.9273      3.65209
      4803.00      69.6731      3.46454
      4804.40      77.2240      3.66981
      4805.80      79.0516      3.74778
      4807.20      78.9561      3.60677
      4808.60      75.7371      3.54243
      4810.00      72.0512      3.50113
      4811.40      74.5335      3.63675
      4812.80      73.7919      3.73660
      4814.20      72.9244      3.69395
      4815.60      68.4167      3.36888
      4817.00      76.5236      3.43554
      4818.40      81.1489      3.67989
      4819.80      80.2032      3.87089
      4821.20      80.8172      3.60124
      4822.60      75.0987      3.39430
      4824.00      78.2932      3.55438
      4825.40      73.4327      3.69570
      4826.80      65.8736      3.45393
      4828.20      79.1018      3.46558
      4829.60      78.8529      3.60577
      4831.00      75.9613      3.66214
      4832.40      75.4442      3.73863
      4833.80      77.6920      3.70486
      4835.20      69.8587      3.32997
      4836.60      70.5119      3.28167
      4838.00      69.4606      3.37696
      4839.40      75.7493      3.80168
      4840.80      72.1536      3.72996
      4842.20      76.2891      3.61280
      4843.60      73.8043      3.60819
      4845.00      69.9305      3.79556
      4846.40      66.3994      3.74846
      4847.80      71.2863      3.68579
      4849.20      72.0487      3.67419
      4850.60      71.1061      3.68074
      4852.00      68.2033      3.61586
      4853.40      67.4462      3.51233
      4854.80      61.9159      3.32578
      4856.20      67.5951      3.42399
      4857.60      62.1066      3.28190
      4859.00      58.8414      3.19044
      4860.40      50.2849      3.13122
      4861.80      36.0733      3.09172
      4863.20      55.7051      3.48247
      4864.60      64.4169      3.54953
      4866.00      64.0257      3.43491
      4867.40      65.3129      3.55942
      4868.80      67.2440      3.62571
      4870.20      70.7006      3.53158
      4871.60      67.7625      3.28199
      4873.00      72.0548      3.31175
      4874.40      78.0060      3.39902
      4875.80      78.9067      3.43115
      4877.20      78.2735      3.51223
      4878.60      78.4838      3.49065
      4880.00      79.4153      3.54207
      4881.40      78.5993      3.47902
      4882.80      77.1014      3.62755
      4884.20      75.3069      3.59462
      4885.60      71.4231      3.37090
      4887.00      75.6169      3.64384
      4888.40      74.0538      3.99004
      4889.80      74.1836      3.98370
      4891.20      72.8901      3.44413
      4892.60      77.8156      3.36951
      4894.00      71.3353      3.40186
      4895.40      74.8161      3.58669
      4896.80      74.2464      3.39637
      4898.20      77.2423      3.39051
      4899.60      74.6749      3.44581
      4901.00      74.0979      3.53509
      4902.40      70.2035      3.52630
      4903.80      76.7008      3.64273
      4905.20      72.5450      3.51914
      4906.60      69.0099      3.44243
      4908.00      69.3402      3.42454
      4909.40      75.0304      3.39853
      4910.80      79.9805      3.34122
      4912.20      73.7048      3.30219
      4913.60      72.0110      3.39682
      4915.00      67.9877      3.41637
      4916.40      70.2258      3.58461
      4917.80      72.1052      3.43865
      4919.20      78.4000      3.39842
      4920.60      71.7939      3.16265
      4922.00      70.0553      3.13186
      4923.40      69.2934      3.18883
      4924.80      70.5416      3.44061
      4926.20      72.5042      3.55473
      4927.60      75.1304      3.62213
      4929.00      69.6618      3.14567
      4930.40      71.1872      3.16453
      4931.80      73.7378      3.28078
      4933.20      67.1283      3.49650
      4934.60      75.8368      3.74585
      4936.00      73.3149      3.41110
      4937.40      69.4378      3.21958
      4938.80      72.0380      3.51394
      4940.20      75.5215      3.91524
      4941.60      73.7213      3.77784
      4943.00      77.8709      3.53314
      4944.40      73.4971      3.29413
      4945.80      72.7443      3.31215
      4947.20      81.8220      3.59641
      4948.60      73.4336      3.62076
      4950.00      73.1819      3.59464
      4951.40      80.7927      3.39301
      4952.80      72.9862      3.21293
      4954.20      70.1359      3.15290
      4955.60      70.9837      3.18126
      4957.00      70.8793      3.18311
      4958.40      71.0750      3.18216
      4959.80      75.0980      3.26289
      4961.20      72.8572      3.25434
      4962.60      71.7339      3.22095
      4964.00      73.8811      3.27079
      4965.40      72.1523      3.27307
      4966.80      75.5059      3.31307
      4968.20      74.4415      3.29249
      4969.60      75.4261      3.41211
      4971.00      71.7986      3.35167
      4972.40      71.3174      3.43252
      4973.80      80.0119      3.92331
      4975.20      79.1342      3.82918
      4976.60      76.8333      3.46002
      4978.00      75.1508      3.26202
      4979.40      73.4151      3.25751
      4980.80      73.7840      3.50337
      4982.20      68.7133      3.46952
      4983.60      68.5439      3.30657
      4985.00      77.3949      3.43795
      4986.40      78.9015      3.54160
      4987.80      74.4283      3.44262
      4989.20      82.8517      3.43235
      4990.60      77.6635      3.51955
      4992.00      71.2362      3.77175
      4993.40      75.4792      3.64840
      4994.80      83.8263      3.54786
      4996.20      67.2426      3.33857
      4997.60      69.1074      3.40001
      4999.00      74.2980      3.35223
