      3900.00      111.538      12.5748
      3901.40      103.576      12.4721
      3902.80      77.6829      11.6802
      3904.20      110.648      12.1382
      3905.60      78.9971      11.5110
      3907.00      101.952      12.7853
      3908.40      85.4226      13.0461
      3909.80      94.1300      13.4333
      3911.20      133.383      14.0759
      3912.60      122.588      13.1989
      3914.00      94.5760      12.2428
      3915.40      117.558      12.7125
      3916.80      91.6493      12.0317
      3918.20      106.544      13.1155
      3919.60      92.3798      13.5328
      3921.00      125.926      13.0074
      3922.40      115.689      12.9241
      3923.80      131.422      13.4174
      3925.20      82.7085      12.1233
      3926.60      97.1932      12.4876
      3928.00      97.7504      12.4136
      3929.40      93.6308      12.3938
      3930.80      84.3421      11.6075
      3932.20      79.6392      11.1711
      3933.60      59.8574      10.1616
      3935.00      32.2724      8.91153
      3936.40      10.6888      7.94574
      3937.80      26.2654      8.34807
      3939.20      71.9644      9.55503
      3940.60      92.3130      10.3232
      3942.00      99.4962      10.6775
      3943.40      91.6482      10.4422
      3944.80      88.6340      10.3240
      3946.20      82.0565      10.2291
      3947.60      89.1678      10.8893
      3949.00      75.1500      10.0526
      3950.40      87.2206      10.5126
      3951.80      90.7228      10.5904
      3953.20      89.7239      11.3310
      3954.60      103.147      10.3718
      3956.00      89.6339      9.80513
      3957.40      88.4772      9.75371
      3958.80      93.5899      9.75372
      3960.20      88.9789      9.76577
      3961.60      105.067      10.6707
      3963.00      111.851      10.5015
      3964.40      86.7813      9.45204
      3965.80      70.3065      8.99024
      3967.20      89.4965      9.37618
      3968.60      72.6150      8.89785
      3970.00      27.5246      7.52410
      3971.40      12.8271      7.41090
      3972.80      29.2767      7.99602
      3974.20      59.6841      9.06146
      3975.60      75.5556      9.69730
      3977.00      60.7095      9.36890
      3978.40      92.3457      10.4950
      3979.80      77.6994      10.3277
      3981.20      95.8750      11.1142
      3982.60      93.1930      11.4518
      3984.00      81.9957      11.3018
      3985.40      88.3997      11.3928
      3986.80      97.8536      11.5917
      3988.20      96.9633      11.3120
      3989.60      97.6595      11.9730
      3991.00      99.8030      10.9071
      3992.40      103.190      10.6856
      3993.80      105.193      11.1423
      3995.20      92.3520      10.1749
      3996.60      94.3761      10.0598
      3998.00      107.045      10.1868
      3999.40      100.712      9.63642
      4000.80      91.9854      9.30245
      4002.20      112.860      9.72580
      4003.60      108.538      9.61205
      4005.00      110.550      9.84661
      4006.40      103.019      9.70890
      4007.80      89.4203      8.98757
      4009.20      98.7003      9.04580
      4010.60      74.3446      8.65224
      4012.00      89.1243      9.20529
      4013.40      95.0622      9.13885
      4014.80      106.556      9.20256
      4016.20      118.035      9.35824
      4017.60      102.794      8.90674
      4019.00      92.6894      8.71944
      4020.40      85.3448      8.59969
      4021.80      119.534      9.57361
      4023.20      100.593      9.12042
      4024.60      104.407      9.00064
      4026.00      100.612      8.74923
      4027.40      103.542      8.80923
      4028.80      100.932      8.87354
      4030.20      99.1372      8.82595
      4031.60      101.174      9.03680
      4033.00      93.6144      8.56415
      4034.40      94.8443      8.59202
      4035.80      93.9476      8.50668
      4037.20      95.7393      8.47426
      4038.60      92.1036      8.64317
      4040.00      107.003      9.87369
      4041.40      112.848      9.46490
      4042.80      119.361      9.39350
      4044.20      124.518      9.34419
      4045.60      103.487      9.37788
      4047.00      103.826      9.73349
      4048.40      83.3642      9.28596
      4049.80      93.1232      9.38862
      4051.20      96.8891      9.32066
      4052.60      97.2962      9.00960
      4054.00      104.549      8.98568
      4055.40      89.0488      8.68471
      4056.80      97.3142      8.76282
      4058.20      108.139      8.86440
      4059.60      101.436      9.70769
      4061.00      96.4960      8.49850
      4062.40      102.543      8.89067
      4063.80      126.555      9.81285
      4065.20      106.382      9.79655
      4066.60      128.770      11.3225
      4068.00      107.427      10.2737
      4069.40      90.6549      9.85125
      4070.80      124.523      10.1959
      4072.20      94.1425      9.23797
      4073.60      95.5705      8.71533
      4075.00      96.0652      8.82041
      4076.40      93.2768      8.79897
      4077.80      95.7237      9.14671
      4079.20      64.9899      8.21891
      4080.60      89.2440      8.54023
      4082.00      89.8290      8.55094
      4083.40      87.0444      8.46217
      4084.80      103.228      9.07313
      4086.20      102.868      8.87083
      4087.60      81.9403      8.47755
      4089.00      107.381      9.10846
      4090.40      97.6916      9.49193
      4091.80      79.0288      8.62949
      4093.20      88.2522      8.40455
      4094.60      87.6236      7.96291
      4096.00      68.5668      7.46877
      4097.40      87.3644      7.76009
      4098.80      84.7683      7.66963
      4100.20      58.5263      6.93794
      4101.60      51.6133      6.63438
      4103.00      35.6059      6.17499
      4104.40      45.5577      6.57818
      4105.80      79.8957      7.25149
      4107.20      74.2073      7.21497
      4108.60      75.9924      7.42449
      4110.00      74.8221      7.58756
      4111.40      79.6966      7.76904
      4112.80      82.1057      7.78401
      4114.20      99.4171      7.92019
      4115.60      106.458      8.01339
      4117.00      87.2620      7.58476
      4118.40      78.8517      7.29821
      4119.80      90.1035      7.53663
      4121.20      103.740      7.97656
      4122.60      88.4870      7.78529
      4124.00      91.0820      7.97360
      4125.40      85.1613      7.95808
      4126.80      85.6721      8.35931
      4128.20      73.1856      7.51868
      4129.60      87.5950      7.48765
      4131.00      80.7538      7.25793
      4132.40      101.247      7.81841
      4133.80      93.3270      7.78494
      4135.20      95.3978      7.90914
      4136.60      79.1736      7.42144
      4138.00      85.5873      7.40815
      4139.40      96.6836      7.71038
      4140.80      108.085      8.26099
      4142.20      104.860      8.24900
      4143.60      98.2897      7.87940
      4145.00      101.045      7.72912
      4146.40      86.4202      7.35404
      4147.80      91.0220      7.45040
      4149.20      91.3010      7.29944
      4150.60      90.1826      7.25861
      4152.00      96.1975      7.76621
      4153.40      94.0574      8.43396
      4154.80      90.2564      7.69877
      4156.20      93.6494      7.57808
      4157.60      99.1911      7.53239
      4159.00      87.9339      7.15884
      4160.40      94.8857      7.29930
      4161.80      90.1459      7.64614
      4163.20      87.3021      7.12368
      4164.60      89.8298      7.18267
      4166.00      87.1812      7.16048
      4167.40      100.046      7.80977
      4168.80      101.601      7.84160
      4170.20      85.4520      7.27931
      4171.60      92.8357      7.21543
      4173.00      105.094      7.39432
      4174.40      83.4407      6.75854
      4175.80      83.8714      6.82646
      4177.20      88.4854      7.16877
      4178.60      93.1744      7.11802
      4180.00      85.3594      6.87345
      4181.40      93.9110      7.00040
      4182.80      82.9271      6.71841
      4184.20      84.3842      6.85834
      4185.60      88.5079      6.98175
      4187.00      87.8057      6.75424
      4188.40      89.7987      6.75056
      4189.80      86.0021      6.77644
      4191.20      91.6740      6.74740
      4192.60      98.0207      7.22367
      4194.00      97.3610      7.22354
      4195.40      95.4740      6.97645
      4196.80      95.0912      6.90719
      4198.20      91.1678      6.64022
      4199.60      89.9418      6.93176
      4201.00      84.0874      7.41944
      4202.40      81.4928      7.47375
      4203.80      82.4017      7.33402
      4205.20      100.211      7.47926
      4206.60      95.1585      7.15901
      4208.00      99.1774      7.09886
      4209.40      91.3018      6.79324
      4210.80      84.5407      6.58730
      4212.20      96.4730      6.85398
      4213.60      105.408      7.05532
      4215.00      89.8654      6.75868
      4216.40      104.885      6.98989
      4217.80      89.3170      6.62211
      4219.20      84.2391      6.58478
      4220.60      82.4999      6.56604
      4222.00      88.0770      6.66806
      4223.40      95.7912      6.80222
      4224.80      91.9532      6.79456
      4226.20      94.0038      6.78093
      4227.60      82.5747      6.61707
      4229.00      78.5987      6.60500
      4230.40      88.1730      6.74742
      4231.80      91.5040      6.70391
      4233.20      93.4346      6.82031
      4234.60      95.6562      6.81153
      4236.00      91.0040      6.59214
      4237.40      92.6729      6.70706
      4238.80      89.5923      6.86082
      4240.20      90.0982      6.52126
      4241.60      91.2295      6.54069
      4243.00      92.4155      6.51908
      4244.40      100.564      6.83657
      4245.80      86.3916      6.69449
      4247.20      95.1179      6.85324
      4248.60      90.4600      6.73228
      4250.00      93.6185      6.72110
      4251.40      82.9959      6.43053
      4252.80      89.6301      6.49483
      4254.20      85.6488      6.43259
      4255.60      105.816      6.91320
      4257.00      105.474      6.99109
      4258.40      96.6044      6.97434
      4259.80      94.8335      6.86952
      4261.20      94.3724      6.99650
      4262.60      97.0918      6.80323
      4264.00      76.7667      6.37424
      4265.40      91.0376      6.99657
      4266.80      92.0337      7.23901
      4268.20      85.9827      7.01963
      4269.60      99.1622      7.12377
      4271.00      92.6367      6.58921
      4272.40      93.7078      6.65978
      4273.80      85.0961      6.25319
      4275.20      94.2961      6.54815
      4276.60      93.9777      6.62025
      4278.00      94.6523      6.94244
      4279.40      92.0381      6.54762
      4280.80      98.1049      6.62698
      4282.20      96.5294      6.46855
      4283.60      96.5120      6.93386
      4285.00      98.6138      6.57094
      4286.40      92.8977      6.35295
      4287.80      98.5699      6.62881
      4289.20      93.2094      6.60613
      4290.60      84.4105      6.58879
      4292.00      73.2513      6.55849
      4293.40      86.5259      6.74663
      4294.80      88.6324      6.64067
      4296.20      88.5585      6.61595
      4297.60      96.8834      6.92151
      4299.00      90.3296      6.88840
      4300.40      90.6703      6.59720
      4301.80      84.0297      6.10747
      4303.20      81.8075      5.92260
      4304.60      79.0287      6.03474
      4306.00      79.4241      6.48078
      4307.40      83.0707      6.72637
      4308.80      85.6550      6.67951
      4310.20      93.6453      6.65589
      4311.60      86.1534      6.21070
      4313.00      101.429      6.57650
      4314.40      98.8779      6.68365
      4315.80      80.7272      6.25234
      4317.20      77.7847      6.09254
      4318.60      90.3271      6.62584
      4320.00      89.6577      6.95415
      4321.40      91.1125      7.32358
      4322.80      93.1889      7.02847
      4324.20      94.4236      6.38119
      4325.60      78.8924      5.78903
      4327.00      93.8175      6.17809
      4328.40      82.3047      5.89842
      4329.80      90.1424      6.12430
      4331.20      94.2054      6.46011
      4332.60      85.0730      6.53280
      4334.00      84.1845      6.14562
      4335.40      81.7863      5.91372
      4336.80      83.7972      5.89887
      4338.20      85.2356      5.86626
      4339.60      60.3322      5.30011
      4341.00      69.4896      5.48753
      4342.40      49.7475      4.93238
      4343.80      51.4462      5.10304
      4345.20      64.8498      5.36152
      4346.60      80.5005      5.82828
      4348.00      83.0571      6.01232
      4349.40      82.1450      6.51505
      4350.80      88.9813      6.27036
      4352.20      82.1803      5.81351
      4353.60      79.7687      5.78458
      4355.00      89.6762      6.34244
      4356.40      77.1206      6.44966
      4357.80      81.1734      7.37869
      4359.20      87.4995      8.51068
      4360.60      87.1674      8.35436
      4362.00      91.3988      7.83977
      4363.40      95.5601      8.20570
      4364.80      96.0090      7.34208
      4366.20      103.677      6.32941
      4367.60      99.1187      6.17051
      4369.00      104.137      6.34274
      4370.40      94.3817      6.17086
      4371.80      99.0288      6.16370
      4373.20      99.0025      6.12978
      4374.60      122.598      6.67430
      4376.00      109.110      6.54353
      4377.40      94.4591      6.08708
      4378.80      78.9665      5.97871
      4380.20      91.8506      6.36116
      4381.60      83.1825      6.06961
      4383.00      106.795      6.40741
      4384.40      96.1913      6.09393
      4385.80      88.5973      5.95498
      4387.20      81.4665      5.71136
      4388.60      97.0032      5.99661
      4390.00      95.2279      6.01399
      4391.40      90.1854      6.00924
      4392.80      96.5835      6.38975
      4394.20      115.535      6.80439
      4395.60      99.3297      6.21474
      4397.00      82.4232      5.73326
      4398.40      76.6616      5.62128
      4399.80      104.093      6.25999
      4401.20      86.6459      6.00581
      4402.60      92.5330      6.13694
      4404.00      94.9449      6.07637
      4405.40      96.4633      5.99492
      4406.80      93.9212      6.15129
      4408.20      93.8750      6.22660
      4409.60      91.8744      5.99517
      4411.00      91.8873      5.93250
      4412.40      89.8519      5.93780
      4413.80      90.4438      6.05380
      4415.20      102.652      6.27469
      4416.60      89.2233      5.82547
      4418.00      74.7387      5.46729
      4419.40      80.6529      5.65327
      4420.80      87.9939      5.74983
      4422.20      97.7291      5.99503
      4423.60      104.468      6.15129
      4425.00      100.815      6.02348
      4426.40      86.0609      5.74277
      4427.80      85.2990      5.64747
      4429.20      98.6526      5.88999
      4430.60      84.0928      5.88785
      4432.00      98.4343      5.92471
      4433.40      97.6486      6.34009
      4434.80      76.1935      6.49054
      4436.20      89.4962      6.69271
      4437.60      88.9802      5.91713
      4439.00      92.6895      5.75630
      4440.40      102.228      5.94831
      4441.80      95.1587      5.75213
      4443.20      85.4659      5.51596
      4444.60      89.4116      5.62521
      4446.00      87.8965      5.79104
      4447.40      81.5693      5.85736
      4448.80      86.4653      5.99525
      4450.20      86.9331      6.08507
      4451.60      83.6097      5.76142
      4453.00      84.2573      5.70982
      4454.40      88.9878      5.66412
      4455.80      93.7673      5.63590
      4457.20      87.9702      5.72554
      4458.60      86.9872      5.48925
      4460.00      96.8797      5.67871
      4461.40      98.0892      5.72446
      4462.80      88.5074      5.58934
      4464.20      97.3667      5.99757
      4465.60      88.2185      5.72444
      4467.00      95.1677      5.67140
      4468.40      94.4211      5.84905
      4469.80      91.0698      6.10404
      4471.20      87.3511      6.02296
      4472.60      84.8198      5.55202
      4474.00      91.4460      5.56300
      4475.40      80.9814      5.45344
      4476.80      98.6640      6.02426
      4478.20      86.6391      5.56259
      4479.60      81.9283      5.30375
      4481.00      89.4694      5.58351
      4482.40      92.0026      6.14283
      4483.80      89.4218      6.06354
      4485.20      88.7075      5.78687
      4486.60      93.4475      5.61800
      4488.00      99.8578      5.72582
      4489.40      89.2472      5.46241
      4490.80      91.9013      5.60275
      4492.20      86.8629      5.66722
      4493.60      96.1950      5.68636
      4495.00      85.3063      5.39398
      4496.40      80.7339      5.29808
      4497.80      101.685      5.85082
      4499.20      90.0872      5.89182
      4500.60      94.4366      6.10462
      4502.00      86.2432      5.66437
      4503.40      78.5749      5.13508
      4504.80      83.6862      5.28915
      4506.20      86.9558      5.37712
      4507.60      77.7238      5.18285
      4509.00      96.6838      5.61067
      4510.40      100.092      5.61802
      4511.80      83.5582      5.20619
      4513.20      79.6515      5.10876
      4514.60      101.859      5.64206
      4516.00      83.8665      5.19345
      4517.40      92.0735      5.41812
      4518.80      84.8350      5.65095
      4520.20      89.1766      5.92593
      4521.60      87.2788      5.45474
      4523.00      86.7732      5.25449
      4524.40      86.0148      5.20222
      4525.80      78.7079      5.03936
      4527.20      85.5656      5.18747
      4528.60      88.2742      5.25142
      4530.00      97.3056      5.58018
      4531.40      72.7747      5.19710
      4532.80      82.7155      5.52880
      4534.20      80.9279      5.34471
      4535.60      84.1312      5.21323
      4537.00      78.2647      5.05756
      4538.40      84.0958      5.14516
      4539.80      91.1790      5.47842
      4541.20      97.2213      5.65364
      4542.60      91.3045      5.35290
      4544.00      93.3299      5.54078
      4545.40      94.4909      5.56933
      4546.80      92.9225      5.67845
      4548.20      92.0233      5.58759
      4549.60      90.5437      5.38946
      4551.00      87.7441      5.26610
      4552.40      79.4682      5.14051
      4553.80      85.9468      5.33182
      4555.20      90.9822      5.35338
      4556.60      85.8507      5.20244
      4558.00      75.2648      5.03976
      4559.40      76.7862      5.08965
      4560.80      77.1451      5.11930
      4562.20      88.3888      5.45190
      4563.60      96.3264      5.71189
      4565.00      93.5746      5.58808
      4566.40      92.3074      5.37029
      4567.80      81.6101      5.10841
      4569.20      78.6896      5.11090
      4570.60      88.0941      5.73152
      4572.00      88.1656      5.69229
      4573.40      87.2064      5.41560
      4574.80      87.7856      5.50417
      4576.20      88.0062      5.22352
      4577.60      82.3755      5.10800
      4579.00      77.5455      5.36416
      4580.40      92.4608      5.90954
      4581.80      92.1186      5.58273
      4583.20      87.9356      5.17512
      4584.60      82.2078      5.00499
      4586.00      89.1513      5.17496
      4587.40      88.9414      5.49595
      4588.80      92.2607      5.92715
      4590.20      92.7403      5.73410
      4591.60      81.7420      5.04010
      4593.00      100.491      5.35238
      4594.40      95.6201      5.22806
      4595.80      89.2952      5.10582
      4597.20      82.4101      4.97448
      4598.60      93.6913      5.21231
      4600.00      92.9722      5.36328
      4601.40      86.3180      5.25979
      4602.80      95.3954      5.33009
      4604.20      89.7178      5.10146
      4605.60      91.3167      5.15073
      4607.00      91.1407      5.26202
      4608.40      82.4550      5.14882
      4609.80      95.3577      5.43649
      4611.20      93.3624      5.22941
      4612.60      95.6728      5.20740
      4614.00      90.5600      5.07206
      4615.40      79.3755      4.83813
      4616.80      86.4878      5.00877
      4618.20      93.3240      5.29764
      4619.60      93.4453      5.38750
      4621.00      98.7492      5.45474
      4622.40      83.6016      5.14332
      4623.80      88.0811      5.27486
      4625.20      86.6644      5.25027
      4626.60      90.2891      5.16936
      4628.00      86.2801      4.92881
      4629.40      92.1319      5.13725
      4630.80      86.0298      5.04886
      4632.20      80.2954      5.01066
      4633.60      91.8241      5.07103
      4635.00      94.5847      5.12257
      4636.40      87.3041      4.98465
      4637.80      93.2305      5.43797
      4639.20      95.9101      5.61029
      4640.60      89.4739      5.66045
      4642.00      84.7979      5.52618
      4643.40      83.7855      5.34178
      4644.80      94.1256      5.60301
      4646.20      92.6613      5.62085
      4647.60      88.2114      5.38333
      4649.00      77.6116      4.83117
      4650.40      80.0239      4.82401
      4651.80      94.2125      5.13813
      4653.20      92.3744      5.16031
      4654.60      96.7981      5.21386
      4656.00      82.3002      4.83883
      4657.40      86.0354      4.96128
      4658.80      76.4784      4.90339
      4660.20      86.3212      5.08428
      4661.60      85.6600      5.03969
      4663.00      86.4112      5.27749
      4664.40      86.6722      5.18039
      4665.80      89.6332      5.47378
      4667.20      95.2560      5.55268
      4668.60      92.9589      5.30899
      4670.00      91.2640      5.39009
      4671.40      87.1038      5.08447
      4672.80      80.6608      4.97962
      4674.20      91.0101      5.15358
      4675.60      89.2294      5.23461
      4677.00      87.1668      5.14579
      4678.40      84.7789      4.95240
      4679.80      90.3316      5.05048
      4681.20      87.4116      5.00704
      4682.60      92.0881      5.14597
      4684.00      87.9718      5.16060
      4685.40      88.2730      5.17337
      4686.80      89.3856      5.13007
      4688.20      85.2869      5.02961
      4689.60      88.8640      5.01369
      4691.00      92.5727      5.03949
      4692.40      87.3346      5.07921
      4693.80      85.7125      5.18672
      4695.20      94.6898      5.24286
      4696.60      96.9820      5.17208
      4698.00      90.8347      5.03286
      4699.40      92.7610      5.31817
      4700.80      86.0114      4.89976
      4702.20      89.5938      4.95464
      4703.60      91.0680      4.98812
      4705.00      99.8814      5.41283
      4706.40      78.5592      5.21148
      4707.80      83.8593      5.29200
      4709.20      87.6183      5.23800
      4710.60      92.6758      5.10979
      4712.00      98.9461      5.20934
      4713.40      88.4710      5.03462
      4714.80      84.9887      5.09266
      4716.20      91.7262      5.30234
      4717.60      84.8510      5.09858
      4719.00      96.5890      5.22847
      4720.40      86.5742      5.01222
      4721.80      81.4607      4.90123
      4723.20      95.1128      5.44465
      4724.60      88.1230      5.73369
      4726.00      95.7378      6.14838
      4727.40      91.8452      5.81231
      4728.80      95.6014      5.36087
      4730.20      89.7001      5.14083
      4731.60      93.1554      5.20144
      4733.00      84.9280      5.03116
      4734.40      88.8921      5.11936
      4735.80      85.4521      5.01101
      4737.20      85.5578      5.27742
      4738.60      83.4337      5.65960
      4740.00      80.8991      5.28036
      4741.40      85.4575      5.05387
      4742.80      84.8120      5.01323
      4744.20      78.1802      4.94822
      4745.60      85.3001      5.07374
      4747.00      90.3234      5.16568
      4748.40      85.3989      4.98715
      4749.80      86.6513      5.18785
      4751.20      95.7214      5.24295
      4752.60      89.3892      4.96316
      4754.00      86.6682      4.91137
      4755.40      84.9828      4.81000
      4756.80      87.7574      5.01150
      4758.20      88.9006      4.96589
      4759.60      85.6785      4.87139
      4761.00      87.1188      4.75815
      4762.40      87.1211      4.72270
      4763.80      86.7794      4.72537
      4765.20      79.4262      4.58437
      4766.60      78.0078      4.62955
      4768.00      85.1884      4.87979
      4769.40      78.0713      4.67319
      4770.80      87.2774      4.79061
      4772.20      86.9110      4.71423
      4773.60      79.6266      4.49846
      4775.00      79.5658      4.64122
      4776.40      90.8458      5.01545
      4777.80      86.2345      4.87549
      4779.20      83.4877      4.66205
      4780.60      77.8952      4.51014
      4782.00      82.5787      4.59753
      4783.40      80.1561      4.65445
      4784.80      80.6403      4.57097
      4786.20      87.3600      4.64309
      4787.60      86.4406      4.70746
      4789.00      83.0941      4.72980
      4790.40      81.9062      4.68924
      4791.80      93.4132      4.79377
      4793.20      79.2619      4.46941
      4794.60      82.2477      4.53190
      4796.00      84.9759      4.88927
      4797.40      87.2306      4.64622
      4798.80      86.6783      4.59090
      4800.20      74.4884      4.31719
      4801.60      81.7317      4.53561
      4803.00      84.2508      4.76300
      4804.40      82.9638      4.68624
      4805.80      80.1372      4.54451
      4807.20      80.0742      4.45220
      4808.60      79.7716      4.49509
      4810.00      80.9331      4.72298
      4811.40      85.5830      4.55054
      4812.80      92.7064      4.69468
      4814.20      81.6180      4.45976
      4815.60      87.4048      4.62234
      4817.00      88.7239      4.65555
      4818.40      77.6325      4.43208
      4819.80      88.2517      4.64548
      4821.20      93.2024      4.73714
      4822.60      88.5451      4.65792
      4824.00      91.9233      4.74032
      4825.40      92.2753      4.74042
      4826.80      79.2898      4.50029
      4828.20      82.5747      4.61723
      4829.60      92.7298      4.74822
      4831.00      89.6129      4.62178
      4832.40      86.3469      4.54745
      4833.80      82.2166      4.54311
      4835.20      87.3837      4.69036
      4836.60      87.9918      4.63153
      4838.00      81.4562      4.64129
      4839.40      80.3431      4.81898
      4840.80      91.2908      4.94066
      4842.20      83.1968      4.61481
      4843.60      83.7898      4.60842
      4845.00      76.9977      4.50440
      4846.40      80.0508      4.61320
      4847.80      81.7094      4.59080
      4849.20      77.8050      4.37889
      4850.60      80.8875      4.54239
      4852.00      83.5149      4.52924
      4853.40      83.1010      4.62502
      4854.80      81.7497      4.71151
      4856.20      78.1917      4.46704
      4857.60      75.7581      4.36306
      4859.00      71.2388      4.33504
      4860.40      68.8043      4.29538
      4861.80      70.6411      4.22874
      4863.20      54.7804      3.81207
      4864.60      44.2126      3.63769
      4866.00      56.4838      4.11703
      4867.40      66.8497      4.72423
      4868.80      66.4132      4.70736
      4870.20      81.6553      4.87566
      4871.60      82.7724      4.68529
      4873.00      79.2600      4.46764
      4874.40      76.2433      4.42181
      4875.80      74.5203      4.38161
      4877.20      83.5188      4.73232
      4878.60      75.7367      4.74903
      4880.00      82.1631      4.81458
      4881.40      73.3807      4.42804
      4882.80      77.9304      4.71590
      4884.20      82.6331      5.32717
      4885.60      83.5345      5.61480
      4887.00      77.7915      5.36504
      4888.40      79.1296      5.05216
      4889.80      91.5848      4.88251
      4891.20      89.1652      4.68476
      4892.60      84.1421      4.53994
      4894.00      79.6362      4.45795
      4895.40      79.5056      4.45501
      4896.80      81.3911      4.52847
      4898.20      81.7473      4.70437
      4899.60      84.2354      4.94303
      4901.00      80.7226      4.90163
      4902.40      71.6992      4.64682
      4903.80      86.4265      4.67739
      4905.20      85.7101      4.54792
      4906.60      85.4164      4.56513
      4908.00      80.5991      4.44746
      4909.40      80.5655      4.71055
      4910.80      79.7475      4.55046
      4912.20      76.2986      4.39557
      4913.60      76.8005      4.45679
      4915.00      77.6776      4.58405
      4916.40      73.8692      4.53538
      4917.80      80.6128      4.53085
      4919.20      78.0711      4.58588
      4920.60      78.0723      4.39494
      4922.00      76.4891      4.46002
      4923.40      76.8315      4.59751
      4924.80      74.1653      4.45021
      4926.20      83.1383      4.49069
      4927.60      92.1328      4.59627
      4929.00      84.4764      4.41382
      4930.40      81.4591      4.38564
      4931.80      81.2629      4.38464
      4933.20      89.2504      4.55011
      4934.60      90.7775      4.57236
      4936.00      83.3117      4.44020
      4937.40      75.1479      4.41739
      4938.80      90.3534      4.72330
      4940.20      80.2211      4.40495
      4941.60      80.7867      4.44613
      4943.00      80.2976      4.55830
      4944.40      83.4731      4.65286
      4945.80      83.3155      4.58143
      4947.20      88.8481      4.56775
      4948.60      81.9361      4.35118
      4950.00      83.7620      4.36775
      4951.40      94.2977      4.60960
      4952.80      90.2970      4.63027
      4954.20      83.4136      4.44582
      4955.60      88.9887      4.51595
      4957.00      91.1949      4.53013
      4958.40      82.6374      4.30742
      4959.80      86.3181      4.42563
      4961.20      74.3463      4.34871
      4962.60      80.9584      4.43626
      4964.00      87.0147      4.45939
      4965.40      82.8109      4.36837
      4966.80      85.6954      4.44498
      4968.20      88.1125      4.62812
      4969.60      86.4265      4.43737
      4971.00      85.8584      4.43420
      4972.40      88.8301      4.53682
      4973.80      77.1392      4.29263
      4975.20      85.0045      4.47822
      4976.60      85.0213      4.47248
      4978.00      83.0889      4.43732
      4979.40      79.6748      4.70285
      4980.80      80.7669      4.99654
      4982.20      82.2629      4.95954
      4983.60      82.8763      4.66667
      4985.00      84.8693      4.55514
      4986.40      84.2387      4.61064
      4987.80      85.0772      4.54670
      4989.20      77.7053      4.36885
      4990.60      84.9940      4.48570
      4992.00      80.6070      4.38675
      4993.40      81.3099      4.53722
      4994.80      76.9608      4.57398
      4996.20      81.9251      4.49374
      4997.60      74.0614      4.16382
      4999.00      86.8516      4.54420
