      3900.00      335.296      11.3544
      3901.40      333.594      11.2977
      3902.80      326.505      11.2641
      3904.20      346.608      11.7872
      3905.60      344.594      11.8448
      3907.00      350.306      11.9496
      3908.40      369.699      12.2939
      3909.80      388.669      12.6614
      3911.20      382.761      12.5654
      3912.60      399.185      12.8996
      3914.00      376.584      12.4987
      3915.40      378.325      12.4538
      3916.80      378.086      12.3468
      3918.20      380.794      12.5903
      3919.60      355.329      11.7515
      3921.00      371.066      12.0129
      3922.40      381.429      11.9290
      3923.80      368.719      11.5914
      3925.20      388.139      11.9040
      3926.60      375.815      11.8958
      3928.00      388.360      12.1133
      3929.40      378.537      11.7999
      3930.80      348.300      11.0408
      3932.20      321.652      10.3466
      3933.60      220.492      8.33442
      3935.00      160.397      7.24839
      3936.40      258.504      9.05900
      3937.80      349.203      10.9593
      3939.20      367.300      11.3253
      3940.60      373.924      11.8077
      3942.00      373.346      11.3700
      3943.40      373.414      11.5943
      3944.80      373.303      11.1917
      3946.20      367.843      11.1167
      3947.60      389.479      11.5395
      3949.00      376.230      11.2498
      3950.40      374.930      11.1837
      3951.80      390.056      11.4596
      3953.20      376.548      11.1411
      3954.60      376.811      11.4092
      3956.00      363.232      11.0986
      3957.40      353.808      10.9652
      3958.80      351.895      10.8349
      3960.20      356.678      10.9580
      3961.60      342.907      10.5829
      3963.00      330.500      10.3057
      3964.40      334.905      10.4124
      3965.80      314.310      10.0288
      3967.20      274.729      9.29812
      3968.60      190.822      7.76575
      3970.00      112.330      6.44952
      3971.40      149.276      7.25331
      3972.80      228.414      8.90926
      3974.20      263.983      9.67983
      3975.60      293.144      10.3449
      3977.00      314.370      10.7879
      3978.40      328.396      11.0362
      3979.80      330.201      11.1420
      3981.20      347.360      11.6057
      3982.60      345.380      11.6445
      3984.00      355.392      11.7139
      3985.40      366.595      11.8626
      3986.80      370.036      11.7872
      3988.20      365.306      11.5060
      3989.60      366.640      11.3900
      3991.00      380.270      11.4684
      3992.40      372.940      11.1422
      3993.80      374.019      11.0203
      3995.20      379.405      11.4792
      3996.60      384.414      11.1664
      3998.00      363.383      10.8239
      3999.40      370.016      10.8125
      4000.80      386.313      11.0318
      4002.20      378.388      10.8990
      4003.60      391.162      11.1361
      4005.00      385.174      11.0469
      4006.40      363.402      10.5879
      4007.80      371.293      10.5983
      4009.20      373.747      10.5959
      4010.60      383.475      10.6568
      4012.00      384.959      10.7943
      4013.40      372.557      10.5923
      4014.80      385.061      10.7448
      4016.20      383.382      10.6643
      4017.60      386.571      10.7266
      4019.00      388.716      11.1175
      4020.40      388.545      10.9242
      4021.80      387.647      10.7423
      4023.20      377.035      10.5424
      4024.60      366.470      10.3471
      4026.00      372.269      10.4721
      4027.40      365.898      10.5117
      4028.80      364.801      10.3742
      4030.20      368.928      10.2315
      4031.60      369.975      10.2925
      4033.00      375.133      10.6332
      4034.40      387.824      10.6309
      4035.80      379.403      10.4465
      4037.20      379.324      10.4398
      4038.60      384.890      10.5491
      4040.00      379.944      10.4426
      4041.40      388.016      10.6918
      4042.80      391.579      10.6309
      4044.20      394.086      10.6598
      4045.60      366.232      10.1613
      4047.00      342.895      9.88495
      4048.40      362.079      10.3703
      4049.80      366.681      10.7003
      4051.20      371.373      10.6223
      4052.60      374.220      10.5529
      4054.00      371.073      10.6358
      4055.40      363.841      10.5138
      4056.80      374.195      10.5337
      4058.20      355.881      10.1186
      4059.60      376.969      10.5242
      4061.00      377.904      10.6652
      4062.40      368.854      10.5037
      4063.80      360.574      10.2261
      4065.20      341.361      9.89983
      4066.60      370.824      10.4459
      4068.00      374.638      10.5554
      4069.40      365.838      10.4303
      4070.80      373.994      10.5748
      4072.20      357.406      10.2838
      4073.60      347.457      10.1198
      4075.00      358.771      10.3128
      4076.40      354.679      10.2320
      4077.80      358.153      10.3115
      4079.20      349.061      10.1584
      4080.60      350.334      10.1399
      4082.00      375.835      10.4941
      4083.40      370.326      10.3719
      4084.80      366.026      10.2543
      4086.20      345.947      9.86021
      4087.60      347.668      9.83763
      4089.00      356.203      9.94777
      4090.40      357.085      9.91894
      4091.80      351.051      9.76884
      4093.20      342.096      9.58973
      4094.60      317.549      9.14057
      4096.00      320.183      9.17908
      4097.40      305.050      8.85962
      4098.80      296.805      8.73949
      4100.20      273.266      8.23201
      4101.60      232.820      7.50934
      4103.00      193.515      6.82098
      4104.40      249.250      8.08647
      4105.80      288.269      8.92366
      4107.20      301.952      8.78751
      4108.60      299.593      8.69208
      4110.00      329.133      9.14215
      4111.40      327.011      9.11583
      4112.80      332.945      9.21681
      4114.20      346.867      9.42622
      4115.60      349.965      9.49077
      4117.00      345.178      9.53296
      4118.40      348.653      9.63984
      4119.80      351.514      9.90678
      4121.20      356.612      9.71283
      4122.60      343.335      9.43014
      4124.00      346.488      9.48432
      4125.40      367.714      9.77305
      4126.80      357.446      9.59016
      4128.20      360.277      9.65456
      4129.60      365.789      9.79811
      4131.00      360.381      9.71231
      4132.40      356.699      9.62132
      4133.80      343.945      9.37263
      4135.20      344.608      9.38168
      4136.60      344.626      9.38190
      4138.00      360.617      9.66806
      4139.40      358.733      9.62839
      4140.80      359.234      9.68938
      4142.20      370.413      9.89881
      4143.60      347.017      9.40670
      4145.00      348.693      9.36815
      4146.40      365.127      9.64075
      4147.80      369.033      9.70409
      4149.20      350.053      9.34913
      4150.60      364.202      9.91796
      4152.00      359.671      9.65114
      4153.40      361.766      9.55441
      4154.80      364.643      9.58122
      4156.20      362.657      9.55226
      4157.60      350.394      9.37054
      4159.00      359.999      9.54462
      4160.40      368.078      9.69768
      4161.80      367.766      9.69938
      4163.20      354.787      9.42668
      4164.60      354.313      9.34408
      4166.00      367.525      9.53434
      4167.40      349.301      9.19983
      4168.80      347.957      9.17486
      4170.20      364.129      9.46041
      4171.60      358.093      9.31548
      4173.00      335.984      8.99094
      4174.40      348.716      9.36281
      4175.80      351.086      9.26928
      4177.20      346.511      9.09618
      4178.60      349.101      9.18037
      4180.00      352.229      9.11911
      4181.40      357.516      9.23765
      4182.80      356.548      9.45235
      4184.20      357.177      9.41104
      4185.60      350.589      9.15850
      4187.00      350.181      9.09044
      4188.40      342.077      8.94901
      4189.80      349.918      9.13720
      4191.20      353.728      9.17883
      4192.60      352.010      9.07184
      4194.00      362.601      9.24022
      4195.40      360.075      9.23688
      4196.80      367.427      9.43332
      4198.20      366.798      9.41930
      4199.60      355.031      9.15096
      4201.00      343.387      8.89947
      4202.40      341.138      8.83467
      4203.80      343.227      8.87532
      4205.20      353.770      9.09407
      4206.60      363.269      9.25889
      4208.00      348.736      8.97113
      4209.40      355.675      9.09317
      4210.80      346.288      8.92502
      4212.20      361.557      9.20659
      4213.60      351.717      9.10700
      4215.00      365.382      9.33463
      4216.40      334.464      8.70187
      4217.80      340.120      8.77450
      4219.20      355.830      9.06438
      4220.60      364.491      9.27734
      4222.00      362.600      9.23795
      4223.40      360.094      9.12989
      4224.80      359.326      9.08503
      4226.20      345.114      8.84011
      4227.60      323.875      8.46895
      4229.00      338.198      8.71017
      4230.40      371.157      9.27007
      4231.80      363.809      9.14164
      4233.20      361.547      9.10418
      4234.60      340.513      8.80933
      4236.00      333.336      8.72498
      4237.40      351.544      8.95894
      4238.80      353.651      8.96542
      4240.20      359.119      9.15781
      4241.60      358.438      9.07834
      4243.00      358.530      9.04237
      4244.40      354.932      8.95588
      4245.80      353.751      9.09680
      4247.20      341.794      8.73978
      4248.60      349.795      8.88745
      4250.00      350.741      8.83728
      4251.40      342.346      8.64969
      4252.80      340.679      8.61242
      4254.20      350.724      8.81031
      4255.60      352.348      8.84777
      4257.00      351.035      8.80780
      4258.40      356.416      8.89121
      4259.80      361.663      8.97678
      4261.20      349.700      8.73552
      4262.60      359.969      8.92453
      4264.00      353.536      8.88360
      4265.40      363.264      9.08050
      4266.80      359.069      8.96470
      4268.20      361.225      8.93367
      4269.60      355.571      8.83376
      4271.00      349.441      8.72854
      4272.40      328.076      8.35851
      4273.80      334.927      8.53402
      4275.20      347.485      8.76696
      4276.60      348.433      8.69504
      4278.00      347.500      8.70423
      4279.40      363.107      8.98545
      4280.80      364.951      9.03259
      4282.20      361.960      9.01087
      4283.60      361.136      9.00786
      4285.00      355.958      8.89970
      4286.40      337.971      8.53724
      4287.80      352.906      8.75574
      4289.20      337.324      8.45213
      4290.60      330.016      8.32148
      4292.00      333.437      8.46304
      4293.40      349.211      9.28511
      4294.80      340.316      8.64190
      4296.20      343.488      8.54396
      4297.60      340.163      8.42956
      4299.00      341.086      8.68583
      4300.40      320.003      8.12330
      4301.80      333.252      10.6559
      4303.20      333.475      8.43616
      4304.60      335.270      8.46274
      4306.00      341.335      8.52470
      4307.40      334.884      8.39940
      4308.80      325.269      8.21266
      4310.20      345.717      8.55455
      4311.60      341.697      8.45936
      4313.00      339.441      8.42782
      4314.40      322.639      8.13448
      4315.80      329.668      8.25340
      4317.20      337.759      8.42813
      4318.60      334.211      8.55134
      4320.00      344.656      8.56783
      4321.40      341.962      8.51823
      4322.80      338.560      8.40721
      4324.20      336.877      8.56338
      4325.60      323.081      8.09357
      4327.00      314.621      7.92531
      4328.40      321.548      8.04515
      4329.80      318.018      8.13132
      4331.20      321.297      8.04043
      4332.60      330.330      8.21641
      4334.00      312.019      7.96956
      4335.40      316.558      7.99633
      4336.80      303.754      7.69750
      4338.20      271.329      7.10879
      4339.60      241.587      6.55211
      4341.00      195.812      5.68617
      4342.40      187.697      5.57337
      4343.80      236.001      6.44652
      4345.20      264.649      6.96365
      4346.60      295.888      7.51226
      4348.00      306.503      8.04014
      4349.40      309.354      7.81921
      4350.80      318.242      7.98319
      4352.20      312.233      7.82972
      4353.60      312.020      7.83582
      4355.00      328.483      8.15374
      4356.40      324.003      8.09045
      4357.80      330.665      8.31363
      4359.20      342.898      8.74542
      4360.60      345.528      8.84219
      4362.00      353.931      8.75034
      4363.40      340.995      8.38016
      4364.80      343.421      8.41326
      4366.20      340.954      8.53257
      4367.60      336.555      8.45911
      4369.00      350.300      8.54208
      4370.40      340.046      8.38579
      4371.80      345.022      8.61186
      4373.20      334.008      8.45663
      4374.60      338.207      8.40854
      4376.00      335.394      8.23876
      4377.40      326.763      8.08768
      4378.80      335.452      8.35500
      4380.20      348.184      8.49650
      4381.60      354.752      8.57423
      4383.00      341.845      8.35080
      4384.40      318.358      7.97437
      4385.80      327.244      8.15947
      4387.20      336.583      8.29499
      4388.60      340.186      8.32659
      4390.00      341.915      8.93906
      4391.40      346.721      8.54474
      4392.80      348.350      8.49510
      4394.20      338.066      8.27398
      4395.60      328.287      8.09221
      4397.00      319.115      7.94264
      4398.40      336.618      8.28630
      4399.80      334.661      8.29523
      4401.20      321.056      8.09500
      4402.60      344.642      8.46736
      4404.00      343.039      8.39505
      4405.40      322.168      8.02187
      4406.80      337.294      8.41727
      4408.20      335.262      8.40488
      4409.60      333.048      8.30647
      4411.00      324.168      8.09280
      4412.40      346.590      8.44958
      4413.80      352.341      8.54841
      4415.20      342.875      8.35613
      4416.60      326.703      8.07888
      4418.00      324.148      8.04252
      4419.40      317.222      7.91729
      4420.80      330.792      8.13190
      4422.20      338.726      8.25202
      4423.60      330.662      8.06257
      4425.00      336.901      8.18026
      4426.40      335.302      8.14832
      4427.80      327.077      8.03800
      4429.20      336.161      8.13848
      4430.60      325.930      7.96410
      4432.00      336.553      8.18509
      4433.40      338.044      8.20573
      4434.80      336.337      8.16833
      4436.20      329.107      8.00631
      4437.60      334.403      8.09924
      4439.00      342.889      8.23456
      4440.40      341.728      8.27619
      4441.80      346.344      8.33329
      4443.20      327.002      8.07335
      4444.60      314.628      7.83614
      4446.00      312.430      7.75093
      4447.40      328.411      8.02476
      4448.80      331.192      8.18136
      4450.20      329.576      8.17308
      4451.60      327.000      8.00455
      4453.00      333.091      8.17382
      4454.40      334.405      8.04537
      4455.80      329.366      7.93322
      4457.20      318.167      7.73488
      4458.60      328.594      7.92694
      4460.00      340.000      8.13227
      4461.40      332.443      8.01596
      4462.80      337.856      8.14318
      4464.20      328.875      8.01137
      4465.60      328.946      8.03195
      4467.00      322.896      7.90912
      4468.40      322.487      7.85616
      4469.80      318.954      7.74709
      4471.20      322.538      7.80374
      4472.60      331.526      8.00105
      4474.00      327.912      8.21266
      4475.40      330.093      8.21032
      4476.80      329.489      8.21886
      4478.20      330.115      7.97711
      4479.60      335.281      8.05001
      4481.00      329.750      7.99248
      4482.40      316.618      7.78680
      4483.80      329.599      7.98437
      4485.20      315.619      7.74089
      4486.60      322.257      7.80002
      4488.00      327.993      7.89458
      4489.40      339.402      8.09159
      4490.80      328.308      7.89119
      4492.20      327.867      7.88451
      4493.60      335.788      8.02701
      4495.00      322.691      7.78858
      4496.40      315.208      7.65662
      4497.80      332.741      7.95752
      4499.20      333.846      7.99542
      4500.60      340.175      8.14689
      4502.00      315.094      7.72124
      4503.40      322.749      7.79357
      4504.80      331.693      7.92404
      4506.20      321.327      7.73789
      4507.60      319.679      7.69352
      4509.00      320.749      7.73416
      4510.40      327.995      7.88689
      4511.80      334.495      7.96970
      4513.20      327.053      7.81404
      4514.60      328.377      7.83119
      4516.00      312.725      7.53516
      4517.40      325.790      7.75352
      4518.80      330.733      7.84797
      4520.20      328.256      7.97415
      4521.60      327.645      8.41371
      4523.00      317.255      7.82114
      4524.40      311.577      7.53454
      4525.80      319.463      7.89798
      4527.20      316.022      7.61958
      4528.60      317.870      7.62722
      4530.00      318.642      7.61815
      4531.40      317.379      7.59791
      4532.80      320.786      7.66123
      4534.20      315.579      7.60001
      4535.60      310.223      7.53693
      4537.00      316.620      7.63368
      4538.40      318.008      7.83181
      4539.80      321.903      7.88821
      4541.20      326.905      7.92734
      4542.60      333.479      7.88736
      4544.00      329.515      7.81546
      4545.40      332.359      7.87569
      4546.80      322.093      7.72263
      4548.20      335.676      7.96790
      4549.60      302.575      7.35784
      4551.00      304.301      7.38721
      4552.40      317.290      7.62492
      4553.80      319.452      7.69191
      4555.20      320.047      7.72515
      4556.60      316.286      7.63913
      4558.00      318.506      7.86960
      4559.40      316.936      7.69258
      4560.80      331.635      7.95357
      4562.20      329.157      7.89438
      4563.60      325.681      7.81842
      4565.00      311.506      7.55787
      4566.40      309.555      7.53548
      4567.80      322.442      7.75374
      4569.20      328.989      7.83587
      4570.60      322.899      8.02576
      4572.00      317.278      7.62625
      4573.40      309.443      7.52004
      4574.80      318.835      7.67924
      4576.20      326.057      7.80684
      4577.60      327.595      7.80158
      4579.00      329.142      7.78721
      4580.40      320.960      7.63679
      4581.80      319.901      7.63265
      4583.20      321.439      7.78233
      4584.60      315.196      7.52209
      4586.00      321.491      7.81969
      4587.40      319.702      7.58182
      4588.80      325.719      7.67244
      4590.20      320.113      7.57078
      4591.60      319.957      7.65753
      4593.00      316.008      7.58915
      4594.40      319.108      7.60247
      4595.80      321.599      7.60413
      4597.20      327.377      7.82563
      4598.60      329.449      7.81895
      4600.00      331.002      7.98530
      4601.40      322.400      7.60699
      4602.80      322.697      7.64803
      4604.20      326.002      7.82673
      4605.60      314.776      7.42887
      4607.00      312.965      7.39143
      4608.40      324.329      7.58001
      4609.80      319.649      7.51302
      4611.20      319.930      7.52192
      4612.60      329.403      7.72322
      4614.00      321.317      7.59970
      4615.40      326.959      7.67203
      4616.80      320.802      7.54020
      4618.20      320.513      7.53633
      4619.60      316.028      7.46031
      4621.00      326.599      7.63417
      4622.40      312.143      7.36643
      4623.80      327.426      7.65396
      4625.20      325.168      7.66180
      4626.60      326.797      7.69925
      4628.00      317.554      7.50915
      4629.40      327.195      7.61974
      4630.80      309.826      7.30906
      4632.20      316.709      7.42974
      4633.60      327.351      7.63063
      4635.00      316.536      7.48096
      4636.40      313.190      7.58841
      4637.80      318.881      7.60256
      4639.20      320.580      7.51919
      4640.60      311.068      7.33300
      4642.00      318.634      7.45820
      4643.40      321.395      7.50306
      4644.80      324.063      7.55791
      4646.20      316.986      7.42963
      4647.60      316.139      7.41690
      4649.00      319.823      7.54113
      4650.40      320.833      7.52519
      4651.80      310.735      7.33383
      4653.20      317.407      7.45304
      4654.60      318.017      7.48490
      4656.00      316.030      7.71994
      4657.40      314.467      7.44564
      4658.80      318.212      7.56097
      4660.20      317.096      7.56493
      4661.60      316.197      7.48725
      4663.00      319.443      7.51603
      4664.40      311.485      7.40007
      4665.80      315.794      7.49215
      4667.20      318.861      7.65241
      4668.60      311.727      7.37676
      4670.00      321.291      7.52328
      4671.40      317.954      7.46585
      4672.80      315.482      7.42084
      4674.20      316.587      7.48439
      4675.60      315.939      7.42072
      4677.00      314.779      7.39342
      4678.40      314.249      7.44072
      4679.80      309.020      7.30371
      4681.20      310.795      7.32267
      4682.60      313.061      7.37849
      4684.00      314.957      7.45526
      4685.40      324.504      7.60096
      4686.80      312.957      7.37271
      4688.20      319.902      7.46112
      4689.60      322.218      7.49638
      4691.00      323.696      7.52584
      4692.40      309.970      7.26856
      4693.80      314.221      7.33444
      4695.20      307.514      7.21139
      4696.60      317.488      7.38320
      4698.00      315.771      7.35424
      4699.40      313.846      7.31819
      4700.80      319.497      7.48140
      4702.20      316.074      7.47211
      4703.60      315.151      7.35652
      4705.00      299.655      7.14003
      4706.40      318.308      7.49736
      4707.80      313.251      7.38950
      4709.20      311.332      7.32753
      4710.60      320.436      7.46769
      4712.00      317.120      7.45975
      4713.40      320.060      7.49927
      4714.80      317.070      7.47183
      4716.20      307.561      7.27068
      4717.60      313.719      7.41255
      4719.00      320.050      7.59291
      4720.40      314.642      7.54855
      4721.80      316.055      7.52985
      4723.20      315.604      7.49041
      4724.60      315.526      7.42837
      4726.00      313.836      7.40432
      4727.40      315.590      7.45569
      4728.80      319.268      7.73245
      4730.20      314.893      7.42536
      4731.60      316.483      7.45026
      4733.00      312.854      7.38635
      4734.40      309.253      7.36198
      4735.80      326.388      7.66755
      4737.20      311.348      7.34632
      4738.60      311.796      7.35026
      4740.00      316.591      7.46725
      4741.40      311.353      7.39568
      4742.80      309.305      7.33716
      4744.20      318.302      7.56920
      4745.60      315.101      7.44738
      4747.00      315.551      7.45180
      4748.40      315.955      7.45572
      4749.80      310.495      7.33429
      4751.20      309.833      7.31608
      4752.60      315.849      7.39097
      4754.00      316.796      7.35152
      4755.40      317.680      7.39153
      4756.80      312.836      7.44604
      4758.20      317.625      7.41102
      4759.60      305.846      7.18878
      4761.00      303.508      7.08574
      4762.40      316.765      7.30091
      4763.80      317.851      7.31575
      4765.20      307.867      7.13525
      4766.60      305.534      7.12702
      4768.00      303.863      7.12552
      4769.40      304.943      7.16841
      4770.80      309.045      7.25142
      4772.20      310.218      7.23405
      4773.60      311.787      7.27830
      4775.00      317.268      7.38590
      4776.40      310.007      7.23754
      4777.80      299.738      7.02197
      4779.20      303.619      7.06038
      4780.60      308.522      7.12535
      4782.00      305.906      7.05555
      4783.40      310.694      7.13890
      4784.80      314.009      7.20192
      4786.20      306.702      7.08088
      4787.60      315.836      7.28567
      4789.00      315.354      7.51197
      4790.40      305.262      7.19402
      4791.80      309.604      7.13333
      4793.20      310.572      7.35062
      4794.60      310.212      7.29356
      4796.00      305.312      7.09278
      4797.40      308.260      7.09406
      4798.80      302.719      6.99105
      4800.20      313.245      7.17381
      4801.60      304.839      7.03986
      4803.00      307.610      7.12154
      4804.40      307.924      7.13390
      4805.80      304.720      7.06437
      4807.20      307.336      7.11338
      4808.60      308.745      7.15341
      4810.00      305.713      7.06844
      4811.40      309.546      7.10814
      4812.80      306.762      7.06208
      4814.20      307.561      7.08293
      4815.60      306.122      7.06193
      4817.00      296.773      6.88921
      4818.40      314.054      7.19553
      4819.80      307.703      7.12397
      4821.20      301.696      7.04367
      4822.60      298.086      6.92269
      4824.00      299.702      6.96521
      4825.40      299.205      6.91817
      4826.80      301.053      7.03259
      4828.20      301.017      7.00794
      4829.60      301.215      7.02744
      4831.00      299.861      6.97591
      4832.40      294.603      6.96268
      4833.80      303.351      7.06177
      4835.20      296.544      6.92504
      4836.60      301.561      7.00315
      4838.00      300.888      6.94724
      4839.40      295.585      6.90319
      4840.80      293.233      6.81326
      4842.20      293.609      6.81601
      4843.60      297.793      6.89609
      4845.00      301.933      6.96967
      4846.40      302.804      7.00233
      4847.80      294.210      6.85578
      4849.20      289.850      6.76583
      4850.60      299.253      6.91708
      4852.00      275.270      6.92158
      4853.40      277.655      6.96834
      4854.80      276.246      6.56135
      4856.20      272.205      6.47653
      4857.60      265.385      6.35564
      4859.00      255.931      6.21295
      4860.40      234.951      5.82292
      4861.80      181.621      4.86423
      4863.20      161.469      4.51768
      4864.60      203.621      5.23776
      4866.00      242.706      5.94364
      4867.40      265.693      6.36818
      4868.80      270.832      6.49573
      4870.20      272.584      6.52736
      4871.60      272.851      6.51738
      4873.00      280.113      6.64297
      4874.40      280.468      6.73955
      4875.80      282.463      6.78726
      4877.20      297.657      6.94810
      4878.60      288.186      6.79445
      4880.00      296.079      6.95204
      4881.40      288.827      6.86063
      4882.80      295.444      6.92261
      4884.20      297.626      6.96641
      4885.60      297.662      6.95879
      4887.00      291.194      6.87854
      4888.40      296.776      6.92434
      4889.80      292.128      6.90645
      4891.20      295.915      6.94954
      4892.60      283.595      6.77237
      4894.00      295.369      7.07514
      4895.40      292.170      7.18205
      4896.80      293.773      7.10948
      4898.20      295.614      6.96843
      4899.60      295.121      6.96657
      4901.00      292.557      6.80127
      4902.40      298.138      6.89320
      4903.80      298.877      6.93322
      4905.20      298.601      6.93638
      4906.60      298.446      6.92362
      4908.00      293.159      6.80301
      4909.40      297.978      6.89337
      4910.80      304.460      6.99840
      4912.20      302.806      7.26474
      4913.60      301.163      6.98709
      4915.00      296.587      6.86170
      4916.40      299.300      6.91030
      4917.80      297.010      6.84119
      4919.20      290.830      6.75315
      4920.60      297.689      6.85947
      4922.00      289.804      6.71194
      4923.40      287.467      6.69251
      4924.80      286.552      6.63270
      4926.20      289.198      6.67450
      4927.60      297.224      6.81227
      4929.00      299.905      6.84445
      4930.40      307.352      6.96311
      4931.80      295.346      6.74554
      4933.20      302.631      6.88570
      4934.60      289.346      6.64862
      4936.00      283.920      6.55418
      4937.40      296.620      6.77463
      4938.80      301.072      6.86919
      4940.20      292.695      6.72711
      4941.60      294.493      6.75493
      4943.00      302.782      6.98080
      4944.40      303.140      6.98049
      4945.80      301.987      6.98564
      4947.20      290.573      6.78430
      4948.60      296.951      6.81886
      4950.00      296.905      6.77665
      4951.40      300.482      6.84236
      4952.80      287.024      6.60973
      4954.20      302.716      6.89142
      4955.60      294.062      6.76209
      4957.00      302.703      6.92896
      4958.40      288.932      6.67630
      4959.80      294.608      6.75260
      4961.20      298.068      6.80032
      4962.60      306.284      6.94290
      4964.00      299.721      6.81613
      4965.40      286.982      6.60934
      4966.80      295.880      6.78632
      4968.20      303.965      6.93874
      4969.60      303.451      6.90666
      4971.00      296.705      6.77792
      4972.40      289.822      6.66638
      4973.80      295.188      6.80419
      4975.20      297.074      6.88132
      4976.60      301.683      7.01318
      4978.00      297.525      6.90202
      4979.40      290.889      6.70105
      4980.80      292.062      6.73471
      4982.20      291.128      6.71630
      4983.60      306.559      6.96794
      4985.00      287.243      6.62308
      4986.40      291.924      6.70472
      4987.80      294.998      6.80751
      4989.20      296.353      6.77832
      4990.60      293.411      6.70014
      4992.00      294.715      6.78294
      4993.40      295.428      6.75405
      4994.80      294.490      6.73904
      4996.20      297.646      6.79043
      4997.60      298.062      6.79486
      4999.00      296.292      6.75150
