      3900.00      389.383      16.9661
      3901.40      401.175      17.0269
      3902.80      442.771      17.7212
      3904.20      446.071      17.7927
      3905.60      472.392      18.2145
      3907.00      474.104      18.2441
      3908.40      495.391      18.6985
      3909.80      473.702      18.5428
      3911.20      480.358      18.0756
      3912.60      495.095      18.1434
      3914.00      460.666      17.4194
      3915.40      483.060      17.7457
      3916.80      488.641      18.1635
      3918.20      476.601      17.4370
      3919.60      456.356      17.0244
      3921.00      494.290      17.6881
      3922.40      479.423      17.2675
      3923.80      486.469      17.4494
      3925.20      490.654      17.5998
      3926.60      476.281      17.1206
      3928.00      488.005      17.2455
      3929.40      445.197      16.3255
      3930.80      392.554      15.0773
      3932.20      297.085      13.0881
      3933.60      251.702      12.2857
      3935.00      360.045      14.3841
      3936.40      425.096      15.7422
      3937.80      450.733      16.2616
      3939.20      479.709      17.1141
      3940.60      477.832      17.0550
      3942.00      486.493      17.1019
      3943.40      461.620      16.7015
      3944.80      475.274      17.0676
      3946.20      480.251      17.0884
      3947.60      460.902      16.7357
      3949.00      469.559      16.9828
      3950.40      437.960      16.3707
      3951.80      483.666      17.1501
      3953.20      458.555      16.5874
      3954.60      449.856      16.4847
      3956.00      442.062      16.4714
      3957.40      435.972      16.4780
      3958.80      423.032      16.3481
      3960.20      400.116      16.0520
      3961.60      344.120      15.5964
      3963.00      347.278      20.2584
      3964.40      339.202      15.6458
      3965.80      277.406      14.5040
      3967.20      190.370      12.5679
      3968.60      135.815      11.0690
      3970.00      167.163      11.5162
      3971.40      221.585      12.3489
      3972.80      280.449      13.2546
      3974.20      328.798      13.9991
      3975.60      377.070      14.7918
      3977.00      407.322      15.1785
      3978.40      413.359      15.1302
      3979.80      437.683      15.6784
      3981.20      469.705      16.2117
      3982.60      454.427      15.9317
      3984.00      457.555      15.8977
      3985.40      445.228      15.5200
      3986.80      456.187      15.5751
      3988.20      468.821      15.7508
      3989.60      453.528      15.8512
      3991.00      473.227      15.7480
      3992.40      458.273      15.4431
      3993.80      469.056      15.6883
      3995.20      474.864      15.8707
      3996.60      468.068      15.6332
      3998.00      474.182      15.6371
      3999.40      472.998      15.6493
      4000.80      495.162      15.9765
      4002.20      481.249      15.6645
      4003.60      456.777      15.2391
      4005.00      447.978      15.0245
      4006.40      472.853      15.4602
      4007.80      497.610      15.8871
      4009.20      498.433      15.8210
      4010.60      475.390      15.3955
      4012.00      482.912      15.6071
      4013.40      491.672      15.7450
      4014.80      497.564      15.9105
      4016.20      471.962      15.4714
      4017.60      463.134      15.3988
      4019.00      477.293      15.6251
      4020.40      501.786      15.9081
      4021.80      463.969      15.3092
      4023.20      490.278      15.6982
      4024.60      471.710      15.3770
      4026.00      497.233      15.7739
      4027.40      479.676      15.5073
      4028.80      462.951      15.2605
      4030.20      484.444      15.7260
      4031.60      492.284      15.9389
      4033.00      476.410      15.6057
      4034.40      452.524      15.0590
      4035.80      466.860      15.3161
      4037.20      451.338      14.9717
      4038.60      483.477      15.5313
      4040.00      468.766      15.3521
      4041.40      465.736      15.3346
      4042.80      472.026      15.5228
      4044.20      440.969      14.9939
      4045.60      432.603      15.0111
      4047.00      456.341      15.4868
      4048.40      457.379      15.5597
      4049.80      453.429      16.1435
      4051.20      476.439      15.7969
      4052.60      463.018      15.6298
      4054.00      455.160      15.3680
      4055.40      458.814      15.3858
      4056.80      476.380      15.6713
      4058.20      472.064      15.5492
      4059.60      458.178      15.3434
      4061.00      472.843      15.5988
      4062.40      465.449      15.4115
      4063.80      456.639      15.5132
      4065.20      470.100      15.5047
      4066.60      462.361      15.3405
      4068.00      452.964      15.1244
      4069.40      460.158      15.5859
      4070.80      432.196      14.6689
      4072.20      439.875      14.6647
      4073.60      436.443      14.4665
      4075.00      466.802      14.9876
      4076.40      454.360      14.8185
      4077.80      430.128      14.4833
      4079.20      435.398      14.5533
      4080.60      473.195      15.2027
      4082.00      452.914      14.6970
      4083.40      435.365      14.2026
      4084.80      444.215      14.3398
      4086.20      424.447      14.1272
      4087.60      427.441      13.9881
      4089.00      428.535      14.1795
      4090.40      410.880      13.5790
      4091.80      382.970      13.0402
      4093.20      377.729      12.9253
      4094.60      363.535      12.7209
      4096.00      340.965      12.2399
      4097.40      314.781      11.7523
      4098.80      244.311      10.3900
      4100.20      204.576      9.47829
      4101.60      164.829      8.50636
      4103.00      218.535      9.56030
      4104.40      256.348      10.4179
      4105.80      307.126      11.4682
      4107.20      343.717      12.2171
      4108.60      362.311      12.5599
      4110.00      370.302      12.5605
      4111.40      382.922      12.8070
      4112.80      403.841      13.2661
      4114.20      423.254      13.7374
      4115.60      417.187      13.7320
      4117.00      432.927      13.9567
      4118.40      442.978      14.0443
      4119.80      447.356      14.1502
      4121.20      434.255      13.8919
      4122.60      463.446      14.3448
      4124.00      456.508      14.2639
      4125.40      446.371      14.0870
      4126.80      440.980      14.2932
      4128.20      440.073      14.0874
      4129.60      444.279      13.9480
      4131.00      420.751      13.4677
      4132.40      434.030      13.6914
      4133.80      434.578      13.7620
      4135.20      438.182      13.8468
      4136.60      455.053      14.1308
      4138.00      411.535      13.2553
      4139.40      445.729      13.8554
      4140.80      446.798      14.1242
      4142.20      443.343      13.7443
      4143.60      434.960      13.4942
      4145.00      417.240      13.1018
      4146.40      454.003      13.8575
      4147.80      444.591      13.7743
      4149.20      455.710      13.9341
      4150.60      451.019      13.7691
      4152.00      458.898      13.7540
      4153.40      439.180      13.3159
      4154.80      448.909      13.5175
      4156.20      434.883      13.3224
      4157.60      435.897      13.4329
      4159.00      434.368      13.3721
      4160.40      446.876      13.4161
      4161.80      437.321      13.2076
      4163.20      424.056      13.0737
      4164.60      440.263      13.5111
      4166.00      449.837      13.6652
      4167.40      454.269      13.5756
      4168.80      446.554      13.3526
      4170.20      422.147      12.8657
      4171.60      430.964      12.9943
      4173.00      428.739      12.9643
      4174.40      437.678      13.2052
      4175.80      432.649      13.3156
      4177.20      436.642      13.3566
      4178.60      430.096      13.0165
      4180.00      415.753      12.6270
      4181.40      437.834      13.0699
      4182.80      446.099      13.3882
      4184.20      437.248      13.1585
      4185.60      446.787      13.3075
      4187.00      410.489      12.6530
      4188.40      430.849      13.0067
      4189.80      432.246      13.0273
      4191.20      413.556      12.6809
      4192.60      406.775      12.4548
      4194.00      409.711      12.5028
      4195.40      430.987      12.9866
      4196.80      427.531      12.9403
      4198.20      411.822      12.5982
      4199.60      421.365      12.7756
      4201.00      439.741      13.1356
      4202.40      424.023      12.8710
      4203.80      427.333      12.9125
      4205.20      442.238      13.1303
      4206.60      436.401      13.0994
      4208.00      427.735      13.0844
      4209.40      430.423      13.2237
      4210.80      453.510      13.4776
      4212.20      411.070      12.4797
      4213.60      430.008      12.7523
      4215.00      406.929      12.2998
      4216.40      425.396      12.6591
      4217.80      426.945      12.7745
      4219.20      428.573      12.8552
      4220.60      442.148      13.1153
      4222.00      437.772      12.8833
      4223.40      428.604      12.6684
      4224.80      420.700      12.5677
      4226.20      394.246      12.2026
      4227.60      406.779      12.3896
      4229.00      419.365      12.4523
      4230.40      440.050      12.7553
      4231.80      421.991      12.4884
      4233.20      425.807      12.6703
      4234.60      417.914      12.4678
      4236.00      423.395      12.7183
      4237.40      420.247      12.6541
      4238.80      434.820      12.6876
      4240.20      425.184      12.5853
      4241.60      418.090      12.4237
      4243.00      421.011      12.6332
      4244.40      410.482      12.3126
      4245.80      401.012      12.2830
      4247.20      416.471      12.5836
      4248.60      429.293      12.7290
      4250.00      393.542      11.9351
      4251.40      420.959      12.5700
      4252.80      414.654      12.2132
      4254.20      430.372      12.5018
      4255.60      420.051      12.4718
      4257.00      426.435      12.6586
      4258.40      427.263      12.5719
      4259.80      429.822      12.4700
      4261.20      424.477      12.3543
      4262.60      437.910      12.6248
      4264.00      449.771      12.8898
      4265.40      432.856      12.6073
      4266.80      408.448      12.0789
      4268.20      446.424      12.8388
      4269.60      415.774      12.3060
      4271.00      388.953      11.8683
      4272.40      404.807      12.1191
      4273.80      405.540      12.1125
      4275.20      404.807      12.2123
      4276.60      423.003      12.3456
      4278.00      426.190      12.4253
      4279.40      430.500      12.5065
      4280.80      424.260      12.4326
      4282.20      428.881      12.4082
      4283.60      430.380      12.6032
      4285.00      417.795      12.1842
      4286.40      409.795      12.0513
      4287.80      403.715      11.9958
      4289.20      408.074      12.1060
      4290.60      384.328      11.6970
      4292.00      403.098      12.0144
      4293.40      398.398      11.8325
      4294.80      401.344      11.7468
      4296.20      402.586      11.7851
      4297.60      402.495      12.0535
      4299.00      387.910      11.4647
      4300.40      395.027      11.5780
      4301.80      401.617      11.7035
      4303.20      398.751      11.6579
      4304.60      399.304      11.8845
      4306.00      399.121      11.6379
      4307.40      382.676      11.3412
      4308.80      395.837      11.5631
      4310.20      402.470      11.8534
      4311.60      396.262      11.5549
      4313.00      364.466      10.9417
      4314.40      363.308      10.9632
      4315.80      383.475      11.3333
      4317.20      385.472      11.4550
      4318.60      385.868      11.4735
      4320.00      378.681      11.2859
      4321.40      393.399      11.5586
      4322.80      388.746      11.4557
      4324.20      379.830      11.1885
      4325.60      347.281      10.5540
      4327.00      351.528      10.7463
      4328.40      345.219      11.0468
      4329.80      337.835      10.8848
      4331.20      336.370      10.4644
      4332.60      324.587      10.2476
      4334.00      314.565      9.97972
      4335.40      292.565      9.55870
      4336.80      253.447      8.83181
      4338.20      198.450      7.81728
      4339.60      161.416      7.09966
      4341.00      185.037      7.56701
      4342.40      235.477      8.53922
      4343.80      267.611      9.07970
      4345.20      294.058      9.74595
      4346.60      310.140      10.0430
      4348.00      346.688      10.6305
      4349.40      339.325      10.5668
      4350.80      349.044      10.7377
      4352.20      353.626      10.7951
      4353.60      372.526      11.2177
      4355.00      368.247      11.0258
      4356.40      376.336      11.1308
      4357.80      379.431      11.4160
      4359.20      384.820      11.8048
      4360.60      392.533      11.9067
      4362.00      412.347      11.9739
      4363.40      409.431      11.7475
      4364.80      391.315      11.3124
      4366.20      378.809      11.0730
      4367.60      385.957      11.2593
      4369.00      399.142      11.4934
      4370.40      389.450      11.4707
      4371.80      385.551      11.3196
      4373.20      400.765      11.5306
      4374.60      391.245      11.4776
      4376.00      397.825      11.5963
      4377.40      397.117      11.5270
      4378.80      394.545      11.4228
      4380.20      391.729      11.4532
      4381.60      383.722      11.2528
      4383.00      376.661      11.1137
      4384.40      387.129      11.3238
      4385.80      390.490      11.3370
      4387.20      391.418      11.3206
      4388.60      393.746      11.3989
      4390.00      399.587      11.6572
      4391.40      389.671      11.3004
      4392.80      390.987      11.6539
      4394.20      399.707      11.3526
      4395.60      383.300      11.0231
      4397.00      401.747      11.3733
      4398.40      383.487      11.0974
      4399.80      378.884      10.9513
      4401.20      395.991      11.2180
      4402.60      390.344      11.3281
      4404.00      371.700      11.0928
      4405.40      386.256      11.3179
      4406.80      410.273      11.5236
      4408.20      394.763      11.1726
      4409.60      386.628      11.1194
      4411.00      407.793      11.5249
      4412.40      380.519      11.0287
      4413.80      388.504      11.0823
      4415.20      366.084      10.6247
      4416.60      388.120      10.9429
      4418.00      389.811      10.9764
      4419.40      391.924      11.0207
      4420.80      390.786      11.0367
      4422.20      396.133      11.3635
      4423.60      401.145      11.3253
      4425.00      394.522      11.2335
      4426.40      387.174      11.0606
      4427.80      387.508      10.9418
      4429.20      390.447      10.9417
      4430.60      383.412      10.8033
      4432.00      387.114      10.8705
      4433.40      394.913      11.1129
      4434.80      378.403      10.9040
      4436.20      382.932      10.9358
      4437.60      395.652      11.2731
      4439.00      389.275      10.9056
      4440.40      389.324      10.9029
      4441.80      388.178      10.8938
      4443.20      365.838      10.5166
      4444.60      373.625      10.6737
      4446.00      387.943      10.8351
      4447.40      401.211      11.1012
      4448.80      382.435      10.7488
      4450.20      367.874      10.4850
      4451.60      370.227      10.6296
      4453.00      373.793      10.7221
      4454.40      374.387      10.6404
      4455.80      377.124      10.6709
      4457.20      383.412      10.7325
      4458.60      388.658      10.7877
      4460.00      393.899      10.9088
      4461.40      382.631      10.7301
      4462.80      381.871      10.7667
      4464.20      374.042      10.6165
      4465.60      375.434      10.6293
      4467.00      367.641      10.4483
      4468.40      362.955      10.3520
      4469.80      380.482      10.7154
      4471.20      389.033      10.8544
      4472.60      381.286      10.6742
      4474.00      371.806      10.4977
      4475.40      373.872      10.5421
      4476.80      373.547      10.6491
      4478.20      378.689      10.6927
      4479.60      373.597      10.5245
      4481.00      355.065      10.1978
      4482.40      358.160      10.2523
      4483.80      387.977      10.8226
      4485.20      391.574      10.9055
      4486.60      389.508      10.8716
      4488.00      394.214      11.2425
      4489.40      396.473      10.8989
      4490.80      371.680      10.4428
      4492.20      382.716      10.6617
      4493.60      373.903      10.4869
      4495.00      381.811      10.6197
      4496.40      382.144      10.5817
      4497.80      382.046      10.5644
      4499.20      361.321      10.1668
      4500.60      369.824      10.3367
      4502.00      367.026      10.2685
      4503.40      362.110      10.1623
      4504.80      370.340      10.3441
      4506.20      386.696      10.6594
      4507.60      375.525      10.5043
      4509.00      381.119      10.6038
      4510.40      370.956      10.3460
      4511.80      378.805      10.4172
      4513.20      367.316      10.2112
      4514.60      367.953      10.2511
      4516.00      371.210      10.2987
      4517.40      376.705      10.6931
      4518.80      376.594      10.4402
      4520.20      375.836      10.4317
      4521.60      366.837      10.3245
      4523.00      352.380      10.0060
      4524.40      383.195      10.5996
      4525.80      366.265      10.2683
      4527.20      376.851      10.4808
      4528.60      346.579      9.94275
      4530.00      357.227      10.1428
      4531.40      377.261      10.5292
      4532.80      356.410      10.1581
      4534.20      353.826      10.1733
      4535.60      379.153      10.6293
      4537.00      383.247      11.9059
      4538.40      386.981      11.1156
      4539.80      378.261      10.6310
      4541.20      386.820      10.8578
      4542.60      387.049      10.7300
      4544.00      372.900      10.4200
      4545.40      362.595      10.3707
      4546.80      356.263      10.1377
      4548.20      357.859      10.1701
      4549.60      346.681      9.80005
      4551.00      363.543      10.0838
      4552.40      375.081      10.4159
      4553.80      362.360      10.1801
      4555.20      363.738      10.1447
      4556.60      370.212      10.2198
      4558.00      377.651      10.3704
      4559.40      381.916      10.4489
      4560.80      375.302      10.2298
      4562.20      371.429      10.1370
      4563.60      368.372      10.0462
      4565.00      371.997      10.1946
      4566.40      380.431      10.3695
      4567.80      375.065      10.2648
      4569.20      378.699      10.2210
      4570.60      360.865      9.90859
      4572.00      377.056      10.1813
      4573.40      371.972      10.0865
      4574.80      369.468      10.0041
      4576.20      379.930      10.1909
      4577.60      377.668      10.1802
      4579.00      388.544      10.3724
      4580.40      376.214      10.1438
      4581.80      362.649      9.84392
      4583.20      343.304      9.50875
      4584.60      362.299      10.0559
      4586.00      369.513      10.1684
      4587.40      365.277      9.89417
      4588.80      358.848      9.75833
      4590.20      367.347      9.94308
      4591.60      375.379      10.1363
      4593.00      368.453      10.0421
      4594.40      384.457      10.2736
      4595.80      392.602      10.4269
      4597.20      381.229      10.2395
      4598.60      374.844      10.0732
      4600.00      385.324      10.1911
      4601.40      368.488      9.87311
      4602.80      374.857      10.0234
      4604.20      370.697      9.93519
      4605.60      360.473      9.80139
      4607.00      372.010      10.1226
      4608.40      373.574      10.0086
      4609.80      359.762      9.71284
      4611.20      369.292      9.91435
      4612.60      364.979      9.88849
      4614.00      387.520      10.2557
      4615.40      380.084      10.1121
      4616.80      370.333      10.0277
      4618.20      365.498      9.77219
      4619.60      379.916      10.0499
      4621.00      371.252      9.94741
      4622.40      360.665      9.80039
      4623.80      367.807      10.4009
      4625.20      369.069      9.93653
      4626.60      374.232      10.0626
      4628.00      361.918      9.83832
      4629.40      368.620      9.90692
      4630.80      366.710      9.83298
      4632.20      361.281      9.74679
      4633.60      374.632      10.0182
      4635.00      367.730      9.90801
      4636.40      364.442      9.87263
      4637.80      366.391      9.83151
      4639.20      363.590      9.78088
      4640.60      361.514      9.75865
      4642.00      375.153      10.1026
      4643.40      371.701      10.1285
      4644.80      383.407      10.4040
      4646.20      358.595      9.75975
      4647.60      356.603      9.66083
      4649.00      362.383      9.69459
      4650.40      372.777      9.85258
      4651.80      377.688      9.94268
      4653.20      359.358      9.66502
      4654.60      371.577      9.89165
      4656.00      364.793      9.75877
      4657.40      361.952      9.73033
      4658.80      375.081      9.99091
      4660.20      384.655      10.1881
      4661.60      370.193      9.79282
      4663.00      360.348      9.58007
      4664.40      371.555      9.78656
      4665.80      355.662      9.53528
      4667.20      360.837      9.63064
      4668.60      359.379      9.58101
      4670.00      360.610      9.62747
      4671.40      353.489      9.58131
      4672.80      366.355      9.93700
      4674.20      360.783      9.95023
      4675.60      351.227      9.64812
      4677.00      358.129      9.63327
      4678.40      356.541      9.56617
      4679.80      358.711      9.59395
      4681.20      363.192      9.73032
      4682.60      362.050      9.70535
      4684.00      355.734      9.66623
      4685.40      364.370      9.78740
      4686.80      368.627      9.78702
      4688.20      362.540      9.70679
      4689.60      366.228      9.76279
      4691.00      360.663      9.62173
      4692.40      373.039      9.87170
      4693.80      345.651      9.43024
      4695.20      364.739      9.86967
      4696.60      358.990      9.77062
      4698.00      334.649      9.28575
      4699.40      352.113      9.55952
      4700.80      368.047      9.90339
      4702.20      361.651      9.89645
      4703.60      368.473      9.89555
      4705.00      377.862      10.0520
      4706.40      370.198      9.94165
      4707.80      369.644      9.90906
      4709.20      354.643      9.58425
      4710.60      358.635      9.64226
      4712.00      361.880      9.67927
      4713.40      346.173      9.36309
      4714.80      366.267      9.73878
      4716.20      346.565      9.47014
      4717.60      365.841      9.78024
      4719.00      361.977      9.74498
      4720.40      356.811      9.67530
      4721.80      359.391      9.69513
      4723.20      361.260      9.84028
      4724.60      358.649      9.64265
      4726.00      354.486      9.55527
      4727.40      351.202      9.46501
      4728.80      353.853      9.66232
      4730.20      349.012      9.36047
      4731.60      354.552      9.44200
      4733.00      349.962      9.34406
      4734.40      364.017      9.57046
      4735.80      358.699      9.71949
      4737.20      358.675      9.53980
      4738.60      360.029      9.70650
      4740.00      356.605      9.66585
      4741.40      354.323      9.54515
      4742.80      354.051      9.45891
      4744.20      352.605      9.42985
      4745.60      356.410      9.51958
      4747.00      351.548      9.30261
      4748.40      352.538      9.24862
      4749.80      348.809      9.22313
      4751.20      352.613      9.30730
      4752.60      353.870      9.34848
      4754.00      366.484      9.58321
      4755.40      349.401      9.40728
      4756.80      347.450      9.19749
      4758.20      334.188      8.94168
      4759.60      353.803      9.27024
      4761.00      348.713      9.16278
      4762.40      361.543      9.39714
      4763.80      352.730      9.24400
      4765.20      357.100      9.32432
      4766.60      353.122      9.28633
      4768.00      346.438      9.19221
      4769.40      353.073      9.33319
      4770.80      351.433      9.27485
      4772.20      345.980      9.16198
      4773.60      348.032      9.14700
      4775.00      345.237      9.13789
      4776.40      360.373      9.61567
      4777.80      340.933      9.24848
      4779.20      333.649      8.96216
      4780.60      349.422      9.15898
      4782.00      345.855      9.05500
      4783.40      350.778      9.12645
      4784.80      355.429      9.22058
      4786.20      357.313      9.29937
      4787.60      351.271      9.22832
      4789.00      344.908      9.08664
      4790.40      340.978      8.96274
      4791.80      338.561      9.10607
      4793.20      341.482      8.99306
      4794.60      335.907      8.88020
      4796.00      345.224      9.04194
      4797.40      336.757      8.87620
      4798.80      344.992      9.04363
      4800.20      343.756      9.03523
      4801.60      348.905      9.12023
      4803.00      345.703      9.04696
      4804.40      342.522      9.10879
      4805.80      354.184      9.25057
      4807.20      341.298      9.04882
      4808.60      343.329      9.06745
      4810.00      340.158      8.96093
      4811.40      351.670      9.16785
      4812.80      359.763      9.36844
      4814.20      357.978      9.42632
      4815.60      349.404      9.78125
      4817.00      342.854      9.16934
      4818.40      350.406      9.13267
      4819.80      339.680      8.98465
      4821.20      333.471      8.88238
      4822.60      335.402      8.88004
      4824.00      342.209      8.97299
      4825.40      331.818      8.80486
      4826.80      334.862      8.94878
      4828.20      335.327      8.91901
      4829.60      336.423      8.98322
      4831.00      344.130      9.16928
      4832.40      337.933      9.34851
      4833.80      337.975      9.07730
      4835.20      333.967      8.95397
      4836.60      332.927      8.87824
      4838.00      333.666      8.94509
      4839.40      325.416      8.77187
      4840.80      334.092      8.93214
      4842.20      335.467      8.95009
      4843.60      325.902      8.76697
      4845.00      312.377      8.52263
      4846.40      319.629      8.68902
      4847.80      307.477      8.48346
      4849.20      307.477      8.45647
      4850.60      296.419      8.22470
      4852.00      290.281      8.19828
      4853.40      286.060      8.08218
      4854.80      277.793      7.93690
      4856.20      254.866      7.43394
      4857.60      239.211      7.12121
      4859.00      195.677      6.31658
      4860.40      157.879      5.67769
      4861.80      164.972      5.81097
      4863.20      204.714      6.48989
      4864.60      227.829      6.98467
      4866.00      262.828      7.65905
      4867.40      277.487      7.95319
      4868.80      288.469      8.07038
      4870.20      297.874      8.22061
      4871.60      294.082      8.14891
      4873.00      304.847      8.46579
      4874.40      308.905      8.33013
      4875.80      318.935      8.50674
      4877.20      314.560      8.42614
      4878.60      316.088      8.45128
      4880.00      327.141      8.62291
      4881.40      328.554      8.76112
      4882.80      324.022      8.64587
      4884.20      336.649      8.89934
      4885.60      331.325      8.83545
      4887.00      322.347      8.60332
      4888.40      328.943      8.65836
      4889.80      315.960      8.41455
      4891.20      312.298      8.29952
      4892.60      327.129      8.52205
      4894.00      337.715      8.80396
      4895.40      329.846      8.60086
      4896.80      332.000      8.64589
      4898.20      326.642      8.51085
      4899.60      328.093      8.63181
      4901.00      331.008      8.65550
      4902.40      321.880      8.49029
      4903.80      331.908      8.59095
      4905.20      332.944      8.63540
      4906.60      329.661      8.62370
      4908.00      332.536      8.87259
      4909.40      335.160      8.71369
      4910.80      337.716      8.77703
      4912.20      326.749      8.57056
      4913.60      327.644      8.51709
      4915.00      325.043      8.44471
      4916.40      322.580      8.65629
      4917.80      327.633      8.57610
      4919.20      319.658      8.39316
      4920.60      318.654      8.40595
      4922.00      315.042      8.29632
      4923.40      311.097      8.19761
      4924.80      311.989      8.20995
      4926.20      328.927      8.52343
      4927.60      339.905      8.69744
      4929.00      330.286      8.51812
      4930.40      324.187      8.44373
      4931.80      330.998      8.53830
      4933.20      333.959      8.57699
      4934.60      329.794      8.48553
      4936.00      335.860      8.67918
      4937.40      339.371      8.75173
      4938.80      322.284      8.37498
      4940.20      321.089      8.35517
      4941.60      335.340      8.61159
      4943.00      336.709      8.70064
      4944.40      337.270      8.75415
      4945.80      322.929      8.37167
      4947.20      327.798      8.43681
      4948.60      325.064      8.40629
      4950.00      323.873      8.40391
      4951.40      326.394      8.57437
      4952.80      327.956      8.65196
      4954.20      319.643      8.44948
      4955.60      333.232      8.74427
      4957.00      317.743      8.38846
      4958.40      313.686      8.21609
      4959.80      314.409      8.22364
      4961.20      327.696      8.82162
      4962.60      327.779      8.55085
      4964.00      334.136      8.73066
      4965.40      330.974      8.62683
      4966.80      334.212      8.59548
      4968.20      337.913      8.64120
      4969.60      320.029      8.35001
      4971.00      316.194      8.26182
      4972.40      321.236      8.32757
      4973.80      320.149      8.31166
      4975.20      330.127      8.47180
      4976.60      321.812      8.35466
      4978.00      325.831      8.45788
      4979.40      322.187      8.46713
      4980.80      338.730      8.76231
      4982.20      335.996      8.69452
      4983.60      327.969      8.58991
      4985.00      328.334      8.62974
      4986.40      326.071      8.55864
      4987.80      325.045      8.43796
      4989.20      315.265      8.19497
      4990.60      332.914      8.57423
      4992.00      322.823      8.39480
      4993.40      333.054      8.53329
      4994.80      340.673      8.69612
      4996.20      327.017      8.47158
      4997.60      334.685      8.53940
      4999.00      318.744      8.24176
