      3900.00      359.156      24.8033
      3901.40      340.771      23.9085
      3902.80      394.270      25.0188
      3904.20      397.235      25.1615
      3905.60      419.888      25.8027
      3907.00      431.661      25.9054
      3908.40      459.743      26.6230
      3909.80      443.744      27.7608
      3911.20      454.745      26.0876
      3912.60      454.316      26.2316
      3914.00      470.629      26.4797
      3915.40      460.654      26.1585
      3916.80      430.200      25.1888
      3918.20      426.030      24.8650
      3919.60      456.905      25.1533
      3921.00      447.379      24.7214
      3922.40      442.544      25.2140
      3923.80      465.117      27.7719
      3925.20      473.034      26.5117
      3926.60      465.356      25.6461
      3928.00      488.896      25.3313
      3929.40      481.732      24.9869
      3930.80      522.277      26.0415
      3932.20      478.066      25.6615
      3933.60      432.868      23.9949
      3935.00      356.741      22.1744
      3936.40      303.408      21.0555
      3937.80      278.711      20.6761
      3939.20      360.170      22.3273
      3940.60      420.023      23.9044
      3942.00      481.965      25.4183
      3943.40      441.184      24.7917
      3944.80      447.664      24.8034
      3946.20      421.995      24.4874
      3947.60      452.648      25.2823
      3949.00      468.480      25.6640
      3950.40      445.260      25.2695
      3951.80      475.923      26.0396
      3953.20      412.156      24.4696
      3954.60      346.517      23.2666
      3956.00      391.210      24.7319
      3957.40      407.410      25.0701
      3958.80      407.560      25.2037
      3960.20      385.088      24.9824
      3961.60      390.687      24.9513
      3963.00      363.064      23.6677
      3964.40      321.712      22.1476
      3965.80      331.923      22.3184
      3967.20      310.367      22.0788
      3968.60      277.158      19.5041
      3970.00      256.005      18.8799
      3971.40      179.369      16.8008
      3972.80      130.928      15.5855
      3974.20      155.566      16.1785
      3975.60      210.753      17.5568
      3977.00      281.452      19.1580
      3978.40      298.264      19.3161
      3979.80      268.326      18.4139
      3981.20      346.212      20.3568
      3982.60      333.256      19.8157
      3984.00      331.198      20.2455
      3985.40      409.403      22.2908
      3986.80      359.094      21.1005
      3988.20      404.763      22.1046
      3989.60      399.507      21.8127
      3991.00      403.590      21.3844
      3992.40      423.244      21.1863
      3993.80      412.136      20.7435
      3995.20      385.065      20.3630
      3996.60      446.962      21.7512
      3998.00      392.854      20.8274
      3999.40      430.497      21.5844
      4000.80      438.706      21.8805
      4002.20      454.181      22.0341
      4003.60      442.488      21.5524
      4005.00      476.752      22.0737
      4006.40      459.481      21.5135
      4007.80      451.647      21.4909
      4009.20      437.648      21.6684
      4010.60      459.192      22.5809
      4012.00      469.551      22.9310
      4013.40      465.727      22.2170
      4014.80      422.740      20.8379
      4016.20      450.153      21.4379
      4017.60      463.027      21.7536
      4019.00      471.777      22.8125
      4020.40      457.842      22.6421
      4021.80      447.744      22.2028
      4023.20      472.417      22.9711
      4024.60      450.098      21.4866
      4026.00      416.812      20.7389
      4027.40      456.615      22.1781
      4028.80      409.139      21.6569
      4030.20      433.915      21.8399
      4031.60      456.126      21.6533
      4033.00      434.541      21.1322
      4034.40      439.489      21.1754
      4035.80      481.985      22.0106
      4037.20      462.006      22.0765
      4038.60      490.725      23.0138
      4040.00      438.731      21.6719
      4041.40      478.915      23.2002
      4042.80      439.681      23.1883
      4044.20      459.049      23.7922
      4045.60      447.880      23.8708
      4047.00      446.055      23.9073
      4048.40      481.095      24.3455
      4049.80      456.066      22.6479
      4051.20      481.758      22.8798
      4052.60      451.250      21.5486
      4054.00      462.693      21.9101
      4055.40      433.396      21.3985
      4056.80      464.699      21.6537
      4058.20      447.106      21.3224
      4059.60      468.273      21.9610
      4061.00      500.735      22.4357
      4062.40      450.294      21.0783
      4063.80      465.246      21.4386
      4065.20      492.175      22.4506
      4066.60      444.471      21.9137
      4068.00      454.278      22.1830
      4069.40      445.081      21.1492
      4070.80      459.140      21.1544
      4072.20      461.493      21.1500
      4073.60      465.299      21.5128
      4075.00      447.048      21.5287
      4076.40      436.465      20.7317
      4077.80      438.751      20.6520
      4079.20      433.480      20.5482
      4080.60      413.975      20.3510
      4082.00      419.834      22.1490
      4083.40      435.826      21.4478
      4084.80      438.277      20.7622
      4086.20      405.860      19.6707
      4087.60      392.870      19.1984
      4089.00      367.745      18.9906
      4090.40      403.503      19.5658
      4091.80      398.502      19.0400
      4093.20      375.281      18.6640
      4094.60      325.688      17.4734
      4096.00      309.695      17.4078
      4097.40      314.883      17.9885
      4098.80      310.122      18.4672
      4100.20      268.250      17.7468
      4101.60      273.145      17.1855
      4103.00      207.406      15.0529
      4104.40      153.440      13.1300
      4105.80      135.938      12.6060
      4107.20      200.602      14.6858
      4108.60      253.150      15.8243
      4110.00      274.489      16.2382
      4111.40      285.468      16.3223
      4112.80      333.140      17.5714
      4114.20      337.446      17.4858
      4115.60      350.368      17.6964
      4117.00      352.584      17.6808
      4118.40      388.950      18.4604
      4119.80      362.319      17.8188
      4121.20      391.496      18.3109
      4122.60      402.150      18.5050
      4124.00      403.131      18.5886
      4125.40      424.710      19.1737
      4126.80      384.187      18.3917
      4128.20      451.069      19.7323
      4129.60      420.310      18.9339
      4131.00      442.874      19.2934
      4132.40      397.167      18.5756
      4133.80      410.081      18.5328
      4135.20      431.408      18.7573
      4136.60      454.129      19.1906
      4138.00      437.383      18.9617
      4139.40      445.985      19.3131
      4140.80      431.126      19.2142
      4142.20      448.535      20.0940
      4143.60      430.100      19.3712
      4145.00      425.709      19.0602
      4146.40      423.384      18.3631
      4147.80      422.482      18.2651
      4149.20      412.446      18.0051
      4150.60      426.316      18.2617
      4152.00      391.424      17.7226
      4153.40      447.603      19.0216
      4154.80      431.043      19.0366
      4156.20      428.717      19.3329
      4157.60      436.583      19.1024
      4159.00      406.986      18.0920
      4160.40      413.380      18.1698
      4161.80      421.747      18.7865
      4163.20      414.123      19.8683
      4164.60      419.954      19.0900
      4166.00      403.602      19.0011
      4167.40      409.982      18.8119
      4168.80      441.710      19.0089
      4170.20      440.326      18.4632
      4171.60      439.869      18.4846
      4173.00      415.177      18.1044
      4174.40      435.124      18.5268
      4175.80      418.933      18.1035
      4177.20      395.462      17.4034
      4178.60      418.698      17.9415
      4180.00      395.463      17.5696
      4181.40      418.759      18.1283
      4182.80      418.268      18.7223
      4184.20      411.097      18.7945
      4185.60      435.143      18.6898
      4187.00      429.542      17.9777
      4188.40      416.775      17.8195
      4189.80      467.556      18.7379
      4191.20      462.122      18.5865
      4192.60      411.715      17.5251
      4194.00      416.752      17.6293
      4195.40      424.720      17.7161
      4196.80      423.751      17.8677
      4198.20      440.399      18.3021
      4199.60      428.858      18.1954
      4201.00      418.398      18.1984
      4202.40      396.709      17.0203
      4203.80      419.099      17.4357
      4205.20      414.693      17.2807
      4206.60      424.723      17.3113
      4208.00      404.723      16.8748
      4209.40      413.672      17.1836
      4210.80      407.871      17.2130
      4212.20      402.361      17.2764
      4213.60      422.040      17.7328
      4215.00      424.894      17.5723
      4216.40      436.671      17.5174
      4217.80      403.095      16.8636
      4219.20      393.894      16.5791
      4220.60      421.384      17.3619
      4222.00      434.381      17.9725
      4223.40      421.975      17.6728
      4224.80      402.000      16.6510
      4226.20      410.551      16.5728
      4227.60      415.341      17.0293
      4229.00      416.305      16.7321
      4230.40      407.075      16.9572
      4231.80      399.638      16.8930
      4233.20      418.118      17.1382
      4234.60      423.758      17.2405
      4236.00      412.713      17.8081
      4237.40      418.416      17.0355
      4238.80      396.877      16.2889
      4240.20      374.715      15.7182
      4241.60      411.131      16.7460
      4243.00      399.793      16.2772
      4244.40      423.717      16.7269
      4245.80      427.365      16.9195
      4247.20      413.281      16.9535
      4248.60      407.128      16.5238
      4250.00      390.701      16.2111
      4251.40      408.379      16.5220
      4252.80      423.914      16.8750
      4254.20      417.477      16.5816
      4255.60      407.201      16.3150
      4257.00      423.855      17.0372
      4258.40      415.570      17.1096
      4259.80      435.135      17.3033
      4261.20      419.722      17.1730
      4262.60      375.934      15.7940
      4264.00      434.588      16.9279
      4265.40      414.153      16.5981
      4266.80      412.205      16.9172
      4268.20      402.933      16.5710
      4269.60      420.929      16.7530
      4271.00      411.424      16.6847
      4272.40      435.332      17.5250
      4273.80      394.699      16.8643
      4275.20      386.474      16.5008
      4276.60      402.154      17.1887
      4278.00      403.507      16.7373
      4279.40      399.146      16.8377
      4280.80      404.942      16.6157
      4282.20      405.445      16.3724
      4283.60      403.934      16.0443
      4285.00      405.832      16.0208
      4286.40      422.079      16.3457
      4287.80      423.256      16.4401
      4289.20      419.687      16.6210
      4290.60      393.123      16.1722
      4292.00      409.935      16.3848
      4293.40      398.488      16.0098
      4294.80      408.521      16.2560
      4296.20      400.300      16.0458
      4297.60      383.307      15.5337
      4299.00      375.605      15.2717
      4300.40      412.643      15.9777
      4301.80      390.334      15.5951
      4303.20      416.542      15.9522
      4304.60      396.039      15.6082
      4306.00      380.353      15.3002
      4307.40      371.042      15.1172
      4308.80      395.494      15.6141
      4310.20      393.203      15.6513
      4311.60      354.314      14.9425
      4313.00      382.450      16.3033
      4314.40      396.083      16.6956
      4315.80      388.660      16.3596
      4317.20      375.131      15.8963
      4318.60      374.547      15.6805
      4320.00      382.443      16.2307
      4321.40      363.539      16.2981
      4322.80      374.195      16.5905
      4324.20      333.822      15.1646
      4325.60      356.445      15.1744
      4327.00      362.900      15.0880
      4328.40      342.132      14.3768
      4329.80      350.165      14.7033
      4331.20      353.261      15.1941
      4332.60      323.095      14.8856
      4334.00      319.636      14.6800
      4335.40      287.355      13.4688
      4336.80      270.657      13.0688
      4338.20      279.135      13.3316
      4339.60      246.374      13.0774
      4341.00      209.773      12.2648
      4342.40      170.734      11.4271
      4343.80      150.246      10.7754
      4345.20      171.050      11.0540
      4346.60      203.769      11.7462
      4348.00      234.969      12.5491
      4349.40      269.725      13.5571
      4350.80      270.532      14.2877
      4352.20      287.885      14.6721
      4353.60      295.286      13.5524
      4355.00      307.726      13.6297
      4356.40      328.290      14.9812
      4357.80      348.136      17.7765
      4359.20      388.762      20.9564
      4360.60      333.951      17.6917
      4362.00      373.358      16.3888
      4363.40      344.916      15.7673
      4364.80      361.591      15.4869
      4366.20      354.484      14.8268
      4367.60      388.925      15.2873
      4369.00      381.398      15.4250
      4370.40      391.736      16.0172
      4371.80      387.144      15.9144
      4373.20      370.397      15.4025
      4374.60      386.128      15.7188
      4376.00      374.700      15.4804
      4377.40      362.132      15.0958
      4378.80      387.080      15.5038
      4380.20      370.704      15.1563
      4381.60      386.382      15.5011
      4383.00      390.252      15.6488
      4384.40      397.988      15.7159
      4385.80      361.720      14.9325
      4387.20      358.544      14.6864
      4388.60      371.052      14.6959
      4390.00      387.492      15.1111
      4391.40      383.763      15.1882
      4392.80      383.714      15.1159
      4394.20      366.845      14.5529
      4395.60      382.596      14.9304
      4397.00      342.169      14.3081
      4398.40      381.493      15.1046
      4399.80      379.242      14.8457
      4401.20      374.638      14.7906
      4402.60      358.306      14.5179
      4404.00      364.543      14.7994
      4405.40      377.193      15.2381
      4406.80      389.810      15.4639
      4408.20      391.409      15.2647
      4409.60      376.137      14.6930
      4411.00      368.445      14.5284
      4412.40      392.994      15.1885
      4413.80      385.529      15.1513
      4415.20      373.946      15.1779
      4416.60      358.077      15.1747
      4418.00      381.020      15.1945
      4419.40      378.542      15.1010
      4420.80      384.983      15.5909
      4422.20      346.513      14.6368
      4423.60      365.704      14.1468
      4425.00      340.469      13.6798
      4426.40      363.177      14.2798
      4427.80      394.292      14.9339
      4429.20      387.954      14.4344
      4430.60      372.308      14.0702
      4432.00      355.048      13.8058
      4433.40      383.989      14.3174
      4434.80      379.199      14.2893
      4436.20      362.365      13.9412
      4437.60      366.358      14.4666
      4439.00      356.712      14.1393
      4440.40      368.842      14.1956
      4441.80      406.385      14.8793
      4443.20      344.371      13.6486
      4444.60      384.818      14.6228
      4446.00      374.419      15.0375
      4447.40      359.965      14.5077
      4448.80      365.608      14.7385
      4450.20      363.884      14.7572
      4451.60      359.633      14.4937
      4453.00      362.939      14.1048
      4454.40      390.130      14.1974
      4455.80      365.760      13.7897
      4457.20      385.647      14.0941
      4458.60      370.973      13.8421
      4460.00      367.382      13.7410
      4461.40      376.263      13.8491
      4462.80      362.010      13.5862
      4464.20      373.784      13.8387
      4465.60      353.164      13.4602
      4467.00      360.513      13.6985
      4468.40      358.193      13.7508
      4469.80      357.278      14.1202
      4471.20      365.375      14.1112
      4472.60      364.433      13.9636
      4474.00      361.746      13.5692
      4475.40      393.039      14.2496
      4476.80      363.605      14.3991
      4478.20      383.322      14.4387
      4479.60      379.616      13.8279
      4481.00      401.760      14.2019
      4482.40      380.202      14.2412
      4483.80      369.688      14.6967
      4485.20      338.611      13.8724
      4486.60      344.583      13.7683
      4488.00      374.377      13.7453
      4489.40      368.057      13.9020
      4490.80      358.318      13.7872
      4492.20      354.225      13.9856
      4493.60      352.598      14.2153
      4495.00      361.960      14.1134
      4496.40      355.934      13.6570
      4497.80      347.669      13.3873
      4499.20      358.824      13.7867
      4500.60      356.919      13.9122
      4502.00      356.471      14.0435
      4503.40      360.695      13.9637
      4504.80      358.819      13.4148
      4506.20      350.622      13.2005
      4507.60      370.980      13.6197
      4509.00      350.553      13.3679
      4510.40      342.454      13.5788
      4511.80      355.209      13.6188
      4513.20      352.000      13.4960
      4514.60      364.746      13.6160
      4516.00      365.720      13.5288
      4517.40      351.737      13.3052
      4518.80      352.133      13.6134
      4520.20      356.087      13.5394
      4521.60      339.601      13.3427
      4523.00      344.647      13.3161
      4524.40      337.035      13.1442
      4525.80      361.140      14.0897
      4527.20      348.650      14.1795
      4528.60      335.967      13.8403
      4530.00      337.587      13.3953
      4531.40      337.654      13.0935
      4532.80      357.332      13.4036
      4534.20      350.187      13.3725
      4535.60      357.112      13.6780
      4537.00      331.321      13.4360
      4538.40      349.260      13.8881
      4539.80      373.582      14.1712
      4541.20      376.267      14.1439
      4542.60      362.122      13.7014
      4544.00      366.212      13.5086
      4545.40      345.715      13.0305
      4546.80      384.473      13.7602
      4548.20      370.759      13.7962
      4549.60      370.576      13.4789
      4551.00      358.115      13.2610
      4552.40      333.888      12.7510
      4553.80      321.799      13.0260
      4555.20      338.137      13.3804
      4556.60      376.267      13.8520
      4558.00      347.876      13.3163
      4559.40      333.458      12.9009
      4560.80      349.283      12.9127
      4562.20      339.813      12.5602
      4563.60      344.201      12.6102
      4565.00      346.681      12.7100
      4566.40      353.145      12.9980
      4567.80      343.245      12.6133
      4569.20      347.029      12.6900
      4570.60      355.681      12.8923
      4572.00      346.462      12.8925
      4573.40      365.903      13.3531
      4574.80      345.036      12.8680
      4576.20      341.311      12.5951
      4577.60      354.337      12.7236
      4579.00      341.874      12.5037
      4580.40      351.983      12.8236
      4581.80      354.216      13.1658
      4583.20      344.226      12.9448
      4584.60      362.599      13.2207
      4586.00      327.312      12.3425
      4587.40      328.896      12.2035
      4588.80      338.272      12.3867
      4590.20      311.984      12.0832
      4591.60      339.355      12.7995
      4593.00      333.648      12.2355
      4594.40      346.617      12.5381
      4595.80      321.285      12.0674
      4597.20      350.151      12.6213
      4598.60      330.268      12.3319
      4600.00      336.061      12.3539
      4601.40      354.218      12.6731
      4602.80      340.167      12.6434
      4604.20      321.743      12.2899
      4605.60      356.803      12.8814
      4607.00      356.553      12.6835
      4608.40      358.371      12.6725
      4609.80      354.142      12.6703
      4611.20      312.959      12.0240
      4612.60      332.409      12.2767
      4614.00      357.079      12.6061
      4615.40      367.354      12.8158
      4616.80      336.988      12.2139
      4618.20      360.952      12.9528
      4619.60      335.675      12.3077
      4621.00      329.946      12.1945
      4622.40      324.327      12.1338
      4623.80      341.716      12.5196
      4625.20      344.128      12.8322
      4626.60      336.228      12.3424
      4628.00      353.284      12.6503
      4629.40      336.471      12.1211
      4630.80      349.512      12.4144
      4632.20      341.646      12.5146
      4633.60      362.518      13.1109
      4635.00      328.748      12.2294
      4636.40      327.037      12.0682
      4637.80      326.577      12.0204
      4639.20      365.262      12.8528
      4640.60      335.838      12.4495
      4642.00      325.507      12.1976
      4643.40      357.258      12.5827
      4644.80      330.077      12.1652
      4646.20      345.835      12.4493
      4647.60      359.475      12.6045
      4649.00      348.314      12.3895
      4650.40      329.965      12.0832
      4651.80      322.674      11.8801
      4653.20      363.874      12.5337
      4654.60      355.049      12.4410
      4656.00      329.258      12.1918
      4657.40      364.619      13.0953
      4658.80      356.672      12.8652
      4660.20      344.000      12.4546
      4661.60      347.233      12.4710
      4663.00      342.242      12.2884
      4664.40      344.449      12.2392
      4665.80      323.945      12.0344
      4667.20      331.102      12.3430
      4668.60      339.810      12.2541
      4670.00      337.229      12.2168
      4671.40      313.162      11.7859
      4672.80      331.291      12.3616
      4674.20      340.598      12.3569
      4675.60      347.902      12.4637
      4677.00      350.552      12.4830
      4678.40      345.627      12.3630
      4679.80      336.272      12.1824
      4681.20      318.370      11.8131
      4682.60      329.638      12.1995
      4684.00      341.478      12.4333
      4685.40      329.056      12.1939
      4686.80      318.068      11.9392
      4688.20      303.314      11.9254
      4689.60      306.848      12.2323
      4691.00      317.191      11.9331
      4692.40      316.766      11.8983
      4693.80      326.394      12.0768
      4695.20      311.324      11.8353
      4696.60      321.606      12.1170
      4698.00      321.344      12.4353
      4699.40      327.220      12.0172
      4700.80      311.483      11.6184
      4702.20      318.542      11.8634
      4703.60      329.464      12.1243
      4705.00      320.733      12.0582
      4706.40      324.606      12.0858
      4707.80      320.950      12.0836
      4709.20      323.942      12.3056
      4710.60      330.856      12.5270
      4712.00      320.511      12.1189
      4713.40      319.735      12.1025
      4714.80      320.341      11.8401
      4716.20      325.858      12.1668
      4717.60      330.833      12.3414
      4719.00      330.619      12.2510
      4720.40      308.776      11.7164
      4721.80      337.664      12.5163
      4723.20      336.545      12.3706
      4724.60      326.894      12.0616
      4726.00      322.052      11.7911
      4727.40      320.169      11.8009
      4728.80      327.530      12.0147
      4730.20      323.068      11.6440
      4731.60      327.876      11.8009
      4733.00      319.868      11.9291
      4734.40      331.101      12.5906
      4735.80      313.529      12.0270
      4737.20      325.710      11.7969
      4738.60      337.648      11.9946
      4740.00      317.515      12.7358
      4741.40      336.470      12.1331
      4742.80      308.427      11.5705
      4744.20      317.132      11.8295
      4745.60      328.039      12.0484
      4747.00      299.221      11.2156
      4748.40      341.867      11.7576
      4749.80      335.747      11.8303
      4751.20      324.045      11.9628
      4752.60      330.866      12.0822
      4754.00      320.957      11.8296
      4755.40      319.497      11.3641
      4756.80      320.880      11.4703
      4758.20      324.904      11.7156
      4759.60      340.334      11.9222
      4761.00      336.214      11.6709
      4762.40      331.182      11.6121
      4763.80      333.992      11.7028
      4765.20      329.071      11.5004
      4766.60      314.050      11.1750
      4768.00      317.314      11.3400
      4769.40      302.005      11.1549
      4770.80      324.104      11.5314
      4772.20      317.892      11.5557
      4773.60      320.473      11.3440
      4775.00      314.744      11.2175
      4776.40      304.545      10.9972
      4777.80      335.873      11.5991
      4779.20      313.402      11.2808
      4780.60      317.113      11.2986
      4782.00      318.598      11.2373
      4783.40      329.938      11.5041
      4784.80      324.239      11.4032
      4786.20      328.054      11.6176
      4787.60      323.138      11.7467
      4789.00      292.317      11.0760
      4790.40      307.542      11.2173
      4791.80      327.554      11.6813
      4793.20      340.712      14.3590
      4794.60      310.352      11.7756
      4796.00      307.251      11.1718
      4797.40      334.542      12.0773
      4798.80      336.277      11.6616
      4800.20      321.435      11.2534
      4801.60      312.213      11.1258
      4803.00      304.055      11.0090
      4804.40      311.705      11.3926
      4805.80      309.194      11.5487
      4807.20      306.533      11.3380
      4808.60      311.381      11.1368
      4810.00      288.933      10.7396
      4811.40      305.694      11.2586
      4812.80      317.022      19.8955
      4814.20      313.307      1414.23
      4815.60      307.473      1414.23
      4817.00      301.664      1414.23
      4818.40      294.139      1414.23
      4819.80      289.959      1414.23
      4821.20      285.998      11.2456
      4822.60      317.040      11.5391
      4824.00      305.449      11.2093
      4825.40      301.538      11.1099
      4826.80      276.386      10.7369
      4828.20      292.725      11.1211
      4829.60      286.104      11.0670
      4831.00      294.259      11.1065
      4832.40      293.228      10.9789
      4833.80      309.613      11.5789
      4835.20      288.099      11.3379
      4836.60      292.959      11.4442
      4838.00      281.162      10.9820
      4839.40      278.005      10.8609
      4840.80      282.934      10.9449
      4842.20      290.790      11.1816
      4843.60      289.201      11.2585
      4845.00      297.385      11.1132
      4846.40      268.080      10.4813
      4847.80      274.562      10.6370
      4849.20      281.505      10.8456
      4850.60      261.933      10.6712
      4852.00      279.404      10.9385
      4853.40      273.486      10.6931
      4854.80      259.437      10.3718
      4856.20      259.019      10.3769
      4857.60      248.584      10.4534
      4859.00      223.558      9.87693
      4860.40      208.759      9.23072
      4861.80      191.678      9.10313
      4863.20      171.891      10.0645
      4864.60      141.706      8.79275
      4866.00      136.590      8.33074
      4867.40      163.146      8.51596
      4868.80      194.074      8.83527
      4870.20      222.126      9.32931
      4871.60      232.936      9.46502
      4873.00      225.124      9.33468
      4874.40      232.383      9.46845
      4875.80      242.600      9.61873
      4877.20      248.374      9.73219
      4878.60      257.235      9.90285
      4880.00      256.132      10.2377
      4881.40      261.722      10.9390
      4882.80      270.411      11.1639
      4884.20      265.909      10.8781
      4885.60      270.346      10.5793
      4887.00      277.695      10.3929
      4888.40      276.990      10.6975
      4889.80      284.401      11.1912
      4891.20      286.436      10.9307
      4892.60      299.926      10.6913
      4894.00      301.095      10.5987
      4895.40      291.923      10.4308
      4896.80      299.429      10.6680
      4898.20      264.592      10.2330
      4899.60      288.397      10.6768
      4901.00      268.870      11.0212
      4902.40      299.793      10.8754
      4903.80      265.849      10.2518
      4905.20      285.134      10.4528
      4906.60      267.301      9.91826
      4908.00      297.377      10.4797
      4909.40      294.486      10.4097
      4910.80      289.611      10.3579
      4912.20      307.425      10.7735
      4913.60      299.258      10.7879
      4915.00      298.516      10.9154
      4916.40      293.018      10.7430
      4917.80      300.705      10.6847
      4919.20      291.930      10.2540
      4920.60      288.824      10.3281
      4922.00      295.873      10.3058
      4923.40      283.425      10.0507
      4924.80      281.226      10.1415
      4926.20      289.489      10.3618
      4927.60      271.586      9.97356
      4929.00      280.130      10.0442
      4930.40      294.896      10.2947
      4931.80      291.158      10.7881
      4933.20      293.067      11.1036
      4934.60      276.064      10.4963
      4936.00      286.000      10.2514
      4937.40      294.050      10.1973
      4938.80      284.082      10.0165
      4940.20      298.668      10.3245
      4941.60      290.911      10.2367
      4943.00      289.576      10.2100
      4944.40      293.441      10.2876
      4945.80      286.575      10.2509
      4947.20      286.429      10.5648
      4948.60      281.911      11.1898
      4950.00      283.432      17.7383
      4951.40      302.917      12.0977
      4952.80      314.745      10.6255
      4954.20      271.343      9.86563
      4955.60      283.852      10.3746
      4957.00      283.010      10.0893
      4958.40      284.762      10.2897
      4959.80      277.216      10.2316
      4961.20      283.267      10.1407
      4962.60      284.491      10.0244
      4964.00      302.687      10.3937
      4965.40      264.726      9.82909
      4966.80      299.576      10.5906
      4968.20      278.755      10.3008
      4969.60      293.817      10.5825
      4971.00      282.754      10.1891
      4972.40      281.049      10.0695
      4973.80      284.343      10.6429
      4975.20      257.641      9.76667
      4976.60      286.579      10.2635
      4978.00      287.513      10.5262
      4979.40      272.144      10.1366
      4980.80      298.505      10.8434
      4982.20      288.321      10.8120
      4983.60      284.024      10.8982
      4985.00      283.412      10.5945
      4986.40      285.328      10.4606
      4987.80      277.858      10.2361
      4989.20      266.813      10.0114
      4990.60      279.851      10.1254
      4992.00      275.668      9.99793
      4993.40      270.946      9.90508
      4994.80      295.863      10.5145
      4996.20      293.262      10.2947
      4997.60      296.327      10.5072
      4999.00      270.110      10.1531
