      3900.00      87.1829      5.19911
      3901.40      103.838      5.41426
      3902.80      89.3306      5.06998
      3904.20      100.550      5.21102
      3905.60      92.6350      5.05419
      3907.00      107.111      5.30212
      3908.40      114.981      5.97022
      3909.80      109.271      6.74248
      3911.20      114.607      6.81042
      3912.60      106.037      5.87313
      3914.00      107.448      5.45452
      3915.40      109.956      5.78386
      3916.80      115.334      6.19836
      3918.20      108.597      6.03334
      3919.60      101.564      5.53826
      3921.00      113.029      5.71966
      3922.40      114.602      5.44268
      3923.80      113.767      5.61159
      3925.20      125.818      6.14394
      3926.60      122.485      6.15480
      3928.00      130.334      6.12992
      3929.40      121.650      5.65078
      3930.80      106.135      5.11685
      3932.20      98.3007      4.69034
      3933.60      78.9731      4.09764
      3935.00      94.5898      4.41179
      3936.40      119.602      5.02588
      3937.80      117.525      5.03499
      3939.20      117.286      5.10930
      3940.60      121.381      5.27549
      3942.00      113.912      5.30242
      3943.40      110.759      5.14273
      3944.80      111.418      5.02832
      3946.20      103.012      4.96038
      3947.60      117.245      5.36501
      3949.00      116.225      5.53917
      3950.40      103.143      5.22484
      3951.80      105.721      5.03190
      3953.20      101.548      4.93467
      3954.60      109.869      5.13654
      3956.00      104.302      5.00923
      3957.40      97.0452      4.90486
      3958.80      95.0810      4.89799
      3960.20      94.1352      4.87570
      3961.60      76.5484      4.42505
      3963.00      77.3002      4.19495
      3964.40      74.3159      4.06763
      3965.80      60.3838      3.72674
      3967.20      56.8267      3.56244
      3968.60      38.2092      2.98568
      3970.00      34.8377      2.92204
      3971.40      42.6717      3.14519
      3972.80      65.0924      3.73602
      3974.20      66.5470      3.85761
      3975.60      78.2506      4.15206
      3977.00      91.4623      4.48433
      3978.40      105.168      4.92868
      3979.80      91.3540      5.04105
      3981.20      92.4843      4.96633
      3982.60      95.1944      4.85258
      3984.00      98.0430      4.84709
      3985.40      101.827      4.87948
      3986.80      112.492      5.00332
      3988.20      112.679      4.97184
      3989.60      103.587      5.10049
      3991.00      104.870      5.48610
      3992.40      110.810      5.58967
      3993.80      109.978      5.26053
      3995.20      110.097      4.97818
      3996.60      108.281      5.33496
      3998.00      109.058      5.53337
      3999.40      107.111      5.35750
      4000.80      109.061      5.34135
      4002.20      110.247      4.99944
      4003.60      120.424      5.16711
      4005.00      125.441      5.49519
      4006.40      110.449      5.17660
      4007.80      116.208      4.97539
      4009.20      114.210      5.16083
      4010.60      118.597      5.45630
      4012.00      113.847      5.90520
      4013.40      119.615      5.61074
      4014.80      122.951      5.12030
      4016.20      117.220      5.05176
      4017.60      122.507      5.11870
      4019.00      116.804      5.12837
      4020.40      113.397      5.33645
      4021.80      116.509      5.23175
      4023.20      116.570      4.95831
      4024.60      130.342      5.23965
      4026.00      123.435      5.16578
      4027.40      117.412      5.04259
      4028.80      124.907      5.17039
      4030.20      127.427      5.12316
      4031.60      121.388      4.92138
      4033.00      124.612      4.96175
      4034.40      123.554      4.96397
      4035.80      119.343      4.91720
      4037.20      113.843      4.84734
      4038.60      118.043      5.09793
      4040.00      114.198      4.90951
      4041.40      123.671      5.03324
      4042.80      116.140      4.93418
      4044.20      113.454      4.86499
      4045.60      110.439      4.79792
      4047.00      115.535      5.06528
      4048.40      125.864      5.22255
      4049.80      113.407      4.88892
      4051.20      122.739      5.01842
      4052.60      122.135      5.04236
      4054.00      111.897      4.84788
      4055.40      115.746      4.96932
      4056.80      117.254      4.82435
      4058.20      116.814      4.81883
      4059.60      119.896      4.93886
      4061.00      114.449      4.79861
      4062.40      122.072      4.91398
      4063.80      109.841      4.56928
      4065.20      107.762      4.54665
      4066.60      113.067      4.71953
      4068.00      114.758      4.71869
      4069.40      111.256      4.71178
      4070.80      110.532      4.66519
      4072.20      118.672      5.02431
      4073.60      111.246      5.03930
      4075.00      111.950      4.75537
      4076.40      108.873      4.62482
      4077.80      100.591      4.42567
      4079.20      109.937      4.60821
      4080.60      119.277      4.76846
      4082.00      112.779      4.74079
      4083.40      103.778      4.76791
      4084.80      99.4908      4.89742
      4086.20      99.7682      4.90023
      4087.60      104.434      4.90356
      4089.00      96.3733      4.54439
      4090.40      96.2830      4.44311
      4091.80      89.1882      4.22795
      4093.20      90.2491      4.22665
      4094.60      83.2684      4.08232
      4096.00      74.2102      3.92235
      4097.40      66.5545      3.69890
      4098.80      58.5901      3.48883
      4100.20      49.6743      3.34750
      4101.60      45.5840      3.12197
      4103.00      48.9976      3.12387
      4104.40      67.1282      3.50450
      4105.80      73.1130      3.75450
      4107.20      75.8584      4.08472
      4108.60      79.9833      4.41908
      4110.00      84.3887      4.48629
      4111.40      100.982      4.31018
      4112.80      101.239      4.29685
      4114.20      95.4552      4.18506
      4115.60      105.431      4.72296
      4117.00      106.458      4.70909
      4118.40      108.072      4.60550
      4119.80      94.9237      4.31185
      4121.20      101.502      4.35859
      4122.60      99.9183      4.29478
      4124.00      104.660      4.34697
      4125.40      108.359      4.47966
      4126.80      102.772      4.53186
      4128.20      110.954      4.86175
      4129.60      109.807      4.76533
      4131.00      108.139      4.42645
      4132.40      112.321      4.44658
      4133.80      108.804      4.46669
      4135.20      107.683      4.33764
      4136.60      109.424      4.46226
      4138.00      109.623      4.48557
      4139.40      114.213      4.68684
      4140.80      116.166      4.73438
      4142.20      118.940      4.59577
      4143.60      119.779      4.57726
      4145.00      119.872      4.63497
      4146.40      107.449      4.50734
      4147.80      112.592      4.54667
      4149.20      112.520      4.42874
      4150.60      107.816      4.35432
      4152.00      107.397      4.37305
      4153.40      112.858      4.68487
      4154.80      113.548      4.62244
      4156.20      118.325      4.63340
      4157.60      114.374      4.58774
      4159.00      121.066      4.70787
      4160.40      119.234      4.55040
      4161.80      116.226      4.67823
      4163.20      115.610      4.50022
      4164.60      104.490      4.29076
      4166.00      106.509      4.32846
      4167.40      120.712      4.59237
      4168.80      109.285      4.29986
      4170.20      115.118      4.42629
      4171.60      112.801      4.41286
      4173.00      118.459      4.47140
      4174.40      112.962      4.39374
      4175.80      111.296      7.47919
      4177.20      111.928      4.65355
      4178.60      109.906      4.28602
      4180.00      105.680      4.24728
      4181.40      117.754      4.48198
      4182.80      111.406      4.48482
      4184.20      123.554      4.84727
      4185.60      112.965      4.54140
      4187.00      109.213      4.32144
      4188.40      117.769      4.37278
      4189.80      113.535      4.31075
      4191.20      109.271      4.31421
      4192.60      123.888      4.53197
      4194.00      114.520      4.37031
      4195.40      113.672      4.36737
      4196.80      119.637      4.52266
      4198.20      109.087      4.27899
      4199.60      113.968      4.27315
      4201.00      117.285      4.36566
      4202.40      104.952      4.12108
      4203.80      106.854      4.23528
      4205.20      110.049      4.43305
      4206.60      117.823      4.48932
      4208.00      115.347      4.35417
      4209.40      106.507      4.21357
      4210.80      110.057      4.49909
      4212.20      114.957      4.60809
      4213.60      105.791      4.20135
      4215.00      111.761      4.28210
      4216.40      112.486      4.33895
      4217.80      112.211      4.44142
      4219.20      113.640      4.45943
      4220.60      113.208      4.48126
      4222.00      110.224      4.32989
      4223.40      111.366      4.25716
      4224.80      108.648      4.19766
      4226.20      107.902      4.17053
      4227.60      102.946      4.23509
      4229.00      109.966      4.36159
      4230.40      122.195      4.46841
      4231.80      103.104      4.09081
      4233.20      110.922      4.33089
      4234.60      114.640      4.34221
      4236.00      111.666      4.22818
      4237.40      110.640      4.20261
      4238.80      111.418      4.34509
      4240.20      108.904      4.22248
      4241.60      109.650      4.14494
      4243.00      110.442      4.31156
      4244.40      112.029      4.61190
      4245.80      100.887      4.25125
      4247.20      113.602      4.26280
      4248.60      109.354      4.12297
      4250.00      104.012      3.99294
      4251.40      117.970      4.28372
      4252.80      107.175      4.31215
      4254.20      111.929      4.46471
      4255.60      118.527      4.44670
      4257.00      116.788      4.32549
      4258.40      115.830      4.28585
      4259.80      115.678      4.22909
      4261.20      115.821      4.17517
      4262.60      115.302      4.18463
      4264.00      114.815      4.26748
      4265.40      112.029      4.23701
      4266.80      114.154      4.23987
      4268.20      120.067      4.32111
      4269.60      110.335      4.11251
      4271.00      103.235      3.92617
      4272.40      110.025      4.00125
      4273.80      118.098      4.20630
      4275.20      111.200      4.08729
      4276.60      112.551      4.15046
      4278.00      113.695      4.29123
      4279.40      111.898      4.33617
      4280.80      107.578      4.06740
      4282.20      111.885      4.22204
      4283.60      109.934      4.42675
      4285.00      109.266      4.32265
      4286.40      109.164      4.17402
      4287.80      101.762      4.24323
      4289.20      109.671      4.66002
      4290.60      109.365      4.27608
      4292.00      110.615      4.05718
      4293.40      109.102      4.08411
      4294.80      105.783      4.02384
      4296.20      109.177      4.06267
      4297.60      108.174      3.96895
      4299.00      106.875      3.97826
      4300.40      108.445      4.20728
      4301.80      110.738      4.27557
      4303.20      111.735      4.09828
      4304.60      108.609      3.93788
      4306.00      102.495      3.83402
      4307.40      107.988      3.91563
      4308.80      107.684      4.01250
      4310.20      108.264      4.14066
      4311.60      99.2767      3.90150
      4313.00      112.057      4.00117
      4314.40      114.985      4.13565
      4315.80      104.562      4.13453
      4317.20      112.815      4.33834
      4318.60      102.862      4.06917
      4320.00      102.270      4.01965
      4321.40      102.724      4.12775
      4322.80      95.5404      3.94475
      4324.20      97.0178      3.86670
      4325.60      93.1741      3.66264
      4327.00      91.8048      3.62068
      4328.40      88.3751      3.61768
      4329.80      93.0206      3.76079
      4331.20      90.8741      3.68513
      4332.60      84.0937      3.60208
      4334.00      82.9380      3.59950
      4335.40      72.2371      3.63873
      4336.80      67.0578      3.36318
      4338.20      60.3797      3.03270
      4339.60      52.3521      2.83493
      4341.00      46.1395      2.77795
      4342.40      54.4120      2.89254
      4343.80      72.4901      3.24792
      4345.20      74.9043      3.31499
      4346.60      82.5680      3.56493
      4348.00      83.4637      3.84615
      4349.40      86.0168      4.12220
      4350.80      85.6580      4.16172
      4352.20      91.1098      4.01058
      4353.60      94.3283      3.85915
      4355.00      96.9998      3.82078
      4356.40      97.1553      3.87442
      4357.80      96.9621      4.01438
      4359.20      98.9436      4.67673
      4360.60      101.511      4.51268
      4362.00      105.060      4.04781
      4363.40      100.459      3.89901
      4364.80      102.444      3.96819
      4366.20      97.6737      3.91712
      4367.60      97.5044      3.83546
      4369.00      105.134      3.97615
      4370.40      107.320      4.24637
      4371.80      106.188      4.30774
      4373.20      105.141      4.12189
      4374.60      107.177      3.98896
      4376.00      109.119      3.93219
      4377.40      108.404      3.92330
      4378.80      112.224      4.04642
      4380.20      109.116      4.00623
      4381.60      96.4133      3.73688
      4383.00      107.268      3.88315
      4384.40      104.887      3.76543
      4385.80      103.921      3.71896
      4387.20      114.606      4.04662
      4388.60      106.809      3.96988
      4390.00      114.307      4.08137
      4391.40      108.247      3.88029
      4392.80      109.642      3.98247
      4394.20      107.977      3.99003
      4395.60      106.840      3.94921
      4397.00      111.126      4.01196
      4398.40      107.429      4.02921
      4399.80      99.5473      3.97075
      4401.20      104.397      4.06488
      4402.60      105.590      4.11043
      4404.00      109.025      3.92176
      4405.40      107.329      3.85697
      4406.80      104.339      3.81134
      4408.20      109.972      3.95344
      4409.60      107.187      3.89449
      4411.00      101.909      3.82556
      4412.40      104.598      3.94912
      4413.80      105.096      4.20575
      4415.20      104.346      4.25759
      4416.60      105.781      3.94833
      4418.00      106.969      3.92540
      4419.40      104.095      3.88367
      4420.80      104.474      3.88079
      4422.20      107.365      3.92696
      4423.60      101.544      3.90126
      4425.00      105.229      4.03468
      4426.40      111.594      4.12057
      4427.80      108.838      3.95781
      4429.20      110.215      3.95891
      4430.60      102.547      3.80371
      4432.00      108.222      3.99104
      4433.40      106.188      3.90972
      4434.80      106.305      3.85607
      4436.20      108.248      3.84046
      4437.60      109.288      3.89306
      4439.00      111.010      3.99186
      4440.40      105.312      3.86824
      4441.80      98.0201      3.68028
      4443.20      106.028      3.81389
      4444.60      105.244      3.79455
      4446.00      100.646      3.73542
      4447.40      111.032      3.93541
      4448.80      108.230      3.87566
      4450.20      111.255      4.01151
      4451.60      111.660      3.99121
      4453.00      103.809      3.82354
      4454.40      107.630      4.06816
      4455.80      106.702      3.96184
      4457.20      106.107      3.92281
      4458.60      104.749      3.80412
      4460.00      109.474      3.84055
      4461.40      103.464      3.73936
      4462.80      107.579      3.82499
      4464.20      112.922      3.93156
      4465.60      111.703      3.91855
      4467.00      107.452      3.82566
      4468.40      109.198      3.86448
      4469.80      108.571      3.83279
      4471.20      105.381      3.77546
      4472.60      113.128      3.94735
      4474.00      104.835      3.90483
      4475.40      104.646      4.04681
      4476.80      102.044      3.76223
      4478.20      103.623      3.79319
      4479.60      102.900      3.78136
      4481.00      103.209      3.77999
      4482.40      98.0808      3.61205
      4483.80      105.723      3.77061
      4485.20      108.639      3.86641
      4486.60      105.470      3.80212
      4488.00      103.116      3.79653
      4489.40      108.065      3.88007
      4490.80      108.101      3.82226
      4492.20      107.977      3.95628
      4493.60      107.548      3.82238
      4495.00      105.891      3.76749
      4496.40      105.161      3.74072
      4497.80      108.722      3.86221
      4499.20      104.612      3.86806
      4500.60      97.2186      3.63997
      4502.00      99.1575      3.67389
      4503.40      103.753      3.73211
      4504.80      104.528      3.84637
      4506.20      106.055      4.21101
      4507.60      95.5163      4.23853
      4509.00      98.1141      4.05455
      4510.40      107.466      4.01146
      4511.80      109.292      3.94192
      4513.20      105.047      3.77723
      4514.60      106.137      3.76874
      4516.00      103.812      3.71658
      4517.40      108.377      3.83156
      4518.80      108.485      3.82065
      4520.20      104.454      3.72147
      4521.60      109.934      3.84867
      4523.00      101.985      3.71328
      4524.40      106.546      3.79479
      4525.80      106.283      3.76558
      4527.20      102.185      3.66535
      4528.60      104.429      3.68417
      4530.00      109.667      3.84996
      4531.40      107.302      3.99184
      4532.80      101.461      3.90384
      4534.20      107.605      3.89650
      4535.60      107.420      3.78561
      4537.00      106.808      3.71936
      4538.40      108.012      3.78700
      4539.80      104.846      3.72662
      4541.20      106.286      3.73222
      4542.60      100.985      3.64479
      4544.00      106.685      3.75936
      4545.40      112.096      3.89523
      4546.80      107.522      3.76266
      4548.20      111.643      3.82768
      4549.60      107.504      3.74598
      4551.00      105.950      3.75812
      4552.40      105.453      3.69683
      4553.80      106.263      3.70922
      4555.20      106.333      3.78322
      4556.60      97.4375      3.61645
      4558.00      99.1175      3.61299
      4559.40      107.756      3.76257
      4560.80      109.475      3.80686
      4562.20      100.590      3.63546
      4563.60      103.430      3.67915
      4565.00      107.872      3.74740
      4566.40      104.449      3.64620
      4567.80      109.095      3.77142
      4569.20      104.746      3.70592
      4570.60      107.692      3.75508
      4572.00      104.598      3.68238
      4573.40      105.366      3.70360
      4574.80      104.842      3.67532
      4576.20      106.696      3.73524
      4577.60      105.824      5.59919
      4579.00      108.647      3.85775
      4580.40      104.588      3.80073
      4581.80      101.399      3.82733
      4583.20      107.873      3.84814
      4584.60      106.780      3.69239
      4586.00      106.502      3.70704
      4587.40      102.295      3.62106
      4588.80      100.033      3.71964
      4590.20      102.662      3.87884
      4591.60      104.079      3.78174
      4593.00      106.910      3.69348
      4594.40      105.367      3.69309
      4595.80      108.593      3.92534
      4597.20      104.508      3.81224
      4598.60      105.681      3.70047
      4600.00      103.220      3.64085
      4601.40      101.771      3.63287
      4602.80      96.9145      3.57067
      4604.20      106.468      3.75256
      4605.60      102.592      3.60849
      4607.00      109.584      3.74920
      4608.40      107.091      3.70117
      4609.80      104.944      3.67969
      4611.20      109.866      3.75045
      4612.60      107.571      3.69808
      4614.00      107.613      3.72537
      4615.40      108.842      3.72608
      4616.80      102.401      3.59753
      4618.20      103.468      3.64263
      4619.60      104.000      3.81601
      4621.00      102.225      3.89317
      4622.40      97.2054      3.69712
      4623.80      101.138      3.69617
      4625.20      103.408      3.70430
      4626.60      105.102      3.71185
      4628.00      104.452      3.75715
      4629.40      103.667      3.69844
      4630.80      106.244      3.80847
      4632.20      106.064      3.83231
      4633.60      106.359      3.80697
      4635.00      104.196      3.73916
      4636.40      106.059      3.75581
      4637.80      103.107      3.59716
      4639.20      107.040      3.65114
      4640.60      100.522      3.62725
      4642.00      103.575      3.81403
      4643.40      106.297      3.75236
      4644.80      105.878      3.66579
      4646.20      101.471      3.83858
      4647.60      95.6059      3.95792
      4649.00      103.051      3.87022
      4650.40      102.370      3.55788
      4651.80      105.943      3.65240
      4653.20      105.728      3.74760
      4654.60      101.423      3.72940
      4656.00      105.391      3.75275
      4657.40      102.437      3.58332
      4658.80      104.537      3.60674
      4660.20      105.060      3.66488
      4661.60      107.077      3.78978
      4663.00      104.423      3.68129
      4664.40      105.154      3.61264
      4665.80      105.030      3.66371
      4667.20      103.088      3.71092
      4668.60      107.204      3.72880
      4670.00      102.220      3.62959
      4671.40      106.037      3.83457
      4672.80      94.5744      3.61340
      4674.20      101.426      3.55187
      4675.60      104.015      3.61383
      4677.00      103.824      3.84607
      4678.40      94.3252      3.80161
      4679.80      102.771      3.63925
      4681.20      101.839      3.52254
      4682.60      105.316      3.66258
      4684.00      96.6594      3.55640
      4685.40      104.985      3.62109
      4686.80      104.563      3.57945
      4688.20      105.085      3.60564
      4689.60      108.472      3.66858
      4691.00      107.047      3.68667
      4692.40      99.3730      3.51611
      4693.80      104.293      3.56347
      4695.20      101.537      3.52756
      4696.60      105.425      3.60648
      4698.00      105.847      3.63305
      4699.40      101.407      3.57088
      4700.80      104.078      3.65821
      4702.20      103.587      3.65491
      4703.60      102.284      3.54533
      4705.00      102.994      3.51469
      4706.40      102.484      3.52305
      4707.80      101.679      3.65506
      4709.20      98.0595      3.43747
      4710.60      99.8687      3.45584
      4712.00      100.852      3.51945
      4713.40      94.8037      3.49532
      4714.80      99.4220      3.48487
      4716.20      106.812      3.59254
      4717.60      104.299      3.64044
      4719.00      102.500      3.90979
      4720.40      99.8547      3.65162
      4721.80      103.346      3.56308
      4723.20      103.527      3.54339
      4724.60      101.382      3.51179
      4726.00      101.535      3.49479
      4727.40      103.322      3.61688
      4728.80      101.693      3.56135
      4730.20      100.236      3.45269
      4731.60      97.9305      3.49928
      4733.00      99.0006      3.60569
      4734.40      96.4228      3.46915
      4735.80      102.408      3.59891
      4737.20      101.810      3.85680
      4738.60      101.670      3.90165
      4740.00      104.282      3.68215
      4741.40      104.820      3.55121
      4742.80      104.404      3.54043
      4744.20      98.2417      3.44256
      4745.60      107.413      4.08633
      4747.00      107.535      5.59493
      4748.40      102.355      3.53850
      4749.80      100.639      3.54437
      4751.20      110.456      3.86159
      4752.60      105.241      3.66807
      4754.00      104.369      3.53265
      4755.40      101.949      3.47363
      4756.80      97.1565      3.37579
      4758.20      100.474      3.44528
      4759.60      98.7306      3.41284
      4761.00      98.7211      3.56172
      4762.40      98.9991      3.71418
      4763.80      98.4207      3.68218
      4765.20      102.962      3.61113
      4766.60      102.880      3.49387
      4768.00      100.716      3.41952
      4769.40      94.9406      3.33907
      4770.80      103.226      3.56230
      4772.20      98.3824      3.58716
      4773.60      101.240      3.58114
      4775.00      99.1006      3.58957
      4776.40      103.495      3.66518
      4777.80      95.4044      3.48233
      4779.20      100.484      3.50739
      4780.60      104.871      3.57750
      4782.00      101.553      3.54141
      4783.40      104.225      3.62818
      4784.80      101.571      3.61802
      4786.20      103.587      3.67020
      4787.60      105.248      3.66041
      4789.00      102.257      3.62311
      4790.40      104.439      3.64959
      4791.80      102.713      3.54770
      4793.20      92.5668      3.28046
      4794.60      94.2524      3.32028
      4796.00      97.0649      3.37794
      4797.40      104.568      3.50144
      4798.80      102.425      3.46507
      4800.20      99.1224      3.41823
      4801.60      99.2147      3.50841
      4803.00      95.9952      3.43425
      4804.40      99.0988      3.49992
      4805.80      95.8683      3.34713
      4807.20      95.1084      3.31322
      4808.60      99.2957      3.37027
      4810.00      98.7791      3.38377
      4811.40      100.189      3.43371
      4812.80      103.051      3.56144
      4814.20      100.950      3.56611
      4815.60      101.153      3.49457
      4817.00      102.994      3.71737
      4818.40      99.4929      3.75700
      4819.80      100.167      3.56590
      4821.20      103.337      3.48601
      4822.60      95.9026      3.33148
      4824.00      95.9091      3.40816
      4825.40      94.7895      3.34705
      4826.80      96.9600      3.35888
      4828.20      93.8216      3.29880
      4829.60      98.9359      3.40487
      4831.00      99.6707      3.49332
      4832.40      91.6973      3.40711
      4833.80      93.8171      3.36429
      4835.20      95.1890      3.30965
      4836.60      91.8887      3.25426
      4838.00      99.7558      3.50890
      4839.40      100.606      3.55615
      4840.80      98.1508      3.39309
      4842.20      91.8348      3.21349
      4843.60      89.9509      3.19804
      4845.00      85.6590      3.11134
      4846.40      93.3685      3.24941
      4847.80      92.1292      3.21672
      4849.20      86.2361      3.11151
      4850.60      86.4252      3.09810
      4852.00      87.6214      3.13480
      4853.40      74.7098      2.87712
      4854.80      75.5386      2.88743
      4856.20      73.2747      2.81276
      4857.60      69.1499      2.72771
      4859.00      61.4447      2.56979
      4860.40      45.0729      2.25193
      4861.80      43.5294      2.19724
      4863.20      54.1677      2.40144
      4864.60      63.8360      2.60618
      4866.00      73.0630      2.80964
      4867.40      75.0807      2.86164
      4868.80      77.5764      2.92874
      4870.20      85.5499      3.09106
      4871.60      84.8937      3.06210
      4873.00      86.0170      3.10286
      4874.40      93.6037      3.37804
      4875.80      93.5952      3.45685
      4877.20      91.6134      3.34920
      4878.60      91.2898      3.21312
      4880.00      92.0885      3.28531
      4881.40      93.2628      3.43808
      4882.80      89.8769      3.34571
      4884.20      99.6166      3.40134
      4885.60      98.1011      3.35739
      4887.00      96.2368      3.32528
      4888.40      97.1872      3.33799
      4889.80      95.8589      3.33305
      4891.20      96.7584      3.32745
      4892.60      89.8435      3.25858
      4894.00      98.1627      3.59457
      4895.40      98.8466      3.46527
      4896.80      97.8377      3.38846
      4898.20      98.8808      3.44421
      4899.60      93.5875      3.44930
      4901.00      95.3399      3.42301
      4902.40      93.8309      3.32679
      4903.80      100.926      3.44342
      4905.20      98.2479      3.40112
      4906.60      95.6201      3.41115
      4908.00      101.492      3.57328
      4909.40      100.411      3.54442
      4910.80      96.8522      3.43192
      4912.20      96.1989      3.36942
      4913.60      100.270      3.45494
      4915.00      97.0448      3.40417
      4916.40      99.8535      3.44159
      4917.80      98.9398      3.38775
      4919.20      96.9940      3.33341
      4920.60      95.6525      3.26217
      4922.00      98.7745      3.36381
      4923.40      97.4727      3.36101
      4924.80      96.9780      3.45272
      4926.20      93.8581      3.25992
      4927.60      97.5809      3.44125
      4929.00      99.7974      3.55887
      4930.40      101.388      3.41473
      4931.80      98.3883      3.35129
      4933.20      97.1251      3.31739
      4934.60      97.9596      3.32523
      4936.00      100.775      3.36791
      4937.40      100.643      3.35773
      4938.80      97.3319      3.28843
      4940.20      99.8098      3.34128
      4941.60      95.1905      3.31778
      4943.00      98.4310      3.47017
      4944.40      96.2402      3.45343
      4945.80      93.5941      3.35294
      4947.20      97.2348      3.32363
      4948.60      96.9009      3.27095
      4950.00      97.7589      3.28372
      4951.40      99.0956      3.32641
      4952.80      97.3709      3.42297
      4954.20      104.481      3.42405
      4955.60      103.007      3.38906
      4957.00      97.3922      3.26738
      4958.40      98.2495      3.25050
      4959.80      98.8855      3.26895
      4961.20      93.7078      3.20957
      4962.60      95.6613      3.25386
      4964.00      95.5907      3.25955
      4965.40      96.3282      3.45402
      4966.80      98.1313      3.30338
      4968.20      96.6822      3.30722
      4969.60      93.0828      3.21543
      4971.00      93.9373      3.21102
      4972.40      92.3051      3.16964
      4973.80      99.6295      3.30718
      4975.20      98.1573      3.33001
      4976.60      96.8356      3.30509
      4978.00      97.4282      3.28034
      4979.40      97.2345      3.35970
      4980.80      96.6590      3.27562
      4982.20      94.9464      3.25635
      4983.60      95.8658      3.25983
      4985.00      94.4130      3.43055
      4986.40      94.1378      3.36431
      4987.80      91.9787      3.25054
      4989.20      92.1814      3.18359
      4990.60      92.4160      3.25404
      4992.00      94.4141      3.23350
      4993.40      98.9561      3.33250
      4994.80      93.1779      3.18825
      4996.20      95.2739      3.21292
      4997.60      96.5466      3.23891
      4999.00      91.5916      3.18546
